32
5 5 3 2
5 7 4 1
6 5 4 2
6 6 4 4
6 6 5 2
7 5 3 2
7 5 4 1
7 6 4 11
7 6 5 2
7 7 4 1
7 7 6 1
7 7 8 1
7 8 6 1
7 9 6 1
8 5 3 4
8 6 3 301
8 6 4 618
8 6 5 2
8 7 4 23
8 7 5 21
8 7 6 1
8 8 5 3
8 8 6 3
8 9 7 2
9 6 3 7
9 6 4 155
9 7 4 203
9 7 5 7
9 8 5 3
9 8 6 17
9 8 7 1
9 9 7 9
9 10 8 1
9 10 10 1
10 9 7 7
10 9 8 6
10 10 8 6
10 10 9 1
10 10 10 1
10 11 9 2
10 12 10 1
11 10 8 4
11 10 9 1
11 11 9 4
11 12 10 4
12 11 10 1
12 12 10 6
12 12 11 1
13 11 9 1
13 13 11 2
13 13 12 1
13 14 12 2
14 14 12 2
14 14 13 2
14 15 13 1
15 14 13 1
15 15 13 4
15 15 14 1
15 16 14 2
15 17 15 3
16 14 13 1
16 16 13 1
16 16 15 5
16 17 15 2
17 17 15 4
17 17 16 5
17 18 16 1
17 18 17 5
18 18 16 1
18 18 17 4
18 19 17 2
18 20 18 1
19 18 17 3
19 19 17 1
19 19 18 2
19 20 18 2
19 20 19 1
19 21 19 1
20 19 18 2
20 20 19 1
20 20 20 1
20 21 19 3
20 21 20 5
21 21 20 2
21 22 20 4
21 22 21 8
21 23 21 3
22 22 21 2
22 22 22 1
22 23 22 22
22 23 23 6
22 24 22 4
22 24 23 2
23 22 22 1
23 23 22 5
23 23 23 1
23 24 23 7
23 24 24 2
23 25 24 1
24 22 20 1
24 23 21 1
24 24 23 2
24 25 23 1
24 25 24 3
24 26 25 1
25 26 25 2
25 26 26 2
26 24 22 1
26 25 23 1
26 26 24 1
26 26 25 2
26 26 26 2
26 27 26 2
26 27 27 3
27 26 25 3
27 27 27 1
27 28 27 3
28 27 26 2
28 28 27 2
28 28 28 1
28 29 28 3
29 27 26 1
29 30 30 2
30 30 30 37
30 31 30 13
30 31 31 3
