32
5 4 3 1
5 5 3 3
5 5 4 1
6 5 4 2
6 6 4 2
6 6 5 4
7 5 3 1
7 5 4 1
7 6 3 1
7 6 4 14
7 6 5 2
7 7 4 2
7 7 5 7
7 7 6 1
7 8 5 1
8 5 3 4
8 5 4 1
8 6 3 303
8 6 4 626
8 6 5 3
8 7 4 20
8 7 5 17
8 8 5 1
8 8 6 8
8 8 8 1
8 8 9 2
8 9 7 2
8 10 8 1
9 6 3 11
9 6 4 166
9 7 4 163
9 7 5 1
9 8 5 1
9 8 6 18
9 8 7 4
9 9 6 1
9 9 7 5
9 10 8 2
10 8 6 1
10 9 6 1
10 9 7 12
10 9 8 2
10 10 8 11
10 10 10 1
10 10 11 1
10 11 9 1
10 12 10 1
11 10 8 2
11 11 9 8
11 11 10 1
12 12 10 3
12 12 11 1
12 13 11 1
12 14 12 1
13 13 11 2
13 13 12 1
13 14 12 2
14 14 15 1
15 13 12 1
15 15 13 8
15 15 14 1
15 16 14 1
15 18 16 1
16 16 14 3
16 16 15 5
16 16 17 1
16 17 15 3
16 18 16 1
17 17 15 1
17 17 16 5
17 18 16 1
17 18 17 1
17 19 17 1
18 18 17 1
18 19 17 1
18 19 18 2
18 20 18 1
19 19 18 5
19 20 18 1
19 20 19 2
19 21 19 2
19 21 20 1
20 18 17 1
20 20 18 1
20 20 19 1
20 21 19 7
20 21 20 5
20 22 20 1
20 22 21 1
21 21 20 2
21 22 20 2
21 22 21 11
21 23 21 1
21 23 22 2
22 23 21 2
22 23 22 21
22 23 23 3
22 24 22 2
22 24 23 3
23 23 21 1
23 24 22 1
23 24 23 10
23 24 24 1
23 25 24 1
24 22 21 1
24 24 23 3
24 25 23 2
24 25 24 3
24 25 25 1
24 26 25 1
25 25 23 2
25 25 24 3
25 26 25 3
25 26 26 1
26 25 24 1
26 26 25 2
26 27 26 4
26 27 27 1
27 26 24 2
27 26 26 1
27 27 26 1
27 27 27 1
27 28 27 4
27 28 28 2
28 29 28 1
28 29 29 2
28 30 29 1
29 29 29 3
29 30 29 3
29 30 30 9
30 29 27 1
30 30 30 31
30 31 30 11
30 31 31 3
