32
4 4 3 1
5 5 3 2
5 6 4 1
6 5 4 1
6 6 4 4
6 6 5 3
6 7 4 1
7 5 3 1
7 6 3 1
7 6 4 13
7 7 5 2
7 7 8 1
8 5 3 3
8 6 3 318
8 6 4 581
8 6 5 1
8 7 4 23
8 7 5 19
8 7 8 1
8 8 5 2
8 8 6 3
8 8 7 1
8 9 6 1
8 9 7 1
8 9 9 1
9 6 3 10
9 6 4 157
9 7 4 205
9 7 5 5
9 8 5 1
9 8 6 13
9 8 7 4
9 9 7 9
9 10 8 1
9 12 9 1
10 8 6 2
10 9 6 1
10 9 7 8
10 9 8 5
10 10 8 4
10 10 9 1
10 10 10 1
10 10 11 1
10 11 8 2
10 11 9 1
10 12 10 1
11 10 8 3
11 10 9 1
11 11 8 1
11 11 9 8
11 11 11 1
11 12 10 1
12 11 9 1
12 12 10 3
12 12 11 1
12 13 11 3
13 13 11 2
13 13 12 3
13 13 13 1
13 14 12 1
14 13 11 1
14 13 12 3
14 14 12 2
14 15 13 1
15 15 13 3
15 15 14 1
15 16 14 1
16 16 15 3
16 17 15 8
16 17 16 1
17 16 15 2
17 17 15 4
17 17 16 1
17 18 16 3
17 18 17 3
17 19 17 1
18 17 15 1
18 18 17 4
18 19 18 2
19 18 17 1
19 19 18 1
19 20 18 1
19 20 19 1
19 21 19 1
20 20 19 2
20 21 19 1
20 21 20 5
20 22 20 2
21 21 20 3
21 21 21 2
21 22 20 2
21 22 21 6
21 23 21 1
21 23 22 3
22 21 20 1
22 22 21 5
22 22 22 4
22 23 22 20
22 23 23 5
22 24 22 2
22 24 23 2
23 23 22 3
23 24 22 2
23 24 23 7
23 24 24 1
23 25 24 3
24 24 22 1
24 25 23 1
24 25 24 5
24 25 25 2
25 23 21 2
25 25 24 2
25 26 25 3
26 25 23 1
26 26 25 4
26 26 26 1
26 27 26 2
26 27 27 1
27 26 24 1
27 28 27 5
27 28 28 1
27 29 28 1
28 28 28 2
28 29 28 4
28 29 29 1
29 29 29 1
29 30 29 3
29 30 30 5
29 30 31 1
29 31 31 1
30 29 30 1
30 30 30 45
30 31 30 21
30 31 31 1
