32
4 4 3 1
4 5 4 1
5 4 3 1
5 5 3 3
5 6 4 1
6 5 3 1
6 5 4 2
6 6 4 3
6 6 5 2
6 7 5 1
7 5 3 1
7 5 4 1
7 6 3 1
7 6 4 15
7 6 5 1
7 7 4 1
7 7 5 2
7 8 5 2
7 10 7 1
8 5 3 7
8 6 3 306
8 6 4 641
8 6 5 1
8 7 4 32
8 7 5 17
8 7 8 1
8 8 5 4
8 8 6 11
8 9 7 1
8 10 7 1
9 6 3 6
9 6 4 147
9 7 4 182
9 7 5 2
9 8 5 3
9 8 6 12
9 8 7 3
9 9 6 2
9 9 7 8
10 7 4 2
10 9 7 7
10 9 8 3
10 10 7 1
10 10 8 5
10 10 9 1
10 11 9 1
10 12 10 1
11 10 8 1
11 10 9 2
11 11 8 1
11 11 9 7
12 11 10 2
12 12 10 2
12 12 11 1
12 13 11 1
12 13 12 1
13 13 11 3
13 13 12 1
13 13 14 1
13 14 12 2
14 15 13 1
14 16 14 1
15 14 13 1
15 15 13 4
15 15 14 2
15 16 14 5
15 17 15 1
16 16 14 3
16 16 15 4
16 17 15 4
16 17 16 1
17 16 14 2
17 17 15 2
17 17 16 6
17 18 16 2
17 18 17 3
18 17 15 1
18 18 17 1
18 19 17 2
18 19 18 2
19 18 16 1
19 19 18 1
19 20 19 2
19 21 19 2
20 20 18 1
20 20 19 1
20 21 19 6
20 21 20 7
20 22 20 2
21 20 19 1
21 21 20 2
21 21 21 1
21 22 20 7
21 22 21 3
21 23 22 2
22 22 21 5
22 22 22 2
22 23 22 27
22 23 23 5
22 24 23 2
23 23 23 2
23 24 23 7
23 24 24 2
23 25 24 2
24 22 20 1
24 25 23 2
24 25 24 3
24 26 25 1
25 25 23 1
25 25 24 6
25 26 25 6
26 25 24 1
26 26 25 3
26 26 26 1
26 27 26 3
26 27 27 1
27 26 23 1
27 26 24 1
27 26 25 1
27 28 27 2
27 28 28 1
27 29 28 1
28 28 27 1
28 28 28 2
28 29 28 6
28 29 29 2
29 29 29 2
29 30 29 5
29 30 30 8
30 29 27 1
30 30 30 40
30 31 30 32
30 31 31 7
