32
3 4 2 1
4 4 3 1
5 4 3 1
5 5 3 2
5 6 5 1
6 5 3 1
6 5 4 2
6 6 4 4
6 6 5 3
7 5 3 1
7 6 3 2
7 6 4 9
7 6 5 2
7 7 4 2
7 7 5 5
7 8 6 1
7 8 7 1
7 10 7 1
8 5 3 2
8 6 3 319
8 6 4 634
8 7 4 14
8 7 5 15
8 8 5 1
8 8 6 7
8 8 8 1
9 6 3 13
9 6 4 183
9 7 4 173
9 7 5 5
9 8 5 3
9 8 6 13
9 8 7 4
9 9 6 1
9 9 7 13
9 10 8 1
9 11 8 1
10 7 4 1
10 9 6 1
10 9 7 7
10 9 8 2
10 10 8 7
10 12 10 1
11 10 7 1
11 10 8 2
11 10 9 1
11 11 9 2
11 11 10 1
11 12 10 1
12 12 10 1
12 12 11 2
12 12 13 1
13 12 11 3
13 13 11 4
13 13 12 1
13 14 13 1
13 15 13 1
14 14 12 4
14 14 13 1
14 15 13 2
15 15 13 4
15 15 14 2
15 16 14 1
16 14 13 1
16 16 14 5
16 16 15 7
16 17 15 6
16 17 16 2
17 16 14 1
17 16 15 1
17 17 15 2
17 17 16 2
17 18 16 2
17 18 17 4
17 19 17 1
18 18 17 2
18 19 17 2
19 19 18 2
19 20 18 3
19 20 19 5
20 19 17 1
20 19 18 1
20 20 18 1
20 20 19 2
20 21 19 4
20 21 20 4
21 21 20 2
21 22 20 5
21 22 21 7
21 23 22 1
22 21 20 2
22 22 21 4
22 22 22 3
22 23 22 15
22 23 23 1
22 24 22 1
22 24 23 9
23 23 21 1
23 23 22 2
23 24 22 2
23 24 23 9
23 24 24 2
23 25 23 1
23 25 24 1
24 24 22 1
24 24 23 2
24 25 23 1
24 25 24 5
24 25 25 1
24 26 25 1
25 24 22 1
25 25 23 3
25 25 24 2
25 25 25 1
25 26 24 2
25 26 25 2
26 24 22 1
26 26 25 1
26 27 26 4
26 27 27 1
27 25 23 1
27 26 24 1
27 27 25 1
27 27 26 1
27 28 27 2
28 28 27 1
28 28 28 1
28 29 28 4
29 29 28 1
29 29 29 1
29 30 29 4
29 30 30 2
30 30 30 34
30 31 30 12
30 31 31 3
