32
2 2 3 1
3 3 4 1
4 4 5 1
8 7 3 1
8 7 4 1
8 9 11 1
9 7 4 1
10 7 4 1
10 9 6 1
11 9 4 1
12 9 5 3
12 10 6 1
12 10 7 1
12 10 8 1
12 11 8 2
13 9 4 5
13 10 4 2
13 10 5 27
13 10 6 8
13 11 5 5
13 11 6 8
13 11 7 5
13 11 8 1
13 12 7 1
13 12 8 1
13 12 9 1
14 9 4 3
14 10 4 301
14 10 5 519
14 10 6 3
14 11 4 1
14 11 5 48
14 11 6 15
14 11 7 4
14 11 8 1
14 12 7 1
14 12 8 11
14 12 9 1
14 12 10 1
14 13 8 1
14 13 9 1
14 13 10 2
14 14 15 1
14 14 16 1
15 10 4 3
15 10 5 82
15 11 5 269
15 11 6 49
15 12 6 6
15 12 7 1
15 12 8 2
15 13 8 3
15 13 9 11
15 13 10 2
15 13 11 1
15 14 10 5
15 14 11 4
15 14 13 1
15 15 13 1
15 15 16 2
16 11 6 2
16 12 6 10
16 14 10 5
16 14 11 2
16 15 11 2
16 15 12 2
16 16 13 1
16 16 14 1
17 14 10 1
17 15 11 4
17 15 12 1
17 16 12 2
17 16 13 4
17 18 18 1
18 14 10 1
18 16 13 1
18 17 13 1
18 17 14 3
18 17 17 1
18 18 19 1
18 19 19 1
18 20 21 1
19 17 14 3
19 18 14 1
19 18 15 1
19 19 19 3
19 19 20 1
19 20 19 6
19 20 20 10
19 20 21 12
19 21 21 3
19 21 22 2
20 19 17 1
20 19 18 1
20 20 19 2
20 20 20 2
20 21 19 1
20 21 21 2
20 21 22 3
20 21 23 1
20 22 22 2
20 22 23 4
21 19 17 1
21 20 17 3
21 20 18 2
21 21 21 1
21 22 23 2
21 23 24 1
21 23 25 1
21 24 26 1
22 21 18 3
22 21 19 2
22 22 21 1
22 22 22 3
22 23 24 3
22 24 25 2
22 24 26 2
22 25 27 3
23 22 19 4
23 22 20 1
23 22 22 3
23 23 22 1
23 24 24 5
23 24 25 3
23 25 26 1
23 26 28 2
24 22 20 1
24 23 20 3
24 23 21 6
24 23 23 1
24 24 22 1
24 24 23 2
24 24 24 2
24 25 24 1
24 25 25 1
25 24 21 1
25 24 22 7
25 24 23 1
25 24 24 1
25 25 23 7
25 25 24 6
25 25 25 1
26 25 23 3
26 25 24 6
26 25 25 1
26 26 24 9
26 26 25 8
26 26 26 1
27 26 24 3
27 28 28 1
28 29 29 1
28 30 29 1
28 30 30 1
29 30 30 8
29 30 31 1
29 31 30 1
30 30 30 1
30 30 31 1
30 31 30 15
30 31 31 14
