32
4 4 3 1
5 4 3 1
5 5 3 1
6 5 3 2
6 5 4 1
6 6 4 4
6 6 5 3
6 7 4 1
6 7 5 2
7 5 3 1
7 5 4 2
7 6 4 15
7 7 4 2
7 7 5 2
7 7 6 1
7 8 5 1
7 8 6 2
8 5 3 8
8 6 3 387
8 6 4 617
8 7 4 18
8 7 5 25
8 8 5 2
8 8 6 6
8 8 7 1
8 8 9 2
8 9 7 1
9 6 3 4
9 6 4 121
9 7 4 169
9 7 5 3
9 8 5 1
9 8 6 7
9 8 7 4
9 8 9 1
9 9 6 3
9 9 7 10
9 9 8 1
9 10 8 3
9 10 10 1
9 11 9 1
10 9 6 1
10 9 7 6
10 9 8 5
10 10 8 12
10 11 9 2
11 10 9 2
11 11 8 1
11 11 9 2
11 11 10 1
12 12 10 4
12 14 12 1
13 13 11 1
13 13 12 2
13 13 13 1
14 14 12 1
14 15 13 1
15 15 13 4
15 15 14 1
15 16 14 7
16 16 14 2
16 16 15 1
16 16 16 1
16 17 15 4
16 18 16 1
17 17 15 2
17 17 16 5
17 18 16 2
17 18 17 1
18 16 15 1
18 18 17 4
18 19 17 3
18 19 18 1
18 20 18 1
19 18 17 2
19 20 18 4
19 20 19 2
20 20 19 2
20 21 19 4
20 21 20 9
20 22 20 3
20 22 21 1
21 20 19 1
21 21 19 1
21 21 20 3
21 21 21 1
21 22 20 2
21 22 21 2
21 23 20 1
21 23 21 2
21 23 22 5
22 22 21 2
22 22 22 1
22 23 22 18
22 23 23 2
22 24 23 4
23 21 18 1
23 22 22 2
23 23 21 1
23 23 23 2
23 24 22 2
23 24 23 7
23 24 24 3
23 25 24 1
24 24 23 3
24 25 24 6
25 25 23 1
25 25 24 4
25 26 24 1
25 26 25 9
25 26 26 3
26 26 25 4
26 26 26 1
26 27 27 1
27 27 27 2
27 28 27 4
27 28 28 1
28 28 27 1
28 29 28 6
28 29 29 1
29 29 29 2
29 30 29 5
29 30 30 7
30 30 30 44
30 31 30 31
30 31 31 5
