32
3 4 4 1
4 4 6 1
4 4 7 1
8 6 3 1
9 7 4 1
9 8 6 1
10 8 4 1
10 9 6 1
12 9 4 1
12 9 5 2
12 10 6 2
12 10 7 1
12 10 8 1
12 11 7 1
13 9 4 5
13 10 4 8
13 10 5 22
13 10 6 6
13 11 5 2
13 11 6 11
13 11 7 4
13 11 8 2
13 12 7 1
13 12 8 1
14 9 4 1
14 10 4 280
14 10 5 497
14 10 6 1
14 11 4 1
14 11 5 79
14 11 6 12
14 11 7 6
14 12 6 1
14 12 7 7
14 12 8 6
14 13 9 5
14 13 10 1
14 13 11 1
15 10 4 1
15 10 5 56
15 11 4 1
15 11 5 288
15 11 6 48
15 12 6 10
15 13 8 3
15 13 9 6
15 13 10 4
15 14 10 2
15 14 11 2
15 14 12 1
15 15 13 1
16 11 6 1
16 12 6 11
16 13 9 1
16 14 9 1
16 14 10 4
16 14 11 1
16 15 10 1
16 15 11 2
16 15 12 4
16 15 13 1
16 16 14 1
16 17 17 1
17 14 10 3
17 15 11 1
17 15 12 4
17 15 13 1
17 16 11 1
17 16 12 1
17 16 13 2
17 17 14 1
17 17 18 1
18 15 11 1
18 16 12 2
18 16 13 2
18 17 13 2
18 17 14 2
18 18 16 1
18 18 17 1
18 18 18 1
18 18 19 2
18 20 21 1
19 16 12 1
19 17 14 1
19 18 15 1
19 19 19 2
19 19 20 1
19 20 19 4
19 20 20 15
19 20 21 5
19 21 21 5
19 21 22 6
20 17 13 1
20 19 16 3
20 20 17 1
20 20 18 1
20 20 20 2
20 21 19 1
20 21 20 1
20 21 21 2
20 21 22 9
20 22 23 1
20 22 24 1
21 19 16 1
21 19 17 1
21 20 17 5
21 22 22 1
21 22 23 1
21 22 24 1
21 23 25 1
22 21 18 2
22 21 19 2
22 21 21 1
22 22 20 1
22 22 21 1
22 23 24 5
22 23 25 2
22 24 24 1
22 24 25 2
22 24 26 1
22 25 26 1
22 26 28 1
23 22 19 5
23 22 20 3
23 22 22 2
23 23 22 1
23 23 23 1
23 24 24 1
23 24 26 1
23 25 25 1
23 25 26 1
23 26 28 1
24 23 20 3
24 23 21 1
24 24 21 2
24 24 22 2
24 24 23 4
24 24 24 3
24 25 24 1
24 25 25 1
25 24 22 5
25 24 23 2
25 24 24 1
25 25 23 3
25 25 24 7
25 25 25 4
26 25 22 1
26 25 23 5
26 25 24 9
26 25 25 2
26 26 23 1
26 26 24 3
26 26 25 1
27 26 24 4
28 29 29 3
28 30 29 1
28 30 30 3
29 30 30 12
29 30 31 1
29 31 30 2
29 31 31 5
30 30 30 2
30 31 30 13
30 31 31 14
