32
3 3 2 1
3 4 3 4
4 4 3 1
5 4 3 2
5 5 3 1
5 5 4 2
6 5 3 2
6 5 4 3
6 6 4 4
6 6 5 3
6 7 5 3
7 5 3 1
7 6 4 21
7 7 4 1
7 7 5 9
7 8 7 1
8 5 3 7
8 6 3 302
8 6 4 624
8 7 4 18
8 7 5 20
8 8 5 2
8 8 6 8
8 8 8 1
8 9 7 1
8 10 8 1
9 6 3 5
9 6 4 154
9 7 4 202
9 7 5 5
9 8 5 1
9 8 6 14
9 8 7 1
9 9 7 9
10 8 6 1
10 9 7 7
10 9 8 1
10 10 7 2
10 10 8 10
10 10 11 1
10 11 9 1
11 10 8 1
11 10 9 1
11 11 9 7
11 12 9 1
11 12 11 1
12 11 9 1
12 11 10 2
12 12 9 1
12 12 10 5
12 12 11 1
12 12 12 1
12 13 11 1
12 13 13 1
13 12 10 1
13 13 12 3
13 14 12 1
13 15 13 1
14 14 12 3
14 14 13 2
14 15 13 1
15 15 13 3
15 15 14 1
15 16 14 1
15 17 14 1
15 17 15 1
16 16 14 3
16 16 15 2
16 17 15 4
16 17 16 4
16 18 16 2
17 16 15 1
17 17 15 3
17 17 16 6
17 18 16 3
17 18 17 5
17 19 17 1
18 18 17 5
18 19 17 1
18 19 18 1
19 19 18 2
19 20 18 1
19 20 19 3
19 21 19 1
20 20 19 2
20 21 19 6
20 21 20 2
21 21 20 1
21 21 21 3
21 22 20 4
21 22 21 4
22 22 21 3
22 22 22 2
22 23 21 1
22 23 22 19
22 23 23 5
22 24 23 5
23 22 20 1
23 23 21 1
23 23 22 2
23 24 22 2
23 24 23 8
23 24 24 5
23 25 24 1
24 24 23 3
24 25 24 7
25 24 24 1
25 25 24 1
25 26 25 2
25 26 26 1
26 25 23 1
26 25 24 1
26 26 24 3
26 26 25 1
26 26 26 1
26 27 26 2
26 27 27 1
27 26 24 1
27 27 27 1
27 28 27 6
27 28 28 1
28 27 25 1
28 28 27 1
28 28 28 4
28 29 28 7
28 29 29 3
29 29 28 1
29 29 29 2
29 30 29 3
29 30 30 6
30 30 30 34
30 30 31 3
30 31 30 22
30 31 31 4
