32
4 4 3 1
5 4 3 3
5 5 3 1
6 5 3 1
6 5 4 5
6 6 4 3
6 6 5 1
6 7 5 2
7 5 3 1
7 5 4 2
7 6 3 2
7 6 4 12
7 6 5 2
7 7 5 6
7 8 6 3
8 5 3 3
8 6 3 301
8 6 4 690
8 6 5 1
8 7 4 23
8 7 5 26
8 8 5 3
8 8 6 8
8 8 9 1
9 6 3 3
9 6 4 138
9 7 4 173
9 7 5 3
9 8 5 1
9 8 6 13
9 8 7 1
9 9 7 5
9 10 8 1
10 8 6 1
10 9 7 4
10 9 8 2
10 10 8 10
10 10 9 1
10 11 9 1
10 12 10 1
10 13 11 1
11 10 8 5
11 10 9 1
11 11 9 4
11 12 10 2
11 13 11 1
12 11 9 1
12 11 10 1
12 12 10 1
12 12 11 1
12 13 11 2
12 14 12 1
13 13 11 5
13 14 12 1
14 12 11 1
14 13 12 2
14 14 12 2
14 15 13 1
15 14 12 1
15 15 13 4
15 15 14 1
15 16 14 5
16 14 13 1
16 16 14 3
16 16 15 3
16 17 15 5
17 17 15 4
17 17 16 4
17 18 16 1
17 18 17 1
18 16 15 1
18 18 17 3
18 19 17 2
18 20 18 1
19 18 17 2
19 19 18 3
19 19 19 1
19 20 18 2
19 20 19 4
19 21 18 1
20 19 20 1
20 20 19 3
20 21 19 5
20 21 20 10
20 22 20 2
21 20 19 1
21 21 20 3
21 21 21 1
21 22 20 2
21 22 21 3
21 23 21 1
21 23 22 1
22 22 21 2
22 22 22 1
22 23 22 19
22 24 22 1
22 24 23 4
23 22 21 1
23 22 22 1
23 23 22 1
23 23 23 2
23 24 22 1
23 24 23 16
23 24 24 3
24 25 23 1
24 25 24 5
25 24 23 1
25 25 24 6
25 25 25 1
25 26 24 1
25 26 25 7
25 26 26 1
26 25 23 1
26 26 25 1
26 26 26 1
26 27 26 3
27 26 24 2
27 28 27 5
27 28 28 1
28 29 28 11
28 29 29 2
29 28 26 1
29 29 29 3
29 30 29 3
29 30 30 8
30 30 30 45
30 31 30 33
30 31 31 17
