32
3 4 5 1
4 4 4 1
4 4 5 1
4 5 6 1
8 7 4 1
9 7 3 2
9 8 5 1
10 8 4 2
10 9 6 1
12 9 4 1
12 9 5 2
12 10 6 3
13 9 4 17
13 9 5 1
13 10 4 22
13 10 5 63
13 10 6 15
13 11 5 2
13 11 6 8
13 11 7 8
13 11 8 1
13 12 8 3
13 12 9 1
14 9 4 12
14 10 4 464
14 10 5 554
14 11 5 42
14 11 6 6
14 11 7 1
14 12 7 3
14 12 8 12
14 12 9 3
14 13 8 2
14 13 9 2
14 13 10 3
14 15 11 1
15 10 5 9
15 11 5 95
15 11 6 33
15 13 8 2
15 13 9 8
15 13 10 1
15 14 10 5
15 15 13 1
16 14 9 1
16 14 10 4
16 14 11 5
16 15 12 3
16 17 17 1
17 15 11 2
17 15 12 1
17 16 12 3
17 16 13 2
17 17 13 1
17 17 18 1
17 18 15 1
18 15 10 1
18 16 12 1
18 17 13 2
18 17 14 1
18 18 15 1
18 18 18 2
18 19 17 1
18 19 19 2
18 20 21 2
19 17 13 1
19 17 14 1
19 18 15 3
19 18 18 1
19 19 20 1
19 20 19 5
19 20 20 15
19 20 21 3
19 21 21 8
19 21 22 3
20 18 16 1
20 19 16 3
20 19 17 1
20 19 19 1
20 20 18 1
20 20 19 1
20 20 20 1
20 21 19 1
20 21 20 1
20 21 21 1
20 21 22 5
20 22 22 2
20 22 23 3
20 22 24 3
21 19 15 1
21 19 16 1
21 20 18 2
21 22 23 4
21 23 24 3
21 23 25 1
21 24 26 1
22 20 17 1
22 21 18 4
22 21 19 1
22 21 20 2
22 21 21 1
22 22 21 1
22 22 22 1
22 23 24 3
22 23 25 2
22 24 24 1
22 24 25 3
22 25 27 1
23 22 19 3
23 22 20 2
23 22 21 1
23 23 20 1
23 23 22 1
23 23 24 1
23 24 24 2
23 24 25 1
23 25 25 1
23 25 26 2
23 25 27 1
23 26 28 1
24 22 20 1
24 23 20 4
24 23 21 1
24 23 23 1
24 24 21 3
24 24 22 2
24 24 23 1
24 24 24 6
24 25 24 3
24 25 25 1
24 26 28 2
25 24 22 8
25 24 23 2
25 25 23 7
25 25 24 7
25 25 25 3
25 28 30 1
26 25 22 2
26 25 23 3
26 25 24 6
26 26 23 3
26 26 24 3
26 26 25 1
26 27 27 1
26 28 27 1
27 26 24 1
27 26 25 1
27 26 26 1
27 27 25 1
27 28 28 2
27 29 29 1
28 29 29 4
28 30 29 1
28 30 30 7
29 30 30 30
29 30 31 4
29 31 30 2
29 31 31 14
30 30 30 3
30 31 30 14
30 31 31 19
