32
3 3 4 2
4 4 4 1
4 4 5 1
9 7 4 2
10 8 4 2
10 10 11 1
11 9 6 1
12 9 4 1
12 9 5 1
12 10 5 3
12 11 6 1
13 9 4 4
13 10 4 6
13 10 5 26
13 10 6 5
13 11 4 1
13 11 5 3
13 11 6 8
13 11 7 5
13 12 8 2
13 12 9 2
14 9 4 2
14 10 4 301
14 10 5 520
14 11 5 58
14 11 6 14
14 11 7 5
14 12 6 1
14 12 7 3
14 12 8 5
14 12 9 1
14 13 8 1
14 13 9 6
14 13 10 3
14 14 11 1
15 10 4 4
15 10 5 50
15 11 4 1
15 11 5 266
15 11 6 48
15 12 6 3
15 12 8 2
15 12 9 1
15 13 8 4
15 13 9 4
15 13 10 2
15 13 11 1
15 14 10 5
15 14 11 2
15 15 12 2
16 11 6 2
16 12 6 9
16 13 8 1
16 13 9 1
16 14 9 2
16 14 10 4
16 14 11 3
16 15 11 2
16 15 13 1
16 16 16 1
17 13 9 1
17 15 10 1
17 15 11 1
17 15 12 3
17 16 12 1
17 16 13 2
17 16 14 2
17 17 18 1
17 19 22 1
18 15 11 1
18 16 12 2
18 16 13 1
18 17 13 4
18 17 14 2
18 18 14 2
18 18 19 1
18 19 19 1
18 20 20 1
18 20 21 1
19 17 14 1
19 18 15 2
19 19 19 2
19 19 20 2
19 20 18 2
19 20 19 5
19 20 20 11
19 20 21 3
19 20 22 1
19 21 21 4
19 21 22 3
20 17 13 1
20 18 16 1
20 19 18 2
20 20 19 1
20 20 20 1
20 20 21 1
20 21 20 2
20 21 21 1
20 21 22 3
20 21 23 3
20 22 23 5
20 22 24 1
21 19 16 1
21 20 17 4
21 20 18 2
21 23 24 1
21 23 25 2
21 24 26 1
22 20 17 1
22 20 18 1
22 21 18 5
22 21 21 2
22 23 24 3
22 23 25 2
22 24 26 1
22 25 27 2
22 25 28 1
23 22 19 2
23 22 20 2
23 23 20 1
23 23 22 2
23 23 24 1
23 24 24 3
23 24 25 1
23 25 27 4
23 26 28 1
23 26 29 2
23 27 29 1
24 22 20 1
24 23 20 1
24 23 21 4
24 23 23 1
24 24 20 1
24 24 23 2
24 24 24 5
24 24 25 2
24 25 25 2
25 24 21 1
25 24 22 6
25 24 24 1
25 25 22 1
25 25 23 9
25 25 24 9
25 25 25 3
26 25 22 1
26 25 23 1
26 25 24 8
26 25 25 1
26 26 23 2
26 26 24 3
26 26 25 2
26 28 27 1
27 26 24 3
27 26 25 1
27 28 28 3
27 29 28 1
28 29 29 6
28 30 29 1
28 30 30 8
29 30 30 27
29 30 31 1
29 31 30 4
29 31 31 12
30 30 30 2
30 31 30 15
30 31 31 18
