32
5 4 3 3
5 5 3 1
6 5 3 1
6 6 4 4
6 6 5 2
7 5 3 1
7 5 4 2
7 6 4 14
7 6 5 2
7 7 4 1
7 7 5 4
7 7 6 1
8 5 3 3
8 6 3 390
8 6 4 533
8 7 4 28
8 7 5 20
8 8 5 1
8 8 6 4
8 9 7 1
9 6 3 9
9 6 4 162
9 7 4 193
9 7 5 3
9 8 6 14
9 8 7 5
9 9 6 1
9 9 7 6
9 9 8 1
9 9 9 1
9 10 8 1
9 11 8 1
10 8 6 2
10 9 6 1
10 9 7 5
10 9 8 1
10 10 7 1
10 10 8 16
10 10 9 1
10 10 11 1
10 11 8 1
10 11 9 2
11 10 8 4
11 10 9 1
11 11 9 4
12 11 10 1
12 12 10 3
12 12 11 3
13 13 11 3
13 13 12 2
14 12 10 1
14 12 11 1
14 14 12 1
14 14 13 2
14 15 13 3
15 15 13 4
15 16 14 1
16 14 13 2
16 15 13 1
16 16 14 4
16 16 15 4
16 16 16 1
16 17 15 7
16 17 16 2
17 17 15 1
17 18 16 2
17 18 17 1
18 18 17 1
18 19 17 3
18 19 18 4
18 20 18 2
19 18 17 1
19 19 17 1
19 19 18 3
19 20 18 2
19 20 19 1
20 20 19 4
20 21 19 1
20 21 20 3
20 22 20 1
21 21 20 5
21 21 21 2
21 22 20 2
21 22 21 5
21 22 22 1
21 23 22 1
22 21 20 3
22 22 21 5
22 22 22 1
22 23 21 2
22 23 22 19
22 23 23 1
22 24 22 1
22 24 23 3
23 21 20 1
23 23 22 1
23 24 22 1
23 24 23 14
23 24 24 6
23 25 23 1
23 25 24 4
24 23 22 1
24 24 22 1
24 24 23 1
24 24 24 1
24 25 23 3
24 25 24 4
24 25 25 1
25 25 24 2
25 26 24 2
25 26 25 3
25 26 26 1
26 25 23 2
26 25 24 1
26 26 24 1
26 26 25 2
26 27 26 3
26 27 27 1
26 28 27 2
27 26 24 1
27 27 27 1
27 28 26 1
27 28 27 5
28 28 27 1
28 28 28 1
28 29 28 8
28 29 29 2
29 29 29 1
29 30 29 2
29 30 30 3
30 30 30 46
30 31 30 32
30 31 31 9
