32
3 3 4 1
5 5 7 1
7 7 8 1
8 7 3 1
8 7 4 2
9 8 5 1
10 8 4 2
10 8 5 1
10 8 6 1
11 9 5 1
11 11 11 1
12 9 5 3
12 10 5 1
12 10 6 2
12 10 8 1
13 9 4 14
13 10 4 17
13 10 5 43
13 10 6 9
13 11 5 6
13 11 6 7
13 11 7 7
13 11 8 1
13 12 8 1
13 12 9 2
13 13 9 1
13 14 15 1
14 9 4 2
14 10 4 455
14 10 5 516
14 10 6 1
14 11 5 40
14 11 6 9
14 11 7 4
14 12 6 2
14 12 7 5
14 12 8 12
14 12 9 2
14 13 8 2
14 13 9 5
14 14 11 1
15 10 5 26
15 11 5 169
15 11 6 37
15 12 6 1
15 13 8 4
15 13 9 7
15 13 10 1
15 14 9 1
15 14 10 1
15 14 11 1
16 13 9 3
16 14 8 1
16 14 10 2
16 14 11 2
16 15 11 3
16 15 12 2
16 15 15 1
17 15 11 3
17 15 12 3
17 16 12 1
17 16 13 2
17 17 14 1
17 17 18 1
17 18 15 1
18 16 13 2
18 17 13 1
18 17 14 3
18 17 15 1
18 18 18 1
18 18 19 1
18 19 19 2
18 20 21 3
19 16 12 1
19 17 13 1
19 19 18 1
19 19 19 1
19 20 18 2
19 20 19 3
19 20 20 14
19 20 21 7
19 21 21 3
19 21 22 4
20 19 16 5
20 20 17 1
20 20 19 2
20 21 21 1
20 21 22 2
20 22 22 1
20 22 23 8
20 22 24 1
21 19 16 4
21 20 16 1
21 20 17 3
21 20 18 1
21 20 19 1
21 20 20 1
21 21 20 1
21 21 21 1
21 22 22 3
21 23 25 1
21 24 25 1
21 24 26 1
22 21 18 1
22 21 19 1
22 22 19 1
22 23 22 1
22 23 24 3
22 24 24 1
22 24 25 3
22 24 26 2
22 25 27 1
23 22 19 5
23 22 20 1
23 22 22 1
23 23 22 1
23 23 24 1
23 25 26 1
23 25 27 1
23 26 28 1
24 23 20 1
24 23 21 2
24 23 22 1
24 23 23 1
24 24 21 1
24 24 22 2
24 24 23 1
24 24 24 6
24 25 24 2
25 24 21 1
25 24 22 9
25 24 23 1
25 25 23 4
25 25 24 10
25 25 25 1
26 25 23 6
26 25 24 8
26 25 25 1
26 26 23 2
26 26 24 1
26 26 25 3
27 26 23 1
27 27 25 1
27 28 28 1
27 29 29 2
28 29 29 2
28 30 30 1
29 30 30 13
29 30 31 2
29 31 30 1
29 31 31 4
30 30 30 1
30 31 30 14
30 31 31 14
