32
4 4 3 1
4 5 4 1
5 4 3 1
5 5 3 1
5 5 4 1
6 5 3 1
6 5 4 4
6 6 4 4
6 6 5 1
6 7 4 1
7 5 3 2
7 6 4 13
7 6 5 1
7 7 4 2
7 7 5 4
7 7 6 2
7 8 6 1
7 9 7 1
8 5 3 5
8 6 3 317
8 6 4 624
8 7 4 18
8 7 5 22
8 8 5 2
8 8 6 6
8 8 9 1
8 9 6 1
8 9 7 2
8 9 8 1
9 6 3 12
9 6 4 152
9 7 4 190
9 7 5 4
9 8 5 4
9 8 6 21
9 8 7 4
9 9 7 11
9 9 8 1
9 10 8 3
10 7 4 1
10 9 7 4
10 10 8 14
10 11 8 1
11 10 8 1
11 11 9 2
11 11 11 1
11 13 10 1
12 11 10 1
12 12 10 4
12 12 11 2
12 12 12 1
12 13 11 1
13 12 11 1
13 13 11 1
14 12 11 1
14 14 11 1
14 14 12 2
14 14 13 1
14 15 13 1
15 14 13 1
15 15 13 2
15 16 14 3
16 16 14 3
16 16 15 2
16 17 15 4
16 17 16 1
16 18 16 1
17 16 15 3
17 17 16 4
17 18 16 1
17 18 17 5
18 18 16 1
18 18 17 2
18 19 17 2
18 19 18 1
18 20 18 1
19 18 17 1
19 18 18 1
19 19 18 3
19 19 19 1
19 20 18 3
19 20 19 3
20 19 17 1
20 20 18 1
20 20 19 1
20 20 20 2
20 21 19 6
20 21 20 3
20 22 20 1
21 21 20 1
21 22 20 7
21 22 21 7
21 23 21 2
21 23 22 1
22 22 21 2
22 22 22 1
22 23 22 17
22 23 23 1
22 24 22 2
22 24 23 2
23 22 22 1
23 23 21 1
23 23 22 4
23 23 23 1
23 24 22 3
23 24 23 13
23 24 24 3
24 22 20 1
24 24 22 1
24 24 23 1
24 24 24 1
24 25 23 1
24 25 24 8
24 25 25 1
24 26 25 1
25 25 24 4
25 26 25 1
25 27 26 2
26 25 24 1
26 27 26 6
26 27 27 2
27 26 24 1
27 26 25 1
27 26 26 1
27 27 27 1
27 28 27 3
27 28 28 3
28 28 27 1
28 28 28 2
28 29 28 3
28 29 29 1
29 29 29 2
29 30 29 2
29 30 30 5
30 30 30 36
30 31 30 14
30 31 31 2
