32
4 4 3 2
5 5 3 1
5 5 4 2
6 5 3 1
6 5 4 4
6 6 4 2
6 6 5 3
6 7 4 1
6 7 5 1
6 8 5 1
7 6 3 1
7 6 4 14
7 6 5 2
7 7 5 2
7 8 6 1
8 5 3 2
8 6 3 318
8 6 4 628
8 7 4 14
8 7 5 24
8 7 6 1
8 8 5 3
8 8 6 15
8 8 8 1
9 6 3 3
9 6 4 153
9 7 4 201
9 7 5 3
9 8 5 3
9 8 6 10
9 8 7 3
9 9 7 9
9 9 8 1
9 9 10 1
9 10 8 2
10 8 5 1
10 9 6 1
10 9 7 7
10 9 8 2
10 10 7 1
10 10 8 9
10 11 9 2
11 10 8 2
11 11 9 5
11 12 10 1
12 11 10 1
12 12 10 1
12 12 11 3
12 12 13 1
13 13 11 1
13 13 12 1
14 13 11 1
14 14 12 3
14 14 13 1
14 15 14 1
15 14 12 1
15 15 13 3
15 16 14 1
15 16 15 2
16 16 14 4
16 16 15 3
16 17 15 3
16 17 16 1
16 18 16 1
17 16 15 1
17 17 15 1
17 17 16 8
17 18 16 4
17 18 17 1
17 19 17 1
18 18 17 1
18 18 18 1
18 19 17 1
18 19 19 1
19 18 17 1
19 19 17 2
19 19 18 2
19 20 18 3
20 19 17 1
20 20 19 6
20 21 19 4
20 21 20 8
20 22 20 1
21 21 20 2
21 22 20 4
21 22 21 6
21 22 22 1
22 21 21 1
22 22 21 4
22 22 22 1
22 23 21 1
22 23 22 16
22 23 23 2
22 24 22 4
22 24 23 3
23 23 21 1
23 23 22 4
23 23 23 1
23 24 23 11
23 24 24 1
23 25 24 1
24 23 23 1
24 24 23 1
24 25 24 5
24 25 25 1
24 26 25 1
25 24 24 1
25 25 23 1
25 25 24 1
25 26 25 8
25 26 26 1
26 26 25 3
26 26 26 1
26 27 26 4
27 27 25 1
27 27 26 1
27 28 27 4
27 28 28 1
28 28 27 1
28 29 28 4
28 29 29 3
29 29 29 3
29 30 29 2
29 30 30 3
30 30 29 1
30 30 30 47
30 31 30 26
30 31 31 4
