32
4 4 3 2
5 4 3 1
5 5 3 2
6 5 3 1
6 5 4 3
6 6 4 4
6 6 5 3
7 5 3 1
7 5 4 1
7 6 4 8
7 6 5 2
7 7 4 1
7 7 5 6
7 7 8 1
8 5 3 7
8 5 4 1
8 6 3 325
8 6 4 630
8 6 5 1
8 7 4 16
8 7 5 23
8 8 5 3
8 8 6 8
8 9 6 1
8 10 7 1
8 10 8 1
9 6 3 5
9 6 4 176
9 7 4 162
9 7 5 3
9 8 5 1
9 8 6 14
9 8 7 3
9 9 7 5
9 9 9 1
9 10 8 5
10 8 6 1
10 9 7 6
10 9 8 4
10 10 7 1
10 10 8 7
10 11 9 1
11 10 8 4
11 10 9 1
11 11 8 1
11 11 9 5
11 11 10 1
11 12 9 1
11 12 10 1
12 11 9 1
12 11 10 1
12 12 10 4
13 12 10 1
13 13 10 1
13 13 12 4
13 14 12 1
14 14 12 1
14 14 15 1
15 15 13 2
15 16 14 4
15 17 15 1
16 16 14 6
16 16 15 2
16 17 15 6
17 16 14 1
17 16 15 1
17 17 16 5
17 18 16 3
17 18 17 2
18 17 15 1
18 18 16 1
18 18 17 1
18 19 17 1
19 18 16 1
19 19 18 1
19 20 18 4
19 20 19 1
19 21 19 1
20 20 18 2
20 21 19 7
20 22 20 2
21 21 20 4
21 21 21 2
21 22 20 3
21 22 21 5
21 23 22 1
22 21 20 1
22 22 21 2
22 22 22 1
22 23 21 1
22 23 22 19
22 23 23 3
22 24 23 4
23 23 22 3
23 24 22 2
23 24 23 8
23 24 24 3
23 25 24 3
24 25 24 7
24 25 25 1
25 24 24 1
25 25 24 5
25 26 25 3
25 26 26 1
26 25 24 3
26 26 25 2
26 27 26 2
26 27 27 2
27 27 26 1
27 28 27 3
27 28 28 3
27 29 28 2
28 28 28 2
28 29 28 5
28 29 29 6
29 29 29 1
29 30 29 10
29 30 30 9
30 30 30 56
30 31 30 40
30 31 31 9
