32
5 5 3 2
5 5 4 1
6 5 3 2
6 5 4 4
6 6 4 1
6 6 5 2
6 7 5 1
7 5 4 1
7 6 4 14
7 6 5 2
7 7 5 4
7 7 6 1
7 8 6 1
8 5 3 1
8 6 3 255
8 6 4 656
8 7 4 16
8 7 5 19
8 8 5 1
8 8 6 5
8 8 7 1
8 8 8 1
8 8 9 1
8 9 7 1
9 6 3 6
9 6 4 171
9 7 4 220
9 7 5 4
9 8 5 2
9 8 6 17
9 8 7 3
9 9 7 13
9 10 8 2
9 11 9 1
10 7 5 1
10 9 7 8
10 9 8 5
10 10 8 12
10 11 11 1
11 10 8 2
11 10 9 3
11 11 9 2
12 11 9 1
12 11 10 1
12 12 10 3
12 12 11 2
12 13 10 1
13 13 11 3
13 13 12 2
13 13 13 1
13 13 14 1
14 14 12 3
14 14 13 1
15 15 13 5
15 16 14 3
16 16 14 4
16 16 15 1
16 17 15 7
17 17 16 6
17 18 16 3
17 18 17 1
18 18 16 1
18 18 17 1
18 18 18 1
18 19 17 2
18 19 18 3
19 18 17 1
19 20 18 2
19 20 19 3
20 18 17 1
20 19 17 1
20 20 19 2
20 21 19 3
20 21 20 4
20 22 20 2
21 21 20 4
21 21 21 1
21 22 20 3
21 22 21 5
22 21 20 1
22 22 21 3
22 23 22 19
22 23 23 4
22 24 22 2
22 24 23 2
23 23 21 1
23 23 22 2
23 23 23 1
23 24 22 2
23 24 23 15
23 24 24 2
23 25 24 1
24 24 23 2
24 25 23 3
24 25 24 5
24 25 25 3
25 23 21 1
25 24 23 1
25 25 24 5
25 25 25 1
26 24 22 1
26 26 24 1
26 26 26 1
26 27 26 2
27 26 24 1
27 27 27 2
27 28 27 3
28 28 27 2
28 28 28 2
28 29 28 7
29 29 29 4
29 30 29 2
29 30 30 2
30 30 30 35
30 31 30 13
30 31 31 5
