32
4 4 2 1
5 4 2 1
5 4 3 1
5 5 3 1
5 5 4 1
6 5 3 1
6 5 4 4
6 6 4 5
6 6 5 1
6 7 4 1
6 7 5 2
7 5 4 3
7 6 4 13
7 6 5 2
7 7 4 1
7 7 5 5
7 7 6 1
7 8 6 1
7 9 6 1
8 5 3 3
8 5 4 1
8 6 3 316
8 6 4 653
8 6 5 1
8 7 4 17
8 7 5 25
8 8 5 1
8 8 6 8
8 8 9 2
9 6 3 1
9 6 4 173
9 7 4 175
9 7 5 2
9 8 5 1
9 8 6 13
9 8 7 1
9 9 7 3
9 10 8 3
10 7 4 2
10 9 7 11
10 9 8 2
10 10 8 10
10 10 9 1
10 10 11 1
10 11 8 1
10 11 11 1
10 12 9 1
11 10 9 1
11 11 10 2
12 11 9 1
12 11 10 1
12 12 10 2
12 12 11 2
13 13 12 1
13 15 12 1
14 12 10 1
14 13 14 1
14 14 12 3
14 14 15 1
14 15 13 2
15 14 12 1
15 15 13 3
15 15 14 2
15 16 14 1
15 16 15 2
16 14 13 1
16 16 14 5
16 16 15 1
16 17 15 3
17 17 15 1
17 17 16 5
17 18 17 3
17 19 17 2
18 17 15 1
18 18 17 1
18 19 17 2
18 19 18 2
18 20 18 2
19 19 18 3
19 20 18 3
19 20 19 3
19 21 19 1
20 18 17 2
20 20 19 3
20 20 20 2
20 21 19 3
20 21 20 4
20 22 20 1
21 21 19 1
21 21 20 5
21 21 21 1
21 22 20 2
21 22 21 8
22 22 21 3
22 22 22 1
22 23 21 1
22 23 22 20
22 23 23 1
22 24 22 2
22 24 23 3
23 23 21 1
23 24 23 17
23 24 24 1
23 25 24 3
24 24 23 1
24 25 23 2
24 25 24 2
24 25 25 2
25 24 22 1
25 25 24 5
25 26 24 1
25 26 25 3
26 24 22 1
26 25 23 1
26 25 24 2
26 26 24 1
26 26 26 3
26 27 26 3
27 28 27 8
27 28 28 2
27 29 28 1
28 29 28 13
28 29 29 6
28 30 29 1
29 29 29 1
29 30 29 7
29 30 30 19
29 31 30 2
30 30 30 42
30 31 30 40
30 31 31 12
