32
4 4 4 1
4 5 5 1
6 6 8 1
6 7 8 1
8 6 3 1
8 7 3 1
8 7 4 1
9 7 3 1
9 8 5 1
10 9 6 2
11 8 4 1
11 9 4 1
11 9 5 3
11 10 6 1
11 10 11 1
11 11 12 1
12 9 4 1
12 10 7 1
13 9 4 6
13 10 4 12
13 10 5 30
13 10 6 5
13 11 5 6
13 11 6 11
13 11 7 3
13 11 8 3
13 12 8 1
13 12 9 2
14 10 4 362
14 10 5 521
14 11 5 71
14 11 6 13
14 11 7 3
14 12 6 2
14 12 7 5
14 12 8 7
14 12 9 2
14 13 8 1
14 13 9 2
14 14 11 1
15 10 4 1
15 10 5 49
15 11 5 204
15 11 6 46
15 12 6 3
15 12 8 2
15 13 8 2
15 13 9 10
15 13 10 3
15 14 10 3
15 14 11 4
15 15 12 1
16 11 6 3
16 12 6 1
16 13 9 1
16 14 9 3
16 14 10 6
16 15 11 3
16 15 13 1
16 16 17 1
17 14 10 1
17 15 11 2
17 15 12 1
17 16 13 3
17 16 14 1
17 17 12 1
17 17 14 1
17 17 15 1
17 18 18 2
18 15 10 1
18 17 13 1
18 17 14 1
18 17 16 1
18 17 18 1
19 18 15 3
19 19 18 1
19 19 19 1
19 19 20 3
19 20 18 1
19 20 19 9
19 20 20 11
19 20 21 5
19 21 21 5
19 21 22 5
20 19 16 2
20 19 18 1
20 20 18 1
20 20 19 1
20 20 20 1
20 21 18 1
20 21 20 1
20 21 21 1
20 21 22 5
20 21 23 1
20 22 22 2
20 22 23 3
20 22 24 1
21 19 16 1
21 20 17 3
21 20 18 1
21 20 19 1
21 21 21 1
21 22 22 1
21 22 23 4
21 23 24 1
21 23 25 1
22 20 16 1
22 20 17 1
22 20 18 1
22 21 17 1
22 21 18 4
22 21 19 2
22 22 19 1
22 22 23 1
22 23 24 3
22 23 25 2
22 24 26 2
23 22 19 3
23 22 20 1
23 23 20 2
23 23 21 1
23 24 23 1
23 24 24 2
23 24 25 1
23 25 26 1
23 25 27 1
23 26 28 1
24 22 19 1
24 23 20 2
24 23 21 1
24 24 21 2
24 24 23 1
24 24 24 6
24 25 25 1
24 27 29 1
25 24 21 1
25 24 22 6
25 24 23 1
25 24 24 1
25 25 22 4
25 25 23 8
25 25 24 11
25 25 25 4
26 25 22 1
26 25 23 5
26 25 24 7
26 25 25 1
26 26 23 1
26 26 24 3
26 26 25 1
27 26 24 1
28 29 29 1
28 29 30 1
28 30 30 1
29 30 30 12
29 30 31 2
29 31 30 1
29 31 31 6
30 31 30 14
30 31 31 20
