32
4 4 3 1
5 4 3 3
5 5 3 3
5 5 4 2
5 6 4 1
5 6 5 2
6 5 4 2
6 6 4 6
6 6 5 4
7 5 3 4
7 5 4 1
7 6 4 6
7 7 4 1
7 7 5 7
7 8 6 3
8 6 3 285
8 6 4 670
8 6 5 1
8 7 4 21
8 7 5 25
8 7 6 1
8 8 6 8
8 8 9 1
9 6 3 5
9 6 4 158
9 7 4 193
9 7 5 3
9 7 6 1
9 8 5 3
9 8 6 14
9 8 7 2
9 9 6 1
9 9 7 5
9 9 8 1
9 10 8 3
10 7 4 3
10 9 6 1
10 9 7 7
10 9 8 2
10 10 8 11
10 10 9 1
11 10 8 1
11 10 9 2
11 10 11 1
11 11 9 3
11 13 11 1
12 11 10 1
12 12 10 2
12 12 13 1
12 13 11 2
12 13 12 1
13 12 11 1
13 13 11 3
13 13 12 1
13 13 14 1
14 14 12 1
14 14 14 1
14 15 13 2
15 15 13 2
15 15 14 1
15 16 14 4
15 16 15 1
16 16 14 6
16 16 15 4
16 17 15 1
16 18 16 1
17 17 15 2
17 17 16 3
17 18 16 5
17 18 17 2
17 19 17 1
18 17 15 1
18 18 17 2
18 19 17 1
18 19 18 2
19 18 17 2
19 19 17 1
19 20 18 3
19 20 19 3
19 21 19 2
20 18 17 2
20 20 18 1
20 20 19 1
20 20 21 1
20 21 19 4
20 21 20 9
20 21 21 1
20 22 20 1
21 20 19 2
21 20 20 1
21 21 20 1
21 22 20 6
21 22 21 6
21 23 22 1
22 22 21 4
22 22 22 2
22 23 21 1
22 23 22 21
22 23 23 3
22 24 22 1
22 24 23 7
23 22 21 1
23 23 21 1
23 23 23 2
23 24 23 7
23 24 24 2
24 23 23 1
24 24 23 2
24 25 24 5
24 25 25 1
24 26 25 2
25 23 21 1
25 25 24 6
25 26 24 1
25 26 25 4
25 26 26 1
26 26 24 2
26 26 25 1
26 26 26 3
26 27 26 3
26 27 27 1
27 27 26 1
27 28 27 2
28 29 28 4
28 29 29 1
29 29 29 1
29 30 29 4
29 30 30 7
29 31 31 1
30 30 30 32
30 31 30 31
30 31 31 6
