32
3 3 4 1
4 4 5 1
5 5 6 1
6 4 2 1
6 5 2 2
8 6 2 1
8 7 4 1
9 7 3 2
9 11 12 1
11 8 4 1
11 8 5 1
11 9 4 4
11 9 5 1
11 9 6 1
11 10 6 1
12 8 3 3
12 8 4 3
12 9 3 2
12 9 4 40
12 9 5 19
12 9 6 1
12 10 4 1
12 10 5 11
12 10 6 15
12 10 7 2
12 11 5 1
12 11 7 5
12 11 8 1
12 12 9 1
13 8 4 1
13 9 3 19
13 9 4 785
13 9 5 4
13 10 4 276
13 10 5 45
13 10 6 6
13 11 6 4
13 11 7 8
13 11 8 3
13 12 8 9
13 12 9 3
13 12 10 1
14 10 4 29
14 10 5 80
14 11 5 11
14 11 6 2
14 12 8 5
14 12 9 2
14 13 9 3
14 15 13 1
15 13 9 1
15 13 10 1
15 14 10 4
15 14 11 2
15 14 12 1
15 15 15 1
15 16 14 1
16 13 9 1
16 14 9 1
16 14 10 2
16 14 11 1
16 14 12 1
16 15 11 3
16 15 12 5
16 15 13 2
16 17 14 1
16 17 17 1
16 17 18 1
17 15 11 2
17 15 12 1
17 16 13 2
17 17 15 1
17 17 16 1
17 17 17 2
17 17 18 1
17 17 19 1
17 18 17 1
17 18 18 3
17 18 19 4
17 19 18 1
17 19 19 3
17 19 20 6
18 15 11 1
18 16 13 1
18 17 14 1
18 18 17 1
18 18 18 5
18 19 17 1
18 19 18 2
18 19 19 5
18 19 20 5
18 19 21 1
18 20 20 1
18 20 21 5
18 20 22 1
19 18 16 1
19 20 20 1
19 20 21 1
19 21 21 1
19 21 22 3
20 19 15 1
20 19 16 2
20 19 17 4
20 20 17 1
20 21 22 2
20 21 23 2
20 22 23 2
20 22 24 4
20 23 24 1
21 20 17 5
21 20 18 4
21 21 20 1
21 22 23 1
21 23 25 2
21 24 26 1
22 21 18 4
22 21 19 2
22 21 21 1
22 22 19 1
22 22 20 1
22 22 22 1
22 22 23 2
22 23 22 2
22 23 23 3
22 23 24 2
22 24 26 1
22 25 27 2
23 22 19 2
23 22 20 3
23 22 23 1
23 23 22 4
23 23 23 6
23 24 24 3
24 23 20 1
24 23 21 8
24 23 22 3
24 23 23 2
24 24 21 1
24 24 22 7
24 24 23 8
24 24 24 2
24 25 25 1
24 26 26 5
25 24 22 3
25 24 23 2
25 24 25 1
25 25 23 4
25 25 25 1
25 26 26 2
25 27 27 11
26 25 23 1
26 25 24 1
26 25 25 2
26 26 24 2
26 27 27 2
26 27 28 1
26 28 28 11
26 29 29 1
27 28 28 1
27 29 29 27
27 29 30 7
27 30 30 7
28 29 30 2
28 30 30 46
29 30 30 4
29 30 31 1
29 31 31 4
