32
5 5 3 1
5 5 4 1
5 6 4 1
6 5 3 1
6 5 4 3
6 6 4 3
6 6 5 2
7 5 3 2
7 5 4 3
7 6 4 11
7 6 5 2
7 7 5 6
7 7 6 2
7 7 8 1
7 8 5 1
8 5 3 1
8 6 3 350
8 6 4 579
8 6 5 1
8 7 4 19
8 7 5 20
8 8 5 2
8 8 6 6
8 8 8 1
8 9 7 1
9 6 3 11
9 6 4 139
9 7 4 191
9 7 5 3
9 8 5 1
9 8 6 12
9 8 7 4
9 9 6 1
9 9 7 7
9 9 10 1
10 7 4 2
10 8 6 1
10 9 7 9
10 9 8 2
10 10 7 2
10 10 8 10
10 10 11 1
10 11 9 2
10 12 10 1
11 10 8 3
11 10 9 3
11 11 9 6
11 12 10 2
11 12 11 1
12 11 10 1
12 12 10 5
12 13 11 1
13 12 11 2
13 13 11 2
13 13 12 2
13 13 14 1
13 14 12 1
14 13 12 1
14 14 13 4
14 15 13 4
15 14 13 1
15 15 13 5
15 16 14 2
16 16 14 4
16 16 15 1
16 17 15 3
16 17 16 2
17 15 14 1
17 16 15 2
17 17 15 2
17 17 16 4
17 17 18 1
17 18 16 2
17 18 17 3
18 18 17 4
18 19 17 2
18 19 18 1
19 19 18 2
19 20 18 1
19 20 19 3
19 21 19 1
20 19 17 1
20 20 19 2
20 20 21 1
20 21 19 2
20 21 20 2
20 22 20 2
21 20 21 1
21 21 20 3
21 21 21 1
21 22 20 5
21 22 21 5
22 22 21 2
22 22 22 2
22 23 21 1
22 23 22 28
22 23 23 6
22 24 23 3
23 22 22 1
23 23 22 3
23 24 22 2
23 24 23 9
23 24 24 2
23 25 24 2
24 23 22 1
24 24 22 1
24 24 23 3
24 25 23 1
24 25 24 4
24 26 25 1
25 23 21 1
25 25 24 1
25 26 25 1
25 26 26 1
25 27 26 1
26 24 22 2
26 25 23 3
26 25 24 1
26 26 25 2
26 26 26 1
26 27 26 4
26 27 27 1
27 26 24 1
27 27 27 1
27 28 27 4
28 29 28 3
29 29 29 2
29 30 29 5
29 30 30 4
30 30 30 52
30 31 30 17
30 31 31 8
