32
4 4 3 1
5 5 3 3
5 5 4 2
6 6 4 5
6 6 5 1
6 7 5 2
7 5 4 1
7 6 3 1
7 6 4 13
7 6 5 3
7 7 4 1
7 7 5 7
7 7 6 1
7 8 6 1
7 9 7 1
8 5 3 6
8 6 3 352
8 6 4 615
8 7 4 23
8 7 5 27
8 7 6 1
8 8 5 1
8 8 6 3
8 8 9 1
8 9 7 2
8 10 8 1
9 6 3 14
9 6 4 143
9 7 4 178
9 7 5 4
9 8 6 14
9 8 7 1
9 9 6 1
9 9 7 6
9 10 8 3
9 10 10 1
9 10 11 1
9 11 8 1
10 8 6 1
10 9 7 6
10 9 8 3
10 10 8 9
10 11 9 2
11 10 8 2
11 10 9 2
11 11 9 8
12 11 9 1
12 12 10 1
12 12 11 1
12 13 11 2
13 13 11 3
13 13 12 1
14 14 12 2
14 14 13 1
14 15 13 2
15 15 13 2
15 16 14 5
16 15 13 1
16 16 14 2
16 16 15 4
16 17 15 5
17 16 15 1
17 17 15 1
17 18 16 5
17 18 17 6
18 18 17 2
18 19 18 3
19 18 17 1
19 19 19 1
19 20 18 2
19 20 19 6
19 20 20 1
19 21 19 3
20 18 17 1
20 20 18 1
20 20 19 3
20 21 19 5
20 21 20 5
21 21 20 3
21 22 20 4
21 22 21 7
21 23 21 1
21 23 22 1
22 22 21 5
22 22 22 1
22 23 22 17
22 23 23 4
22 24 22 2
22 24 23 3
23 22 21 1
23 23 22 2
23 24 23 12
23 24 24 2
23 25 24 1
23 25 25 1
24 22 20 1
24 24 22 1
24 24 23 3
24 24 24 1
24 25 24 4
24 25 25 2
25 23 21 1
25 24 22 1
25 24 24 1
25 25 24 3
25 26 25 3
26 25 23 1
26 25 24 3
26 26 24 1
26 26 25 2
26 27 26 3
26 27 27 1
27 27 26 1
27 28 27 7
27 28 28 6
28 28 28 1
28 29 28 6
28 29 29 3
29 29 29 2
29 30 29 12
29 30 30 8
29 31 30 2
30 30 30 45
30 31 30 39
30 31 31 11
