32
4 4 5 2
6 6 7 1
8 6 4 1
8 7 4 1
9 7 3 2
9 8 5 1
9 9 6 1
10 10 12 1
11 9 4 1
12 9 4 1
12 9 5 2
12 10 5 1
12 10 6 3
12 11 6 1
12 11 8 1
13 9 4 14
13 9 5 2
13 10 4 22
13 10 5 40
13 10 6 10
13 11 5 3
13 11 6 17
13 11 7 8
13 12 7 1
13 12 8 1
13 12 9 1
14 9 4 6
14 10 4 451
14 10 5 565
14 11 5 61
14 11 6 3
14 11 7 2
14 12 7 2
14 12 8 13
14 12 9 2
14 12 10 1
14 13 8 1
14 13 9 5
14 13 10 1
14 14 11 2
15 10 5 8
15 11 5 95
15 11 6 33
15 12 7 1
15 12 8 1
15 12 9 1
15 13 8 2
15 13 9 8
15 13 10 3
15 14 9 1
15 14 10 2
15 14 11 1
15 14 12 1
15 15 12 1
15 16 16 1
16 14 10 2
16 14 11 3
16 15 11 3
16 15 12 1
16 16 13 1
17 14 10 1
17 15 10 1
17 15 11 1
17 15 12 3
17 16 11 1
17 16 12 2
17 16 13 6
17 17 15 1
17 18 18 1
18 16 13 1
18 17 13 1
18 17 14 1
18 18 15 1
18 18 16 1
18 18 18 1
18 18 19 1
18 19 17 1
19 16 12 1
19 17 13 1
19 17 14 2
19 18 14 1
19 18 15 4
19 19 17 2
19 20 19 3
19 20 20 19
19 20 21 5
19 21 21 11
19 21 22 2
20 18 15 2
20 18 16 1
20 19 17 2
20 19 19 1
20 20 19 1
20 21 19 2
20 21 20 1
20 21 22 3
20 22 22 2
20 22 23 5
20 22 24 1
20 23 24 1
21 19 16 2
21 20 16 1
21 20 17 3
21 20 18 1
21 21 18 1
21 21 20 1
21 21 22 1
21 22 23 3
21 23 25 1
21 24 25 2
22 20 18 3
22 21 18 3
22 22 19 1
22 22 21 1
22 23 24 4
22 23 25 3
22 24 24 1
22 24 25 2
23 22 19 3
23 22 20 3
23 22 21 1
23 22 22 1
23 23 20 2
23 23 22 1
23 24 24 1
23 24 25 1
23 25 26 2
23 25 27 1
23 26 28 1
23 26 29 1
24 23 20 3
24 23 21 3
24 24 21 5
24 24 23 3
24 24 24 6
24 25 24 2
24 25 25 1
24 26 28 1
24 27 29 1
25 24 22 6
25 24 23 2
25 25 22 1
25 25 23 11
25 25 24 12
25 25 25 2
26 25 23 2
26 25 24 3
26 25 25 2
26 26 23 1
26 26 24 1
27 26 24 3
27 27 25 1
27 29 28 1
27 29 29 2
28 29 29 6
28 30 30 2
29 30 30 11
29 30 31 7
29 31 30 4
29 31 31 6
30 31 30 14
30 31 31 15
