32
5 4 3 1
5 5 3 1
6 5 3 2
6 5 4 4
6 6 4 5
6 6 5 4
6 7 5 1
6 8 5 2
7 5 3 3
7 5 4 1
7 6 4 9
7 6 5 1
7 7 4 2
7 7 5 2
7 8 6 1
7 9 7 1
8 5 3 6
8 5 4 1
8 6 3 396
8 6 4 657
8 6 5 2
8 7 4 19
8 7 5 21
8 7 6 1
8 8 6 7
8 9 7 1
9 6 3 2
9 6 4 105
9 7 4 126
9 7 5 2
9 8 5 1
9 8 6 12
9 8 7 1
9 9 7 3
9 10 8 2
9 10 10 1
9 11 9 1
10 8 6 1
10 9 7 12
10 10 8 13
10 11 10 1
11 10 8 1
11 10 9 2
11 11 9 6
11 11 10 1
11 12 10 1
12 11 10 2
12 12 10 6
12 12 11 1
12 12 13 1
12 13 11 2
13 12 11 1
13 12 13 1
13 13 11 1
13 13 12 1
13 13 14 1
13 14 12 1
14 12 10 1
14 14 12 2
14 14 13 2
14 15 14 1
15 14 13 3
15 15 13 1
15 15 14 1
15 16 14 3
16 14 13 1
16 16 14 2
16 16 15 1
16 16 16 1
16 17 15 6
16 17 16 1
17 16 14 2
17 17 15 4
17 17 16 3
17 18 16 2
17 18 17 2
18 17 15 2
18 17 18 1
18 19 17 2
18 19 18 1
19 19 17 1
19 19 18 1
19 20 18 3
19 20 19 2
20 21 19 4
20 21 20 3
20 22 19 1
21 21 20 2
21 22 20 4
21 22 21 7
21 22 22 1
22 21 20 1
22 22 21 3
22 22 22 4
22 23 22 22
22 23 23 5
22 24 22 2
22 24 23 4
23 23 22 6
23 24 22 3
23 24 23 12
23 24 24 2
24 22 20 1
24 23 23 1
24 24 23 3
24 25 23 1
24 25 24 3
25 25 24 2
25 26 25 1
26 24 22 1
26 26 24 2
26 26 25 1
26 26 26 1
26 27 26 5
26 27 27 2
26 28 27 1
27 26 24 1
27 27 27 1
27 28 27 5
27 28 28 1
28 27 25 1
28 28 27 2
28 28 28 1
28 29 28 7
28 29 29 1
29 28 26 1
29 29 29 3
29 30 29 3
29 30 30 7
30 30 30 54
30 31 30 32
30 31 31 4
