32
3 3 2 2
4 4 3 1
5 4 3 2
5 5 3 1
5 5 4 2
5 6 4 1
6 5 4 3
6 6 4 4
6 6 5 4
6 7 4 1
6 7 5 2
7 5 3 4
7 5 4 1
7 6 4 13
7 6 5 1
7 7 4 2
7 7 5 5
7 7 6 1
7 8 5 1
8 5 3 2
8 6 3 356
8 6 4 657
8 6 5 1
8 7 4 24
8 7 5 24
8 7 6 1
8 7 8 1
8 8 5 1
8 8 6 5
8 8 9 1
8 10 8 1
9 6 3 3
9 6 4 101
9 7 4 171
9 7 5 2
9 8 5 1
9 8 6 13
9 8 7 2
9 9 6 1
9 9 7 8
9 9 8 1
9 10 8 2
10 7 4 1
10 8 5 1
10 8 6 1
10 9 7 5
10 9 8 2
10 10 8 7
10 10 9 1
10 11 8 1
10 11 9 2
11 10 8 2
11 11 8 2
11 11 9 5
11 11 10 1
11 11 11 2
11 12 10 1
12 12 10 3
12 12 11 1
12 12 13 1
13 13 11 3
13 13 12 2
14 13 12 1
14 13 14 1
14 14 12 2
14 14 13 1
14 15 13 1
15 15 13 6
15 15 14 1
15 16 14 2
15 16 15 2
16 14 13 2
16 16 14 7
16 16 15 6
16 17 15 2
17 16 15 1
17 17 15 1
17 17 16 3
17 18 17 2
18 18 17 2
18 19 17 5
18 19 18 1
19 18 17 2
19 19 18 2
19 19 19 1
19 20 18 3
19 21 19 3
20 20 18 1
20 20 20 1
20 21 19 2
20 21 20 5
20 21 21 1
21 20 19 1
21 21 20 2
21 21 21 1
21 22 20 1
21 22 21 12
21 23 21 2
21 23 22 3
22 21 20 1
22 22 21 1
22 22 22 1
22 23 22 18
22 23 23 2
22 24 22 3
22 24 23 9
23 22 21 1
23 22 22 1
23 23 21 1
23 23 23 1
23 24 22 1
23 24 23 10
23 24 24 2
23 25 23 1
23 25 24 2
24 24 22 1
24 24 23 3
24 25 24 4
25 23 21 1
25 24 23 1
25 25 24 1
25 26 25 2
26 25 22 1
26 25 23 1
26 25 24 1
26 26 25 2
26 26 26 2
26 27 26 3
26 27 27 2
26 28 27 1
27 27 26 1
27 28 27 9
27 28 28 2
28 28 27 1
28 28 28 1
28 29 28 5
28 29 29 2
29 29 29 3
29 30 29 2
29 30 30 6
29 31 31 1
30 30 30 34
30 31 30 11
30 31 31 5
