32
4 4 3 1
5 4 3 1
5 5 3 3
5 5 4 1
6 5 4 2
6 6 4 2
6 6 5 2
7 5 4 1
7 6 3 1
7 6 4 11
7 6 5 2
7 7 4 1
7 7 6 1
8 5 3 3
8 5 4 1
8 6 3 300
8 6 4 644
8 6 5 3
8 7 4 18
8 7 5 20
8 7 6 2
8 8 5 3
8 8 6 6
8 8 8 1
8 9 7 1
8 10 8 1
9 6 3 13
9 6 4 175
9 7 4 175
9 7 5 6
9 8 5 1
9 8 6 12
9 8 7 2
9 8 9 1
9 9 7 6
9 10 8 1
9 11 9 2
10 7 4 2
10 8 6 2
10 9 7 10
10 9 8 1
10 10 8 10
10 10 11 1
10 11 9 2
11 10 8 3
11 10 9 1
11 11 9 8
11 13 11 1
12 12 10 2
12 12 11 4
12 12 12 1
13 13 12 2
13 13 14 1
13 15 13 1
14 13 12 1
14 14 12 2
14 14 13 1
14 16 14 1
15 14 13 1
15 15 13 7
15 15 14 3
15 16 14 1
15 16 15 1
16 16 14 3
16 16 15 4
16 16 16 1
16 17 15 4
17 17 15 1
17 17 16 3
17 18 16 4
17 18 17 1
18 17 16 1
18 18 17 5
18 19 17 4
18 19 19 1
19 20 18 3
19 20 19 1
20 20 19 1
20 21 19 5
20 21 20 2
21 20 19 1
21 21 20 4
21 21 21 1
21 22 20 6
21 22 21 4
21 23 22 3
22 21 20 3
22 22 21 2
22 22 22 5
22 23 21 2
22 23 22 14
22 23 23 4
22 24 22 2
22 24 23 1
23 23 21 1
23 23 22 1
23 23 23 1
23 24 22 1
23 24 23 13
23 24 24 2
23 25 24 2
24 24 23 1
24 25 23 2
24 25 24 6
24 25 25 1
24 26 25 1
25 22 19 1
25 24 23 1
25 24 24 1
25 25 23 1
25 25 24 1
25 26 24 1
25 27 26 1
26 24 22 1
26 25 24 1
26 26 24 1
26 26 25 1
26 27 26 4
26 27 27 3
27 25 24 1
27 26 24 1
27 26 25 1
27 28 27 4
27 28 28 3
27 29 28 1
28 28 28 1
28 29 28 7
28 29 29 5
29 29 29 2
29 30 29 9
29 30 30 10
29 31 31 1
30 30 30 56
30 30 31 1
30 31 30 42
30 31 31 13
