32
5 4 3 1
5 5 4 1
6 5 3 2
6 5 4 4
6 6 4 3
6 7 5 2
7 5 3 3
7 5 4 1
7 6 4 11
7 6 5 4
7 7 5 6
7 7 6 1
7 8 6 1
7 8 7 1
8 5 3 4
8 6 3 313
8 6 4 555
8 6 5 1
8 7 4 23
8 7 5 18
8 8 5 1
8 8 6 7
8 9 7 2
8 10 7 1
9 6 3 6
9 6 4 204
9 7 4 197
9 7 5 2
9 7 6 1
9 8 5 4
9 8 6 11
9 8 7 3
9 9 6 1
9 9 7 9
9 9 10 1
9 10 8 1
10 7 4 3
10 9 6 2
10 9 7 8
10 9 8 3
10 10 7 1
10 10 8 11
10 10 9 1
10 11 8 1
11 10 8 4
11 10 9 2
11 11 8 1
11 11 9 6
11 12 10 1
11 13 11 1
12 12 10 1
12 12 11 2
12 13 11 2
12 14 12 1
13 11 9 1
13 13 11 2
13 13 12 2
13 13 13 3
13 14 12 1
13 14 13 1
13 15 13 1
14 13 12 2
14 14 12 2
14 14 13 1
14 15 13 1
15 15 13 3
15 15 14 1
15 15 16 1
15 16 15 1
16 16 14 3
16 16 15 2
16 17 15 3
16 17 16 3
17 16 15 1
17 16 17 1
17 17 15 5
17 17 16 6
17 18 17 3
17 19 17 1
18 18 17 2
18 19 17 2
18 19 18 1
19 20 18 1
19 20 19 2
20 21 19 4
20 21 20 2
20 22 21 1
21 21 20 2
21 21 21 1
21 22 20 3
21 22 21 5
21 22 22 1
21 23 22 2
22 21 20 1
22 22 21 3
22 22 22 2
22 23 21 1
22 23 22 19
22 23 23 5
22 24 22 1
22 24 23 2
23 23 22 4
23 24 22 3
23 24 23 9
23 24 24 3
23 25 24 1
24 22 20 1
24 24 23 2
24 24 24 1
24 25 24 8
24 26 25 2
25 25 23 1
25 26 25 2
25 26 26 1
26 26 24 2
26 26 25 1
26 26 26 1
26 27 26 3
26 27 27 1
27 27 26 1
27 27 27 1
27 28 27 6
27 28 28 1
28 28 27 2
28 28 28 3
28 29 28 3
28 29 29 1
29 29 29 4
29 30 29 2
29 30 30 7
29 31 31 1
30 30 30 38
30 31 30 29
30 31 31 2
