32
4 4 2 2
4 4 3 2
4 5 4 1
5 4 3 1
5 5 3 2
5 5 4 2
5 6 4 1
6 5 3 1
6 5 4 2
6 6 4 3
6 6 5 3
7 5 3 3
7 5 4 1
7 6 4 14
7 6 5 2
7 7 5 5
7 7 6 1
8 5 3 2
8 6 3 295
8 6 4 675
8 7 4 22
8 7 5 26
8 8 6 6
8 9 6 1
8 9 7 2
8 9 9 1
9 6 3 4
9 6 4 152
9 7 4 171
9 7 5 3
9 8 5 1
9 8 6 15
9 8 7 3
9 9 6 1
9 9 7 7
9 10 8 2
10 7 4 1
10 8 6 1
10 9 7 8
10 9 8 3
10 10 8 5
10 11 9 1
11 10 8 2
11 10 9 4
11 11 9 6
11 11 11 1
11 12 10 1
12 11 10 1
12 12 10 2
12 12 11 1
12 14 11 1
12 14 12 1
13 13 11 3
14 14 12 1
14 14 13 3
14 14 15 1
14 15 13 2
14 16 13 1
15 15 13 1
15 15 14 5
15 16 14 3
15 16 15 1
15 17 15 1
16 14 13 1
16 16 14 1
16 16 15 1
16 17 15 2
16 17 16 2
17 16 15 3
17 17 15 1
17 17 16 4
17 18 16 3
17 19 17 2
18 18 17 4
18 19 17 2
18 19 18 2
19 19 20 1
19 20 18 4
19 20 19 3
19 21 19 1
20 20 20 2
20 21 19 3
20 21 20 5
20 21 21 1
21 20 19 1
21 21 20 5
21 22 20 3
21 22 21 6
21 23 21 2
22 21 20 1
22 22 21 2
22 22 22 2
22 23 22 17
22 23 23 5
22 24 22 3
22 24 23 6
23 22 22 1
23 23 22 3
23 23 23 1
23 24 23 13
23 25 24 2
24 22 20 1
24 25 23 1
24 25 24 7
24 25 25 3
25 25 23 2
25 25 24 1
25 26 25 5
26 25 24 3
26 26 25 5
26 26 26 2
26 27 26 2
27 26 24 1
27 26 25 1
27 27 27 1
27 28 27 6
28 29 28 1
28 29 29 3
29 29 29 2
29 30 29 4
29 30 30 3
29 31 31 2
30 30 30 40
30 31 30 13
30 31 31 7
