32
5 6 5 2
6 5 3 2
6 5 4 1
6 6 4 1
6 6 6 1
6 6 7 1
7 5 3 1
7 7 4 1
7 7 8 1
8 6 3 1
8 6 4 1
8 8 5 1
9 7 4 1
9 9 7 1
10 7 4 3
10 8 4 1
10 8 5 5
10 9 6 1
10 9 7 2
10 10 11 1
11 7 3 26
11 7 4 21
11 8 3 13
11 8 4 145
11 8 5 6
11 9 4 1
11 9 5 3
11 10 7 3
11 10 8 2
11 11 12 1
11 13 10 1
12 7 3 2
12 7 4 1
12 8 3 17
12 8 4 869
12 8 5 1
12 9 4 55
12 9 5 30
12 10 5 2
12 10 6 9
12 10 7 10
12 10 8 1
12 11 7 1
12 13 10 1
13 8 4 72
13 9 4 95
13 9 5 9
13 10 5 1
13 10 6 4
13 10 7 3
13 11 6 1
13 11 7 10
13 11 8 2
13 12 10 1
13 13 9 1
13 13 10 1
14 11 6 1
14 11 8 1
14 12 8 7
14 12 9 2
14 13 9 2
15 13 8 1
15 13 9 5
15 13 10 4
15 13 11 1
15 14 10 1
15 14 11 1
15 15 13 1
16 13 9 1
16 14 10 3
16 14 11 1
16 16 12 1
16 17 15 1
17 15 11 5
17 15 12 2
17 15 13 1
17 16 12 2
17 16 13 2
17 16 16 1
17 17 15 1
18 16 13 1
18 17 13 2
18 18 16 1
18 20 17 1
19 17 13 1
19 17 14 3
19 18 14 1
19 18 15 1
19 19 19 1
19 20 19 1
19 21 18 1
19 21 19 2
19 21 20 3
19 21 21 2
19 22 21 1
20 18 14 1
20 18 15 1
20 19 17 1
20 20 18 1
20 20 20 1
20 21 20 8
20 21 21 8
20 21 22 1
20 22 21 4
20 22 22 3
21 19 16 1
21 19 17 1
21 20 16 1
21 20 17 2
21 20 20 1
21 21 21 1
21 22 22 4
21 23 22 2
21 23 23 2
21 24 24 1
22 20 17 3
22 21 17 1
22 21 18 3
22 21 19 1
22 21 21 1
22 23 22 1
22 23 23 2
22 24 23 1
23 21 18 1
23 21 20 1
23 22 18 1
23 22 19 8
23 23 20 1
23 23 22 1
23 24 23 1
23 26 26 1
24 22 19 2
24 23 20 1
24 23 21 3
24 24 21 1
24 24 22 2
24 26 26 1
25 23 20 1
25 24 20 1
25 24 21 4
25 24 22 6
25 24 23 1
25 25 22 2
25 25 23 3
25 25 24 5
25 25 25 1
25 26 25 1
25 27 27 1
26 24 21 1
26 24 22 2
26 25 22 1
26 25 23 7
26 25 24 1
26 26 24 2
26 26 25 9
26 26 26 3
26 27 27 2
26 28 29 1
27 26 24 4
27 26 25 2
27 27 26 2
27 27 27 2
27 28 27 1
27 28 28 2
27 29 28 1
28 27 25 1
28 28 28 2
28 29 28 1
28 29 29 4
28 30 30 2
28 30 31 1
29 29 29 1
29 30 29 1
29 30 30 9
30 30 30 38
30 31 30 31
30 31 31 13
