32
4 4 3 1
5 5 3 2
5 5 4 1
6 5 3 1
6 5 4 3
6 6 4 3
6 7 4 1
6 7 5 1
7 5 3 1
7 5 4 1
7 6 4 14
7 6 5 6
7 7 5 6
7 7 6 1
8 5 3 5
8 6 3 317
8 6 4 626
8 6 5 1
8 7 4 18
8 7 5 11
8 7 6 1
8 8 6 7
8 8 8 1
8 9 7 1
9 6 3 6
9 6 4 162
9 7 4 184
9 7 5 4
9 8 6 21
9 8 7 3
9 9 7 7
9 9 8 1
9 10 8 3
9 11 8 1
10 9 6 1
10 9 7 10
10 9 8 5
10 10 8 7
10 10 9 2
10 10 11 2
10 11 9 1
11 10 8 1
11 11 9 7
11 12 9 1
12 11 9 2
12 11 10 1
12 12 10 1
12 12 11 1
12 13 11 1
12 13 12 1
13 12 11 1
13 13 10 1
13 13 11 3
13 13 12 2
13 14 12 1
14 13 11 1
14 14 13 1
14 14 15 1
14 16 14 1
15 14 13 1
15 15 13 1
15 15 14 1
15 15 15 1
15 16 14 2
15 16 15 1
16 16 14 2
16 16 15 7
16 17 15 3
16 17 16 1
17 16 17 1
17 17 15 3
17 17 16 5
17 18 16 3
17 18 17 1
18 19 18 3
19 19 18 4
19 19 19 2
19 20 18 2
19 20 19 1
20 18 17 1
20 19 17 1
20 20 18 1
20 20 19 1
20 20 20 1
20 21 19 5
20 21 20 5
21 20 19 1
21 21 20 3
21 22 20 4
21 22 21 8
21 23 21 1
21 23 22 1
22 21 20 3
22 23 22 25
22 23 23 3
22 24 22 1
22 24 23 4
23 22 20 1
23 23 22 2
23 24 22 2
23 24 23 5
23 24 24 1
23 25 23 1
23 25 24 3
24 24 22 1
24 24 23 2
24 25 23 1
24 25 24 5
24 25 25 3
25 23 21 2
25 25 23 1
25 25 24 4
25 26 25 5
26 24 22 3
26 26 24 2
26 26 26 2
26 27 26 3
26 27 27 2
27 26 24 1
27 27 26 1
27 28 27 8
27 28 28 1
27 29 28 1
28 27 25 1
28 28 27 1
28 29 28 7
28 29 29 2
29 29 29 4
29 30 29 4
29 30 30 9
30 30 30 47
30 31 30 37
30 31 31 10
