32
4 4 5 4
5 6 8 1
8 6 3 1
9 8 4 1
9 8 5 1
9 9 10 1
10 8 4 1
11 9 5 2
11 9 6 1
11 10 8 1
12 9 4 1
12 9 5 4
12 10 5 1
12 10 6 2
12 10 8 1
12 11 8 1
12 12 13 1
13 9 4 14
13 9 5 2
13 10 4 15
13 10 5 43
13 10 6 6
13 11 5 3
13 11 6 13
13 11 7 7
13 11 8 3
13 12 7 1
13 12 8 1
13 12 9 1
14 9 4 7
14 10 4 457
14 10 5 530
14 10 6 3
14 11 4 1
14 11 5 68
14 11 6 9
14 11 7 9
14 12 6 1
14 12 7 2
14 12 8 5
14 13 8 3
14 13 9 3
14 13 10 2
14 13 11 1
14 14 10 1
15 10 4 2
15 10 5 12
15 11 5 97
15 11 6 46
15 12 6 1
15 12 8 1
15 13 9 7
15 13 10 5
15 14 10 4
15 14 11 3
15 14 12 1
15 15 11 1
15 15 12 1
16 13 9 1
16 14 10 1
16 14 11 2
16 15 11 2
16 15 12 2
16 16 15 1
16 17 15 1
17 15 11 1
17 15 12 4
17 16 12 4
17 16 13 2
17 16 14 1
17 17 17 1
17 18 16 1
18 15 11 1
18 17 14 1
18 18 18 1
18 19 19 2
18 20 21 1
19 17 14 2
19 18 15 2
19 19 19 1
19 19 20 3
19 20 19 5
19 20 20 7
19 20 21 6
19 21 21 9
19 21 22 3
20 17 13 1
20 18 15 1
20 19 16 1
20 19 17 2
20 19 18 1
20 20 17 1
20 20 20 2
20 21 19 2
20 21 20 1
20 21 21 4
20 21 22 4
20 21 23 2
20 22 23 2
21 19 16 3
21 20 17 5
21 20 20 1
21 21 18 1
21 21 20 2
21 21 21 1
21 22 23 2
21 22 24 1
21 23 25 2
22 20 18 1
22 21 18 1
22 21 19 3
22 21 21 1
22 22 18 1
22 22 19 1
22 23 23 2
22 23 24 7
22 23 25 1
22 24 23 1
22 24 25 1
22 24 26 1
22 24 27 1
23 22 18 1
23 22 20 1
23 23 20 1
23 23 22 2
23 23 23 1
23 24 24 2
23 25 27 4
23 25 28 1
23 26 28 1
24 22 19 1
24 22 20 1
24 23 21 3
24 23 22 1
24 24 21 4
24 24 22 2
24 24 23 4
24 24 24 4
24 25 24 1
24 25 25 2
24 26 28 1
25 24 21 1
25 24 22 4
25 24 23 5
25 24 24 1
25 25 22 1
25 25 23 5
25 25 24 8
25 25 25 3
26 25 23 2
26 25 24 4
26 26 23 2
26 26 24 2
26 26 25 1
27 26 24 2
27 29 29 2
28 29 29 2
28 30 30 1
29 30 30 8
29 30 31 3
29 31 30 4
29 31 31 5
30 30 30 2
30 31 30 13
30 31 31 16
