32
5 5 4 2
6 5 3 2
6 5 4 2
6 6 4 4
6 6 5 1
6 7 5 1
7 6 4 11
7 6 5 1
7 7 5 3
8 5 3 8
8 6 3 323
8 6 4 609
8 6 5 2
8 7 4 18
8 7 5 17
8 8 6 6
8 9 9 1
8 10 8 1
9 6 3 9
9 6 4 149
9 7 4 199
9 7 5 6
9 8 5 2
9 8 6 12
9 8 7 4
9 9 6 1
9 9 7 7
9 9 10 2
9 10 7 1
10 7 4 2
10 8 6 1
10 9 7 9
10 9 8 4
10 10 7 1
10 10 8 7
10 10 9 1
10 10 11 1
10 11 9 1
10 12 10 1
11 10 8 3
11 10 9 1
11 11 9 7
11 11 10 1
11 13 11 1
12 11 10 1
12 12 10 4
12 13 11 1
13 12 11 1
13 13 11 5
13 13 14 1
13 14 12 2
14 12 11 1
14 14 12 2
14 14 13 3
14 15 13 2
15 15 13 3
15 15 15 1
15 16 14 1
15 18 15 1
16 16 14 1
16 16 15 3
16 17 15 3
17 16 15 1
17 17 15 4
17 17 16 4
17 18 16 1
17 18 17 3
18 18 16 1
18 18 17 3
18 19 17 1
18 19 18 3
19 18 17 1
19 19 17 1
19 20 18 4
19 20 19 3
19 21 19 1
20 20 19 3
20 21 19 1
20 21 20 4
21 21 20 2
21 22 20 1
21 22 21 7
22 21 20 2
22 22 21 3
22 22 22 3
22 23 21 2
22 23 22 27
22 23 23 4
22 24 23 3
23 22 21 1
23 23 22 4
23 24 22 3
23 24 23 9
23 24 24 2
23 25 24 2
24 24 23 4
24 24 24 1
24 25 23 1
24 25 24 4
24 25 25 2
25 24 23 1
25 25 23 1
25 25 24 3
25 26 25 1
26 25 23 1
26 26 25 1
26 27 26 2
27 26 24 1
27 26 25 1
27 27 27 1
27 28 27 3
28 28 28 1
28 29 28 3
28 29 29 1
29 29 28 1
29 30 29 2
29 30 30 2
30 30 30 35
30 31 30 8
30 31 31 2
