32
3 3 5 1
4 3 5 1
4 4 5 1
6 6 7 1
7 7 9 1
8 6 3 2
8 7 4 1
8 7 6 1
8 9 10 1
9 7 3 1
9 8 4 1
9 8 6 1
10 8 5 1
10 9 4 1
11 9 5 1
12 9 4 1
12 9 5 1
12 10 5 2
12 10 6 2
12 10 7 1
12 11 8 1
13 9 4 10
13 9 5 4
13 10 4 21
13 10 5 49
13 10 6 10
13 10 7 1
13 11 5 2
13 11 6 15
13 11 7 8
13 11 8 2
13 12 8 3
13 12 9 1
14 9 4 6
14 10 4 402
14 10 5 579
14 10 6 1
14 11 5 84
14 11 6 7
14 11 7 3
14 12 7 3
14 12 8 5
14 12 9 3
14 13 8 1
14 13 9 8
14 13 11 1
14 15 13 1
15 10 5 7
15 11 5 97
15 11 6 41
15 12 7 1
15 13 8 1
15 13 9 5
15 13 10 1
15 14 10 3
15 14 11 2
15 14 14 1
15 15 12 1
16 13 9 1
16 14 10 1
16 14 11 2
16 15 11 3
16 15 12 2
16 15 13 1
16 16 13 2
16 16 15 1
17 15 11 2
17 15 12 4
17 15 13 1
17 16 13 2
17 16 16 1
17 17 13 2
17 17 17 1
17 17 18 1
17 18 16 1
18 15 11 1
18 16 12 1
18 16 13 3
18 16 14 1
18 17 13 1
18 17 14 2
18 17 15 1
18 18 18 1
18 19 19 3
18 20 21 2
19 17 14 1
19 18 14 2
19 18 15 3
19 18 16 2
19 19 18 3
19 19 20 1
19 20 19 5
19 20 20 8
19 20 21 7
19 21 21 10
19 21 22 2
19 21 23 1
19 22 23 1
20 18 15 2
20 19 17 1
20 19 19 1
20 19 20 1
20 20 16 1
20 20 18 2
20 20 20 1
20 21 21 1
20 21 22 3
20 22 22 2
20 22 23 1
20 22 24 2
20 23 24 1
21 20 16 1
21 20 17 3
21 20 19 1
21 23 24 1
22 20 17 1
22 21 18 2
22 21 19 3
22 21 21 1
22 22 21 1
22 23 24 3
22 23 25 2
22 24 25 2
22 24 26 4
22 25 27 1
23 22 18 1
23 22 19 1
23 22 20 2
23 22 22 1
23 23 20 1
23 23 22 1
23 24 24 5
23 24 26 1
23 25 26 2
23 26 28 2
24 23 20 1
24 23 21 4
24 23 22 2
24 23 23 1
24 24 21 3
24 24 22 4
24 24 23 2
24 24 24 6
24 25 24 7
24 25 26 1
25 24 22 5
25 24 23 7
25 24 24 1
25 25 23 4
25 25 24 9
25 25 25 3
26 25 23 5
26 25 24 3
26 25 25 1
26 26 24 3
27 26 25 2
27 28 28 2
27 29 29 1
28 29 29 2
28 29 30 2
28 30 30 7
29 30 30 21
29 30 31 5
29 31 30 2
29 31 31 11
30 30 30 2
30 31 30 12
30 31 31 17
31 30 30 1
