32
5 5 3 1
5 5 4 2
6 5 3 1
6 5 4 3
6 6 4 2
6 6 5 1
6 7 5 1
7 5 3 3
7 5 4 1
7 6 3 1
7 6 4 13
7 6 5 2
7 7 5 7
7 8 6 1
8 5 3 3
8 6 3 299
8 6 4 691
8 7 4 24
8 7 5 20
8 7 6 2
8 8 6 9
8 8 9 1
9 6 3 2
9 6 4 125
9 7 4 171
9 7 5 2
9 8 5 2
9 8 6 16
9 9 7 10
10 8 6 1
10 9 7 5
10 9 8 3
10 10 7 1
10 10 8 7
10 10 9 2
10 11 9 2
11 10 8 2
11 11 8 1
11 11 9 7
11 14 11 1
12 11 10 1
12 12 10 2
12 12 11 1
12 12 12 1
13 13 11 3
13 13 12 1
13 14 12 1
13 15 13 1
13 16 13 1
14 13 11 1
14 15 13 3
15 14 13 1
15 15 13 3
15 15 14 4
15 16 15 1
16 16 14 3
16 16 15 8
16 16 16 1
16 17 15 5
16 17 16 1
17 16 14 1
17 17 16 1
17 18 16 5
17 18 17 1
18 17 15 1
18 18 17 2
18 19 17 3
18 19 18 1
18 20 18 1
19 18 17 2
19 19 18 1
19 20 18 1
19 20 19 2
20 19 17 1
20 20 19 1
20 20 20 1
20 21 19 2
20 21 20 7
21 21 20 2
21 22 20 6
21 22 21 7
21 23 22 2
22 21 20 1
22 22 21 7
22 23 22 17
22 23 23 1
22 24 22 3
22 24 23 7
22 25 23 1
23 24 22 4
23 24 23 9
23 24 24 1
23 25 24 1
24 23 22 1
24 24 23 3
24 25 24 5
24 25 25 2
25 24 23 1
25 24 24 1
25 25 24 2
25 25 25 1
25 26 25 6
25 27 26 1
26 25 22 1
26 25 24 1
26 26 24 1
26 26 25 2
26 27 26 2
26 27 27 1
27 25 24 1
27 26 24 1
27 27 26 1
27 28 27 10
27 28 28 2
28 28 28 2
28 29 28 9
28 29 29 9
29 30 29 7
29 30 30 11
29 31 30 2
30 30 30 57
30 31 30 41
30 31 31 11
