32
5 4 3 1
5 5 3 4
5 5 4 1
5 6 4 1
6 5 3 1
6 5 4 2
6 6 4 3
6 6 5 4
7 5 3 1
7 6 4 17
7 6 5 2
7 7 5 5
7 7 8 1
7 8 6 1
8 5 3 3
8 6 3 310
8 6 4 657
8 6 5 1
8 7 4 26
8 7 5 20
8 7 6 2
8 8 5 1
8 8 6 10
8 9 7 1
8 9 8 1
9 6 3 2
9 6 4 144
9 7 4 182
9 7 5 4
9 8 5 1
9 8 6 16
9 9 7 8
9 10 8 4
10 8 6 1
10 9 7 7
10 9 8 4
10 10 8 12
10 11 8 1
10 11 9 2
11 10 8 2
11 11 9 7
11 11 12 2
12 12 10 2
12 12 11 1
12 13 11 2
13 13 11 1
14 13 11 2
14 14 12 1
14 14 13 2
14 15 13 1
14 15 14 1
15 15 13 2
15 15 14 1
15 15 15 1
15 16 14 4
16 16 14 4
16 16 15 1
16 17 15 3
16 17 16 2
17 17 16 6
17 18 16 3
17 18 17 2
18 18 17 1
18 19 18 3
19 19 17 1
19 19 18 2
19 20 18 4
20 20 19 1
20 21 19 7
20 21 20 3
21 21 19 2
21 21 21 1
21 21 22 1
21 22 20 3
21 22 21 8
21 23 22 2
22 21 20 1
22 22 21 3
22 22 22 4
22 23 21 1
22 23 22 17
22 23 23 3
22 24 23 5
22 24 24 1
23 22 22 1
23 23 21 1
23 23 22 3
23 23 23 2
23 24 22 1
23 24 23 9
23 24 24 3
23 25 24 1
24 24 24 1
24 25 23 1
24 25 24 4
24 25 25 1
25 23 22 1
25 25 24 4
25 26 25 1
25 27 26 1
26 25 24 1
26 26 24 1
26 26 25 3
26 27 26 2
27 26 24 1
27 27 26 1
27 28 26 1
27 28 27 9
27 28 28 3
28 26 24 1
28 27 26 1
28 29 28 9
28 29 29 5
29 29 29 1
29 30 29 7
29 30 30 10
29 31 30 2
30 30 29 1
30 30 30 44
30 30 31 1
30 31 30 35
30 31 31 3
