32
4 4 2 1
4 4 3 1
5 4 3 3
5 5 3 2
5 5 4 3
6 5 3 1
6 5 4 5
6 6 4 1
6 6 5 5
7 5 3 1
7 6 3 1
7 6 4 18
7 6 5 2
7 7 4 2
7 7 5 1
7 7 6 1
7 8 6 3
8 5 3 7
8 6 3 383
8 6 4 636
8 7 4 26
8 7 5 20
8 7 6 1
8 8 5 2
8 8 6 7
8 8 9 1
8 9 7 2
9 6 3 6
9 6 4 91
9 7 4 150
9 7 5 2
9 8 5 1
9 8 6 13
9 8 7 3
9 9 6 2
9 9 7 8
9 10 8 4
10 9 6 1
10 9 7 7
10 9 8 1
10 10 8 8
10 10 11 1
10 11 9 1
10 13 10 1
11 10 8 4
11 11 8 1
11 11 9 5
11 11 10 2
11 11 11 1
11 13 11 1
12 12 10 3
12 12 11 2
13 13 11 2
13 13 13 1
13 14 12 1
14 14 12 2
14 14 13 1
15 15 13 4
15 15 14 3
15 16 14 2
15 17 15 1
16 15 13 1
16 16 14 7
16 16 15 2
16 17 15 2
16 17 16 2
17 17 15 2
17 17 16 1
17 18 16 2
17 18 17 2
17 20 18 1
18 18 17 2
18 19 17 5
18 19 18 2
18 20 18 1
19 19 17 1
19 19 19 1
19 20 18 3
19 20 19 3
19 21 19 1
20 20 19 2
20 20 20 1
20 21 19 3
20 21 20 4
20 22 20 1
21 21 20 3
21 21 21 1
21 22 20 4
21 22 21 7
21 23 21 2
21 23 22 2
22 22 20 1
22 22 21 3
22 22 22 2
22 23 21 1
22 23 22 11
22 23 23 3
22 24 22 1
22 24 23 5
23 22 21 1
23 23 22 1
23 24 22 1
23 24 23 11
23 24 24 2
23 25 24 2
24 24 23 4
24 25 23 2
24 25 24 3
24 25 25 2
25 24 24 1
25 25 24 1
25 26 25 5
26 26 24 1
26 26 25 2
26 26 26 1
26 27 26 4
27 25 24 1
27 26 23 1
27 26 24 1
27 27 27 1
27 28 27 6
27 28 28 1
28 29 28 4
29 28 26 2
29 30 30 4
30 30 30 16
30 31 30 7
30 31 31 1
31 30 30 1
