32
3 3 2 1
3 4 3 1
4 4 3 1
5 4 3 4
5 5 3 1
6 5 3 1
6 5 4 1
6 6 4 4
6 6 5 1
6 7 5 4
7 5 3 2
7 6 4 15
7 6 5 1
7 7 4 1
7 7 5 6
7 7 6 1
7 7 8 1
7 8 5 1
8 5 3 3
8 5 4 1
8 6 3 326
8 6 4 668
8 6 5 1
8 7 4 18
8 7 5 34
8 7 6 2
8 8 5 2
8 8 6 9
8 8 8 1
8 9 7 2
9 6 3 8
9 6 4 149
9 7 4 172
9 7 5 2
9 8 5 1
9 8 6 11
9 8 7 1
9 9 6 1
9 9 7 9
9 9 8 1
9 9 9 1
10 7 4 1
10 9 6 1
10 9 7 6
10 9 8 6
10 10 8 8
10 10 10 1
10 10 11 1
11 10 8 1
11 10 9 2
11 11 8 1
11 11 9 3
11 12 10 1
12 11 10 1
12 12 10 1
12 12 11 2
13 13 11 1
13 13 12 3
13 14 12 2
13 15 13 2
14 12 10 1
14 12 11 1
14 13 12 1
14 14 12 4
14 15 13 1
14 16 14 1
15 15 13 6
15 15 14 6
15 16 14 1
16 15 13 1
16 16 15 1
16 17 15 5
17 17 16 6
17 18 16 1
18 16 15 1
18 18 17 2
18 19 17 1
18 20 18 1
19 18 17 2
19 19 18 2
19 20 18 3
19 20 19 5
19 21 20 1
20 20 19 1
20 21 19 6
20 21 20 2
21 21 19 1
21 21 20 4
21 21 21 1
21 22 20 4
21 22 21 3
21 23 21 1
21 23 22 1
22 22 21 1
22 22 22 3
22 23 21 2
22 23 22 21
22 23 23 2
22 24 22 5
22 24 23 4
23 23 21 1
23 23 22 1
23 24 23 13
23 24 24 2
24 23 23 1
24 24 22 1
24 24 23 2
24 25 24 5
24 25 25 1
24 26 25 1
25 24 23 1
25 25 23 1
25 25 24 1
25 25 25 2
25 26 24 1
25 26 25 9
25 27 26 1
26 25 24 2
26 26 25 2
26 26 26 1
26 27 26 5
27 26 24 1
27 27 26 3
27 28 27 5
27 28 28 2
28 28 28 1
28 29 28 6
28 29 29 2
29 29 29 5
29 30 29 1
29 30 30 11
29 31 30 1
30 30 30 40
30 31 30 34
30 31 31 10
