32
4 4 3 1
5 4 3 1
5 5 3 3
6 5 3 4
6 5 4 3
6 6 4 3
6 6 5 3
7 5 3 1
7 5 4 1
7 6 3 2
7 6 4 12
7 6 5 1
7 7 4 1
7 7 5 3
7 7 6 1
7 8 6 1
8 5 3 5
8 6 3 355
8 6 4 667
8 6 5 1
8 7 4 24
8 7 5 21
8 7 6 2
8 8 5 2
8 8 6 7
8 9 7 2
8 10 7 1
9 6 3 6
9 6 4 117
9 7 4 170
9 7 5 3
9 8 5 1
9 8 6 16
9 8 7 1
9 9 6 1
9 9 7 9
9 10 8 3
9 11 9 2
10 9 7 5
10 9 8 2
10 10 8 12
10 10 9 1
11 10 8 3
11 11 9 6
11 11 11 1
11 12 9 1
11 12 10 3
12 11 10 1
12 12 10 2
12 12 11 2
12 12 12 2
12 13 11 2
12 14 12 1
13 13 11 3
13 13 12 1
13 14 12 1
13 14 13 1
14 12 11 2
14 14 12 1
14 14 13 1
14 14 14 1
14 15 13 2
15 14 15 1
15 15 13 4
15 15 14 2
15 16 14 2
15 16 15 1
15 17 15 1
16 14 13 1
16 16 14 5
16 16 15 4
16 17 15 4
16 17 16 1
17 17 16 4
17 18 16 2
17 18 17 2
18 17 15 1
18 18 16 1
18 18 17 1
18 19 17 1
18 19 18 1
18 21 18 1
19 19 17 1
19 19 18 1
19 20 18 1
19 20 19 1
19 21 20 1
19 22 19 1
20 19 17 1
20 20 19 1
20 21 19 4
20 21 20 5
21 21 20 4
21 21 21 1
21 22 20 5
21 22 21 8
21 23 21 1
22 21 20 1
22 22 22 1
22 23 21 1
22 23 22 20
22 23 23 7
22 24 22 2
22 24 23 6
23 22 21 1
23 23 22 2
23 23 23 1
23 24 22 1
23 24 23 11
23 24 24 2
23 25 23 1
24 24 23 2
24 25 24 5
24 25 25 1
25 25 24 3
25 26 25 4
26 24 22 1
26 26 24 1
26 26 25 2
26 26 26 1
26 27 26 2
27 26 25 1
27 27 25 1
27 28 27 5
27 28 28 2
28 29 28 4
28 29 29 1
29 29 29 2
29 30 29 1
29 30 30 6
30 30 30 33
30 31 30 14
30 31 31 5
