32
4 4 3 1
5 4 3 1
5 5 4 2
6 5 3 1
6 5 4 2
6 6 4 3
6 6 5 1
7 5 3 3
7 5 4 2
7 6 3 1
7 6 4 13
7 6 5 2
7 7 4 2
7 7 5 3
7 7 6 2
7 8 8 1
8 5 3 2
8 6 3 372
8 6 4 554
8 6 5 1
8 7 4 16
8 7 5 18
8 8 5 1
8 8 6 8
8 8 9 2
8 10 7 1
9 6 3 12
9 6 4 163
9 7 4 179
9 7 5 2
9 8 5 1
9 8 6 16
9 8 7 2
9 9 7 9
9 9 8 2
10 7 4 1
10 8 6 1
10 9 7 4
10 9 8 5
10 10 8 9
10 10 10 1
10 12 10 1
11 10 8 1
11 11 8 1
11 11 9 8
12 12 10 6
12 12 11 1
13 13 11 2
13 14 12 1
13 15 13 1
14 12 10 1
14 12 11 1
14 13 11 1
14 14 12 5
14 14 13 1
14 15 13 1
14 16 14 1
15 15 13 2
15 15 14 2
15 15 15 1
15 16 14 1
16 14 13 1
16 16 14 5
16 16 15 4
16 17 14 1
16 17 15 3
16 17 16 1
17 17 15 2
17 17 16 8
18 17 15 1
18 18 16 1
18 18 17 4
18 18 18 1
18 19 18 3
19 19 18 2
19 20 18 2
19 20 19 3
19 21 19 2
20 20 19 5
20 20 20 1
20 21 19 2
20 21 20 4
20 22 20 1
21 21 20 1
21 22 20 4
21 22 21 5
21 23 21 1
22 22 21 3
22 22 22 2
22 23 21 1
22 23 22 28
22 23 23 3
22 24 22 2
22 24 23 3
23 22 20 1
23 23 22 1
23 24 22 1
23 24 23 6
23 24 24 2
23 25 24 2
24 22 20 1
24 24 23 2
24 25 24 8
25 23 21 1
25 24 22 1
25 24 23 1
25 24 24 1
25 25 23 1
25 25 24 2
25 26 25 2
25 26 26 1
26 24 22 1
26 25 24 1
26 26 25 2
26 27 26 3
26 27 27 1
27 26 24 1
27 26 25 2
27 27 26 1
27 28 27 4
27 28 28 3
28 28 27 1
28 28 28 1
28 29 28 5
28 29 29 1
29 29 29 1
29 30 29 3
29 30 30 5
30 30 30 40
30 31 30 30
30 31 31 5
