32
4 4 3 1
5 4 3 1
5 5 3 4
6 5 4 2
6 6 4 4
6 6 5 2
6 7 5 1
7 5 3 1
7 5 4 2
7 6 3 2
7 6 4 8
7 6 5 1
7 7 5 5
8 5 3 9
8 6 3 278
8 6 4 652
8 6 5 1
8 7 4 17
8 7 5 26
8 7 6 1
8 8 5 1
8 8 6 7
8 8 8 1
9 6 3 8
9 6 4 183
9 7 4 175
9 7 5 4
9 8 6 13
9 8 7 1
9 9 6 1
9 9 7 3
9 10 8 1
9 11 8 1
9 11 9 1
10 9 6 1
10 9 7 8
10 9 8 4
10 10 7 2
10 10 8 12
10 10 9 1
10 11 9 2
11 10 8 3
11 10 9 2
11 11 8 1
11 11 9 3
11 11 11 1
11 12 10 1
12 12 10 2
13 12 10 1
13 13 11 2
13 13 12 1
13 13 14 1
13 14 12 1
14 12 10 1
14 14 12 2
14 14 13 1
14 15 13 2
15 15 13 3
15 15 14 1
15 16 14 4
15 16 15 1
16 16 14 4
16 17 15 1
16 17 16 1
17 16 15 1
17 17 15 3
17 17 16 4
17 18 16 2
17 18 17 2
18 17 15 2
18 18 17 4
18 19 17 1
18 19 18 1
19 18 19 1
19 19 17 1
19 19 18 2
19 20 18 3
19 20 19 2
19 21 18 1
19 21 19 1
20 19 17 1
20 20 19 3
20 21 19 3
20 21 20 2
21 21 19 1
21 21 20 5
21 21 21 1
21 22 20 4
21 22 21 8
21 22 22 1
21 23 21 1
21 23 22 1
22 21 20 2
22 22 21 2
22 22 22 2
22 23 21 3
22 23 22 20
22 23 23 3
22 24 22 1
22 24 23 1
23 23 21 1
23 23 22 1
23 24 22 3
23 24 23 8
23 24 24 3
23 25 24 5
24 22 21 1
24 23 22 1
24 24 23 2
24 25 23 1
24 25 24 5
24 25 25 2
24 26 25 1
25 22 19 1
25 23 21 1
25 23 22 1
25 25 23 1
25 25 24 2
25 26 25 2
25 26 26 2
25 27 26 1
26 25 23 1
26 25 24 1
26 26 24 1
26 26 25 3
26 27 26 4
26 27 27 2
27 27 26 1
27 28 27 5
27 28 28 1
28 28 28 1
28 29 28 3
29 29 29 3
29 30 29 8
29 30 30 3
30 30 30 52
30 31 30 22
30 31 31 14
