32
5 5 3 2
5 5 4 3
6 5 3 1
6 5 4 4
6 6 4 2
6 6 5 1
6 7 5 1
6 7 6 1
7 5 3 1
7 5 4 2
7 6 3 1
7 6 4 11
7 6 5 1
7 7 4 2
7 7 5 3
7 7 6 1
7 8 5 2
8 5 3 3
8 6 3 386
8 6 4 543
8 7 4 23
8 7 5 19
8 8 6 4
8 8 8 1
8 8 9 1
8 9 6 1
8 9 7 1
9 6 3 17
9 6 4 157
9 7 4 182
9 7 5 5
9 8 5 3
9 8 6 13
9 8 7 2
9 9 6 1
9 9 7 8
9 9 9 1
9 10 8 1
9 10 10 1
10 7 4 2
10 8 6 2
10 9 7 8
10 9 8 3
10 10 7 1
10 10 8 12
10 12 10 1
11 10 8 2
11 10 9 2
11 11 8 1
11 11 9 4
11 11 10 1
11 12 10 2
12 11 10 1
12 12 9 1
12 12 10 3
12 12 11 1
12 13 11 1
12 13 12 1
13 11 9 1
13 12 11 1
13 13 11 3
13 13 12 1
13 13 13 1
13 14 12 3
13 14 13 1
13 15 13 1
14 15 13 1
15 15 13 3
15 15 14 2
15 16 14 1
15 17 15 1
16 15 13 1
16 16 13 2
16 16 14 2
16 16 15 4
16 17 15 5
17 15 14 1
17 17 15 1
17 17 16 4
17 18 16 5
17 18 17 2
18 18 17 2
18 19 17 1
18 19 18 2
19 19 18 2
19 20 18 1
19 20 19 5
19 21 19 1
20 20 18 1
20 21 19 4
20 21 20 2
20 22 20 3
21 21 20 1
21 21 21 4
21 22 20 1
21 22 21 7
22 21 21 1
22 22 20 1
22 22 21 1
22 22 22 2
22 23 21 1
22 23 22 21
22 23 23 5
22 24 22 1
22 24 23 4
23 23 22 2
23 24 22 2
23 24 23 13
23 24 24 1
24 22 21 1
24 23 23 1
24 24 22 2
24 24 23 3
24 25 23 2
24 25 24 6
24 26 26 1
25 24 24 1
25 26 25 1
26 26 24 2
26 26 25 4
26 26 26 1
26 27 26 3
26 28 27 1
27 26 23 1
27 26 25 1
27 28 27 11
27 28 28 3
28 27 26 1
28 28 27 2
28 28 28 1
28 29 28 6
28 29 29 9
29 29 29 1
29 30 29 10
29 30 30 9
30 30 30 49
30 30 31 1
30 31 30 35
30 31 31 13
