32
5 4 3 1
6 5 3 1
6 5 4 3
6 6 4 4
6 6 5 2
6 7 5 1
7 6 4 10
7 6 5 2
7 7 4 1
7 7 5 5
7 7 6 1
7 8 5 1
7 9 7 1
8 5 3 6
8 6 3 319
8 6 4 624
8 7 4 26
8 7 5 16
8 8 5 1
8 8 6 5
8 8 8 1
8 8 9 1
8 10 8 1
9 6 3 12
9 6 4 142
9 7 4 198
9 7 5 1
9 8 5 4
9 8 6 15
9 8 7 2
9 9 7 7
9 9 10 1
9 10 8 1
10 7 4 3
10 8 6 1
10 9 7 6
10 9 8 2
10 10 7 1
10 10 8 13
10 11 9 1
10 12 10 1
11 10 8 2
11 10 9 3
11 11 9 2
11 11 10 1
11 12 10 2
11 13 10 1
12 12 10 5
12 12 11 1
12 12 13 1
13 11 9 1
13 12 11 2
13 13 11 5
13 13 12 1
13 13 13 1
13 14 12 1
13 15 13 1
14 13 14 1
14 14 13 3
14 15 13 5
15 14 13 1
15 15 13 1
15 15 14 1
15 16 14 2
16 16 14 2
16 16 15 2
16 17 15 7
17 17 15 2
17 17 16 4
17 18 16 1
17 18 17 1
18 17 15 1
18 18 17 3
18 18 18 1
18 19 17 4
18 19 18 1
19 20 18 3
19 20 19 5
20 19 17 1
20 19 18 2
20 20 19 2
20 21 19 2
20 21 20 1
20 22 20 3
21 21 20 4
21 22 20 3
21 22 21 7
21 23 22 2
22 22 21 3
22 22 22 3
22 23 22 27
22 23 23 4
22 24 22 3
22 24 23 2
23 23 22 3
23 23 23 3
23 24 22 1
23 24 23 10
23 24 24 2
23 25 24 1
25 25 24 3
25 26 25 1
25 26 26 1
26 25 24 1
26 26 25 1
26 27 26 5
27 26 24 3
27 26 25 1
27 27 27 4
27 28 27 6
27 28 28 2
28 27 25 1
28 27 26 1
28 29 28 3
28 29 29 2
29 30 29 2
29 30 30 3
30 30 30 46
30 30 31 1
30 31 30 17
30 31 31 4
