32
5 4 3 3
5 5 4 1
6 5 3 4
6 5 4 1
6 6 4 5
6 6 5 2
7 5 3 1
7 5 4 1
7 6 4 14
7 6 5 3
7 7 4 1
7 7 5 2
8 5 3 5
8 6 3 339
8 6 4 590
8 6 5 1
8 7 4 19
8 7 5 11
8 8 5 4
8 8 6 2
8 8 8 1
8 9 6 1
9 6 3 7
9 6 4 179
9 7 4 171
9 7 5 5
9 8 5 1
9 8 6 16
9 8 7 4
9 9 6 1
9 9 7 6
9 9 10 1
9 10 7 1
9 10 8 3
9 11 8 2
10 7 4 1
10 8 6 1
10 9 6 1
10 9 7 12
10 9 8 1
10 10 7 1
10 10 8 12
10 10 9 1
10 11 11 1
11 10 9 2
11 11 9 4
11 12 10 1
12 12 10 5
12 12 11 2
13 11 9 1
13 12 11 1
13 13 11 4
13 13 12 3
13 13 13 1
13 14 12 3
14 13 14 2
14 14 12 2
14 14 13 1
15 15 13 5
15 15 14 2
15 16 14 2
16 14 13 1
16 16 14 3
16 16 15 2
16 17 15 3
16 17 16 2
16 18 16 1
17 17 15 1
17 17 16 4
17 18 16 1
17 18 17 2
18 16 15 1
18 17 15 1
18 18 16 2
18 18 17 3
18 19 17 3
18 19 18 3
19 18 17 2
19 18 18 1
19 19 18 2
19 20 19 1
19 21 19 1
20 20 19 2
20 21 19 3
20 21 20 3
21 21 20 1
21 21 21 2
21 22 20 2
21 22 21 5
21 23 21 1
22 22 21 6
22 22 22 2
22 23 22 23
22 23 23 2
22 24 22 3
22 24 23 3
23 22 22 1
23 23 22 4
23 24 22 4
23 24 23 10
23 24 24 4
23 25 24 1
24 23 22 1
24 25 24 6
24 26 25 1
25 23 21 1
25 24 22 1
25 24 23 1
25 25 24 2
25 26 25 5
26 25 24 1
26 26 24 2
26 26 25 2
26 27 26 2
26 27 27 1
26 28 27 1
27 28 27 9
27 28 28 1
28 28 27 2
28 28 28 1
28 29 28 5
28 29 29 2
29 30 29 9
29 30 30 7
29 31 31 1
30 30 30 55
30 30 31 2
30 31 30 36
30 31 31 7
