32
5 5 3 1
5 5 4 3
6 5 3 1
6 5 4 3
6 6 4 3
6 6 5 2
7 5 4 1
7 6 4 13
7 6 5 1
7 7 4 1
7 7 5 5
7 7 6 1
7 8 5 1
7 8 6 1
8 5 3 3
8 6 3 325
8 6 4 575
8 6 5 1
8 7 4 15
8 7 5 21
8 8 5 1
8 8 6 2
8 8 9 1
8 9 7 1
9 6 3 16
9 6 4 190
9 7 4 189
9 7 5 6
9 8 5 3
9 8 6 17
9 8 7 1
9 9 7 8
9 10 8 2
9 11 9 1
10 7 4 1
10 9 7 8
10 9 8 2
10 10 8 10
10 10 9 1
10 11 10 1
11 10 8 2
11 11 9 3
11 11 10 1
11 11 11 2
11 13 11 1
12 10 8 1
12 11 12 1
12 12 10 4
12 12 11 2
12 13 11 1
13 12 10 1
13 12 11 1
13 13 11 4
13 13 12 3
13 13 14 1
13 14 12 2
14 14 12 1
14 14 13 2
15 14 13 1
15 15 13 2
15 15 14 1
15 16 14 2
15 16 15 1
15 17 15 1
16 14 13 1
16 15 13 1
16 16 14 1
16 16 15 1
16 17 15 3
16 17 16 1
17 16 15 1
17 17 15 3
17 17 16 4
17 18 16 5
17 18 17 3
17 20 17 1
18 18 16 1
18 18 17 2
18 19 17 1
18 20 18 1
19 20 19 2
19 21 19 1
20 20 19 4
20 21 19 2
20 21 20 3
20 22 20 3
21 21 20 2
21 21 21 2
21 22 21 9
21 23 21 1
22 21 20 3
22 22 21 3
22 23 21 1
22 23 22 23
22 23 23 3
22 24 22 2
22 24 23 3
23 23 22 3
23 23 23 1
23 24 22 2
23 24 23 11
24 24 22 1
24 24 23 2
24 25 24 7
24 25 25 1
25 24 23 1
25 25 24 2
25 26 25 1
25 26 26 1
26 25 24 1
26 26 25 1
26 26 26 2
26 27 26 2
27 26 24 3
27 26 25 1
27 28 27 7
27 29 28 1
28 27 26 1
28 28 27 3
28 28 28 2
28 29 28 3
28 29 29 1
29 30 29 2
29 30 30 4
30 30 30 37
30 31 30 9
30 31 31 3
