32
4 4 3 1
5 4 2 1
5 4 3 2
5 5 3 2
5 6 5 1
6 5 3 1
6 5 4 3
6 6 4 3
6 7 5 2
7 5 3 1
7 5 4 2
7 6 3 1
7 6 4 13
7 6 5 2
7 7 4 3
7 7 5 6
7 7 6 2
7 8 6 1
8 5 3 4
8 6 3 350
8 6 4 641
8 6 5 1
8 7 4 23
8 7 5 19
8 7 6 1
8 8 5 2
8 8 6 7
8 8 9 1
9 6 3 3
9 6 4 134
9 7 4 182
9 7 5 4
9 8 5 1
9 8 6 11
9 8 7 3
9 9 7 7
9 9 9 1
9 10 7 1
9 10 8 3
10 7 4 1
10 9 6 1
10 9 7 10
10 9 8 3
10 10 8 8
10 10 9 1
10 11 9 2
11 10 8 1
11 10 9 2
11 11 9 5
11 11 11 2
12 11 9 1
12 12 10 6
12 12 11 1
12 12 13 1
12 13 10 1
12 13 11 2
13 13 11 2
13 14 12 1
13 14 14 1
14 14 12 1
15 15 13 3
15 15 14 1
15 16 14 5
16 16 14 5
16 16 15 1
16 17 15 3
16 17 16 2
17 16 15 2
17 17 15 1
17 17 16 3
17 18 16 3
17 18 17 1
17 19 17 1
18 16 15 1
18 18 17 7
18 19 17 2
19 19 18 1
19 20 18 2
19 20 19 3
19 21 20 1
20 20 19 1
20 21 19 2
20 21 20 8
20 21 21 1
20 22 20 1
21 20 19 1
21 21 20 1
21 21 21 1
21 22 20 4
21 22 21 5
21 23 21 1
22 22 20 2
22 22 21 1
22 22 22 3
22 23 22 16
22 23 23 1
22 24 22 1
22 24 23 4
23 23 22 2
23 23 23 2
23 24 22 2
23 24 23 13
23 24 24 1
23 25 24 1
24 23 21 1
24 23 22 2
24 24 22 1
24 25 23 1
24 25 24 6
24 26 25 1
25 22 20 1
25 23 21 1
25 25 24 5
25 26 25 4
25 26 26 3
26 25 23 1
26 26 24 2
26 26 25 1
26 26 26 1
26 27 26 4
26 27 27 4
27 26 25 1
27 27 26 1
27 28 27 3
28 28 27 2
28 29 28 5
28 29 29 1
29 29 29 2
29 30 29 4
29 30 30 6
29 31 31 1
30 30 30 42
30 31 30 19
30 31 31 15
