32
5 5 3 3
5 5 4 1
5 7 4 1
6 5 4 4
6 6 4 1
6 6 5 3
6 8 5 1
7 6 4 9
7 7 5 7
7 7 6 1
7 9 6 1
7 9 7 1
8 5 3 6
8 6 3 289
8 6 4 685
8 6 5 1
8 7 4 24
8 7 5 26
8 7 8 1
8 8 5 2
8 8 6 7
8 8 7 1
8 9 7 1
9 6 3 6
9 6 4 141
9 7 4 189
9 7 5 2
9 8 5 2
9 8 6 12
9 8 7 3
9 9 7 3
9 9 8 1
9 9 9 1
9 10 8 2
10 8 6 1
10 9 6 1
10 9 7 8
10 9 8 5
10 10 8 15
10 12 9 1
11 10 8 1
11 10 9 1
11 10 11 1
11 11 9 2
11 12 10 1
12 11 10 1
12 12 10 5
12 12 11 1
12 13 11 1
13 14 12 1
14 12 10 1
14 14 12 1
14 14 13 2
15 14 12 1
15 15 13 4
15 15 14 5
15 16 14 4
15 17 15 1
16 14 13 1
16 15 13 1
16 16 14 4
16 16 15 4
16 17 15 7
17 16 15 1
17 17 16 2
17 17 17 1
17 18 16 1
17 18 17 1
17 18 18 1
18 17 15 1
18 18 17 2
18 19 17 2
19 19 18 4
19 20 20 1
19 21 19 2
19 22 19 1
20 19 17 2
20 20 19 3
20 20 20 1
20 21 19 5
20 21 20 7
20 22 21 1
21 21 19 2
21 21 20 2
21 21 21 1
21 22 20 3
21 22 21 8
21 22 22 1
21 23 22 1
22 22 21 3
22 22 22 2
22 23 22 23
22 23 23 3
22 24 22 1
22 24 23 3
23 22 22 1
23 23 21 1
23 23 22 1
23 24 22 1
23 24 23 7
23 24 24 1
23 25 24 2
24 25 24 8
24 26 25 1
25 24 24 1
25 25 24 4
25 26 24 1
25 26 25 5
25 26 26 1
26 25 23 1
26 25 24 1
26 26 24 2
26 26 25 4
26 26 26 2
26 27 26 2
26 27 27 1
27 26 24 1
27 27 26 1
27 28 27 3
27 28 28 1
27 29 28 1
28 28 27 1
28 29 28 5
28 29 29 4
29 30 29 5
29 30 30 14
29 31 31 1
30 30 30 40
30 31 30 44
30 31 31 15
