32
4 4 3 1
5 5 3 2
5 5 4 3
6 5 4 2
6 6 4 1
6 6 5 5
7 5 3 2
7 5 4 1
7 6 4 13
7 7 4 2
7 7 5 6
7 8 6 1
8 5 3 5
8 6 3 270
8 6 4 672
8 7 4 16
8 7 5 26
8 8 6 5
8 8 8 1
8 9 7 2
8 9 9 1
9 6 3 8
9 6 4 144
9 7 4 192
9 7 5 4
9 8 6 14
9 8 7 1
9 8 9 1
9 9 7 11
9 9 8 1
9 9 10 1
9 10 8 1
9 11 9 1
10 9 7 8
10 9 8 3
10 10 8 8
10 10 9 2
10 11 9 1
10 12 10 1
11 10 8 1
11 11 9 5
11 11 10 1
11 13 11 1
12 11 10 1
12 12 10 5
12 12 11 1
13 11 9 2
13 13 11 2
13 13 13 1
13 14 12 1
13 15 13 1
14 13 10 1
14 14 12 2
14 14 13 2
14 14 14 1
15 15 13 3
15 15 14 5
15 16 14 3
15 16 15 1
16 15 13 2
16 16 14 2
16 16 15 4
16 17 15 3
16 17 16 1
17 17 15 1
17 17 16 2
17 18 16 2
17 18 17 2
18 18 16 1
18 18 17 1
18 19 17 2
19 18 17 2
19 19 18 2
19 20 18 1
19 20 19 5
19 21 20 1
20 19 18 1
20 20 18 1
20 20 19 4
20 20 20 1
20 21 19 5
20 21 20 6
20 22 19 1
20 22 21 1
21 21 20 3
21 22 20 2
21 22 21 10
22 22 21 2
22 22 23 1
22 23 21 1
22 23 22 18
22 23 23 4
22 24 22 1
22 24 23 3
23 22 20 1
23 23 22 2
23 23 23 2
23 24 22 1
23 24 23 10
23 24 24 3
23 25 24 2
24 23 20 1
24 24 23 2
24 25 24 4
24 25 25 2
25 25 24 6
25 26 25 5
25 26 26 2
26 24 22 2
26 25 22 1
26 26 25 2
26 27 26 3
27 26 24 1
27 27 26 1
27 27 27 1
27 28 27 3
27 28 28 4
28 28 27 2
28 28 28 2
28 29 28 6
28 29 29 2
29 29 29 1
29 30 29 7
29 30 30 4
29 31 30 1
30 30 30 40
30 31 30 26
30 31 31 8
