32
5 5 3 4
6 5 3 1
6 5 4 2
6 6 4 4
6 6 5 3
6 8 5 1
6 8 6 1
7 5 4 1
7 6 4 16
7 7 4 1
7 7 5 3
7 8 8 1
8 5 3 3
8 6 3 304
8 6 4 618
8 7 4 23
8 7 5 21
8 7 6 1
8 8 5 2
8 8 6 3
8 8 9 1
8 9 6 2
8 9 7 1
9 6 3 10
9 6 4 156
9 7 4 200
9 7 5 5
9 8 5 2
9 8 6 10
9 8 7 1
9 9 7 9
9 10 8 1
9 10 10 1
10 7 4 3
10 7 5 1
10 8 5 1
10 8 6 1
10 9 7 9
10 9 8 2
10 10 8 8
10 11 9 4
11 10 8 2
11 10 9 4
11 11 9 2
11 11 10 2
12 12 10 5
13 11 9 1
13 13 11 1
13 13 12 2
13 14 12 2
13 15 13 1
14 12 11 1
14 14 12 2
14 14 13 2
14 15 13 1
14 15 14 1
15 15 13 3
16 15 14 1
16 15 16 1
16 16 14 6
16 16 15 1
16 17 15 9
16 17 16 1
16 18 16 1
17 17 15 2
17 17 16 4
17 18 17 2
17 19 17 1
18 18 16 1
18 18 17 1
18 19 17 3
18 19 18 3
19 18 17 1
19 19 17 1
19 19 18 2
19 20 18 1
19 20 19 3
19 21 19 1
20 18 17 1
20 19 17 1
20 21 19 5
20 21 20 3
20 22 20 1
21 21 20 3
21 21 21 1
21 22 20 4
21 22 21 9
21 23 22 1
22 22 21 3
22 22 22 2
22 23 21 2
22 23 22 18
22 23 23 4
22 24 22 1
22 24 23 1
23 21 18 1
23 22 22 1
23 23 22 4
23 24 22 1
23 24 23 10
23 24 24 4
23 25 24 3
24 22 20 1
24 24 23 3
24 25 24 4
25 24 23 1
25 24 24 2
25 25 24 3
25 26 25 3
25 26 26 1
25 27 26 1
26 25 24 1
26 26 24 1
26 27 27 2
27 26 25 1
27 27 26 1
27 28 27 12
27 29 28 2
28 28 27 1
28 28 28 2
28 29 28 5
28 29 29 1
29 29 29 3
29 30 29 2
29 30 30 6
29 31 30 1
30 30 30 46
30 31 30 29
30 31 31 11
