32
5 5 3 1
5 5 4 1
5 7 4 1
6 5 3 2
6 5 4 2
6 6 4 5
6 6 5 2
7 5 3 2
7 5 4 2
7 6 4 11
7 7 5 2
7 7 6 2
8 5 3 2
8 6 3 359
8 6 4 584
8 6 5 1
8 7 4 15
8 7 5 25
8 8 6 9
8 8 9 1
8 9 7 1
9 6 3 8
9 6 4 153
9 7 4 187
9 7 5 4
9 8 5 1
9 8 6 14
9 8 7 1
9 9 7 5
9 10 8 2
9 10 10 1
10 7 4 1
10 9 6 1
10 9 7 7
10 9 8 4
10 10 8 11
10 11 9 1
11 10 9 1
11 11 8 1
11 11 9 7
11 11 10 2
11 12 9 1
11 12 10 1
12 11 10 2
12 12 10 7
12 13 11 1
13 11 9 2
13 13 11 2
13 13 12 1
13 13 13 1
13 14 12 3
14 14 13 4
14 15 13 1
15 15 13 3
15 16 14 2
15 17 15 1
16 16 15 3
16 16 16 2
16 17 15 4
16 17 16 1
16 18 15 1
17 16 14 1
17 16 15 1
17 17 15 6
17 17 16 3
17 18 16 1
17 18 17 4
18 17 15 1
18 18 16 1
18 18 17 2
18 19 18 1
18 20 18 1
19 19 18 1
19 20 19 3
20 20 19 3
20 21 19 4
20 21 20 5
20 22 20 1
21 22 20 3
21 22 21 4
21 22 22 1
22 21 20 1
22 22 21 5
22 22 22 2
22 23 21 1
22 23 22 23
22 23 23 4
22 24 22 2
22 24 23 3
23 23 21 1
23 23 22 3
23 24 22 1
23 24 23 9
23 24 24 2
23 25 24 1
24 24 23 3
24 25 24 6
24 25 25 1
25 23 21 1
25 24 22 1
25 24 23 1
25 25 23 1
25 25 24 2
25 26 25 2
26 26 24 1
26 26 25 3
26 26 26 1
26 27 26 2
26 28 27 1
27 26 24 1
27 26 25 2
27 27 27 1
27 28 27 6
27 28 28 2
28 29 28 2
28 29 29 6
29 29 29 2
29 30 29 4
29 30 30 3
29 31 30 1
30 30 30 40
30 31 30 12
30 31 31 2
