32
5 4 3 3
5 5 3 2
5 5 4 2
6 5 3 2
6 6 4 3
6 6 5 1
7 5 3 2
7 5 4 3
7 6 4 20
7 7 5 6
8 5 3 4
8 5 4 1
8 6 3 342
8 6 4 658
8 7 4 30
8 7 5 23
8 7 6 1
8 8 5 3
8 8 6 7
8 9 7 3
8 10 7 1
9 6 3 3
9 6 4 106
9 7 4 177
9 7 5 4
9 8 5 2
9 8 6 6
9 8 7 3
9 9 6 3
9 9 7 10
9 10 7 1
9 10 8 2
9 10 10 1
10 9 6 1
10 9 7 8
10 9 8 5
10 10 8 10
10 11 9 1
11 10 8 3
11 11 9 4
12 11 9 2
12 11 10 1
12 12 9 1
12 12 10 1
12 12 11 2
12 12 12 1
12 13 11 1
13 11 9 1
13 13 11 3
13 14 12 1
14 14 12 1
14 14 13 1
15 15 14 2
15 16 14 6
15 16 15 1
15 17 14 1
16 14 13 1
16 16 14 2
16 16 15 3
16 17 15 5
17 16 15 1
17 17 15 2
17 17 16 3
17 18 16 3
17 18 17 4
18 19 17 2
18 19 18 2
18 20 18 1
19 18 19 1
19 19 18 1
19 19 19 1
19 20 18 3
19 20 19 3
19 21 19 2
20 18 17 1
20 20 18 1
20 20 19 2
20 20 20 1
20 21 19 3
20 21 20 6
21 21 19 1
21 21 20 1
21 22 20 5
21 22 21 6
22 21 20 2
22 22 21 6
22 22 22 1
22 23 22 21
22 23 23 2
22 24 22 2
22 24 23 5
23 22 21 1
23 23 22 1
23 24 23 12
23 24 24 1
23 25 24 1
24 22 21 1
24 23 22 1
24 24 22 1
24 24 23 2
24 25 23 1
24 25 24 4
24 26 25 1
25 25 23 1
25 25 24 2
25 25 25 2
25 26 25 6
25 26 26 3
26 25 23 3
26 25 24 1
26 26 24 1
26 26 25 1
26 26 26 1
26 27 26 4
27 27 26 1
27 28 27 1
27 28 28 1
28 28 28 4
28 29 28 7
28 29 29 5
28 30 29 1
29 29 29 1
29 30 29 7
29 30 30 10
30 30 30 42
30 31 30 36
30 31 31 13
