32
5 5 3 2
5 5 4 2
6 5 4 3
6 6 4 2
6 6 5 5
7 5 3 1
7 6 4 12
7 7 5 5
7 7 6 1
7 8 6 2
7 9 7 1
8 5 3 3
8 6 3 293
8 6 4 690
8 7 4 21
8 7 5 31
8 7 6 1
8 8 5 2
8 8 6 6
8 8 9 1
8 9 6 1
8 9 7 1
9 6 3 3
9 6 4 149
9 7 4 174
9 7 5 3
9 8 5 3
9 8 6 11
9 8 7 4
9 9 7 6
9 9 8 1
9 9 10 1
9 10 8 2
10 7 4 1
10 9 6 1
10 9 7 9
10 9 8 4
10 10 8 11
10 10 11 1
10 11 9 1
11 10 8 2
11 10 9 1
11 11 9 3
11 11 10 2
11 12 10 1
12 10 8 1
12 12 11 1
12 13 11 1
13 13 11 2
13 13 12 2
14 13 12 1
14 14 12 1
14 14 13 2
14 15 13 1
14 16 14 1
15 15 13 3
15 15 14 2
15 16 14 4
15 16 15 3
15 17 15 2
16 16 14 2
16 16 15 2
16 17 15 4
17 17 15 1
17 17 16 3
17 18 16 1
17 18 17 2
18 18 17 2
18 19 17 2
18 19 18 1
18 20 18 1
18 21 18 1
18 21 19 1
19 18 17 1
19 19 18 1
19 19 19 1
19 20 18 4
19 20 19 2
19 21 19 3
20 20 19 5
20 21 19 2
20 21 20 8
20 22 20 1
21 19 20 1
21 21 20 3
21 22 20 3
21 22 21 7
21 23 22 1
22 21 20 1
22 22 21 2
22 22 22 3
22 23 21 1
22 23 22 22
22 23 23 1
22 24 22 3
22 24 23 3
23 22 22 1
23 23 21 1
23 23 22 3
23 23 23 1
23 24 22 1
23 24 23 7
23 24 24 4
24 24 23 1
24 25 24 7
25 24 24 1
25 25 23 1
25 25 24 2
25 25 25 1
25 26 25 7
26 25 23 1
26 25 24 1
26 26 24 2
26 26 25 2
26 26 26 3
26 27 26 8
26 28 27 1
27 26 25 1
27 28 27 9
27 28 28 1
28 28 27 1
28 28 28 1
28 29 28 3
28 29 29 1
29 29 29 4
29 30 29 6
29 30 30 11
29 31 30 2
30 30 30 44
30 31 30 39
30 31 31 13
