32
4 4 3 1
5 5 3 1
6 5 3 1
6 5 4 5
6 6 4 2
6 6 5 2
6 7 5 1
7 5 3 1
7 5 4 2
7 6 4 13
7 7 4 1
7 7 5 4
7 7 6 2
8 5 3 7
8 5 4 1
8 6 3 356
8 6 4 556
8 6 5 1
8 7 4 16
8 7 5 19
8 7 6 1
8 7 8 1
8 8 5 1
8 8 6 6
8 8 9 1
9 6 3 17
9 6 4 181
9 7 4 173
9 7 5 5
9 8 5 1
9 8 6 9
9 8 7 3
9 9 7 6
9 10 8 1
10 8 6 1
10 9 6 1
10 9 7 7
10 9 8 7
10 10 7 1
10 10 8 11
10 10 9 1
10 11 9 1
10 11 11 1
10 12 9 1
10 12 10 1
11 10 9 3
11 11 9 4
12 11 10 1
12 12 10 4
12 12 11 1
12 13 11 1
12 14 12 1
13 13 11 3
13 13 12 3
13 14 12 1
13 15 13 1
13 16 14 1
14 12 10 1
14 14 12 2
14 14 13 1
14 14 14 1
15 15 13 3
15 16 14 1
15 16 15 1
16 14 13 2
16 16 14 3
16 16 15 5
16 17 15 3
17 16 15 1
17 17 15 3
17 17 16 5
17 17 18 1
17 18 16 2
17 18 17 3
17 19 17 1
18 18 17 2
18 19 18 1
19 19 17 1
19 19 18 1
19 19 20 1
19 20 18 5
19 20 19 3
19 21 19 1
20 18 17 1
20 19 17 1
20 20 19 1
20 21 19 6
20 21 20 4
20 22 20 1
21 20 19 1
21 21 19 1
21 21 20 4
21 21 21 1
21 22 20 2
21 22 21 5
22 21 20 2
22 22 21 3
22 22 22 2
22 23 21 2
22 23 22 15
22 23 23 3
22 24 22 2
22 24 23 6
23 23 22 4
23 23 23 2
23 24 23 8
23 24 24 1
23 25 23 1
24 22 20 1
24 24 23 3
24 25 24 8
24 25 25 1
24 26 25 1
25 23 21 1
25 25 24 3
25 26 25 1
25 26 26 1
26 24 22 1
26 26 25 4
26 27 26 6
26 27 27 1
27 26 24 2
27 28 27 7
27 28 28 2
28 27 25 1
28 28 27 1
28 28 28 2
28 29 28 4
28 29 29 2
29 29 29 4
29 30 29 5
29 30 30 13
29 31 31 1
30 30 30 45
30 31 30 40
30 31 31 12
