32
4 4 3 1
5 5 4 4
5 6 4 1
6 5 3 1
6 6 4 3
6 6 5 2
6 7 4 1
6 8 6 1
7 5 3 1
7 5 4 3
7 6 3 1
7 6 4 11
7 6 5 2
7 7 5 1
7 7 6 1
7 8 5 1
7 8 6 1
7 8 8 1
8 5 3 5
8 6 3 315
8 6 4 580
8 6 5 1
8 7 4 22
8 7 5 20
8 7 6 1
8 8 5 1
8 8 6 4
8 8 9 2
8 9 7 2
9 6 3 12
9 6 4 161
9 7 4 203
9 7 5 6
9 8 6 14
9 8 7 4
9 8 9 1
9 9 6 1
9 9 7 5
10 9 7 8
10 9 8 1
10 10 8 15
10 10 9 1
10 11 9 1
11 10 8 1
11 10 9 2
11 11 9 6
11 11 10 1
11 12 9 1
11 12 10 3
12 11 10 1
12 12 10 3
12 12 11 1
12 13 11 1
13 11 9 1
13 13 11 3
13 13 12 2
13 13 13 1
13 14 13 1
13 15 13 2
14 12 10 2
14 13 11 1
14 14 13 1
14 15 13 3
15 15 13 3
15 15 14 1
15 16 14 1
16 14 13 1
16 16 14 1
16 16 15 5
16 17 15 4
16 17 16 3
17 15 14 1
17 17 15 3
17 17 16 2
17 18 16 2
17 19 17 1
18 19 17 6
18 19 18 2
19 18 17 1
19 19 18 1
19 20 18 2
19 20 19 1
19 21 19 1
20 18 17 2
20 20 19 1
20 21 19 5
20 21 20 3
20 22 20 1
21 21 20 2
21 21 21 1
21 22 20 3
21 22 21 4
21 23 22 1
22 21 20 1
22 22 21 4
22 22 22 2
22 23 22 18
22 23 23 7
22 24 23 4
23 22 20 1
23 23 21 2
23 23 22 2
23 24 22 1
23 24 23 10
23 24 24 1
23 25 24 2
24 24 23 2
24 25 23 1
24 25 24 8
25 25 24 2
25 26 25 1
25 26 26 2
26 26 24 2
26 26 25 3
26 26 26 1
26 27 26 2
27 28 27 4
27 28 28 1
27 29 28 1
28 27 25 1
28 27 26 1
28 28 27 2
28 29 28 6
28 29 29 5
29 29 29 3
29 30 29 7
29 30 30 4
29 31 31 1
30 30 30 51
30 31 30 35
30 31 31 10
