32
3 3 4 1
5 5 6 1
8 6 3 1
8 7 4 1
9 7 3 1
9 7 4 4
9 8 5 1
9 9 11 1
10 8 4 1
10 9 6 2
11 8 4 1
11 9 4 1
12 9 4 2
12 9 5 1
12 10 6 2
12 11 7 1
13 9 4 7
13 10 4 12
13 10 5 38
13 10 6 7
13 11 5 1
13 11 6 10
13 11 7 3
13 11 9 1
13 12 7 2
13 12 8 3
13 12 9 1
13 12 10 1
14 9 4 6
14 10 4 373
14 10 5 572
14 10 6 4
14 11 5 61
14 11 6 9
14 11 7 6
14 12 6 2
14 12 7 8
14 12 8 7
14 12 12 1
14 13 8 3
14 13 9 3
14 13 10 1
15 10 4 3
15 10 5 37
15 11 5 159
15 11 6 54
15 13 8 5
15 13 9 11
15 13 10 1
15 14 11 1
15 15 12 1
15 15 13 1
15 15 16 1
16 12 6 3
16 14 10 4
16 14 11 3
16 15 12 1
16 15 13 1
16 16 13 1
16 17 17 1
17 15 10 1
17 15 12 2
17 16 12 3
17 16 13 4
17 17 15 1
17 17 17 1
17 18 15 1
17 18 18 1
18 15 10 1
18 17 13 2
18 17 14 2
18 17 17 1
18 18 18 1
18 19 19 2
18 20 21 1
18 20 22 1
19 17 13 2
19 17 14 2
19 18 15 1
19 18 18 1
19 19 18 2
19 19 19 2
19 20 19 5
19 20 20 12
19 20 21 5
19 21 20 1
19 21 21 4
19 21 22 4
20 17 14 1
20 19 15 1
20 19 16 3
20 19 17 2
20 20 17 1
20 20 18 1
20 20 20 1
20 21 20 3
20 21 21 3
20 21 22 6
20 22 22 1
20 22 23 4
20 23 24 1
21 20 17 5
21 21 21 1
21 22 22 1
21 23 24 1
22 20 17 1
22 21 18 3
22 21 19 1
22 22 19 1
22 22 21 1
22 23 24 7
22 23 25 1
22 24 25 2
22 25 27 1
23 22 19 3
23 22 20 1
23 22 22 1
23 23 20 1
23 23 22 4
23 25 26 1
23 25 27 3
23 26 28 1
24 22 19 1
24 23 21 3
24 24 21 2
24 24 22 3
24 24 23 8
24 24 24 5
24 25 26 1
24 27 29 2
25 24 22 5
25 24 23 2
25 24 24 1
25 25 22 4
25 25 23 6
25 25 24 6
25 25 25 3
26 25 22 1
26 25 23 5
26 25 24 7
26 26 24 2
26 27 27 1
26 28 27 1
27 27 25 1
27 28 28 6
27 29 28 2
27 29 29 3
28 29 29 9
28 29 30 1
28 30 30 18
29 30 30 31
29 30 31 5
29 31 30 4
29 31 31 18
30 30 30 2
30 31 30 13
30 31 31 13
31 30 30 1
