32
4 4 2 1
4 4 3 1
5 5 3 2
5 5 4 1
5 6 4 1
6 5 3 2
6 5 4 2
6 6 4 3
6 6 5 4
7 5 3 1
7 5 4 1
7 6 4 16
7 7 5 7
8 5 3 8
8 6 3 368
8 6 4 631
8 6 5 1
8 7 4 18
8 7 5 23
8 8 5 1
8 8 6 8
8 9 7 2
9 6 3 3
9 6 4 113
9 7 4 148
9 7 5 3
9 8 5 1
9 8 6 13
9 8 7 5
9 9 6 1
9 9 7 10
10 9 6 1
10 9 7 4
10 9 8 3
10 10 8 7
10 11 9 3
10 12 9 1
10 12 10 1
11 10 8 3
11 10 9 1
11 11 9 3
11 11 12 1
12 11 9 1
12 11 12 1
12 12 10 3
12 12 11 1
13 13 11 3
13 13 12 2
13 13 14 1
13 15 13 1
14 14 12 1
14 14 13 2
14 16 14 1
15 15 13 4
15 15 14 1
15 16 14 2
16 15 14 1
16 16 13 1
16 16 14 4
16 16 15 2
16 17 15 3
16 17 16 2
17 17 15 1
17 17 16 5
17 18 16 4
17 18 17 3
18 18 17 3
18 18 18 1
18 19 17 1
18 20 18 1
19 19 18 2
19 20 18 1
19 20 19 2
19 21 19 2
19 21 20 1
20 20 19 1
20 21 19 4
20 21 20 5
20 22 21 1
21 21 20 3
21 21 21 2
21 22 20 3
21 22 21 8
21 23 21 2
21 23 22 1
22 21 20 1
22 22 21 5
22 23 21 1
22 23 22 25
22 23 23 5
22 24 22 4
22 24 23 4
23 23 22 2
23 23 23 1
23 24 22 3
23 24 23 8
24 24 23 3
24 25 24 6
24 25 25 1
25 23 22 1
25 25 23 1
25 25 24 4
25 26 24 1
25 26 25 1
26 25 24 1
26 26 25 2
26 27 26 1
27 26 24 1
27 27 26 2
27 28 27 4
28 28 28 1
28 29 28 2
28 29 29 3
28 30 29 1
29 28 26 1
29 30 29 7
29 30 30 3
30 30 30 16
30 31 30 18
30 31 31 2
