32
5 5 3 3
5 5 4 2
6 5 4 2
6 6 4 3
6 6 5 2
6 7 5 1
7 5 3 3
7 5 4 1
7 6 3 2
7 6 4 9
7 6 5 1
7 7 5 4
7 7 6 2
7 7 8 1
7 8 8 1
8 5 3 5
8 6 3 346
8 6 4 616
8 7 4 19
8 7 5 20
8 7 6 1
8 8 5 2
8 8 6 6
8 8 9 2
8 9 7 1
9 6 3 6
9 6 4 139
9 7 4 180
9 7 5 7
9 8 5 1
9 8 6 16
9 8 7 2
9 9 6 1
9 9 7 10
9 10 8 1
10 8 6 1
10 9 6 1
10 9 7 4
10 9 8 4
10 10 8 9
10 10 9 2
10 10 10 1
10 11 9 2
10 11 10 1
11 10 9 2
11 11 9 6
11 11 10 2
11 11 11 1
11 12 10 1
11 14 11 1
12 11 9 1
12 11 10 1
12 12 9 1
12 12 10 4
12 12 11 1
13 11 9 1
13 12 10 1
13 13 11 2
13 13 12 3
13 14 12 2
13 15 13 1
14 14 12 1
14 14 13 4
14 15 13 1
14 16 14 1
15 15 13 2
15 15 15 1
16 14 13 1
16 16 14 5
16 16 15 2
16 17 15 5
16 17 16 1
17 17 15 3
17 17 16 8
17 18 16 1
17 18 17 1
18 18 17 4
18 19 18 1
18 20 18 1
19 18 17 1
19 19 18 2
19 20 18 1
19 20 19 2
20 20 19 2
20 21 19 1
20 21 20 6
21 21 20 1
21 21 21 1
21 22 20 3
21 22 21 8
22 21 20 2
22 22 20 1
22 22 21 4
22 22 22 3
22 23 21 1
22 23 22 18
22 23 23 5
22 24 22 1
22 24 23 2
23 20 17 1
23 23 22 1
23 23 23 3
23 24 22 3
23 24 23 10
23 24 24 4
24 24 23 1
24 25 23 2
24 25 24 2
24 25 25 2
25 24 22 1
25 24 23 1
25 25 24 1
25 25 25 1
25 26 25 1
26 24 22 1
26 25 23 1
26 25 24 1
26 26 26 2
26 27 26 4
26 27 27 2
27 25 24 1
27 26 24 1
27 27 26 2
27 27 27 2
27 28 27 8
27 28 28 2
27 29 28 1
28 27 26 1
28 28 28 1
28 29 28 4
28 29 29 4
29 29 29 3
29 30 29 7
29 30 30 11
30 30 30 53
30 31 30 45
30 31 31 10
