32
3 3 4 2
4 4 5 1
5 6 7 1
8 6 3 2
8 7 3 1
9 7 4 1
9 8 4 1
10 7 3 1
10 9 7 1
10 10 10 1
10 10 11 1
11 8 4 2
11 9 5 1
11 10 12 1
12 9 4 1
12 9 5 3
12 10 6 2
12 10 7 1
12 11 6 1
12 11 8 1
13 9 4 8
13 9 5 1
13 10 4 10
13 10 5 40
13 10 6 10
13 11 4 1
13 11 5 2
13 11 6 9
13 11 7 4
13 11 8 2
13 12 7 1
13 12 8 1
13 12 9 2
14 9 4 4
14 10 4 346
14 10 5 572
14 10 6 1
14 11 5 58
14 11 6 8
14 11 7 7
14 12 7 5
14 12 8 7
14 12 10 1
14 13 7 1
14 13 8 1
14 13 9 3
14 13 10 5
15 10 4 2
15 10 5 39
15 11 5 183
15 11 6 41
15 12 8 1
15 13 8 4
15 13 9 3
15 13 10 4
15 14 10 1
15 14 11 2
15 15 11 1
15 15 12 2
16 11 6 5
16 12 6 1
16 14 9 1
16 14 10 3
16 14 11 3
16 15 11 5
16 15 12 3
16 15 14 1
16 15 15 1
16 16 16 1
17 15 11 2
17 15 12 1
17 15 13 1
17 16 12 3
17 16 13 2
17 16 15 1
17 16 16 1
17 17 14 1
17 17 17 1
18 15 11 1
18 16 12 1
18 17 13 1
18 17 14 1
18 18 14 2
18 18 19 2
18 19 19 1
18 20 21 1
19 16 12 1
19 17 13 1
19 17 14 2
19 18 14 2
19 18 15 1
19 19 17 2
19 19 20 2
19 20 19 7
19 20 20 12
19 20 21 9
19 21 21 5
19 21 22 5
20 17 14 1
20 18 15 1
20 19 17 3
20 20 19 1
20 20 20 3
20 21 19 1
20 21 20 1
20 21 22 3
20 22 22 1
20 22 23 5
21 19 15 1
21 19 16 1
21 20 17 2
21 20 18 2
21 21 21 1
21 22 23 2
21 24 25 1
21 24 26 1
22 20 17 1
22 20 18 1
22 21 18 3
22 22 18 1
22 22 19 1
22 22 20 1
22 23 24 3
22 23 26 1
22 24 25 2
22 24 26 1
22 25 27 1
23 22 19 2
23 22 20 1
23 23 22 3
23 23 24 1
23 24 24 1
23 24 25 5
23 25 25 1
23 25 26 1
23 26 27 1
23 26 28 1
24 22 20 2
24 23 20 2
24 23 21 4
24 23 23 1
24 24 21 2
24 24 22 1
24 24 23 2
24 24 24 5
24 24 25 1
24 25 24 3
24 26 28 1
25 24 21 1
25 24 22 3
25 24 23 2
25 25 22 1
25 25 23 6
25 25 24 6
25 25 25 3
26 25 23 6
26 25 24 10
26 25 25 2
26 26 24 2
26 26 25 2
26 27 26 1
26 27 27 1
27 25 23 1
27 26 24 1
27 27 25 2
27 28 28 2
27 29 28 2
27 29 29 1
28 29 29 4
28 30 30 4
29 30 30 26
29 30 31 2
29 31 30 2
29 31 31 13
30 30 30 3
30 31 30 12
30 31 31 21
