32
4 4 2 1
5 4 3 3
5 5 3 2
5 5 4 1
6 5 4 4
6 6 4 6
6 6 5 1
7 5 3 1
7 6 3 1
7 6 4 12
7 7 4 2
7 7 5 1
7 7 6 1
7 8 6 1
8 5 3 9
8 6 3 290
8 6 4 642
8 6 5 1
8 7 4 20
8 7 5 27
8 7 8 1
8 8 5 1
8 8 6 6
8 9 6 1
8 9 7 1
9 6 3 10
9 6 4 171
9 7 4 172
9 7 5 5
9 8 5 2
9 8 6 11
9 8 7 2
9 9 6 1
9 9 7 11
9 10 8 2
9 10 10 1
10 7 4 1
10 9 7 6
10 9 8 4
10 10 7 3
10 10 8 8
10 10 9 1
11 10 8 3
11 10 9 1
11 11 9 2
11 11 10 1
11 12 10 1
12 12 10 1
12 12 11 2
12 12 13 1
12 13 10 1
13 11 9 1
13 13 11 4
13 13 12 1
13 13 14 1
13 14 12 1
14 13 11 1
14 14 12 5
14 15 13 1
15 15 13 1
15 15 14 2
15 16 14 1
15 16 15 1
15 17 15 1
16 16 14 3
16 16 15 3
16 17 15 6
17 17 15 5
17 17 16 5
17 18 16 2
17 18 17 3
18 18 17 2
18 19 17 1
18 19 18 1
18 20 18 2
19 20 18 1
19 20 19 2
20 18 17 1
20 20 20 1
20 21 19 3
20 21 20 5
21 20 19 1
21 21 20 4
21 21 21 1
21 22 20 2
21 22 21 9
22 22 21 5
22 22 22 2
22 23 21 2
22 23 22 20
22 23 23 5
22 24 23 1
23 22 21 2
23 22 22 1
23 23 21 1
23 23 22 1
23 24 22 1
23 24 23 9
23 24 24 3
23 25 24 1
24 24 22 1
24 24 23 2
24 25 24 4
24 25 25 1
25 24 22 1
25 25 24 2
25 26 25 1
26 26 24 1
26 26 25 3
26 27 26 4
26 27 27 2
27 27 26 5
27 28 27 9
27 28 28 1
28 29 28 3
28 29 29 1
29 29 29 1
29 30 29 4
29 30 30 4
29 31 30 1
30 30 30 39
30 31 30 28
30 31 31 5
