32
5 4 3 1
5 5 3 2
5 5 4 1
6 5 4 4
6 6 4 3
6 6 5 3
6 7 5 2
7 5 3 2
7 5 4 1
7 6 4 5
7 6 5 2
7 7 4 2
7 7 5 2
7 8 6 3
8 5 3 7
8 6 3 390
8 6 4 563
8 7 4 21
8 7 5 17
8 7 6 1
8 8 6 7
9 6 3 9
9 6 4 149
9 7 4 179
9 7 5 2
9 8 6 12
9 8 7 2
9 9 6 1
9 9 7 6
9 10 8 3
10 7 4 1
10 8 6 1
10 9 7 8
10 9 8 2
10 10 7 1
10 10 8 10
10 10 10 1
10 11 9 1
10 11 11 1
11 10 8 2
11 11 8 1
11 11 9 6
11 11 11 1
11 12 10 2
11 13 11 1
12 11 9 1
12 11 10 2
12 12 10 3
12 12 11 1
12 13 11 1
13 11 9 2
13 13 11 2
13 13 12 2
13 14 12 4
14 12 10 1
14 14 12 1
14 14 14 1
14 15 13 1
15 15 13 4
16 15 13 1
16 16 14 5
16 16 15 2
16 17 15 6
16 17 16 1
17 17 16 4
17 18 16 4
17 18 17 3
18 17 16 1
18 18 16 1
18 18 17 2
18 18 19 1
18 19 17 1
18 19 18 2
19 18 17 1
19 19 18 1
19 20 18 2
19 20 19 3
19 21 19 1
20 19 20 1
20 21 19 2
20 21 20 3
21 21 20 1
21 21 21 1
21 22 20 6
21 22 21 4
21 23 22 1
22 21 20 1
22 21 21 1
22 21 22 1
22 22 20 1
22 22 21 3
22 22 22 1
22 23 21 2
22 23 22 24
22 24 22 2
22 24 23 4
23 22 22 2
23 23 22 5
23 23 23 2
23 24 22 2
23 24 23 11
23 24 24 3
24 24 23 2
24 25 24 2
25 23 21 1
25 26 25 2
25 26 26 1
26 25 23 2
26 26 24 1
26 26 25 2
26 26 26 2
26 27 26 7
26 27 27 1
27 26 24 1
27 26 25 1
27 28 27 5
27 28 28 1
28 27 26 1
28 28 27 2
28 29 28 1
28 29 29 2
29 29 29 1
29 30 29 3
29 30 30 4
30 30 30 40
30 31 30 26
30 31 31 3
