32
4 4 5 1
4 5 4 1
6 6 4 1
6 6 7 1
8 6 3 1
8 7 4 1
9 7 3 2
9 8 4 1
9 8 5 4
10 8 4 3
11 9 5 1
11 9 6 1
11 9 7 1
12 9 4 2
12 9 5 2
12 10 6 2
13 9 4 7
13 9 5 1
13 10 4 5
13 10 5 22
13 10 6 5
13 11 5 7
13 11 6 13
13 11 7 9
13 11 8 1
13 11 9 1
13 12 7 2
13 12 8 1
13 13 14 1
14 9 4 4
14 10 4 270
14 10 5 490
14 11 5 62
14 11 6 14
14 11 7 4
14 12 7 3
14 12 8 4
14 12 9 3
14 12 10 2
14 13 8 1
14 13 9 4
14 13 13 1
14 14 11 1
15 10 4 4
15 10 5 69
15 11 4 1
15 11 5 295
15 11 6 54
15 12 6 1
15 12 7 2
15 12 8 4
15 13 8 2
15 13 9 8
15 13 10 2
15 14 10 4
15 14 11 2
15 14 12 1
15 15 17 1
16 11 5 1
16 11 6 3
16 12 6 10
16 12 7 1
16 14 10 2
16 14 11 3
16 14 12 1
16 14 14 1
16 15 11 4
16 15 12 3
16 16 14 1
17 15 10 2
17 15 11 1
17 16 13 2
17 16 14 3
17 17 14 1
17 17 15 1
17 17 18 1
17 18 18 1
18 14 10 1
18 17 13 2
18 17 14 1
18 17 16 1
18 19 19 3
18 20 22 1
18 21 22 1
19 17 14 3
19 18 14 1
19 18 15 1
19 18 16 1
19 18 18 1
19 19 19 2
19 19 20 1
19 20 19 3
19 20 20 10
19 20 21 12
19 21 21 3
19 21 22 2
19 22 23 1
20 19 16 3
20 19 18 1
20 19 19 2
20 20 18 1
20 20 19 1
20 21 20 1
20 21 22 3
20 21 23 1
20 22 22 1
20 22 23 2
21 20 16 1
21 20 17 4
21 20 18 2
21 21 19 2
21 21 20 2
21 21 21 1
21 22 22 1
21 23 25 2
22 21 18 3
22 21 19 1
22 22 22 1
22 22 23 1
22 23 24 4
22 24 25 3
23 22 19 3
23 22 20 5
23 23 20 2
23 23 22 1
23 24 24 5
23 24 25 2
23 24 26 1
24 22 20 1
24 23 20 2
24 23 21 4
24 23 23 1
24 24 21 1
24 24 23 2
24 24 24 4
24 25 24 1
25 24 22 6
25 24 23 1
25 25 22 1
25 25 23 3
25 25 24 6
26 25 23 3
26 25 24 7
26 25 25 1
26 26 24 9
26 26 25 6
26 26 26 1
26 27 27 1
26 28 27 1
27 26 24 3
27 26 25 1
27 26 26 1
27 28 28 1
27 29 28 1
28 29 29 4
28 30 30 8
29 30 30 17
29 30 31 5
29 31 30 1
29 31 31 14
30 31 30 15
30 31 31 15
