32
4 5 4 1
5 4 3 1
5 5 3 2
5 5 4 1
6 5 3 3
6 5 4 2
6 6 4 3
6 6 5 2
6 7 6 1
7 5 3 2
7 6 3 1
7 6 4 12
7 6 5 2
7 7 4 1
7 7 5 5
7 8 6 1
8 5 3 12
8 6 3 362
8 6 4 594
8 6 5 1
8 7 4 21
8 7 5 17
8 8 5 3
8 8 6 5
8 8 7 1
8 8 9 1
8 9 7 2
9 6 3 14
9 6 4 143
9 7 4 185
9 7 5 3
9 8 5 3
9 8 6 19
9 8 7 3
9 9 7 5
9 10 8 2
10 8 6 1
10 9 6 1
10 9 7 7
10 9 8 4
10 10 8 10
10 10 10 1
10 12 10 2
11 10 8 1
11 10 9 3
11 11 9 7
11 12 10 1
12 11 10 1
12 12 10 2
12 12 11 1
13 11 9 1
13 13 11 5
13 13 12 3
13 14 12 1
14 14 12 4
14 15 14 1
14 16 14 1
15 15 13 2
15 15 14 1
15 16 14 2
15 17 15 1
16 15 14 1
16 16 14 5
16 16 15 2
16 17 15 6
17 17 15 1
17 17 16 5
17 18 16 2
17 18 17 4
18 18 16 1
18 18 17 1
18 19 18 3
18 19 19 1
19 19 18 2
19 20 18 4
19 20 19 2
20 20 19 4
20 21 19 3
20 21 20 3
20 22 20 1
21 21 20 1
21 21 21 1
21 22 20 4
21 22 21 6
21 23 22 1
22 21 20 1
22 22 21 4
22 22 22 5
22 23 22 18
22 23 23 4
22 24 22 2
22 24 23 4
23 24 22 3
23 24 23 10
23 24 24 4
23 25 24 1
24 24 23 2
24 25 23 3
24 25 24 5
24 25 25 2
25 25 24 3
25 26 25 2
26 25 24 1
26 26 24 1
26 26 25 2
26 26 26 1
26 27 26 4
26 27 27 1
26 28 28 1
27 27 26 1
27 27 27 1
27 28 27 2
28 28 27 1
28 28 28 2
28 29 28 4
28 29 29 1
29 30 29 5
29 30 30 4
30 30 30 32
30 31 30 16
30 31 31 5
