32
4 5 3 1
5 4 3 2
5 5 3 1
5 5 4 1
5 6 4 1
6 5 4 3
6 6 4 3
6 6 5 2
7 5 3 1
7 5 4 2
7 6 3 2
7 6 4 16
7 6 5 3
7 7 4 3
7 7 5 5
7 7 6 2
8 5 3 9
8 6 3 375
8 6 4 637
8 7 4 30
8 7 5 22
8 8 5 1
8 8 6 10
8 8 8 1
9 6 3 4
9 6 4 100
9 7 4 149
9 7 5 3
9 8 5 1
9 8 6 16
9 8 7 5
9 9 6 2
9 9 7 4
9 9 10 1
9 10 8 1
9 10 10 1
10 9 7 7
10 9 8 1
10 10 7 1
10 10 8 11
10 10 9 1
10 11 9 1
11 10 8 3
11 10 9 2
11 11 9 1
11 12 10 2
12 12 10 2
12 12 12 1
12 13 11 2
13 12 11 1
13 13 12 2
13 14 12 1
13 15 13 1
14 12 10 1
14 14 13 1
14 15 13 1
14 16 14 1
15 15 13 3
15 15 14 1
15 16 14 2
15 16 15 1
16 16 14 6
16 16 15 2
16 16 16 1
16 17 15 3
16 18 16 1
17 17 15 1
17 17 16 4
17 18 16 4
17 18 17 1
18 18 17 5
18 19 18 2
19 18 17 1
19 19 18 1
19 20 18 1
19 20 19 3
20 19 17 1
20 20 18 1
20 20 19 2
20 20 20 1
20 21 19 5
20 21 20 3
20 22 20 3
21 21 20 2
21 22 20 4
21 22 21 6
21 23 21 1
21 23 22 4
22 21 20 1
22 21 21 1
22 22 21 5
22 22 22 1
22 23 21 1
22 23 22 17
22 23 23 3
22 24 22 2
22 24 23 5
23 22 22 1
23 23 21 1
23 23 22 1
23 23 23 3
23 24 22 1
23 24 23 5
23 24 24 1
23 25 24 6
24 24 22 1
24 25 24 8
25 25 24 4
25 26 25 1
25 26 26 1
26 25 23 2
26 25 24 1
26 26 24 1
26 26 25 2
26 26 26 2
26 27 26 3
27 28 27 7
28 28 27 1
28 28 28 2
28 29 28 9
28 29 29 5
29 29 29 3
29 30 29 3
29 30 30 8
29 31 30 1
30 30 29 1
30 30 30 51
30 30 31 1
30 31 30 20
30 31 31 8
