32
4 4 2 1
5 4 3 1
5 5 3 1
5 5 4 2
5 6 4 1
6 5 3 1
6 5 4 3
6 6 4 3
6 6 5 1
6 7 5 1
7 5 4 2
7 6 4 10
7 7 4 1
7 7 5 11
8 5 3 3
8 5 4 2
8 6 3 296
8 6 4 661
8 7 4 23
8 7 5 20
8 8 5 1
8 8 6 3
8 8 8 1
8 9 7 3
9 6 3 7
9 6 4 162
9 7 4 180
9 7 5 2
9 8 5 1
9 8 6 16
9 8 7 2
9 9 7 10
9 9 10 1
10 7 4 1
10 8 6 1
10 9 7 9
10 10 8 8
10 10 9 1
10 11 9 1
10 11 11 1
10 12 10 1
11 10 8 1
11 10 9 1
11 11 9 2
11 12 10 1
12 11 9 1
12 11 10 1
12 12 10 3
12 12 11 2
12 13 11 1
13 13 11 2
13 13 12 2
13 14 12 1
14 12 10 2
14 13 14 1
14 15 13 1
14 16 14 1
15 15 13 7
15 15 14 4
15 15 16 1
15 16 15 1
16 15 13 1
16 16 14 2
16 16 15 5
16 17 15 4
17 17 15 1
17 17 16 4
17 18 16 2
17 18 17 1
17 19 16 1
18 17 15 1
18 18 17 2
18 19 18 1
18 20 18 1
19 18 17 1
19 19 17 1
19 19 18 2
19 20 18 3
19 20 19 2
19 21 19 1
20 18 17 1
20 20 19 5
20 20 20 1
20 21 19 4
20 21 20 5
21 21 19 1
21 21 20 1
21 21 21 1
21 22 20 3
21 22 21 8
21 23 22 2
22 22 21 4
22 22 22 2
22 23 21 1
22 23 22 16
22 23 23 5
22 24 23 3
23 22 22 1
23 23 21 1
23 23 22 1
23 24 23 8
23 24 24 2
23 25 23 1
24 23 22 1
24 24 23 3
24 25 23 1
24 25 24 4
24 25 25 2
25 25 23 1
25 25 24 2
25 26 25 8
25 26 26 1
26 25 24 1
26 26 25 3
26 26 26 2
26 27 26 3
26 27 27 2
27 26 24 2
28 28 28 3
28 29 28 1
28 29 29 3
29 29 29 1
29 30 29 1
29 30 30 3
30 30 30 37
30 31 30 9
30 31 31 1
