32
5 5 4 2
6 5 3 2
6 5 4 2
6 6 4 5
6 7 5 1
6 8 5 1
7 5 4 1
7 6 3 1
7 6 4 13
7 6 5 3
7 7 4 1
7 7 5 1
7 7 6 1
8 5 3 3
8 6 3 325
8 6 4 558
8 7 4 28
8 7 5 23
8 8 6 6
8 8 7 1
8 8 9 1
9 6 3 15
9 6 4 150
9 7 4 231
9 7 5 3
9 8 5 2
9 8 6 16
9 8 7 5
9 9 7 5
9 10 8 1
9 11 8 1
10 7 4 3
10 9 6 1
10 9 7 3
10 9 8 3
10 10 7 1
10 10 8 5
10 10 10 1
10 10 11 1
10 11 9 2
11 10 8 7
11 11 8 1
11 11 9 10
11 11 10 1
11 12 9 1
11 12 10 1
12 11 10 1
12 12 10 2
12 12 11 1
12 13 11 5
12 14 12 1
13 13 11 3
13 13 12 3
13 14 11 1
13 14 12 1
14 14 12 2
14 14 13 4
15 15 13 2
16 15 13 1
16 16 14 2
16 16 15 3
16 17 15 5
16 17 16 1
17 17 15 2
17 17 16 4
17 18 16 2
17 18 17 4
18 17 15 1
18 18 16 1
18 18 17 1
18 19 18 1
19 19 18 1
19 20 18 1
19 20 19 2
19 21 19 2
20 18 17 1
20 20 19 3
20 20 20 1
20 21 20 5
21 21 20 3
21 21 21 2
21 22 20 4
21 22 21 7
21 22 22 1
21 23 22 1
22 22 21 4
22 23 21 1
22 23 22 17
22 23 23 3
22 24 22 2
22 24 23 2
23 22 20 1
23 23 22 2
23 24 22 2
23 24 23 10
23 24 24 3
23 25 24 2
24 24 22 1
24 24 23 1
24 25 24 6
24 25 25 3
24 26 25 1
25 25 23 1
25 25 24 2
25 26 25 2
25 26 26 1
26 24 22 2
26 26 25 3
26 26 26 1
26 27 26 2
26 27 27 1
27 26 24 2
27 27 25 1
27 27 26 2
27 28 27 2
27 28 28 2
28 27 26 1
28 28 28 4
28 29 28 2
29 29 29 1
29 30 29 4
30 30 30 36
30 31 30 13
30 31 31 3
