32
4 4 3 1
4 5 4 1
5 5 3 5
5 5 4 2
6 5 3 1
6 5 4 3
6 6 4 2
6 6 5 3
7 5 4 1
7 6 4 19
7 6 5 2
7 7 4 4
7 7 5 3
7 7 6 1
8 5 3 6
8 6 3 310
8 6 4 638
8 7 4 15
8 7 5 20
8 7 6 1
8 8 5 1
8 8 6 4
8 8 7 1
8 9 7 1
9 6 3 5
9 6 4 164
9 7 4 185
9 7 5 6
9 8 5 1
9 8 6 15
9 8 7 3
9 9 6 1
9 9 7 11
9 9 10 1
9 10 8 2
10 7 4 1
10 8 6 1
10 9 7 5
10 9 8 3
10 9 10 1
10 10 8 9
10 10 10 1
10 12 10 1
11 10 8 2
11 10 9 2
11 11 8 1
11 11 9 8
11 11 10 1
11 12 9 1
12 12 10 2
12 12 11 1
12 13 11 3
13 13 11 2
13 13 12 2
13 15 13 1
14 12 11 1
14 14 12 1
14 14 13 1
15 13 12 1
15 14 12 1
15 15 13 5
15 15 14 2
15 16 14 1
16 14 13 1
16 16 14 4
16 16 15 3
16 17 15 2
16 17 16 3
17 17 15 1
17 17 16 7
17 18 16 1
17 18 17 2
18 17 15 1
18 17 16 1
18 18 19 1
18 19 18 3
19 19 17 1
19 19 18 5
19 19 19 1
19 20 18 3
19 20 19 5
19 21 19 1
20 20 19 2
20 21 19 3
20 21 20 3
20 22 20 1
21 21 19 1
21 21 20 4
21 21 21 1
21 22 20 2
21 22 21 7
21 22 22 2
21 23 22 2
22 22 21 5
22 22 22 4
22 23 22 15
22 23 23 3
22 24 23 3
23 23 22 5
23 23 23 3
23 24 22 2
23 24 23 9
23 24 24 2
23 25 24 2
24 24 23 3
24 25 24 3
24 26 25 1
25 24 24 1
25 25 23 1
25 25 24 3
26 24 22 1
26 26 25 3
26 27 26 1
26 27 27 1
27 27 26 2
27 28 27 5
27 28 28 1
28 28 27 1
28 28 28 2
28 29 28 4
28 29 29 3
29 29 29 2
29 30 29 3
29 30 30 1
30 30 30 27
30 31 30 13
30 31 31 1
