32
4 4 5 1
5 5 6 1
5 5 7 1
7 7 8 1
8 6 3 1
8 7 4 3
8 8 5 1
9 7 3 2
9 7 4 1
10 8 4 1
10 8 5 1
10 8 6 1
11 9 4 1
11 9 5 1
11 11 12 1
12 9 5 1
12 10 5 2
12 11 6 1
12 11 7 1
13 9 4 13
13 10 4 13
13 10 5 44
13 10 6 4
13 11 5 2
13 11 6 11
13 11 7 7
13 11 8 1
13 12 7 1
13 12 8 2
13 12 9 1
13 14 11 1
14 9 4 8
14 10 4 377
14 10 5 559
14 10 6 1
14 11 5 59
14 11 6 10
14 11 7 1
14 12 6 2
14 12 7 7
14 12 8 7
14 13 9 5
14 13 10 3
14 15 12 1
15 10 4 1
15 10 5 38
15 11 4 1
15 11 5 151
15 11 6 38
15 12 6 1
15 12 7 1
15 12 8 1
15 13 8 2
15 13 9 5
15 13 10 4
15 13 11 1
15 13 12 1
15 14 10 6
15 14 11 2
15 15 13 1
16 11 6 1
16 13 9 1
16 14 11 1
16 15 11 1
16 15 12 4
16 15 15 1
16 16 12 2
16 16 13 1
16 16 15 1
17 14 10 1
17 15 10 1
17 15 11 4
17 15 12 1
17 16 12 4
17 16 13 1
17 17 14 1
17 17 18 1
17 17 19 1
17 18 16 2
18 15 11 1
18 16 12 3
18 17 13 2
18 17 14 6
18 18 18 2
18 18 19 1
18 19 19 1
18 20 21 3
19 18 14 1
19 18 16 1
19 19 16 1
19 19 17 2
19 19 20 1
19 20 18 3
19 20 19 6
19 20 20 9
19 20 21 8
19 21 20 1
19 21 21 7
19 21 22 3
20 18 15 1
20 19 16 2
20 19 17 1
20 19 19 1
20 20 21 1
20 21 20 2
20 21 21 1
20 22 22 1
21 20 17 7
21 21 18 1
21 23 24 1
21 23 25 1
22 21 18 2
22 21 19 2
22 21 21 1
22 22 20 1
22 22 22 1
22 23 24 3
22 23 25 1
22 24 24 1
22 24 25 2
23 22 19 3
23 23 22 2
23 24 24 4
23 24 25 1
23 24 26 1
23 25 26 2
23 25 27 1
24 23 19 1
24 23 20 2
24 23 21 2
24 23 22 1
24 23 23 1
24 24 21 1
24 24 22 1
24 24 23 2
24 24 24 2
24 25 24 2
24 25 25 3
24 26 28 1
24 27 28 1
25 24 21 2
25 24 22 8
25 24 23 3
25 24 24 1
25 25 22 2
25 25 23 5
25 25 24 7
25 25 25 2
26 25 22 1
26 25 23 4
26 25 24 6
26 25 25 3
26 26 23 2
26 26 24 4
26 26 25 1
26 28 27 1
27 26 23 1
27 26 24 2
27 28 28 3
27 29 29 1
28 27 26 1
28 29 29 5
28 30 30 8
29 30 30 21
29 30 31 5
29 31 30 1
29 31 31 11
30 30 30 1
30 31 30 9
30 31 31 12
