32
4 4 2 1
4 4 3 1
5 5 3 1
5 5 4 2
6 5 3 1
6 5 4 5
6 6 4 3
6 6 5 3
7 5 3 2
7 5 4 2
7 6 3 2
7 6 4 12
7 7 4 1
7 7 5 3
7 7 6 1
7 8 6 1
7 8 8 1
8 5 3 8
8 6 3 342
8 6 4 633
8 6 5 1
8 7 4 20
8 7 5 25
8 8 5 2
8 8 6 4
8 8 7 1
8 8 8 4
8 8 9 1
8 9 7 2
9 6 3 4
9 6 4 156
9 7 4 162
9 7 5 2
9 8 5 2
9 8 6 14
9 8 7 2
9 9 7 8
9 9 8 1
9 9 10 1
9 10 8 3
10 8 6 1
10 8 7 1
10 9 7 4
10 9 8 6
10 10 8 9
10 11 11 1
11 10 8 2
11 10 9 2
11 11 9 4
11 13 10 1
12 12 10 1
12 14 12 1
13 12 10 1
13 12 11 1
13 13 11 3
13 13 12 2
13 13 13 1
14 14 12 1
14 14 13 1
14 15 13 2
15 14 13 1
15 15 13 1
15 15 14 1
15 16 14 3
16 16 14 6
16 16 15 4
16 17 15 4
16 17 16 1
17 16 15 1
17 17 16 3
17 18 16 3
17 18 17 2
18 17 15 1
18 18 17 1
18 19 17 3
18 19 18 1
18 20 18 1
19 18 19 1
19 19 17 1
19 19 18 2
19 20 18 1
19 20 19 2
20 20 18 1
20 20 19 2
20 21 19 3
20 21 20 3
20 22 20 1
21 20 21 1
21 21 20 1
21 21 21 2
21 22 20 4
21 22 21 5
21 23 22 3
22 22 20 1
22 22 21 3
22 22 22 1
22 23 22 22
22 23 23 2
22 24 22 1
22 24 23 2
23 23 22 4
23 23 23 1
23 24 22 3
23 24 23 10
23 24 24 1
24 24 23 3
24 25 24 4
25 24 23 1
25 25 24 2
25 25 25 1
25 26 25 5
26 24 22 2
26 25 24 2
26 26 25 3
26 27 26 2
26 27 27 1
26 28 27 1
27 25 23 1
27 26 25 2
27 27 26 2
27 27 27 1
27 28 27 2
28 28 27 3
28 28 28 1
28 29 28 5
28 29 29 3
29 29 29 3
29 30 29 4
29 30 30 7
30 30 30 37
30 31 30 18
30 31 31 11
