32
4 4 3 1
5 5 3 1
5 5 4 2
6 5 3 1
6 5 4 2
6 6 4 2
6 6 5 3
7 5 3 1
7 5 4 2
7 6 4 16
7 6 5 3
7 7 4 1
7 7 5 6
7 7 6 1
7 9 6 1
8 5 3 7
8 6 3 303
8 6 4 662
8 7 4 17
8 7 5 25
8 7 6 1
8 8 5 4
8 8 6 2
8 9 6 1
8 9 7 2
9 6 3 7
9 6 4 164
9 7 4 174
9 7 5 3
9 8 5 2
9 8 6 8
9 8 7 1
9 9 6 2
9 9 7 5
9 10 8 3
10 8 6 1
10 9 6 1
10 9 7 5
10 9 8 7
10 10 8 8
10 10 9 1
10 11 9 3
11 10 8 1
11 10 9 2
11 11 9 4
11 12 10 2
12 11 9 1
12 12 10 2
12 12 11 2
13 12 10 1
13 13 11 3
13 13 12 1
14 12 10 1
14 13 11 1
14 14 12 1
14 14 13 3
14 16 14 1
15 15 13 3
15 15 14 2
15 16 14 4
16 16 14 3
16 16 15 5
16 17 15 3
16 17 16 3
16 18 16 1
17 16 15 1
17 17 15 1
17 17 16 2
17 18 16 1
17 18 17 1
17 19 17 1
18 18 17 2
18 19 17 2
18 20 18 1
19 19 17 1
19 19 18 2
19 19 19 1
19 20 18 2
19 20 19 4
20 18 17 1
20 19 18 1
20 20 19 2
20 20 20 1
20 21 19 4
20 21 20 5
20 22 20 1
20 22 21 1
21 20 19 1
21 21 19 1
21 21 20 5
21 21 21 2
21 22 20 5
21 22 21 6
21 23 22 2
22 22 20 1
22 22 21 2
22 22 22 1
22 23 22 16
22 23 23 7
22 24 22 1
22 24 23 1
23 23 22 2
23 24 22 1
23 24 23 8
23 24 24 2
24 23 22 1
24 24 23 3
24 25 23 1
24 25 24 6
24 25 25 1
24 26 25 1
25 24 24 1
25 25 24 4
25 26 25 7
26 25 23 2
26 25 24 2
26 25 25 1
26 26 25 4
26 26 26 1
26 27 26 1
27 27 27 1
27 28 27 4
28 28 28 1
28 29 28 4
28 29 29 2
29 30 29 2
30 30 30 33
30 31 30 14
30 31 31 5
