32
5 5 3 2
5 5 4 3
6 5 3 2
6 5 4 5
6 6 4 3
6 6 5 2
6 7 4 1
7 5 4 2
7 6 3 2
7 6 4 11
7 6 5 3
7 7 5 4
7 7 6 1
7 7 8 1
7 8 5 1
7 8 6 1
8 5 3 7
8 6 3 395
8 6 4 593
8 7 4 29
8 7 5 22
8 8 5 2
8 8 6 7
8 9 7 3
9 6 3 9
9 6 4 138
9 7 4 149
9 7 5 1
9 8 6 12
9 8 7 2
9 9 7 5
10 8 6 1
10 9 6 1
10 9 7 8
10 9 8 8
10 10 8 12
10 10 11 1
10 12 9 1
11 10 9 2
11 11 9 3
11 11 10 1
11 11 12 1
12 11 9 1
12 11 10 1
12 12 10 6
12 12 11 2
12 14 12 1
13 12 11 1
13 13 11 1
13 13 12 1
13 14 12 1
13 14 13 2
13 15 13 1
14 14 12 3
14 14 13 1
15 15 13 3
15 15 14 1
16 16 14 3
16 16 15 3
16 16 17 1
16 17 15 5
16 17 16 1
17 16 15 1
17 17 15 2
17 17 16 5
17 18 16 2
17 18 17 2
18 17 16 1
18 18 16 1
18 18 17 5
18 19 17 1
19 20 18 2
19 20 19 2
19 22 20 1
20 20 19 3
20 21 19 4
20 21 20 5
21 21 20 1
21 22 20 3
21 22 21 9
21 22 22 1
21 23 21 1
21 23 22 1
22 21 20 1
22 22 21 4
22 22 22 3
22 23 21 1
22 23 22 23
22 23 23 5
22 24 22 1
22 24 23 3
23 23 22 1
23 23 23 2
23 24 22 3
23 24 23 11
23 25 24 2
24 24 23 3
24 25 24 2
24 25 25 1
25 25 24 3
25 26 25 3
26 25 24 1
26 26 25 1
26 26 26 2
26 27 26 9
26 27 27 1
27 25 24 1
27 27 25 1
27 27 27 1
27 28 27 4
27 28 28 1
28 28 28 3
28 29 28 6
28 29 29 2
29 28 26 1
29 29 29 2
29 30 29 3
29 30 30 4
30 30 30 35
30 30 31 1
30 31 30 32
30 31 31 8
