32
5 5 3 2
5 5 4 1
6 5 3 1
6 5 4 3
6 6 4 3
7 5 4 1
7 6 4 13
7 6 5 1
7 7 5 4
7 7 6 1
7 8 6 2
8 5 3 3
8 6 3 351
8 6 4 570
8 6 5 4
8 7 4 20
8 7 5 24
8 8 6 5
8 8 8 1
9 6 3 6
9 6 4 163
9 7 4 184
9 7 5 3
9 8 5 1
9 8 6 8
9 8 7 2
9 9 6 2
9 9 7 11
10 8 6 1
10 9 6 2
10 9 7 8
10 9 8 1
10 10 8 9
10 11 9 1
10 12 9 1
11 10 8 5
11 11 9 7
11 11 10 2
11 12 9 1
12 11 9 1
12 11 10 1
12 12 10 2
12 12 11 1
12 13 11 2
13 11 9 1
13 12 11 1
13 13 11 2
13 13 12 2
13 14 12 1
13 14 14 1
14 13 11 1
14 14 12 2
14 14 13 2
14 15 13 1
15 15 13 3
15 15 14 2
15 16 15 1
15 17 15 1
16 16 14 2
16 16 15 4
16 17 15 5
16 17 16 2
16 18 16 1
17 17 15 3
17 18 16 1
17 18 17 2
18 18 17 6
18 19 17 5
18 19 18 1
18 19 19 1
19 18 17 4
19 19 18 3
19 20 18 1
19 20 19 2
19 20 20 1
19 21 19 1
20 20 19 2
20 21 19 3
20 21 20 7
20 21 21 1
21 21 20 3
21 21 21 1
21 22 20 2
21 22 21 6
21 23 22 1
22 22 21 1
22 22 22 3
22 23 22 17
22 23 23 4
22 24 22 2
22 24 23 3
23 23 22 3
23 23 23 1
23 24 23 13
23 24 24 2
23 25 23 1
23 25 24 4
24 23 23 2
24 24 23 2
24 25 24 8
25 25 24 4
25 26 25 1
25 26 26 2
25 27 26 1
26 26 24 1
26 27 26 1
27 26 25 1
27 26 26 1
27 27 26 1
27 27 27 1
27 28 27 10
27 28 28 4
28 27 26 2
28 28 27 1
28 28 28 1
28 29 28 6
28 29 29 2
29 28 27 1
29 29 29 3
29 30 29 3
29 30 30 7
30 30 30 50
30 31 30 39
30 31 31 7
