32
2 2 3 1
4 4 4 1
4 4 5 1
5 6 7 1
7 7 8 1
8 6 3 1
8 7 4 1
8 8 9 1
9 7 3 2
9 7 5 1
9 8 4 1
9 8 5 1
10 8 4 1
11 8 4 1
12 9 4 1
12 10 5 2
12 10 6 4
12 10 7 1
12 11 5 1
13 9 4 14
13 10 4 19
13 10 5 42
13 10 6 14
13 11 5 4
13 11 6 7
13 11 7 6
13 11 8 1
13 12 6 1
13 12 8 2
13 12 9 1
13 13 10 1
14 9 4 5
14 10 4 423
14 10 5 560
14 10 6 1
14 11 5 59
14 11 6 7
14 11 7 3
14 12 6 1
14 12 7 3
14 12 8 15
14 13 9 7
14 13 10 2
15 10 5 11
15 11 5 133
15 11 6 39
15 12 8 3
15 13 8 1
15 13 9 2
15 13 10 5
15 14 9 1
15 14 10 1
15 14 11 2
16 14 10 3
16 14 11 2
16 15 11 1
16 16 12 1
16 16 13 2
16 17 14 1
16 17 17 1
16 18 20 1
17 15 11 1
17 15 12 4
17 16 12 4
17 16 13 2
17 16 14 1
17 17 14 1
17 17 17 1
17 18 18 1
18 16 11 1
18 16 13 1
18 17 13 1
18 17 14 2
18 17 15 1
18 18 17 1
18 18 18 1
18 19 17 1
18 19 19 1
18 20 20 1
18 20 21 1
19 16 12 1
19 17 14 1
19 17 15 1
19 18 14 1
19 18 15 1
19 18 18 1
19 19 19 3
19 20 19 3
19 20 20 11
19 20 21 6
19 21 19 1
19 21 21 5
19 21 22 6
19 22 23 2
20 19 16 1
20 19 17 2
20 20 17 1
20 20 18 2
20 20 19 1
20 21 19 1
20 21 21 2
20 21 22 2
20 22 22 2
20 22 23 3
21 19 15 1
21 20 17 7
21 20 18 1
21 21 19 1
21 22 22 2
21 22 23 2
21 23 24 1
21 24 25 1
22 20 17 1
22 20 18 1
22 21 18 2
22 21 21 2
22 22 19 2
22 22 21 1
22 23 22 1
22 23 24 3
22 23 25 1
22 24 25 3
22 24 26 2
23 22 19 1
23 22 20 1
23 24 24 4
23 25 26 1
23 25 27 1
23 26 28 1
24 22 20 3
24 23 20 3
24 23 21 3
24 24 21 2
24 24 23 2
24 24 24 9
24 25 24 1
24 25 25 1
24 27 29 1
25 24 21 1
25 24 22 9
25 24 23 2
25 24 24 1
25 25 22 1
25 25 23 6
25 25 24 9
25 25 25 3
26 24 22 1
26 25 22 1
26 25 23 4
26 25 24 6
26 25 25 1
26 26 24 3
27 26 24 2
28 29 29 3
28 30 30 3
29 30 30 9
29 30 31 1
29 31 31 1
30 30 30 1
30 31 30 20
30 31 31 16
31 30 30 1
