32
5 5 3 2
5 5 4 2
6 6 4 1
6 6 5 4
7 5 3 1
7 5 4 3
7 6 3 1
7 6 4 12
7 6 5 2
7 7 4 1
7 7 5 5
7 7 6 2
7 8 6 1
8 5 3 4
8 6 3 332
8 6 4 627
8 7 4 28
8 7 5 22
8 8 5 3
8 8 6 8
8 9 7 1
9 6 3 3
9 6 4 124
9 7 4 187
9 7 5 3
9 8 6 16
9 9 7 9
9 10 8 3
10 9 7 6
10 9 8 2
10 10 8 10
10 10 10 1
10 11 9 1
11 10 8 3
11 10 9 1
11 11 9 3
11 11 10 1
11 12 10 1
12 12 10 1
12 12 11 2
12 13 11 2
13 13 11 1
13 13 12 2
13 15 13 1
14 14 12 3
14 14 14 1
15 15 13 2
15 15 14 2
15 16 14 5
16 16 14 2
16 16 15 2
16 17 15 4
16 17 16 2
17 17 15 1
17 17 16 6
17 18 17 1
17 19 17 1
18 18 17 3
18 19 17 2
18 19 18 1
19 20 18 2
19 20 19 5
19 20 20 1
19 21 19 1
20 18 17 1
20 20 18 1
20 20 19 3
20 21 19 1
20 21 20 10
21 21 20 3
21 21 21 2
21 22 20 1
21 22 21 5
22 22 20 1
22 22 21 4
22 22 22 2
22 23 21 1
22 23 22 17
22 23 23 4
22 24 22 3
22 24 23 5
23 23 21 1
23 23 22 2
23 24 23 11
23 24 24 2
23 25 24 1
24 22 20 1
24 23 22 1
24 24 23 1
24 25 24 4
24 25 25 1
25 25 24 4
25 26 25 6
25 26 26 1
25 27 26 1
26 26 24 1
26 26 25 3
26 26 26 1
26 27 26 3
27 26 24 2
27 28 27 5
27 28 28 1
28 29 28 3
28 29 29 3
29 29 28 1
29 30 29 2
29 30 30 2
30 30 30 24
30 30 31 1
30 31 30 9
