32
4 4 2 1
4 4 3 2
5 4 3 1
5 5 3 2
5 5 4 1
5 6 5 1
6 5 3 1
6 5 4 2
6 6 4 8
6 6 5 2
6 7 5 1
7 5 3 2
7 6 4 16
7 7 5 3
7 7 6 1
7 8 6 1
8 5 3 4
8 6 3 319
8 6 4 675
8 7 4 15
8 7 5 22
8 7 6 2
8 7 8 1
8 8 5 1
8 8 6 7
8 8 8 2
8 9 7 2
9 6 3 9
9 6 4 130
9 7 4 179
9 7 5 1
9 8 5 2
9 8 6 18
9 8 7 2
9 9 7 6
9 9 8 1
9 10 8 1
10 7 4 1
10 8 6 1
10 9 7 6
10 9 8 5
10 10 8 9
10 10 11 1
10 11 9 1
11 11 9 7
11 12 10 2
12 11 10 1
12 12 10 5
12 12 13 1
12 14 12 1
13 12 11 1
13 12 13 1
13 13 11 2
13 13 12 2
13 14 12 1
14 12 11 1
14 13 12 1
14 14 13 1
14 14 14 1
14 16 14 1
15 15 13 5
15 15 14 2
15 16 14 4
16 16 14 1
16 16 15 4
16 17 15 3
16 17 16 3
17 17 15 2
17 17 16 3
17 17 17 1
17 18 16 4
17 18 17 5
18 17 15 1
18 18 17 1
18 18 19 1
18 19 17 1
18 19 18 1
19 18 17 2
19 19 17 1
19 19 18 2
19 19 19 1
19 20 18 2
19 20 19 1
19 21 19 1
19 21 20 1
20 20 19 1
20 21 19 1
20 21 20 8
20 22 20 2
21 20 19 1
21 21 20 3
21 22 20 2
21 22 21 7
21 23 21 1
22 21 20 3
22 22 21 3
22 22 22 3
22 23 22 21
22 23 23 2
22 24 22 2
22 24 23 4
23 22 22 1
23 23 22 3
23 24 23 8
23 24 24 3
23 25 24 2
24 24 22 1
24 24 23 2
24 24 24 1
24 25 23 1
24 25 24 5
24 25 25 1
25 23 22 1
25 25 24 4
25 26 24 1
25 26 25 3
25 26 26 1
26 24 22 1
26 26 24 2
26 26 25 1
26 27 26 4
27 27 25 1
27 27 26 1
27 28 27 2
27 28 28 3
28 27 26 1
28 28 27 1
28 28 28 2
28 29 28 5
28 29 29 7
29 29 29 1
29 30 29 4
29 30 30 4
29 31 31 1
30 30 30 57
30 31 30 31
30 31 31 10
