32
4 4 5 3
4 5 7 1
6 5 3 1
7 6 4 1
8 6 3 1
8 9 10 1
9 7 3 1
9 7 4 1
9 8 4 1
9 9 6 1
10 8 4 2
10 8 5 1
12 9 4 3
12 9 5 4
12 10 6 2
12 10 7 1
12 11 8 1
12 12 11 1
13 9 4 23
13 10 4 18
13 10 5 57
13 10 6 5
13 10 7 1
13 11 5 1
13 11 6 12
13 11 7 8
13 11 8 1
13 11 9 1
13 12 7 1
13 12 8 1
13 12 9 2
13 13 9 1
13 13 10 1
13 15 16 1
14 9 4 8
14 10 4 474
14 10 5 546
14 10 6 1
14 11 4 1
14 11 5 51
14 11 6 8
14 11 7 5
14 12 6 1
14 12 7 5
14 12 8 7
14 12 9 1
14 13 9 6
14 13 10 1
14 13 11 1
15 10 5 10
15 11 5 93
15 11 6 37
15 12 8 1
15 13 9 4
15 13 10 2
15 14 10 3
15 14 11 2
15 15 11 1
15 15 12 2
15 15 13 1
15 15 14 1
16 13 9 1
16 14 10 4
16 14 11 3
16 14 12 1
16 15 11 1
16 15 12 2
16 15 13 1
16 16 12 1
17 15 10 1
17 15 11 1
17 15 12 2
17 16 12 3
17 16 13 2
17 16 14 2
17 17 17 3
17 17 18 1
17 18 15 2
17 18 18 2
17 19 20 1
17 20 21 1
18 16 12 1
18 16 13 2
18 17 13 3
18 17 14 1
18 17 15 1
18 18 16 1
18 19 18 1
18 19 19 1
19 17 15 1
19 18 14 1
19 18 15 1
19 19 17 2
19 20 19 2
19 20 20 13
19 20 21 5
19 21 21 3
19 21 22 6
19 22 23 1
20 17 14 1
20 18 16 1
20 19 16 2
20 20 20 1
20 20 21 1
20 21 20 2
20 21 22 3
20 22 22 3
20 22 23 7
20 22 24 1
21 18 15 2
21 19 16 1
21 19 17 1
21 20 17 2
21 20 18 2
21 20 19 1
21 20 20 2
21 21 18 2
21 23 24 4
21 23 25 1
21 24 26 1
22 20 17 1
22 20 18 2
22 21 18 1
22 21 19 1
22 22 19 1
22 23 24 3
22 23 25 2
22 24 25 3
22 25 26 2
23 22 19 1
23 22 20 1
23 23 21 1
23 23 23 3
23 23 24 1
23 24 24 1
23 24 25 1
23 25 26 1
23 26 28 1
24 23 20 3
24 23 21 1
24 23 23 2
24 24 21 1
24 24 22 1
24 24 23 6
24 24 24 5
24 25 24 1
24 25 25 5
24 25 26 1
24 26 27 1
24 27 29 1
25 24 21 1
25 24 22 7
25 24 23 4
25 24 24 1
25 25 22 2
25 25 23 6
25 25 24 13
26 25 23 4
26 25 24 3
26 25 25 2
26 26 23 1
26 26 24 1
26 27 27 2
26 28 28 2
27 26 24 3
27 27 26 2
27 28 28 4
27 29 28 1
27 29 29 2
28 29 29 10
28 30 30 13
29 30 30 31
29 30 31 5
29 31 30 2
29 31 31 14
30 31 30 14
30 31 31 19
