32
3 3 4 1
4 4 4 1
6 7 8 1
7 6 2 1
8 8 5 1
9 7 3 2
9 7 4 1
9 8 5 1
10 8 4 1
10 9 7 1
10 10 11 1
11 9 4 2
12 9 4 2
12 9 5 1
12 10 5 3
12 10 7 1
12 11 8 2
13 9 4 5
13 10 4 3
13 10 5 30
13 10 6 6
13 10 7 1
13 11 5 1
13 11 6 10
13 11 7 8
13 11 8 1
13 12 7 1
13 12 8 2
13 13 10 1
14 9 4 2
14 10 4 325
14 10 5 520
14 10 6 3
14 11 5 54
14 11 6 6
14 11 7 9
14 12 6 1
14 12 7 3
14 12 8 6
14 13 8 1
14 13 9 5
14 13 10 3
14 13 12 1
14 14 11 2
15 10 4 3
15 10 5 73
15 11 5 231
15 11 6 50
15 12 6 4
15 12 8 3
15 13 7 1
15 13 8 3
15 13 9 10
15 13 10 1
15 13 11 1
15 14 10 3
15 14 11 2
15 15 13 1
16 12 6 5
16 13 9 2
16 14 10 4
16 14 11 1
16 15 10 1
16 15 11 1
16 16 16 1
17 15 10 1
17 15 11 2
17 15 12 5
17 16 13 1
17 16 16 1
17 17 14 2
17 17 18 1
17 18 16 1
17 19 21 1
18 16 13 2
18 17 13 1
18 17 14 4
18 17 17 3
18 17 18 1
18 17 19 1
18 18 19 3
18 19 17 1
18 19 19 2
18 20 20 1
18 20 21 3
19 17 14 1
19 18 15 6
19 19 17 2
19 19 18 1
19 19 19 1
19 19 20 1
19 20 19 6
19 20 20 11
19 20 21 9
19 21 21 4
19 21 22 1
20 17 14 2
20 19 16 1
20 19 19 1
20 21 19 1
20 21 21 4
20 21 22 5
20 21 23 1
20 22 22 1
20 22 23 5
21 19 16 2
21 20 17 1
21 20 18 4
21 22 24 1
21 23 24 2
22 20 17 2
22 20 18 2
22 21 18 2
22 21 19 1
22 21 21 1
22 22 19 4
22 22 21 2
22 22 22 2
22 23 25 3
22 24 25 1
22 24 26 3
22 25 27 2
23 22 19 1
23 22 20 1
23 23 22 1
23 23 24 1
23 24 24 2
23 24 25 2
23 25 26 1
23 25 27 1
23 26 28 1
24 22 20 1
24 23 20 1
24 23 21 4
24 24 22 2
24 24 23 2
24 24 24 6
24 25 25 1
25 24 21 1
25 24 22 5
25 24 23 1
25 24 24 1
25 25 22 2
25 25 23 2
25 25 24 7
25 25 25 1
26 25 22 1
26 25 23 3
26 25 24 9
26 25 25 2
26 26 24 6
26 26 25 5
26 28 27 1
27 26 25 2
27 27 25 2
27 28 28 2
27 29 29 2
28 29 29 4
28 29 30 1
28 30 30 6
29 30 30 20
29 30 31 2
29 31 30 1
29 31 31 13
30 30 31 1
30 31 30 21
30 31 31 16
