32
5 5 3 2
5 5 4 1
6 5 4 3
6 6 4 4
6 7 4 1
7 5 4 1
7 6 3 1
7 6 4 11
7 6 5 1
7 7 5 5
8 5 3 4
8 6 3 360
8 6 4 588
8 6 5 3
8 7 4 24
8 7 5 18
8 7 8 1
8 8 6 11
9 6 3 13
9 6 4 156
9 7 4 184
9 7 5 2
9 8 5 2
9 8 6 10
9 8 7 2
9 8 9 1
9 9 6 2
9 9 7 9
10 7 4 2
10 9 7 11
10 9 8 3
10 10 8 9
10 10 9 1
10 10 11 1
10 11 9 1
11 10 8 1
11 11 8 1
11 11 9 8
11 12 10 1
12 11 9 1
12 11 10 2
12 12 10 1
12 12 11 2
12 13 11 1
12 13 13 1
13 11 9 1
13 12 11 1
13 13 11 5
13 13 12 3
13 14 12 2
13 15 13 2
14 14 13 1
15 15 13 6
15 16 14 2
16 14 13 1
16 15 13 1
16 16 14 2
16 16 15 3
16 17 15 6
17 17 15 1
17 17 16 4
17 18 16 3
17 18 17 2
18 17 15 1
18 18 17 2
18 19 17 3
18 19 18 1
19 19 18 1
19 20 18 4
19 20 19 1
20 18 17 1
20 19 18 1
20 20 19 2
20 21 19 3
20 21 20 3
21 21 20 6
21 21 21 1
21 22 20 2
21 22 21 7
21 22 22 1
22 22 21 4
22 22 22 2
22 23 21 4
22 23 22 23
22 23 23 1
22 24 22 1
22 24 23 1
23 23 22 3
23 24 22 2
23 24 23 15
23 24 24 2
24 24 23 2
24 25 23 1
24 25 24 6
25 24 22 1
25 24 24 1
25 25 23 1
25 25 24 4
26 25 23 1
26 26 26 1
26 27 26 1
27 26 24 1
27 26 25 1
27 27 26 1
27 28 27 4
27 28 28 2
27 29 28 1
28 27 27 1
28 28 27 1
28 28 28 1
28 29 28 8
28 29 29 3
29 28 26 1
29 29 29 2
29 30 29 6
29 30 30 9
30 30 30 47
30 31 30 40
30 31 31 13
