32
0 0 0 3
0 1 1 1
1 1 0 13
1 1 1 11
1 2 1 69
1 2 2 2
2 1 1 2
2 2 1 36
2 2 2 64
2 2 3 1
2 3 2 163
2 10 14 1
3 2 2 8
3 3 2 81
3 3 3 54
3 3 4 1
3 4 3 143
3 4 4 8
3 5 3 1
3 5 4 2
3 8 11 1
3 10 15 2
3 11 15 3
3 11 16 1
4 3 1 1
4 3 2 2
4 3 3 1
4 4 2 2
4 4 3 30
4 4 4 86
4 4 5 3
4 5 4 149
4 5 5 7
4 6 3 2
4 6 4 8
4 6 5 18
4 7 5 1
4 7 6 1
4 8 11 2
4 9 13 2
4 10 15 1
4 11 14 1
5 4 2 1
5 4 4 4
5 4 5 3
5 5 4 17
5 5 5 23
5 5 6 2
5 6 4 6
5 6 5 43
5 6 6 13
5 7 4 2
5 7 5 1
5 7 6 2
5 7 7 1
5 7 8 1
5 8 8 1
5 8 10 1
5 8 11 3
5 9 12 1
5 10 12 1
5 10 14 1
5 11 12 1
5 11 14 1
5 12 14 1
6 5 3 3
6 5 5 6
6 6 5 21
6 6 6 15
6 6 7 2
6 7 5 3
6 7 6 22
6 7 7 1
6 8 6 1
6 8 7 3
6 9 12 2
6 10 13 1
6 11 14 3
6 11 15 1
7 4 2 3
7 5 2 10
7 5 3 13
7 5 4 7
7 5 6 1
7 6 4 5
7 6 6 3
7 7 5 2
7 7 6 31
7 7 7 14
7 7 8 2
7 8 6 6
7 8 7 16
7 8 8 5
7 9 8 6
7 9 10 1
7 11 14 1
7 11 15 1
8 4 2 1
8 5 2 61
8 5 3 64
8 5 4 5
8 6 3 9
8 6 4 53
8 6 5 2
8 6 6 1
8 7 4 4
8 7 5 5
8 7 6 4
8 8 6 7
8 8 7 37
8 8 8 25
8 8 9 1
8 8 10 1
8 9 6 1
8 9 7 6
8 9 8 25
8 9 9 3
8 10 8 1
8 10 9 2
8 10 10 2
8 11 14 1
9 3 5 1
9 5 3 8
9 5 6 1
9 6 3 20
9 6 4 7
9 6 7 1
9 7 4 1
9 7 5 11
9 7 6 2
9 7 7 1
9 8 5 1
9 8 6 7
9 8 7 4
9 9 7 1
9 9 8 58
9 9 9 18
9 9 10 1
9 10 8 12
9 10 9 32
9 10 10 7
9 11 9 2
9 11 10 1
9 11 11 1
10 4 6 1
10 4 7 1
10 5 6 1
10 5 7 2
10 6 3 3
10 6 4 3
10 6 7 3
10 7 3 3
10 7 4 19
10 7 5 4
10 8 5 1
10 8 6 5
10 8 7 1
10 8 10 1
10 9 7 2
10 9 8 4
10 9 10 2
10 10 8 3
10 10 9 52
10 10 10 23
10 10 11 1
10 11 9 12
10 11 10 38
10 11 11 7
10 12 9 1
10 12 10 1
10 12 11 2
11 4 6 1
11 5 7 1
11 6 7 1
11 7 4 4
11 7 8 2
11 8 4 3
11 8 5 3
11 8 6 2
11 8 8 1
11 8 10 1
11 9 5 3
11 9 6 3
11 9 7 1
11 9 8 3
11 9 9 5
11 9 10 2
11 10 8 3
11 10 9 8
11 10 10 1
11 11 9 8
11 11 10 72
11 11 11 26
11 11 12 2
11 12 10 16
11 12 11 40
11 12 12 4
11 13 11 1
11 13 12 3
11 13 13 1
11 15 17 1
12 4 8 1
12 5 7 1
12 5 8 1
12 6 8 3
12 7 8 1
12 8 5 1
12 8 10 1
12 9 5 2
12 9 6 6
12 10 6 2
12 10 7 2
12 10 8 4
12 10 10 1
12 10 11 1
12 11 9 1
12 11 10 6
12 11 11 5
12 11 12 2
12 12 10 6
12 12 11 74
12 12 12 15
12 12 13 2
12 13 11 12
12 13 12 57
12 13 13 2
12 14 12 1
12 14 13 2
13 5 8 1
13 6 8 2
13 6 9 1
13 10 6 12
13 10 7 20
13 11 7 13
13 11 8 4
13 11 9 4
13 11 10 1
13 11 11 1
13 11 12 2
13 12 10 8
13 12 11 9
13 12 12 5
13 12 13 1
13 13 11 7
13 13 12 121
13 13 13 68
13 13 14 2
13 14 12 7
13 14 13 51
13 14 14 4
13 15 13 4
13 15 14 5
13 15 15 1
14 5 8 1
14 7 10 1
14 11 7 11
14 11 8 27
14 11 9 2
14 11 12 1
14 12 8 8
14 12 9 3
14 12 10 4
14 12 12 1
14 12 13 1
14 13 11 4
14 13 12 7
14 13 13 7
14 14 11 1
14 14 12 1
14 14 13 126
14 14 14 54
14 14 15 4
14 15 13 18
14 15 14 47
14 15 15 10
14 16 15 1
15 11 8 1
15 12 8 25
15 12 9 18
15 13 9 10
15 13 10 1
15 13 11 5
15 13 14 2
15 14 11 2
15 14 12 7
15 14 13 14
15 14 14 10
15 14 15 1
15 15 12 1
15 15 13 7
15 15 14 128
15 15 15 48
15 15 16 1
15 16 14 18
15 16 15 127
15 16 16 6
15 17 16 2
15 17 17 1
16 12 9 1
16 13 10 5
16 13 13 1
16 14 10 8
16 14 11 1
16 14 12 3
16 14 13 3
16 14 14 2
16 15 12 2
16 15 13 8
16 15 14 32
16 15 15 4
16 15 16 1
16 16 12 2
16 16 13 1
16 16 14 36
16 16 15 190
16 16 16 34
16 16 17 1
16 17 15 10
16 17 16 132
16 17 17 13
17 14 10 1
17 14 11 3
17 14 12 1
17 15 12 5
17 15 13 2
17 15 14 3
17 16 14 12
17 16 15 8
17 16 16 3
17 17 13 1
17 17 14 2
17 17 15 10
17 17 16 146
17 17 17 67
17 17 18 5
17 18 16 1
17 18 17 147
17 18 18 8
17 18 19 1
17 19 18 2
18 15 12 3
18 16 12 4
18 16 13 3
18 16 14 1
18 16 15 2
18 17 11 1
18 17 12 1
18 17 14 1
18 17 15 7
18 17 16 12
18 17 18 1
18 18 16 7
18 18 17 142
18 18 18 56
18 18 19 1
18 19 17 10
18 19 18 189
18 19 19 13
18 20 19 1
19 16 13 3
19 16 15 1
19 17 13 1
19 17 14 5
19 17 16 5
19 17 17 1
19 18 11 1
19 18 12 1
19 18 15 4
19 18 16 4
19 18 17 10
19 18 18 6
19 19 17 10
19 19 18 214
19 19 19 87
19 19 20 4
19 20 18 12
19 20 19 335
19 20 20 17
19 21 19 1
19 21 20 7
20 17 14 1
20 18 16 1
20 18 17 3
20 19 13 1
20 19 14 1
20 19 16 1
20 19 17 5
20 19 18 3
20 19 19 3
20 19 20 2
20 20 13 1
20 20 16 1
20 20 17 1
20 20 18 6
20 20 19 65
20 20 20 30
20 20 21 1
20 21 19 12
20 21 20 278
20 21 21 40
20 21 22 2
20 22 21 19
20 22 22 1
21 18 15 1
21 19 16 7
21 19 17 2
21 19 18 1
21 19 19 1
21 20 12 1
21 20 14 1
21 20 17 3
21 20 18 2
21 20 19 1
21 20 20 2
21 21 13 2
21 21 19 1
21 21 20 42
21 21 21 29
21 21 22 8
21 22 20 1
21 22 21 177
21 22 22 137
21 22 23 2
21 23 22 12
21 23 23 2
22 20 17 9
22 20 18 8
22 20 19 1
22 20 20 2
22 21 13 2
22 21 15 1
22 21 17 1
22 21 18 5
22 21 19 6
22 21 20 1
22 21 21 1
22 22 20 1
22 22 21 31
22 22 22 101
22 22 23 19
22 23 22 310
22 23 23 135
22 23 24 4
22 24 23 16
22 24 24 5
23 19 18 1
23 20 17 26
23 20 18 5
23 21 17 17
23 21 18 56
23 21 19 16
23 21 20 1
23 22 19 8
23 22 20 5
23 22 21 4
23 22 22 4
23 22 23 2
23 23 21 1
23 23 22 25
23 23 23 157
23 23 24 10
23 24 23 128
23 24 24 181
23 24 25 17
23 25 24 8
23 25 25 12
24 21 17 5
24 21 18 7
24 21 19 1
24 22 18 1
24 22 19 14
24 22 20 22
24 22 23 1
24 23 11 1
24 23 15 1
24 23 20 10
24 23 21 8
24 23 22 3
24 23 23 5
24 24 13 1
24 24 18 1
24 24 22 2
24 24 23 11
24 24 24 120
24 24 25 8
24 25 24 142
24 25 25 301
24 25 26 11
24 26 25 4
24 26 26 8
25 23 12 1
25 23 20 6
25 23 21 22
25 23 22 7
25 24 15 1
25 24 16 1
25 24 21 1
25 24 22 15
25 24 23 10
25 24 24 2
25 24 25 1
25 25 23 3
25 25 24 8
25 25 25 133
25 25 26 12
25 26 25 49
25 26 26 79
25 26 27 2
25 27 26 2
25 27 27 8
26 24 14 1
26 24 22 36
26 24 23 1
26 25 14 1
26 25 15 2
26 25 16 1
26 25 22 5
26 25 23 24
26 25 24 5
26 25 25 3
26 25 26 2
26 26 17 4
26 26 23 1
26 26 25 1
26 26 26 53
26 26 27 15
26 27 26 18
26 27 27 59
26 27 28 11
26 28 27 3
26 28 28 8
27 25 22 1
27 25 23 22
27 25 24 2
27 26 15 1
27 26 17 1
27 26 18 1
27 26 20 2
27 26 23 3
27 26 24 8
27 26 25 2
27 26 26 3
27 26 27 2
27 27 20 1
27 27 22 1
27 27 26 5
27 27 27 41
27 27 28 10
27 28 27 7
27 28 28 28
27 28 29 6
27 29 28 1
27 29 29 3
28 26 23 1
28 26 24 13
28 26 25 1
28 27 17 1
28 27 24 1
28 27 25 3
28 27 26 3
28 28 24 1
28 28 27 9
28 28 28 29
28 28 29 13
28 29 28 9
28 29 29 58
28 29 30 29
28 30 29 1
28 30 30 1
29 27 24 2
29 27 25 2
29 28 19 1
29 28 25 1
29 28 26 4
29 28 27 1
29 28 28 4
29 28 29 3
29 29 19 1
29 29 20 1
29 29 25 1
29 29 26 1
29 29 28 5
29 29 29 40
29 29 30 47
29 30 29 20
29 30 30 237
29 30 31 8
29 31 30 2
30 29 26 11
30 29 27 4
30 29 28 2
30 29 29 3
30 30 22 1
30 30 27 3
30 30 28 15
30 30 29 12
30 30 30 615
30 30 31 46
30 31 29 15
30 31 30 240
30 31 31 42
31 30 28 2
31 30 29 2
31 30 30 4
31 30 31 1
31 31 29 4
