32
0 0 0 8
0 1 0 2
0 1 1 1
1 1 0 22
1 1 1 6
1 1 2 1
1 2 1 74
1 2 2 3
2 2 1 48
2 2 2 44
2 3 1 1
2 3 2 158
2 3 3 2
2 8 12 1
2 11 16 1
3 2 2 5
3 2 3 1
3 3 1 2
3 3 2 89
3 3 3 62
3 4 3 133
3 4 4 9
3 5 4 1
3 8 11 1
3 11 16 1
3 12 16 1
4 3 2 1
4 3 3 3
4 4 3 25
4 4 4 82
4 4 5 2
4 5 3 2
4 5 4 147
4 5 5 10
4 6 3 1
4 6 4 10
4 6 5 13
4 7 8 1
4 7 11 1
4 8 9 1
4 8 11 1
4 10 14 2
4 11 16 1
4 12 16 1
5 4 2 1
5 4 5 2
5 5 4 17
5 5 5 32
5 6 4 7
5 6 5 48
5 6 6 24
5 7 5 1
5 7 7 1
5 8 8 1
5 8 9 1
5 8 10 1
5 8 11 1
5 10 13 1
5 10 14 1
5 11 14 1
5 11 15 1
6 4 3 2
6 5 3 3
6 5 4 1
6 6 4 1
6 6 5 23
6 6 6 13
6 6 7 1
6 7 5 5
6 7 6 16
6 7 7 8
6 8 6 1
6 8 7 3
6 9 12 1
6 11 14 1
6 11 15 1
6 12 15 1
7 4 2 3
7 4 5 1
7 5 2 13
7 5 3 12
7 5 4 4
7 6 4 3
7 6 5 2
7 6 6 1
7 7 5 2
7 7 6 28
7 7 7 13
7 7 8 2
7 8 6 6
7 8 7 26
7 8 8 5
7 9 8 3
7 10 7 1
7 11 14 3
7 12 15 1
8 4 2 3
8 5 2 104
8 5 3 49
8 5 4 1
8 5 6 1
8 6 3 21
8 6 4 45
8 7 4 3
8 7 5 6
8 7 6 3
8 7 7 3
8 8 6 3
8 8 7 37
8 8 8 13
8 8 9 1
8 9 7 9
8 9 8 25
8 9 9 4
8 9 10 1
8 9 12 1
8 10 8 1
8 10 9 3
8 10 11 1
8 11 15 1
9 4 6 1
9 5 3 4
9 5 6 1
9 6 3 25
9 6 4 4
9 6 5 1
9 6 7 1
9 7 4 1
9 7 5 5
9 7 6 4
9 7 8 1
9 8 5 1
9 8 6 7
9 8 7 4
9 8 8 3
9 9 7 3
9 9 8 53
9 9 9 12
9 10 8 6
9 10 9 31
9 10 10 1
9 11 8 1
9 11 9 2
9 11 10 3
9 11 11 1
9 15 18 1
10 4 6 1
10 5 7 2
10 6 3 2
10 6 4 1
10 6 7 3
10 7 4 24
10 7 5 2
10 7 6 1
10 8 5 2
10 8 6 6
10 8 7 5
10 8 8 1
10 8 10 1
10 9 7 3
10 9 8 6
10 9 9 2
10 9 10 1
10 10 8 3
10 10 9 64
10 10 10 18
10 10 11 2
10 11 9 20
10 11 10 25
10 11 11 7
10 11 12 1
10 12 9 2
10 12 11 4
10 13 11 1
11 5 8 2
11 6 7 3
11 6 8 1
11 7 4 4
11 7 8 3
11 8 4 6
11 8 5 2
11 8 6 1
11 8 8 2
11 9 6 4
11 9 7 7
11 9 8 5
11 9 10 2
11 10 7 1
11 10 8 6
11 10 9 14
11 10 10 2
11 10 12 1
11 11 9 9
11 11 10 75
11 11 11 21
11 11 12 2
11 12 10 6
11 12 11 34
11 12 12 3
11 12 13 1
11 13 12 3
12 5 7 1
12 6 7 1
12 6 8 1
12 8 5 1
12 9 5 2
12 9 6 7
12 9 7 2
12 10 6 8
12 10 7 2
12 10 8 4
12 10 9 2
12 10 10 2
12 10 11 2
12 11 9 1
12 11 10 14
12 11 11 3
12 11 12 1
12 12 10 11
12 12 11 56
12 12 12 25
12 12 13 1
12 13 11 7
12 13 12 44
12 13 13 6
12 14 12 1
12 14 13 3
13 9 6 1
13 9 11 2
13 10 6 13
13 10 7 22
13 10 12 1
13 11 6 1
13 11 7 15
13 11 8 4
13 11 9 4
13 11 10 1
13 11 12 1
13 12 9 2
13 12 10 6
13 12 11 10
13 12 12 6
13 12 13 1
13 13 11 3
13 13 12 74
13 13 13 73
13 14 12 7
13 14 13 50
13 14 14 7
13 15 13 2
13 15 14 2
14 9 10 1
14 10 7 1
14 11 7 10
14 11 8 14
14 11 9 1
14 11 13 1
14 12 8 15
14 12 9 5
14 12 10 1
14 12 13 3
14 13 9 1
14 13 10 1
14 13 11 2
14 13 12 10
14 13 13 22
14 14 8 1
14 14 10 1
14 14 12 3
14 14 13 100
14 14 14 53
14 14 15 1
14 15 13 9
14 15 14 35
14 15 15 12
14 16 14 2
14 16 16 1
14 17 16 1
15 11 11 1
15 11 12 1
15 12 8 30
15 12 9 21
15 12 10 1
15 12 12 1
15 13 9 10
15 13 10 11
15 13 11 2
15 13 12 3
15 13 13 1
15 14 12 8
15 14 13 10
15 14 14 11
15 15 13 4
15 15 14 109
15 15 15 37
15 15 16 1
15 16 14 11
15 16 15 106
15 16 16 5
15 17 15 1
15 17 17 1
16 13 9 1
16 13 10 6
16 14 10 1
16 14 11 3
16 14 12 3
16 14 13 1
16 14 14 1
16 15 11 1
16 15 12 3
16 15 13 10
16 15 14 29
16 15 15 3
16 16 10 1
16 16 12 1
16 16 13 1
16 16 14 31
16 16 15 147
16 16 16 37
16 16 17 1
16 17 15 7
16 17 16 125
16 17 17 6
16 17 18 1
16 18 17 1
17 14 11 2
17 15 12 4
17 15 13 3
17 15 14 2
17 15 15 1
17 15 16 1
17 16 9 1
17 16 12 1
17 16 13 1
17 16 14 6
17 16 15 9
17 16 16 2
17 17 15 9
17 17 16 128
17 17 17 63
17 17 18 5
17 18 16 3
17 18 17 114
17 18 18 9
17 18 19 1
17 19 18 4
18 15 12 1
18 16 12 1
18 16 13 1
18 16 14 1
18 16 15 1
18 17 13 2
18 17 14 5
18 17 15 14
18 17 16 9
18 17 17 4
18 18 11 1
18 18 15 1
18 18 16 6
18 18 17 100
18 18 18 48
18 18 19 5
18 19 17 19
18 19 18 149
18 19 19 10
18 20 19 1
19 16 13 1
19 16 14 2
19 17 9 1
19 17 13 1
19 17 14 3
19 17 15 1
19 18 15 1
19 18 16 3
19 18 17 7
19 18 18 13
19 18 19 2
19 19 11 1
19 19 13 1
19 19 17 9
19 19 18 158
19 19 19 53
19 19 20 2
19 20 18 12
19 20 19 273
19 20 20 7
19 20 21 1
19 21 19 1
19 21 20 4
20 18 9 1
20 18 16 3
20 19 11 1
20 19 12 1
20 19 16 2
20 19 17 3
20 19 18 5
20 19 19 1
20 19 20 1
20 20 16 1
20 20 18 10
20 20 19 54
20 20 20 33
20 21 19 4
20 21 20 267
20 21 21 40
20 21 22 1
20 22 20 1
20 22 21 16
21 19 16 1
21 19 17 2
21 19 19 4
21 20 12 1
21 20 13 2
21 20 18 3
21 20 19 3
21 20 20 1
21 20 21 1
21 21 13 1
21 21 19 3
21 21 20 30
21 21 21 25
21 21 22 8
21 22 20 4
21 22 21 173
21 22 22 107
21 22 23 2
21 23 22 12
22 19 13 1
22 20 14 1
22 20 17 4
22 20 18 7
22 20 19 2
22 20 20 1
22 21 10 1
22 21 16 1
22 21 18 5
22 21 19 5
22 21 20 4
22 21 21 3
22 22 14 1
22 22 18 1
22 22 21 27
22 22 22 123
22 22 23 20
22 23 22 398
22 23 23 130
22 23 24 11
22 24 23 18
22 24 24 5
22 25 24 1
23 19 21 1
23 20 17 18
23 20 18 4
23 21 10 1
23 21 17 23
23 21 18 75
23 21 19 25
23 21 21 1
23 21 22 1
23 22 11 1
23 22 12 1
23 22 16 1
23 22 19 6
23 22 20 5
23 22 21 4
23 22 22 2
23 23 16 1
23 23 22 22
23 23 23 200
23 23 24 15
23 24 23 125
23 24 24 191
23 24 25 17
23 25 24 10
23 25 25 8
24 21 17 6
24 21 18 15
24 21 19 1
24 22 11 1
24 22 12 1
24 22 14 1
24 22 18 1
24 22 19 9
24 22 20 25
24 22 21 3
24 23 13 1
24 23 14 1
24 23 20 3
24 23 21 4
24 23 22 3
24 23 23 5
24 23 24 2
24 24 20 1
24 24 22 2
24 24 23 7
24 24 24 123
24 24 25 12
24 25 24 109
24 25 25 298
24 25 26 18
24 26 25 13
24 26 26 14
25 19 15 1
25 23 12 1
25 23 20 5
25 23 21 29
25 23 22 4
25 24 14 1
25 24 16 2
25 24 22 26
25 24 23 5
25 24 24 2
25 24 25 1
25 25 24 4
25 25 25 157
25 25 26 16
25 25 27 1
25 26 25 25
25 26 26 100
25 26 27 4
25 27 26 2
25 27 27 2
26 24 13 2
26 24 14 1
26 24 22 41
26 24 23 7
26 25 13 1
26 25 14 1
26 25 15 1
26 25 22 4
26 25 23 25
26 25 24 6
26 25 25 2
26 25 26 1
26 26 16 1
26 26 17 1
26 26 18 2
26 26 24 1
26 26 25 7
26 26 26 49
26 26 27 21
26 27 26 10
26 27 27 54
26 27 28 7
26 28 28 13
27 25 14 1
27 25 23 31
27 25 24 5
27 25 25 1
27 26 15 1
27 26 16 2
27 26 17 1
27 26 19 2
27 26 23 2
27 26 24 13
27 26 25 3
27 26 26 5
27 27 18 1
27 27 20 2
27 27 21 1
27 27 26 3
27 27 27 33
27 27 28 10
27 28 27 5
27 28 28 32
27 28 29 8
27 29 28 1
27 29 29 1
28 26 24 12
28 26 25 2
28 27 19 1
28 27 22 1
28 27 24 1
28 27 25 2
28 27 26 3
28 27 27 3
28 27 28 1
28 28 23 1
28 28 24 1
28 28 27 4
28 28 28 27
28 28 29 12
28 29 28 5
28 29 29 57
28 29 30 25
29 27 25 5
29 27 26 1
29 28 20 1
29 28 25 2
29 28 26 5
29 28 27 1
29 28 28 1
29 28 29 1
29 29 19 1
29 29 25 2
29 29 27 3
29 29 28 4
29 29 29 42
29 29 30 45
29 30 29 11
29 30 30 237
29 30 31 7
29 31 30 3
30 28 26 2
30 28 27 1
30 29 26 2
30 29 27 6
30 29 28 1
30 29 29 5
30 30 23 1
30 30 27 5
30 30 28 6
30 30 29 17
30 30 30 617
30 30 31 40
30 31 29 4
30 31 30 246
30 31 31 43
31 30 28 3
31 30 29 2
31 30 30 4
31 31 29 1
