32
0 0 0 5
0 1 0 2
1 1 0 14
1 1 1 9
1 2 1 83
1 2 2 1
2 1 1 1
2 1 2 1
2 2 0 1
2 2 1 31
2 2 2 49
2 3 1 1
2 3 2 123
2 8 12 2
2 8 13 1
3 2 2 5
3 3 1 1
3 3 2 108
3 3 3 56
3 4 2 1
3 4 3 134
3 4 4 10
3 5 4 4
3 8 11 1
3 8 12 1
3 9 12 1
3 11 16 3
3 12 16 1
4 3 1 2
4 3 2 1
4 4 3 24
4 4 4 71
4 5 3 1
4 5 4 149
4 5 5 16
4 6 3 3
4 6 4 8
4 6 5 14
4 6 6 1
4 7 5 1
4 9 11 1
4 10 13 1
4 11 15 2
4 12 17 1
5 4 2 2
5 4 3 1
5 4 5 1
5 5 4 21
5 5 5 27
5 5 6 5
5 6 4 7
5 6 5 45
5 6 6 24
5 7 4 1
5 7 5 1
5 7 6 6
5 7 7 1
5 7 8 1
5 8 8 1
5 8 10 1
5 8 11 1
5 9 11 1
5 10 13 1
5 11 13 1
5 11 14 2
5 11 15 2
5 12 15 1
5 13 15 1
6 4 2 1
6 5 3 1
6 5 4 1
6 5 5 6
6 5 6 3
6 6 4 1
6 6 5 18
6 6 6 12
6 7 5 3
6 7 6 18
6 7 7 3
6 9 10 1
6 10 13 2
6 11 14 1
6 11 15 2
6 12 15 1
6 12 16 1
7 4 2 2
7 5 2 16
7 5 3 12
7 5 4 6
7 6 4 2
7 6 5 1
7 7 5 4
7 7 6 18
7 7 7 14
7 8 6 11
7 8 7 18
7 8 8 3
7 9 8 3
7 10 7 1
7 10 13 1
7 11 13 1
7 12 14 1
8 4 2 1
8 5 2 85
8 5 3 45
8 6 3 18
8 6 4 56
8 6 5 2
8 7 4 1
8 7 5 8
8 7 7 2
8 7 8 2
8 8 6 8
8 8 7 55
8 8 8 14
8 8 9 1
8 9 7 9
8 9 8 22
8 9 9 1
8 10 10 2
9 4 5 1
9 4 6 1
9 5 3 7
9 6 3 18
9 6 4 5
9 7 4 6
9 7 5 7
9 7 6 1
9 7 7 1
9 8 5 1
9 8 6 4
9 8 7 4
9 8 8 3
9 9 7 1
9 9 8 54
9 9 9 9
9 9 11 1
9 10 8 9
9 10 9 34
9 10 10 9
9 11 9 1
9 11 10 4
9 11 11 2
10 4 6 1
10 4 7 1
10 5 7 2
10 6 3 5
10 6 4 2
10 6 7 5
10 7 3 3
10 7 4 18
10 7 5 1
10 8 5 1
10 8 6 8
10 8 8 3
10 8 9 1
10 9 7 6
10 9 8 7
10 9 9 2
10 10 8 3
10 10 9 52
10 10 10 7
10 10 11 1
10 11 9 22
10 11 10 32
10 11 11 8
10 12 9 1
10 12 11 3
11 5 7 2
11 6 7 3
11 7 4 7
11 7 8 3
11 8 4 1
11 8 5 3
11 8 6 2
11 9 6 4
11 9 7 6
11 9 8 4
11 9 9 1
11 9 10 1
11 10 7 1
11 10 8 4
11 10 9 9
11 10 10 5
11 11 9 9
11 11 10 58
11 11 11 18
11 12 10 15
11 12 11 30
11 12 12 5
11 13 11 3
11 13 12 4
11 14 17 1
12 5 7 1
12 5 8 1
12 7 8 1
12 7 9 1
12 8 5 1
12 9 5 4
12 9 6 4
12 9 7 3
12 9 8 1
12 10 6 6
12 10 7 4
12 10 8 2
12 10 9 1
12 10 11 4
12 11 9 3
12 11 10 12
12 11 11 5
12 11 12 3
12 12 10 6
12 12 11 62
12 12 12 19
12 12 13 1
12 13 11 8
12 13 12 43
12 13 13 8
12 14 13 3
12 14 14 1
13 5 8 3
13 6 8 2
13 9 11 1
13 10 6 20
13 10 7 20
13 10 12 1
13 11 7 19
13 11 8 2
13 11 9 5
13 11 10 1
13 11 11 2
13 11 12 2
13 12 9 3
13 12 10 6
13 12 11 8
13 12 12 3
13 12 13 3
13 13 11 7
13 13 12 97
13 13 13 71
13 13 14 2
13 14 12 10
13 14 13 44
13 14 14 8
13 15 13 2
14 9 9 1
14 11 7 10
14 11 8 18
14 11 9 1
14 12 7 1
14 12 8 14
14 12 9 6
14 12 10 6
14 12 11 1
14 12 12 1
14 13 11 2
14 13 12 8
14 13 13 19
14 14 10 1
14 14 11 1
14 14 12 1
14 14 13 143
14 14 14 50
14 14 15 3
14 15 13 5
14 15 14 49
14 15 15 10
14 16 14 2
14 16 15 3
15 6 9 1
15 11 8 3
15 12 8 32
15 12 9 21
15 12 10 1
15 13 9 7
15 13 10 7
15 13 11 4
15 13 12 2
15 13 13 3
15 13 14 1
15 14 11 3
15 14 12 6
15 14 13 11
15 14 14 4
15 15 13 9
15 15 14 122
15 15 15 40
15 15 16 1
15 16 14 21
15 16 15 96
15 16 16 8
15 16 17 1
15 17 16 1
15 17 17 2
16 6 9 1
16 13 9 2
16 13 10 4
16 13 13 1
16 14 10 5
16 14 11 1
16 14 12 4
16 14 13 8
16 15 10 1
16 15 12 2
16 15 13 14
16 15 14 33
16 15 15 5
16 16 14 60
16 16 15 161
16 16 16 35
16 16 17 2
16 17 15 13
16 17 16 121
16 17 17 7
16 18 17 1
16 19 18 1
17 14 12 2
17 15 12 2
17 15 13 3
17 15 14 2
17 15 15 2
17 16 13 2
17 16 14 10
17 16 15 8
17 16 16 1
17 16 17 2
17 17 14 1
17 17 15 15
17 17 16 148
17 17 17 58
17 17 18 2
17 18 16 6
17 18 17 112
17 18 18 8
17 18 19 1
17 19 17 2
17 19 18 3
18 16 12 1
18 16 13 3
18 17 12 1
18 17 13 1
18 17 15 5
18 17 16 6
18 17 17 1
18 17 18 1
18 18 11 1
18 18 13 1
18 18 16 10
18 18 17 129
18 18 18 36
18 18 19 3
18 19 16 1
18 19 17 16
18 19 18 179
18 19 19 11
18 20 19 2
18 21 19 1
19 16 15 1
19 17 13 1
19 17 14 5
19 17 15 1
19 17 16 2
19 17 17 1
19 18 15 1
19 18 16 3
19 18 17 11
19 18 18 10
19 19 11 2
19 19 17 13
19 19 18 201
19 19 19 49
19 19 20 6
19 20 18 16
19 20 19 284
19 20 20 12
19 21 19 1
19 21 20 1
19 21 23 1
20 17 14 1
20 17 15 1
20 18 9 2
20 18 12 1
20 18 15 2
20 18 16 2
20 18 17 1
20 19 10 1
20 19 11 2
20 19 13 2
20 19 14 1
20 19 17 1
20 19 18 4
20 19 19 2
20 20 17 1
20 20 18 6
20 20 19 69
20 20 20 21
20 20 21 2
20 21 19 10
20 21 20 270
20 21 21 31
20 22 20 2
20 22 21 15
20 22 22 1
21 18 16 1
21 19 16 4
21 19 17 2
21 19 19 1
21 20 11 1
21 20 12 1
21 20 14 1
21 20 19 2
21 20 20 3
21 20 21 3
21 21 19 3
21 21 20 42
21 21 21 32
21 21 22 11
21 22 20 3
21 22 21 158
21 22 22 109
21 22 23 3
21 23 22 6
21 23 23 2
22 19 19 1
22 20 17 3
22 20 18 4
22 20 19 1
22 21 13 2
22 21 17 1
22 21 18 6
22 21 19 3
22 21 20 1
22 21 21 1
22 21 22 1
22 22 15 1
22 22 19 1
22 22 20 1
22 22 21 25
22 22 22 101
22 22 23 18
22 23 22 376
22 23 23 127
22 23 24 5
22 24 23 19
22 24 24 7
23 20 17 26
23 20 18 4
23 20 19 1
23 21 10 1
23 21 17 11
23 21 18 69
23 21 19 17
23 21 20 1
23 22 12 1
23 22 13 1
23 22 16 1
23 22 17 1
23 22 18 2
23 22 19 11
23 22 20 4
23 22 21 1
23 22 22 2
23 22 23 1
23 23 14 1
23 23 17 1
23 23 21 1
23 23 22 30
23 23 23 154
23 23 24 13
23 24 23 115
23 24 24 178
23 24 25 19
23 25 24 10
23 25 25 11
24 21 13 1
24 21 17 7
24 21 18 18
24 22 11 2
24 22 19 9
24 22 20 18
24 22 21 2
24 23 13 1
24 23 15 1
24 23 16 1
24 23 20 5
24 23 21 10
24 23 22 2
24 23 23 4
24 24 22 4
24 24 23 10
24 24 24 102
24 24 25 10
24 25 24 112
24 25 25 313
24 25 26 17
24 26 25 8
24 26 26 10
25 19 14 1
25 22 21 1
25 23 12 1
25 23 13 2
25 23 20 7
25 23 21 27
25 23 22 1
25 24 13 1
25 24 14 1
25 24 15 2
25 24 21 3
25 24 22 23
25 24 23 6
25 24 24 2
25 25 21 1
25 25 23 2
25 25 24 7
25 25 25 144
25 25 26 17
25 26 25 30
25 26 26 97
25 26 27 2
25 27 26 1
25 27 27 7
26 24 12 1
26 24 22 42
26 24 23 5
26 25 13 2
26 25 16 1
26 25 17 1
26 25 22 4
26 25 23 26
26 25 24 7
26 25 25 3
26 25 26 1
26 26 14 1
26 26 17 1
26 26 18 1
26 26 19 2
26 26 23 1
26 26 24 1
26 26 25 4
26 26 26 47
26 26 27 13
26 27 26 9
26 27 27 47
26 27 28 9
26 28 28 12
27 25 15 1
27 25 22 1
27 25 23 26
27 25 24 5
27 25 26 1
27 26 15 2
27 26 17 2
27 26 21 1
27 26 23 6
27 26 24 12
27 26 25 6
27 26 26 4
27 27 17 1
27 27 20 1
27 27 25 1
27 27 26 6
27 27 27 27
27 27 28 8
27 28 27 6
27 28 28 36
27 28 29 7
27 29 29 1
28 26 24 8
28 26 25 3
28 27 19 1
28 27 23 1
28 27 24 1
28 27 25 3
28 27 26 4
28 27 27 9
28 28 26 2
28 28 27 2
28 28 28 26
28 28 29 16
28 29 28 1
28 29 29 53
28 29 30 23
28 30 29 2
28 30 30 1
29 27 24 2
29 27 25 4
29 28 20 1
29 28 24 1
29 28 25 1
29 28 26 3
29 28 27 2
29 28 28 2
29 28 29 1
29 29 20 2
29 29 26 1
29 29 27 2
29 29 28 6
29 29 29 41
29 29 30 59
29 30 29 19
29 30 30 219
29 30 31 1
29 31 30 5
30 28 26 1
30 29 21 1
30 29 26 5
30 29 27 11
30 29 28 1
30 29 29 2
30 30 25 1
30 30 27 4
30 30 28 9
30 30 29 16
30 30 30 669
30 30 31 38
30 31 29 7
30 31 30 234
30 31 31 46
31 30 28 2
31 30 29 2
31 30 30 2
31 30 31 1
