32
0 0 0 2
0 1 0 1
0 1 1 1
1 0 0 1
1 1 0 17
1 2 0 1
1 2 1 78
1 2 2 1
2 1 1 1
2 2 1 33
2 2 2 61
2 2 3 1
2 3 2 143
2 3 3 2
2 8 13 2
3 2 2 3
3 3 1 2
3 3 2 103
3 3 3 49
3 4 3 158
3 4 4 3
3 5 4 3
3 8 12 1
3 11 16 3
3 11 17 1
4 3 2 1
4 3 3 2
4 4 2 2
4 4 3 31
4 4 4 70
4 4 5 1
4 5 3 2
4 5 4 143
4 5 5 9
4 6 3 3
4 6 4 7
4 6 5 17
4 6 6 1
4 8 9 1
4 8 11 2
4 9 13 1
4 11 15 1
4 11 16 1
5 4 2 1
5 4 3 1
5 4 5 1
5 5 4 20
5 5 5 18
5 5 6 3
5 6 4 6
5 6 5 47
5 6 6 19
5 7 4 1
5 7 5 1
5 7 6 7
5 7 7 2
5 8 8 1
5 8 9 1
5 8 10 1
5 8 11 1
5 9 11 1
5 9 12 1
5 10 13 2
5 10 14 1
5 12 17 1
6 4 2 1
6 4 3 1
6 5 3 2
6 5 5 2
6 5 6 2
6 6 4 2
6 6 5 18
6 6 6 12
6 6 7 2
6 7 5 2
6 7 6 10
6 7 7 2
6 8 5 1
6 8 7 2
6 9 10 1
6 11 14 3
6 12 15 1
7 4 2 4
7 4 3 1
7 5 2 10
7 5 3 7
7 5 4 10
7 6 4 2
7 6 5 2
7 6 6 1
7 6 7 1
7 7 5 2
7 7 6 18
7 7 7 12
7 8 6 17
7 8 7 18
7 8 8 6
7 8 11 1
7 9 6 1
7 9 8 4
7 10 13 2
7 11 14 1
7 11 15 1
7 12 15 1
8 4 2 3
8 5 2 66
8 5 3 73
8 6 3 6
8 6 4 63
8 6 5 2
8 7 4 1
8 7 5 5
8 7 6 1
8 7 8 1
8 8 6 5
8 8 7 52
8 8 8 12
8 8 9 2
8 9 7 4
8 9 8 28
8 9 9 3
8 10 7 2
8 10 9 8
8 11 14 2
8 15 18 1
9 4 6 2
9 5 3 7
9 6 3 18
9 6 4 3
9 6 7 2
9 7 4 3
9 7 5 7
9 7 6 1
9 7 7 1
9 8 6 13
9 8 7 5
9 8 8 4
9 9 8 55
9 9 9 5
9 9 10 2
9 9 11 1
9 10 8 10
9 10 9 23
9 10 10 8
9 10 11 1
9 11 10 8
9 11 11 1
10 5 6 1
10 5 7 3
10 6 3 3
10 6 4 3
10 6 7 1
10 7 3 1
10 7 4 20
10 7 5 3
10 8 6 8
10 8 7 4
10 8 8 2
10 8 9 2
10 9 7 3
10 9 8 6
10 9 9 3
10 9 10 1
10 9 11 1
10 10 8 4
10 10 9 58
10 10 10 17
10 10 11 2
10 11 9 20
10 11 10 32
10 11 11 2
10 12 9 1
10 12 11 3
11 4 6 1
11 5 7 3
11 6 7 5
11 6 8 1
11 7 4 7
11 7 8 3
11 8 4 4
11 8 5 2
11 8 6 3
11 8 7 1
11 8 8 1
11 9 5 2
11 9 7 2
11 9 8 4
11 9 9 1
11 10 8 6
11 10 9 13
11 10 10 2
11 10 11 1
11 11 9 12
11 11 10 64
11 11 11 18
11 11 12 2
11 12 10 10
11 12 11 33
11 12 12 4
11 13 12 3
12 4 7 1
12 5 7 1
12 6 7 1
12 6 8 1
12 8 10 1
12 9 5 2
12 9 6 4
12 9 7 1
12 9 11 1
12 10 6 4
12 10 7 4
12 10 8 6
12 10 10 3
12 10 11 3
12 11 9 4
12 11 10 9
12 11 11 3
12 11 12 2
12 12 9 1
12 12 10 11
12 12 11 66
12 12 12 17
12 12 13 5
12 13 11 7
12 13 12 34
12 13 13 7
12 14 12 2
12 14 13 4
12 15 14 1
13 5 8 1
13 6 8 1
13 7 9 1
13 10 6 8
13 10 7 14
13 11 7 9
13 11 8 3
13 11 11 2
13 12 9 1
13 12 10 4
13 12 11 11
13 12 12 2
13 12 13 2
13 13 11 5
13 13 12 86
13 13 13 71
13 13 14 1
13 14 12 6
13 14 13 46
13 14 14 4
13 14 15 1
13 15 13 2
13 15 14 2
14 6 9 1
14 11 7 9
14 11 8 22
14 11 9 1
14 12 8 12
14 12 9 7
14 12 10 4
14 12 11 3
14 12 12 2
14 12 13 1
14 13 9 1
14 13 10 1
14 13 11 2
14 13 12 11
14 13 13 14
14 13 14 2
14 14 11 1
14 14 12 4
14 14 13 125
14 14 14 48
14 14 15 1
14 15 13 5
14 15 14 59
14 15 15 5
14 16 14 2
14 16 15 1
14 16 16 1
15 5 8 1
15 5 9 1
15 10 11 1
15 12 8 28
15 12 9 21
15 12 10 3
15 12 12 1
15 12 13 1
15 13 9 6
15 13 10 6
15 13 11 4
15 13 12 4
15 13 13 3
15 13 14 2
15 14 11 2
15 14 12 2
15 14 13 10
15 14 14 13
15 14 15 1
15 15 11 2
15 15 13 15
15 15 14 123
15 15 15 46
15 15 16 3
15 16 14 10
15 16 15 96
15 16 16 12
15 17 15 1
16 13 9 2
16 13 10 4
16 13 11 2
16 13 13 1
16 14 10 3
16 14 11 7
16 14 12 4
16 14 13 3
16 14 14 1
16 14 15 1
16 15 12 1
16 15 13 8
16 15 14 41
16 15 15 5
16 15 16 1
16 16 12 1
16 16 13 1
16 16 14 36
16 16 15 162
16 16 16 40
16 16 17 2
16 17 15 9
16 17 16 110
16 17 17 6
16 18 20 1
17 14 10 1
17 14 11 5
17 14 12 1
17 15 11 2
17 15 12 5
17 15 13 6
17 15 15 1
17 16 13 2
17 16 14 10
17 16 15 11
17 16 16 1
17 17 12 1
17 17 14 2
17 17 15 14
17 17 16 129
17 17 17 54
17 17 18 2
17 18 16 2
17 18 17 125
17 18 18 9
17 18 19 2
17 19 18 1
17 19 19 1
18 15 12 4
18 15 13 1
18 16 12 3
18 16 13 4
18 16 14 4
18 16 15 3
18 16 17 1
18 17 13 1
18 17 14 2
18 17 15 6
18 17 16 7
18 17 17 1
18 17 18 1
18 18 12 1
18 18 16 5
18 18 17 112
18 18 18 44
18 18 19 1
18 19 17 15
18 19 18 138
18 19 19 11
18 20 18 1
18 20 19 1
19 16 13 2
19 16 15 1
19 16 16 1
19 17 13 3
19 17 14 2
19 17 15 5
19 17 16 1
19 17 17 1
19 18 10 1
19 18 11 1
19 18 12 1
19 18 15 1
19 18 16 3
19 18 17 6
19 18 18 6
19 19 13 1
19 19 17 14
19 19 18 179
19 19 19 43
19 19 20 2
19 20 18 9
19 20 19 283
19 20 20 15
19 21 19 5
19 21 20 8
19 21 21 2
20 17 14 3
20 18 14 1
20 18 15 2
20 18 16 7
20 18 17 1
20 19 11 1
20 19 13 1
20 19 16 1
20 19 17 3
20 19 18 8
20 19 19 4
20 20 14 1
20 20 18 2
20 20 19 65
20 20 20 21
20 20 21 5
20 21 19 10
20 21 20 246
20 21 21 31
20 22 21 10
21 19 13 1
21 19 16 5
21 19 17 1
21 19 19 1
21 20 14 1
21 20 17 3
21 20 18 4
21 20 19 5
21 20 20 2
21 21 13 1
21 21 18 1
21 21 19 2
21 21 20 33
21 21 21 32
21 21 22 7
21 22 20 1
21 22 21 151
21 22 22 109
21 22 23 1
21 23 22 12
21 23 23 1
22 20 13 1
22 20 17 4
22 20 18 3
22 20 19 1
22 21 13 2
22 21 15 1
22 21 17 1
22 21 18 6
22 21 19 4
22 21 20 2
22 21 21 1
22 22 20 2
22 22 21 24
22 22 22 115
22 22 23 13
22 23 22 345
22 23 23 143
22 23 24 7
22 24 23 16
22 24 24 10
23 20 17 10
23 20 18 2
23 21 17 14
23 21 18 63
23 21 19 15
23 22 19 10
23 22 20 5
23 22 22 1
23 22 23 2
23 23 18 1
23 23 21 1
23 23 22 28
23 23 23 184
23 23 24 9
23 24 22 1
23 24 23 133
23 24 24 214
23 24 25 16
23 25 24 13
23 25 25 3
24 21 17 4
24 21 18 15
24 21 19 1
24 22 19 7
24 22 20 20
24 22 21 2
24 23 15 1
24 23 20 9
24 23 21 5
24 23 22 7
24 23 23 6
24 23 24 1
24 24 18 1
24 24 22 1
24 24 23 9
24 24 24 104
24 24 25 11
24 25 24 126
24 25 25 324
24 25 26 22
24 26 25 8
24 26 26 8
25 22 20 1
25 23 13 1
25 23 20 7
25 23 21 25
25 23 22 3
25 24 13 1
25 24 15 1
25 24 16 2
25 24 21 2
25 24 22 22
25 24 23 6
25 24 24 1
25 25 22 1
25 25 24 7
25 25 25 149
25 25 26 13
25 26 25 37
25 26 26 99
25 26 27 6
25 27 27 5
26 24 13 1
26 24 22 42
26 24 23 5
26 25 14 1
26 25 22 5
26 25 23 23
26 25 24 7
26 25 25 2
26 25 26 3
26 26 14 1
26 26 15 1
26 26 17 2
26 26 19 1
26 26 24 1
26 26 25 10
26 26 26 62
26 26 27 16
26 27 26 26
26 27 27 53
26 27 28 19
26 28 28 11
27 25 23 27
27 25 24 5
27 26 15 1
27 26 16 1
27 26 18 1
27 26 19 2
27 26 23 6
27 26 24 8
27 26 25 6
27 26 26 7
27 27 21 1
27 27 25 1
27 27 26 6
27 27 27 41
27 27 28 7
27 28 27 11
27 28 28 34
27 28 29 11
27 29 29 2
28 26 24 11
28 27 19 1
28 27 22 1
28 27 24 2
28 27 25 3
28 27 26 2
28 27 27 5
28 28 23 1
28 28 27 2
28 28 28 29
28 28 29 18
28 29 28 16
28 29 29 57
28 29 30 21
28 30 29 1
29 27 24 1
29 27 25 7
29 27 26 1
29 28 26 5
29 28 27 1
29 28 28 1
29 29 20 1
29 29 27 2
29 29 28 4
29 29 29 37
29 29 30 41
29 30 29 18
29 30 30 214
29 30 31 6
29 31 30 2
30 28 25 1
30 29 22 1
30 29 26 3
30 29 27 4
30 29 28 2
30 29 29 2
30 30 23 1
30 30 27 4
30 30 28 10
30 30 29 19
30 30 30 673
30 30 31 35
30 31 29 5
30 31 30 204
30 31 31 39
31 30 28 2
31 30 29 3
31 30 30 3
31 30 31 1
31 31 29 1
