32
0 0 0 5
0 1 0 3
0 1 1 1
1 1 0 15
1 1 1 8
1 2 1 72
1 2 2 1
2 2 1 34
2 2 2 59
2 2 3 1
2 3 2 143
2 3 3 3
2 8 12 2
2 11 15 1
3 2 2 7
3 3 1 1
3 3 2 105
3 3 3 52
3 4 2 1
3 4 3 148
3 4 4 8
3 5 3 1
3 5 4 2
3 8 11 2
3 11 15 1
3 11 16 2
3 11 17 1
4 2 1 1
4 3 1 1
4 3 2 3
4 3 3 2
4 4 3 32
4 4 4 82
4 5 3 1
4 5 4 167
4 5 5 13
4 6 3 2
4 6 4 5
4 6 5 17
4 6 8 1
4 7 6 2
4 8 10 1
4 8 11 1
4 10 13 1
4 11 15 1
4 12 17 1
5 4 3 1
5 4 4 1
5 4 5 1
5 5 3 1
5 5 4 15
5 5 5 27
5 5 6 1
5 6 4 11
5 6 5 43
5 6 6 24
5 7 6 1
5 7 7 1
5 8 9 2
5 8 10 1
5 8 11 1
5 9 11 1
5 10 13 1
5 10 14 1
5 11 14 2
5 12 15 2
5 13 15 1
6 4 3 2
6 5 3 2
6 5 4 1
6 5 5 3
6 5 6 2
6 6 5 11
6 6 6 9
6 7 5 3
6 7 6 22
6 7 7 2
6 8 7 1
6 10 12 1
6 10 13 1
6 11 14 2
6 12 13 1
6 12 15 1
6 13 17 1
7 4 2 1
7 5 2 11
7 5 3 19
7 5 4 6
7 6 4 1
7 6 5 1
7 6 7 1
7 7 5 3
7 7 6 27
7 7 7 11
7 7 8 1
7 8 6 9
7 8 7 20
7 8 8 3
7 8 9 1
7 9 7 1
7 9 8 2
7 10 13 1
7 11 14 2
7 12 15 1
8 4 2 4
8 5 2 84
8 5 3 52
8 5 4 1
8 5 6 1
8 6 3 28
8 6 4 32
8 6 5 2
8 6 6 1
8 7 4 2
8 7 5 5
8 7 6 1
8 7 7 3
8 8 5 1
8 8 6 6
8 8 7 50
8 8 8 13
8 8 9 2
8 9 7 5
8 9 8 31
8 9 13 1
8 10 7 2
8 10 9 4
8 11 13 1
8 11 15 1
9 4 5 1
9 4 6 1
9 5 3 7
9 6 3 20
9 6 4 5
9 6 7 2
9 7 4 2
9 7 5 7
9 7 6 1
9 7 8 1
9 8 5 3
9 8 6 7
9 8 7 4
9 8 8 2
9 9 7 6
9 9 8 51
9 9 9 9
9 9 10 1
9 9 11 1
9 10 8 8
9 10 9 24
9 10 10 11
9 11 9 3
9 11 10 3
9 11 11 1
9 12 9 1
10 5 7 1
10 6 3 4
10 6 7 3
10 6 8 1
10 7 3 3
10 7 4 17
10 7 5 3
10 8 5 1
10 8 6 5
10 8 7 2
10 8 8 1
10 9 7 5
10 9 8 9
10 9 9 3
10 9 10 1
10 9 11 1
10 10 8 1
10 10 9 63
10 10 10 15
10 10 11 3
10 11 9 14
10 11 10 49
10 11 11 7
10 12 10 1
10 12 11 2
10 12 12 1
11 4 6 1
11 5 7 2
11 6 7 5
11 6 8 1
11 7 4 8
11 7 8 3
11 8 4 2
11 8 5 3
11 8 6 3
11 8 9 3
11 9 5 1
11 9 6 2
11 9 7 7
11 9 8 2
11 10 8 5
11 10 9 8
11 10 10 3
11 10 11 1
11 11 9 8
11 11 10 63
11 11 11 22
11 11 12 3
11 12 10 12
11 12 11 44
11 12 12 5
11 13 12 3
11 13 13 1
12 5 7 1
12 7 8 1
12 7 9 1
12 9 5 6
12 9 6 4
12 9 8 1
12 9 11 2
12 10 6 4
12 10 7 2
12 10 8 3
12 10 9 2
12 10 10 4
12 10 11 2
12 11 8 1
12 11 9 5
12 11 10 10
12 11 11 4
12 12 10 6
12 12 11 59
12 12 12 16
12 12 13 2
12 13 11 9
12 13 12 46
12 13 13 8
12 14 13 1
12 14 14 1
13 4 8 1
13 5 8 1
13 6 8 1
13 9 9 1
13 10 6 8
13 10 7 6
13 10 8 1
13 11 7 8
13 11 8 2
13 11 9 4
13 12 10 3
13 12 11 10
13 12 12 5
13 12 13 2
13 13 11 6
13 13 12 89
13 13 13 79
13 13 14 3
13 14 12 6
13 14 13 60
13 14 14 6
13 15 13 2
13 15 14 1
14 10 11 1
14 11 7 10
14 11 8 29
14 11 9 1
14 11 11 1
14 12 8 9
14 12 9 2
14 12 10 2
14 12 11 1
14 12 13 1
14 13 7 1
14 13 10 1
14 13 11 4
14 13 12 6
14 13 13 14
14 13 14 1
14 14 8 1
14 14 11 1
14 14 12 6
14 14 13 128
14 14 14 51
14 15 13 9
14 15 14 46
14 15 15 6
14 15 16 1
14 16 15 2
15 5 8 1
15 11 8 2
15 12 8 29
15 12 9 20
15 12 10 1
15 13 9 8
15 13 10 7
15 13 11 2
15 13 12 1
15 13 13 2
15 14 11 3
15 14 12 2
15 14 13 13
15 14 14 5
15 15 11 1
15 15 12 3
15 15 13 7
15 15 14 125
15 15 15 31
15 16 14 13
15 16 15 103
15 16 16 7
15 16 17 1
15 17 14 1
15 17 15 1
16 12 9 1
16 13 9 4
16 13 10 6
16 13 12 1
16 14 10 1
16 14 11 4
16 14 12 5
16 14 13 2
16 14 14 4
16 15 13 10
16 15 14 32
16 15 15 3
16 15 16 1
16 16 10 1
16 16 13 1
16 16 14 62
16 16 15 150
16 16 16 37
16 16 17 1
16 17 15 5
16 17 16 123
16 17 17 12
17 14 10 4
17 14 11 3
17 14 12 1
17 15 11 2
17 15 12 4
17 15 13 7
17 15 14 3
17 16 12 1
17 16 14 9
17 16 15 9
17 16 16 1
17 16 17 2
17 17 14 2
17 17 15 11
17 17 16 140
17 17 17 61
17 17 18 1
17 18 16 9
17 18 17 107
17 18 18 9
17 19 18 3
18 15 12 4
18 16 12 4
18 16 13 2
18 16 14 2
18 16 15 1
18 17 13 1
18 17 14 4
18 17 15 5
18 17 16 10
18 17 17 1
18 18 12 1
18 18 16 5
18 18 17 115
18 18 18 43
18 18 19 3
18 19 17 19
18 19 18 163
18 19 19 11
18 20 18 1
18 20 20 1
19 16 12 1
19 16 13 3
19 17 13 3
19 17 14 6
19 17 15 2
19 17 16 2
19 18 10 1
19 18 11 1
19 18 12 1
19 18 13 1
19 18 15 2
19 18 16 5
19 18 17 7
19 18 18 10
19 19 11 1
19 19 17 8
19 19 18 172
19 19 19 53
19 19 20 6
19 20 18 12
19 20 19 279
19 20 20 16
19 21 19 1
19 21 20 2
19 21 21 1
19 22 21 1
20 17 13 1
20 17 14 2
20 18 14 3
20 18 15 2
20 18 16 2
20 18 17 2
20 19 10 1
20 19 11 1
20 19 14 1
20 19 16 1
20 19 17 3
20 19 18 7
20 19 19 2
20 19 20 1
20 20 13 1
20 20 18 4
20 20 19 58
20 20 20 29
20 20 21 2
20 21 19 6
20 21 20 279
20 21 21 25
20 22 21 13
21 18 15 1
21 19 15 3
21 19 16 5
21 19 17 3
21 20 14 2
21 20 17 2
21 20 18 3
21 20 19 1
21 20 20 4
21 20 21 1
21 21 13 1
21 21 19 1
21 21 20 36
21 21 21 27
21 21 22 10
21 22 20 2
21 22 21 146
21 22 22 94
21 22 23 1
21 23 22 10
21 23 23 1
21 24 23 1
22 19 16 1
22 20 16 1
22 20 17 3
22 20 18 5
22 20 19 1
22 21 13 3
22 21 17 1
22 21 18 2
22 21 19 6
22 21 20 5
22 21 21 2
22 22 18 2
22 22 21 23
22 22 22 110
22 22 23 20
22 23 22 291
22 23 23 125
22 23 24 9
22 24 23 21
22 24 24 6
23 20 17 17
23 20 18 3
23 21 17 18
23 21 18 56
23 21 19 12
23 21 21 2
23 22 14 1
23 22 19 6
23 22 20 3
23 22 21 5
23 22 22 4
23 23 21 1
23 23 22 29
23 23 23 169
23 23 24 13
23 24 23 107
23 24 24 209
23 24 25 20
23 25 24 9
23 25 25 8
24 21 17 5
24 21 18 12
24 21 19 1
24 22 12 1
24 22 18 2
24 22 19 9
24 22 20 24
24 22 21 2
24 22 22 1
24 23 11 1
24 23 14 1
24 23 16 1
24 23 18 1
24 23 20 7
24 23 21 8
24 23 22 2
24 23 23 1
24 24 22 2
24 24 23 12
24 24 24 115
24 24 25 12
24 25 24 109
24 25 25 305
24 25 26 17
24 26 25 12
24 26 26 8
25 23 20 5
25 23 21 19
25 23 22 4
25 24 13 1
25 24 16 1
25 24 21 1
25 24 22 29
25 24 23 7
25 24 25 1
25 25 23 3
25 25 24 8
25 25 25 163
25 25 26 15
25 26 25 47
25 26 26 99
25 26 27 8
25 27 27 3
26 24 22 35
26 24 23 6
26 25 15 1
26 25 16 1
26 25 18 1
26 25 22 5
26 25 23 30
26 25 24 4
26 25 25 2
26 25 26 3
26 26 15 2
26 26 17 3
26 26 19 1
26 26 24 1
26 26 25 4
26 26 26 52
26 26 27 16
26 27 26 44
26 27 27 53
26 27 28 16
26 28 27 1
26 28 28 14
27 25 23 23
27 25 24 6
27 26 15 2
27 26 16 1
27 26 17 1
27 26 18 1
27 26 20 1
27 26 23 6
27 26 24 10
27 26 25 5
27 26 26 2
27 26 27 1
27 27 22 1
27 27 23 1
27 27 25 2
27 27 26 2
27 27 27 53
27 27 28 12
27 28 27 7
27 28 28 39
27 28 29 10
27 29 29 3
28 26 24 13
28 26 25 1
28 26 26 1
28 27 20 1
28 27 22 3
28 27 24 2
28 27 26 1
28 27 27 7
28 28 23 1
28 28 26 3
28 28 27 5
28 28 28 28
28 28 29 9
28 29 28 14
28 29 29 64
28 29 30 14
28 30 28 1
29 27 24 1
29 27 25 9
29 28 25 2
29 28 26 3
29 28 28 3
29 28 29 1
29 29 20 1
29 29 27 2
29 29 28 6
29 29 29 49
29 29 30 45
29 30 21 1
29 30 29 11
29 30 30 243
29 30 31 4
29 31 30 3
30 28 26 2
30 29 23 1
30 29 26 4
30 29 27 3
30 29 28 2
30 29 29 3
30 30 22 1
30 30 27 6
30 30 28 9
30 30 29 17
30 30 30 609
30 30 31 47
30 31 29 7
30 31 30 173
30 31 31 30
31 30 28 3
31 30 29 2
31 30 30 7
31 30 31 1
31 31 29 2
