32
0 0 0 6
0 1 0 3
1 0 0 2
1 1 0 2
1 1 1 6
1 2 0 1
1 2 1 20
2 1 0 3
2 1 1 2
2 2 0 3
2 2 1 45
2 2 2 21
2 3 1 5
2 3 2 129
3 2 0 3
3 2 1 2
3 2 2 1
3 3 1 2
3 3 2 161
3 3 3 36
3 4 2 10
3 4 3 137
3 4 4 4
3 5 4 1
3 5 6 1
3 11 17 2
4 3 2 2
4 3 3 6
4 4 2 3
4 4 3 52
4 4 4 62
4 4 5 2
4 5 4 176
4 5 5 21
4 5 6 2
4 6 4 3
4 6 5 11
4 6 6 2
4 6 7 4
4 10 14 1
4 10 15 1
4 11 16 1
5 4 3 1
5 4 4 5
5 4 5 2
5 5 4 15
5 5 5 17
5 5 6 5
5 6 4 2
5 6 5 10
5 6 6 4
5 7 6 1
5 10 14 1
5 10 15 1
5 11 15 1
5 12 16 1
6 5 2 1
6 5 4 4
6 5 5 4
6 5 6 1
6 6 3 1
6 6 4 3
6 6 5 5
6 6 6 7
6 6 7 2
6 7 6 3
6 7 7 2
6 8 7 1
6 8 8 1
6 9 9 1
6 9 13 1
6 10 13 1
6 10 15 1
7 5 2 1
7 6 3 1
7 6 4 3
7 6 5 3
7 6 6 1
7 7 5 1
7 7 6 3
7 7 7 6
7 7 8 2
7 8 5 1
7 8 6 1
7 8 7 6
7 8 8 4
7 8 9 1
7 9 8 1
7 9 10 1
7 11 15 1
7 12 16 2
8 7 5 4
8 7 6 3
8 7 7 2
8 8 5 5
8 8 6 13
8 8 7 8
8 8 8 7
8 8 9 1
8 9 6 1
8 9 8 5
8 9 9 4
8 10 5 1
8 10 7 1
8 10 9 2
8 10 12 2
8 11 14 4
8 12 14 1
8 12 15 1
9 6 4 1
9 7 3 1
9 8 5 2
9 8 6 3
9 8 7 7
9 8 8 4
9 9 6 3
9 9 7 10
9 9 8 4
9 9 9 12
9 9 10 5
9 9 11 1
9 9 12 1
9 10 6 3
9 10 8 1
9 10 9 4
9 10 10 3
9 10 11 2
9 11 6 1
9 11 8 2
9 11 10 1
9 11 12 1
9 13 16 1
10 7 3 1
10 7 4 1
10 8 5 1
10 9 6 1
10 9 7 1
10 9 8 5
10 9 9 7
10 9 10 1
10 10 8 8
10 10 9 10
10 10 10 5
10 10 11 4
10 11 8 1
10 11 10 8
10 11 11 2
10 11 12 1
10 12 10 1
10 12 11 1
10 12 14 1
11 8 5 1
11 9 5 1
11 9 7 1
11 9 8 1
11 9 10 1
11 10 7 1
11 10 8 5
11 10 9 10
11 10 10 5
11 10 11 1
11 10 12 1
11 11 8 4
11 11 9 12
11 11 10 15
11 11 11 9
11 11 12 4
11 12 9 1
11 12 10 1
11 12 11 9
11 12 13 1
11 13 10 1
11 13 11 1
11 13 12 2
11 13 15 2
12 6 7 2
12 8 8 1
12 8 9 1
12 9 4 2
12 9 5 1
12 10 7 1
12 10 8 1
12 10 9 1
12 10 10 1
12 10 13 1
12 11 8 3
12 11 9 9
12 11 10 7
12 11 11 7
12 11 12 2
12 12 9 4
12 12 10 11
12 12 11 16
12 12 12 15
12 12 13 1
12 13 10 1
12 13 11 2
12 13 12 22
12 13 13 3
12 14 13 1
12 14 15 1
13 8 8 1
13 8 9 2
13 9 5 1
13 9 9 3
13 9 10 1
13 10 5 2
13 10 9 1
13 10 10 3
13 10 11 1
13 10 12 1
13 11 8 2
13 11 9 4
13 11 11 2
13 11 12 1
13 12 9 2
13 12 10 12
13 12 11 8
13 12 12 13
13 12 13 1
13 13 8 1
13 13 9 1
13 13 10 9
13 13 11 19
13 13 12 27
13 13 13 28
13 13 14 1
13 13 15 2
13 14 11 1
13 14 12 2
13 14 13 22
13 14 14 5
13 14 15 2
13 15 14 1
13 15 16 1
13 15 17 1
13 16 18 2
13 16 19 1
14 6 8 1
14 8 9 1
14 8 10 1
14 9 4 1
14 9 10 1
14 9 11 1
14 10 4 1
14 10 5 1
14 10 6 1
14 10 7 2
14 10 10 2
14 11 6 5
14 11 7 10
14 11 9 1
14 11 10 2
14 12 7 3
14 12 8 3
14 12 9 8
14 12 10 1
14 12 11 3
14 12 12 2
14 13 10 2
14 13 11 16
14 13 12 11
14 13 13 4
14 13 14 1
14 14 11 5
14 14 12 10
14 14 13 15
14 14 14 23
14 14 15 2
14 15 12 1
14 15 13 2
14 15 14 13
14 15 15 4
14 15 16 2
14 16 15 1
14 16 16 1
14 16 17 1
14 16 18 1
15 6 9 1
15 9 3 2
15 9 10 1
15 10 3 12
15 10 4 114
15 10 5 2
15 10 10 2
15 11 4 1
15 11 5 3
15 11 6 45
15 11 7 10
15 11 8 1
15 12 6 10
15 12 7 13
15 12 8 81
15 12 9 23
15 12 10 1
15 12 11 2
15 12 13 1
15 13 8 1
15 13 9 8
15 13 10 15
15 13 11 9
15 13 12 27
15 13 13 4
15 14 11 3
15 14 12 41
15 14 13 25
15 14 14 5
15 14 15 1
15 15 12 1
15 15 13 15
15 15 14 27
15 15 15 10
15 15 16 5
15 16 13 1
15 16 14 3
15 16 15 15
15 16 16 6
15 16 17 2
15 17 17 1
15 17 19 2
15 18 20 1
16 7 10 1
16 8 10 1
16 10 4 28
16 11 4 49
16 11 5 24
16 11 6 4
16 11 7 1
16 12 5 1
16 12 6 25
16 12 7 7
16 12 9 1
16 12 12 1
16 12 14 1
16 13 7 1
16 13 8 2
16 13 9 8
16 13 10 7
16 13 11 2
16 13 13 2
16 14 10 2
16 14 11 4
16 14 12 24
16 14 13 30
16 14 14 3
16 14 15 1
16 15 12 4
16 15 13 13
16 15 14 6
16 15 15 8
16 15 16 3
16 16 13 6
16 16 14 9
16 16 15 35
16 16 16 16
16 16 17 3
16 17 14 1
16 17 15 2
16 17 16 20
16 17 17 6
16 17 18 1
16 17 19 1
16 18 16 1
16 18 19 1
16 19 21 2
16 19 22 1
17 11 4 1
17 11 5 3
17 12 5 5
17 12 6 7
17 12 7 3
17 13 7 6
17 13 8 6
17 13 9 3
17 13 11 1
17 14 8 2
17 14 9 2
17 14 10 1
17 14 11 2
17 14 12 1
17 14 14 1
17 15 11 1
17 15 12 7
17 15 13 9
17 15 14 1
17 15 15 1
17 16 8 1
17 16 13 3
17 16 14 16
17 16 15 21
17 16 16 6
17 16 17 2
17 17 14 8
17 17 15 27
17 17 16 25
17 17 17 23
17 17 18 8
17 18 14 2
17 18 15 1
17 18 16 3
17 18 17 20
17 18 18 9
17 18 19 3
17 18 20 3
17 19 18 1
17 19 19 2
17 19 21 2
17 20 22 3
18 8 11 2
18 14 9 2
18 14 10 2
18 15 10 4
18 15 11 1
18 16 12 2
18 16 13 8
18 16 14 1
18 16 16 1
18 16 17 1
18 17 14 4
18 17 15 24
18 17 16 10
18 17 17 3
18 17 18 3
18 17 19 2
18 18 15 6
18 18 16 17
18 18 17 12
18 18 18 16
18 18 19 5
18 19 15 1
18 19 17 2
18 19 18 15
18 19 19 1
18 19 20 1
18 19 21 1
18 20 19 1
18 20 20 1
18 20 22 3
18 20 23 1
18 21 23 2
19 15 10 1
19 16 11 2
19 16 12 4
19 16 13 2
19 17 8 1
19 17 13 1
19 17 14 6
19 17 15 7
19 17 18 1
19 18 10 1
19 18 15 4
19 18 16 28
19 18 17 20
19 18 18 4
19 18 19 4
19 19 16 9
19 19 17 21
19 19 18 11
19 19 19 14
19 19 20 3
19 19 21 1
19 20 18 1
19 20 19 16
19 20 20 12
19 20 21 2
19 21 19 1
19 21 20 2
19 21 21 1
19 21 22 1
19 21 23 1
19 22 23 1
19 22 24 1
19 22 25 1
20 8 11 1
20 14 13 1
20 16 11 1
20 16 12 1
20 17 13 4
20 17 14 4
20 17 16 1
20 18 11 1
20 18 14 4
20 18 15 5
20 18 16 4
20 18 17 5
20 19 12 1
20 19 13 3
20 19 14 1
20 19 16 17
20 19 17 30
20 19 18 5
20 19 19 4
20 19 20 2
20 20 17 13
20 20 18 14
20 20 19 9
20 20 20 13
20 20 21 1
20 21 17 1
20 21 18 1
20 21 19 3
20 21 20 17
20 21 21 9
20 21 22 2
20 22 21 1
20 22 22 2
20 22 23 3
20 22 24 2
20 22 25 2
20 23 26 1
21 11 12 1
21 17 17 1
21 18 14 1
21 18 15 1
21 18 16 1
21 19 8 1
21 19 9 1
21 19 16 8
21 19 17 8
21 19 18 4
21 19 20 1
21 20 12 1
21 20 13 2
21 20 17 23
21 20 18 50
21 20 19 12
21 20 20 2
21 20 21 4
21 20 22 1
21 21 14 1
21 21 18 21
21 21 19 32
21 21 20 5
21 21 21 9
21 21 22 6
21 22 20 2
21 22 21 11
21 22 22 20
21 22 23 5
21 22 24 2
21 23 22 4
21 23 25 1
21 24 26 1
21 24 27 2
22 15 15 1
22 19 16 2
22 19 17 1
22 20 10 2
22 20 11 2
22 20 16 2
22 20 17 9
22 20 18 10
22 20 19 1
22 21 9 2
22 21 12 2
22 21 13 1
22 21 15 1
22 21 17 2
22 21 18 27
22 21 19 52
22 21 20 13
22 21 21 3
22 21 22 2
22 22 13 1
22 22 17 1
22 22 19 11
22 22 20 30
22 22 21 24
22 22 22 39
22 22 23 5
22 22 24 2
22 23 22 40
22 23 23 27
22 23 24 5
22 23 25 2
22 24 23 3
22 24 24 2
22 24 25 6
22 24 26 2
22 24 27 1
22 25 27 3
22 25 28 1
23 20 17 1
23 21 18 5
23 21 19 8
23 22 12 1
23 22 13 1
23 22 15 1
23 22 18 3
23 22 19 13
23 22 20 26
23 22 21 11
23 22 22 8
23 22 23 1
23 22 24 2
23 23 14 1
23 23 17 1
23 23 18 1
23 23 20 5
23 23 21 44
23 23 22 53
23 23 23 74
23 23 24 17
23 23 25 1
23 24 22 2
23 24 23 144
23 24 24 129
23 24 25 35
23 24 26 4
23 25 24 13
23 25 25 50
23 25 26 4
23 25 27 20
23 25 28 21
23 26 25 1
23 26 28 54
23 26 29 36
23 27 29 17
23 27 30 7
24 17 14 1
24 18 13 1
24 21 12 1
24 22 9 1
24 22 12 1
24 22 19 9
24 22 20 21
24 22 21 5
24 22 22 1
24 23 12 1
24 23 13 1
24 23 14 2
24 23 20 19
24 23 21 126
24 23 22 59
24 23 23 4
24 23 24 1
24 24 14 1
24 24 20 1
24 24 21 14
24 24 22 95
24 24 23 132
24 24 24 91
24 24 25 17
24 24 26 1
24 25 23 4
24 25 24 100
24 25 25 123
24 25 26 27
24 25 27 10
24 25 28 2
24 26 25 1
24 26 26 19
24 26 27 16
24 26 28 69
24 26 29 34
24 27 27 1
24 27 28 1
24 27 29 21
24 27 30 21
24 28 30 1
25 15 16 1
25 21 21 1
25 22 20 1
25 22 21 3
25 23 12 1
25 23 21 35
25 23 22 14
25 23 23 1
25 24 13 4
25 24 14 3
25 24 15 2
25 24 20 1
25 24 21 13
25 24 22 281
25 24 23 77
25 24 24 4
25 25 6 1
25 25 16 1
25 25 22 14
25 25 23 122
25 25 24 315
25 25 25 170
25 25 26 5
25 26 24 1
25 26 25 277
25 26 26 89
25 26 27 53
25 26 28 25
25 27 27 29
25 27 28 92
25 27 29 140
25 27 30 1
25 28 27 1
25 28 29 5
25 28 30 6
26 21 19 1
26 21 21 1
26 23 22 1
26 24 14 1
26 24 22 20
26 24 23 13
26 24 25 1
26 25 14 2
26 25 15 2
26 25 17 2
26 25 22 11
26 25 23 184
26 25 24 33
26 25 25 5
26 26 17 2
26 26 18 1
26 26 19 2
26 26 21 1
26 26 23 10
26 26 24 157
26 26 25 80
26 26 26 71
26 26 27 8
26 26 28 3
26 27 26 9
26 27 27 40
26 27 28 8
26 27 29 10
26 28 28 3
26 28 29 7
27 25 23 8
27 25 24 4
27 26 23 2
27 26 24 80
27 26 25 83
27 26 26 18
27 26 27 1
27 27 17 1
27 27 20 1
27 27 21 1
27 27 25 194
27 27 26 42
27 27 27 24
27 27 28 9
27 27 29 1
27 28 27 1
27 28 28 24
27 28 29 16
27 29 29 17
28 26 23 1
28 26 24 2
28 26 25 1
28 27 25 45
28 27 26 120
28 27 27 11
28 27 28 1
28 28 19 1
28 28 22 2
28 28 25 1
28 28 26 245
28 28 27 49
28 28 28 14
28 28 29 28
28 29 25 1
28 29 28 1
28 29 29 114
28 29 30 51
28 30 29 1
28 30 30 23
29 27 25 4
29 27 26 1
29 28 25 2
29 28 26 26
29 28 27 76
29 28 28 3
29 28 29 1
29 29 21 1
29 29 25 1
29 29 26 1
29 29 27 60
29 29 28 14
29 29 29 13
29 29 30 12
29 30 29 1
29 30 30 33
29 30 31 6
29 31 30 1
29 31 31 11
30 28 25 1
30 28 27 1
30 29 26 2
30 29 27 10
30 29 28 16
30 29 29 2
30 29 30 1
30 30 27 2
30 30 28 15
30 30 29 19
30 30 30 263
30 30 31 9
30 31 29 14
30 31 30 58
30 31 31 5
31 29 31 1
31 30 28 2
31 30 29 4
31 30 30 6
31 30 31 3
31 31 28 1
31 31 29 4
