32
0 0 0 5
0 1 0 3
0 1 1 2
1 1 0 18
1 1 1 5
1 2 1 65
1 2 2 2
2 1 0 1
2 2 1 35
2 2 2 37
2 3 2 123
2 8 12 1
2 11 16 1
3 2 2 5
3 3 1 1
3 3 2 107
3 3 3 56
3 3 4 1
3 4 3 154
3 4 4 11
3 5 4 1
3 8 11 3
3 8 12 1
3 11 15 1
3 11 16 1
3 12 17 1
4 3 1 1
4 3 3 3
4 3 4 1
4 4 3 29
4 4 4 81
4 4 5 1
4 5 3 1
4 5 4 150
4 5 5 21
4 6 3 2
4 6 4 5
4 6 5 21
4 6 7 1
4 8 10 1
4 9 13 1
4 10 13 1
4 10 14 2
4 11 15 1
4 11 16 1
4 12 15 1
4 12 17 1
5 4 2 1
5 4 3 1
5 4 4 4
5 4 5 1
5 5 4 17
5 5 5 24
5 5 6 3
5 6 4 9
5 6 5 48
5 6 6 23
5 7 4 1
5 7 6 4
5 7 8 1
5 7 9 2
5 8 11 1
5 8 12 1
5 9 12 1
5 10 13 1
5 11 15 2
5 12 15 1
6 4 3 1
6 5 3 3
6 5 5 1
6 5 6 3
6 6 4 1
6 6 5 20
6 6 6 13
6 7 5 2
6 7 6 23
6 7 7 4
6 8 7 2
6 11 14 1
6 11 15 1
6 12 13 1
7 4 2 3
7 4 3 1
7 5 2 16
7 5 3 14
7 5 4 2
7 6 4 3
7 6 5 2
7 6 7 1
7 7 5 3
7 7 6 21
7 7 7 11
7 7 8 1
7 8 6 7
7 8 7 15
7 8 8 4
7 9 8 2
7 10 13 1
7 11 14 3
7 11 16 1
8 4 2 2
8 5 2 90
8 5 3 59
8 5 4 1
8 5 6 1
8 6 3 12
8 6 4 59
8 6 7 1
8 7 4 2
8 7 5 2
8 7 6 6
8 8 6 1
8 8 7 29
8 8 8 14
8 8 9 1
8 9 7 6
8 9 8 25
8 9 9 2
8 10 8 1
8 10 9 4
8 10 10 1
8 11 7 1
8 12 15 1
9 4 5 1
9 4 6 1
9 5 3 6
9 6 3 22
9 6 4 3
9 6 5 1
9 6 6 2
9 6 8 2
9 7 4 1
9 7 5 9
9 7 6 2
9 7 8 1
9 8 5 1
9 8 6 5
9 8 7 2
9 8 8 2
9 8 11 1
9 9 7 2
9 9 8 51
9 9 9 10
9 9 11 1
9 10 8 6
9 10 9 38
9 10 10 3
9 11 9 5
9 11 10 3
9 11 11 2
9 14 18 1
10 5 7 1
10 6 3 2
10 6 7 2
10 7 3 4
10 7 4 24
10 7 5 3
10 8 4 1
10 8 5 2
10 8 6 8
10 8 7 6
10 8 8 1
10 8 9 1
10 9 8 8
10 9 9 2
10 10 8 4
10 10 9 58
10 10 10 14
10 11 9 13
10 11 10 40
10 11 11 4
10 12 9 1
10 12 11 2
10 12 12 2
11 4 7 1
11 5 7 3
11 5 8 1
11 6 7 2
11 6 8 2
11 7 4 5
11 7 8 4
11 8 4 3
11 8 5 3
11 8 6 4
11 8 8 2
11 8 9 2
11 8 10 1
11 9 5 2
11 9 6 5
11 9 7 5
11 9 8 4
11 10 8 4
11 10 9 13
11 10 10 4
11 11 9 10
11 11 10 61
11 11 11 21
11 11 12 1
11 12 10 10
11 12 11 36
11 12 12 4
11 13 11 1
11 13 12 1
12 5 7 1
12 6 8 2
12 8 10 1
12 9 5 4
12 9 6 3
12 10 6 2
12 10 7 2
12 10 8 6
12 10 9 3
12 10 10 1
12 10 11 1
12 11 9 4
12 11 10 7
12 11 11 3
12 11 13 1
12 12 7 1
12 12 10 7
12 12 11 70
12 12 12 15
12 12 13 1
12 13 11 6
12 13 12 38
12 13 13 9
12 14 13 2
13 5 6 1
13 5 8 1
13 9 6 1
13 9 9 1
13 9 11 1
13 10 6 6
13 10 7 10
13 10 8 2
13 10 11 1
13 11 7 8
13 11 8 4
13 11 9 1
13 11 11 1
13 11 13 1
13 12 9 1
13 12 10 3
13 12 11 11
13 12 12 6
13 13 11 3
13 13 12 101
13 13 13 71
13 13 14 4
13 14 12 3
13 14 13 66
13 14 14 5
13 14 15 1
13 15 13 4
13 15 14 3
13 17 19 1
14 5 8 1
14 6 8 1
14 9 11 1
14 11 7 11
14 11 8 12
14 11 11 1
14 12 8 12
14 12 9 4
14 12 11 1
14 12 13 1
14 13 11 2
14 13 12 7
14 13 13 12
14 13 14 2
14 14 8 1
14 14 12 5
14 14 13 113
14 14 14 41
14 14 15 2
14 15 13 7
14 15 14 48
14 15 15 14
14 16 15 1
15 11 8 1
15 12 8 38
15 12 9 20
15 12 10 1
15 12 12 1
15 13 9 16
15 13 10 7
15 13 11 3
15 13 12 3
15 14 11 3
15 14 12 9
15 14 13 11
15 14 14 11
15 14 15 4
15 15 11 1
15 15 12 2
15 15 13 3
15 15 14 101
15 15 15 41
15 15 16 4
15 16 14 13
15 16 15 105
15 16 16 6
15 17 17 3
16 13 9 1
16 13 10 4
16 14 10 4
16 14 11 4
16 14 12 6
16 14 13 4
16 14 14 2
16 14 15 1
16 15 12 2
16 15 13 11
16 15 14 35
16 15 15 7
16 15 16 1
16 16 10 1
16 16 12 1
16 16 13 2
16 16 14 20
16 16 15 156
16 16 16 34
16 16 17 4
16 17 15 5
16 17 16 111
16 17 17 12
16 18 17 3
17 14 11 3
17 15 11 4
17 15 12 7
17 15 13 2
17 15 14 1
17 15 15 1
17 15 16 1
17 16 8 1
17 16 13 2
17 16 14 10
17 16 15 9
17 16 16 2
17 17 12 1
17 17 13 1
17 17 14 1
17 17 15 10
17 17 16 124
17 17 17 51
17 17 18 2
17 18 16 7
17 18 17 106
17 18 18 8
17 19 18 3
18 15 12 2
18 15 13 1
18 16 12 5
18 16 13 4
18 16 14 2
18 16 15 2
18 17 13 1
18 17 15 4
18 17 16 9
18 17 17 4
18 18 11 1
18 18 12 1
18 18 16 5
18 18 17 103
18 18 18 41
18 18 19 2
18 19 17 18
18 19 18 142
18 19 19 14
18 19 20 2
18 20 19 4
19 16 13 1
19 16 16 1
19 17 13 6
19 17 14 5
19 17 15 5
19 18 11 1
19 18 15 1
19 18 16 5
19 18 17 9
19 18 18 9
19 19 11 1
19 19 14 1
19 19 17 11
19 19 18 147
19 19 19 67
19 19 20 3
19 20 18 13
19 20 19 274
19 20 20 11
19 21 19 2
19 21 20 3
20 17 14 2
20 17 15 1
20 18 14 1
20 18 15 1
20 18 16 3
20 18 18 2
20 19 13 1
20 19 16 1
20 19 17 3
20 19 18 11
20 19 19 2
20 19 20 1
20 20 18 8
20 20 19 62
20 20 20 19
20 20 21 3
20 21 19 8
20 21 20 250
20 21 21 32
20 21 22 2
20 22 21 14
20 22 22 1
21 18 19 1
21 19 11 1
21 19 16 5
21 19 17 4
21 19 18 1
21 19 20 1
21 20 12 2
21 20 13 2
21 20 17 1
21 20 18 4
21 20 20 2
21 21 13 1
21 21 17 1
21 21 19 2
21 21 20 32
21 21 21 41
21 21 22 7
21 22 20 1
21 22 21 162
21 22 22 109
21 22 23 1
21 23 22 10
21 23 23 1
22 20 17 3
22 20 18 8
22 20 19 1
22 20 20 2
22 21 13 1
22 21 15 1
22 21 17 1
22 21 18 4
22 21 19 6
22 21 20 5
22 21 21 3
22 22 18 1
22 22 20 1
22 22 21 19
22 22 22 95
22 22 23 20
22 23 22 319
22 23 23 157
22 23 24 6
22 24 23 16
22 24 24 4
23 20 17 11
23 20 18 1
23 21 15 1
23 21 17 11
23 21 18 62
23 21 19 12
23 21 22 1
23 22 14 1
23 22 18 2
23 22 19 7
23 22 20 4
23 22 21 1
23 22 22 1
23 22 23 3
23 23 15 1
23 23 16 1
23 23 22 19
23 23 23 159
23 23 24 4
23 24 23 132
23 24 24 192
23 24 25 17
23 25 24 11
23 25 25 6
24 21 17 9
24 21 18 18
24 21 19 1
24 22 18 3
24 22 19 8
24 22 20 18
24 22 21 1
24 23 11 1
24 23 20 3
24 23 21 5
24 23 22 5
24 23 23 5
24 24 15 1
24 24 22 1
24 24 23 10
24 24 24 124
24 24 25 11
24 25 24 113
24 25 25 323
24 25 26 22
24 26 25 9
24 26 26 6
25 23 12 1
25 23 20 9
25 23 21 21
25 23 22 4
25 24 13 1
25 24 15 1
25 24 21 4
25 24 22 23
25 24 23 8
25 24 24 1
25 25 23 2
25 25 24 5
25 25 25 159
25 25 26 12
25 26 25 33
25 26 26 101
25 26 27 2
25 27 26 1
25 27 27 6
26 24 21 1
26 24 22 40
26 24 23 5
26 25 14 1
26 25 15 1
26 25 22 4
26 25 23 32
26 25 24 7
26 25 25 2
26 26 15 1
26 26 16 2
26 26 17 1
26 26 18 3
26 26 24 1
26 26 25 8
26 26 26 61
26 26 27 16
26 27 26 25
26 27 27 55
26 27 28 12
26 28 27 1
26 28 28 11
27 25 22 1
27 25 23 25
27 25 24 4
27 25 25 1
27 26 16 1
27 26 17 1
27 26 19 1
27 26 20 2
27 26 23 3
27 26 24 11
27 26 25 5
27 26 26 4
27 27 17 2
27 27 19 1
27 27 20 1
27 27 25 1
27 27 26 8
27 27 27 55
27 27 28 9
27 28 27 6
27 28 28 35
27 28 29 8
27 29 28 2
27 29 29 1
28 26 23 1
28 26 24 14
28 26 25 1
28 27 19 1
28 27 24 1
28 27 25 4
28 27 26 1
28 27 27 3
28 27 28 1
28 28 23 1
28 28 25 1
28 28 26 1
28 28 27 3
28 28 28 19
28 28 29 10
28 29 28 7
28 29 29 57
28 29 30 25
28 30 29 1
29 27 25 2
29 28 19 1
29 28 25 3
29 28 26 9
29 28 27 1
29 28 29 1
29 29 28 6
29 29 29 37
29 29 30 45
29 30 22 1
29 30 29 15
29 30 30 228
29 30 31 10
29 31 30 1
29 31 31 2
30 28 26 4
30 29 21 1
30 29 26 1
30 29 27 4
30 29 28 1
30 29 29 2
30 30 23 1
30 30 27 4
30 30 28 12
30 30 29 15
30 30 30 621
30 30 31 43
30 31 29 6
30 31 30 221
30 31 31 40
31 30 28 3
31 30 29 3
31 30 30 3
31 30 31 1
