32
0 0 0 7
0 1 0 2
0 1 1 1
1 1 0 13
1 1 1 7
1 2 1 75
1 2 2 2
2 1 2 1
2 2 1 29
2 2 2 39
2 3 1 3
2 3 2 142
2 3 3 1
2 4 3 2
2 5 3 1
2 8 12 1
2 8 13 2
3 2 1 2
3 2 2 2
3 3 2 93
3 3 3 66
3 4 3 148
3 4 4 10
3 5 4 3
3 8 11 1
3 11 16 3
3 11 17 1
3 12 16 1
4 4 3 31
4 4 4 86
4 5 3 1
4 5 4 148
4 5 5 12
4 6 3 2
4 6 4 8
4 6 5 17
4 6 6 1
4 7 7 2
4 8 10 1
4 8 11 1
4 8 12 1
4 9 13 1
4 9 14 1
4 10 14 1
4 11 16 1
4 12 16 1
5 4 2 1
5 4 3 1
5 4 4 2
5 4 5 1
5 5 4 21
5 5 5 17
5 5 6 2
5 6 4 3
5 6 5 59
5 6 6 20
5 7 4 2
5 7 5 1
5 7 6 3
5 7 8 1
5 7 9 2
5 8 11 1
5 11 14 2
5 12 15 1
5 12 16 1
5 13 17 1
6 4 3 1
6 5 3 1
6 5 5 5
6 5 6 2
6 6 4 2
6 6 5 24
6 6 6 11
6 7 5 3
6 7 6 18
6 7 7 5
6 8 6 1
6 8 7 2
6 9 7 1
6 9 12 1
6 11 13 1
6 11 14 1
6 11 15 2
6 12 14 1
6 12 15 1
6 12 16 1
7 4 2 3
7 5 2 14
7 5 3 15
7 5 4 1
7 6 3 2
7 6 4 2
7 6 5 2
7 6 6 1
7 7 5 2
7 7 6 25
7 7 7 12
7 8 6 8
7 8 7 26
7 8 8 6
7 9 8 3
7 10 13 1
7 10 14 1
7 11 14 1
7 12 16 1
7 13 17 1
8 4 5 1
8 5 2 87
8 5 3 75
8 5 6 1
8 6 3 10
8 6 4 55
8 7 4 1
8 7 5 7
8 7 6 1
8 7 7 1
8 8 6 4
8 8 7 22
8 8 8 19
8 8 9 1
8 9 7 10
8 9 8 28
8 9 9 6
8 9 12 1
8 10 7 1
8 10 8 1
8 10 9 2
8 10 10 1
8 11 13 1
9 4 6 1
9 5 3 8
9 5 6 2
9 6 3 22
9 6 4 7
9 7 4 2
9 7 5 7
9 7 6 2
9 7 8 1
9 8 6 5
9 8 7 7
9 9 7 3
9 9 8 63
9 9 9 9
9 9 10 2
9 10 8 9
9 10 9 36
9 10 10 6
9 10 11 1
9 10 12 1
9 11 9 1
9 11 10 6
9 11 11 1
9 12 9 1
10 4 5 1
10 5 7 1
10 6 3 2
10 6 4 1
10 6 7 3
10 7 3 2
10 7 4 23
10 7 5 1
10 7 7 1
10 8 5 1
10 8 6 4
10 8 7 5
10 8 8 2
10 8 9 1
10 9 7 7
10 9 8 4
10 9 10 2
10 9 11 1
10 10 8 4
10 10 9 49
10 10 10 13
10 10 11 4
10 11 9 16
10 11 10 40
10 11 11 4
10 11 12 1
10 12 10 1
10 12 11 5
10 13 11 1
11 5 6 1
11 5 7 3
11 6 7 2
11 6 8 1
11 6 9 1
11 7 4 7
11 7 8 4
11 8 4 4
11 8 6 2
11 9 5 1
11 9 6 1
11 9 7 5
11 9 8 4
11 9 9 2
11 9 10 2
11 10 8 4
11 10 9 10
11 10 10 4
11 10 11 1
11 11 9 13
11 11 10 64
11 11 11 22
11 11 12 1
11 12 10 8
11 12 11 33
11 12 12 4
11 13 12 1
12 4 5 1
12 5 7 1
12 6 8 1
12 7 8 1
12 8 5 1
12 8 10 1
12 9 5 2
12 9 6 9
12 9 7 3
12 9 8 1
12 9 11 1
12 10 6 2
12 10 7 1
12 10 8 3
12 10 9 2
12 10 10 1
12 11 8 1
12 11 9 4
12 11 10 10
12 11 11 3
12 11 12 1
12 12 10 6
12 12 11 51
12 12 12 23
12 12 13 2
12 13 11 6
12 13 12 43
12 13 13 5
12 14 12 1
12 14 13 3
13 5 8 2
13 7 9 1
13 9 6 1
13 10 6 6
13 10 7 8
13 10 8 1
13 10 9 1
13 10 11 1
13 11 7 5
13 11 8 2
13 11 9 2
13 11 10 1
13 11 11 2
13 11 12 1
13 12 11 9
13 12 12 3
13 13 7 1
13 13 11 3
13 13 12 94
13 13 13 77
13 13 14 4
13 14 12 3
13 14 13 54
13 14 14 11
13 15 14 2
14 4 5 1
14 7 9 1
14 10 7 1
14 11 7 8
14 11 8 15
14 12 8 14
14 12 9 9
14 12 12 2
14 13 11 3
14 13 12 13
14 13 13 14
14 13 14 1
14 14 11 1
14 14 12 2
14 14 13 113
14 14 14 44
14 14 15 3
14 15 13 7
14 15 14 49
14 15 15 10
14 16 14 1
14 16 15 2
14 17 18 1
15 5 9 1
15 10 10 1
15 11 8 1
15 12 8 38
15 12 9 20
15 12 11 1
15 12 12 1
15 13 9 9
15 13 10 10
15 13 11 4
15 13 12 2
15 13 13 2
15 14 11 5
15 14 12 6
15 14 13 3
15 14 14 9
15 14 15 3
15 15 13 7
15 15 14 99
15 15 15 48
15 15 16 6
15 16 14 13
15 16 15 114
15 16 16 9
15 17 15 1
15 17 16 2
16 12 13 2
16 13 9 4
16 13 10 4
16 14 11 5
16 14 12 4
16 14 13 3
16 14 14 1
16 14 15 1
16 15 12 1
16 15 13 13
16 15 14 35
16 15 15 5
16 16 9 1
16 16 14 23
16 16 15 157
16 16 16 29
16 17 6 1
16 17 15 2
16 17 16 120
16 17 17 9
16 17 18 1
17 13 14 1
17 14 10 2
17 14 11 6
17 15 11 7
17 15 12 4
17 15 13 1
17 16 13 3
17 16 14 11
17 16 15 8
17 16 16 6
17 16 17 1
17 17 12 1
17 17 15 4
17 17 16 120
17 17 17 70
17 17 18 4
17 18 16 2
17 18 17 120
17 18 18 9
17 19 17 2
17 19 18 1
17 19 19 1
18 15 12 2
18 15 14 1
18 16 12 5
18 16 13 7
18 16 14 1
18 16 15 3
18 17 11 1
18 17 12 1
18 17 13 1
18 17 14 2
18 17 15 5
18 17 16 11
18 17 17 4
18 17 18 1
18 18 16 4
18 18 17 95
18 18 18 34
18 18 19 1
18 19 17 10
18 19 18 145
18 19 19 9
18 19 20 1
18 20 19 2
19 16 12 2
19 16 13 4
19 17 13 3
19 17 14 5
19 17 15 3
19 18 12 2
19 18 13 1
19 18 14 1
19 18 15 3
19 18 16 5
19 18 17 7
19 18 18 8
19 18 19 1
19 19 13 1
19 19 14 2
19 19 17 13
19 19 18 155
19 19 19 50
19 19 20 3
19 20 18 7
19 20 19 271
19 20 20 18
19 21 19 1
19 21 20 3
19 21 21 1
20 17 14 2
20 17 16 1
20 18 14 2
20 18 15 2
20 18 16 3
20 18 17 2
20 19 11 1
20 19 16 1
20 19 17 3
20 19 18 8
20 19 19 1
20 20 12 1
20 20 18 12
20 20 19 59
20 20 20 26
20 20 21 2
20 21 19 6
20 21 20 265
20 21 21 37
20 21 22 1
20 22 20 1
20 22 21 10
21 18 15 2
21 19 16 4
21 19 17 4
21 20 11 1
21 20 13 1
21 20 14 2
21 20 18 1
21 20 19 3
21 20 20 4
21 21 17 1
21 21 20 30
21 21 21 43
21 21 22 5
21 22 21 153
21 22 22 100
21 22 23 5
21 23 22 9
22 20 17 3
22 20 18 4
22 21 13 1
22 21 16 1
22 21 18 6
22 21 19 7
22 21 20 3
22 21 21 2
22 22 17 1
22 22 20 3
22 22 21 22
22 22 22 95
22 22 23 13
22 23 22 250
22 23 23 113
22 23 24 10
22 24 23 11
22 24 24 8
23 20 17 11
23 20 18 3
23 21 17 11
23 21 18 59
23 21 19 18
23 21 20 1
23 21 22 1
23 22 14 3
23 22 19 7
23 22 20 4
23 22 21 3
23 22 22 3
23 22 23 1
23 23 16 2
23 23 21 1
23 23 22 28
23 23 23 179
23 23 24 12
23 24 23 134
23 24 24 193
23 24 25 19
23 25 24 7
23 25 25 3
24 21 17 2
24 21 18 16
24 21 19 1
24 21 20 1
24 22 18 1
24 22 19 6
24 22 20 23
24 23 20 4
24 23 21 4
24 23 22 4
24 23 23 5
24 23 24 1
24 24 13 1
24 24 22 6
24 24 23 5
24 24 24 113
24 24 25 11
24 25 23 1
24 25 24 123
24 25 25 327
24 25 26 19
24 26 25 14
24 26 26 14
25 23 20 3
25 23 21 26
25 23 22 5
25 24 12 1
25 24 13 1
25 24 16 2
25 24 21 2
25 24 22 16
25 24 23 6
25 24 24 3
25 24 25 2
25 25 23 1
25 25 24 14
25 25 25 168
25 25 26 9
25 26 25 43
25 26 26 109
25 26 27 7
25 27 27 4
26 23 23 1
26 24 22 46
26 24 23 3
26 24 24 2
26 25 15 1
26 25 16 1
26 25 22 4
26 25 23 34
26 25 24 2
26 25 25 1
26 25 26 2
26 26 15 1
26 26 18 2
26 26 23 1
26 26 24 4
26 26 25 10
26 26 26 55
26 26 27 19
26 27 26 35
26 27 27 58
26 27 28 9
26 28 28 18
27 25 23 24
27 25 24 1
27 26 17 1
27 26 19 1
27 26 20 1
27 26 23 4
27 26 24 11
27 26 25 4
27 26 26 4
27 26 27 2
27 27 20 1
27 27 21 2
27 27 26 6
27 27 27 62
27 27 28 9
27 28 27 8
27 28 28 52
27 28 29 9
27 29 28 2
27 29 29 2
28 26 23 2
28 26 24 9
28 27 19 1
28 27 23 1
28 27 25 5
28 27 26 4
28 27 27 2
28 27 28 1
28 28 22 1
28 28 25 1
28 28 26 2
28 28 27 7
28 28 28 37
28 28 29 14
28 29 28 9
28 29 29 71
28 29 30 23
28 30 30 1
29 27 25 4
29 28 25 1
29 28 26 7
29 28 27 2
29 28 28 2
29 28 29 2
29 29 20 1
29 29 28 2
29 29 29 45
29 29 30 43
29 30 22 1
29 30 29 14
29 30 30 226
29 30 31 6
29 31 30 2
29 31 31 1
30 29 26 3
30 29 27 2
30 29 28 1
30 29 29 3
30 29 30 1
30 30 21 1
30 30 25 1
30 30 27 9
30 30 28 7
30 30 29 12
30 30 30 569
30 30 31 46
30 31 29 5
30 31 30 180
30 31 31 39
31 30 28 1
31 30 29 2
31 30 30 7
31 30 31 1
