32
0 0 0 12
0 1 0 4
0 1 1 1
1 0 0 1
1 1 0 14
1 1 1 11
1 2 1 86
2 1 0 1
2 2 1 31
2 2 2 52
2 3 2 121
2 3 3 2
2 7 11 1
2 8 12 2
3 2 2 7
3 3 1 2
3 3 2 111
3 3 3 49
3 4 2 2
3 4 3 134
3 4 4 9
3 5 3 1
3 5 4 3
3 8 11 1
3 10 14 1
3 10 15 1
3 11 15 1
3 11 16 2
4 3 1 1
4 3 2 1
4 3 3 1
4 4 3 22
4 4 4 91
4 5 3 2
4 5 4 159
4 5 5 15
4 6 3 1
4 6 4 7
4 6 5 13
4 6 6 1
4 7 5 1
4 7 8 2
4 8 11 1
4 9 11 1
4 10 13 1
4 11 15 1
5 4 2 2
5 4 3 1
5 4 4 3
5 4 5 1
5 5 4 15
5 5 5 25
5 6 4 7
5 6 5 46
5 6 6 20
5 7 5 1
5 7 6 3
5 7 7 1
5 8 6 1
5 8 11 2
5 9 10 1
5 10 13 2
5 10 14 1
5 10 15 1
5 11 14 1
5 11 15 1
5 12 15 1
5 12 16 1
6 5 3 4
6 5 4 3
6 5 5 1
6 5 6 2
6 6 4 3
6 6 5 16
6 6 6 8
6 6 7 2
6 7 5 7
6 7 6 15
6 7 7 3
6 8 6 2
6 8 7 3
6 10 13 1
6 11 14 1
6 11 15 3
6 12 13 1
7 4 2 7
7 5 2 8
7 5 3 14
7 5 4 6
7 6 4 4
7 6 5 2
7 7 5 3
7 7 6 27
7 7 7 6
7 7 8 1
7 8 6 9
7 8 7 12
7 8 8 2
7 8 9 1
7 9 6 1
7 9 8 1
7 9 9 1
7 10 6 1
7 10 13 2
7 11 13 2
8 4 2 3
8 5 2 79
8 5 3 64
8 5 6 2
8 6 3 8
8 6 4 61
8 6 5 1
8 7 4 2
8 7 5 4
8 7 6 1
8 7 7 2
8 8 6 10
8 8 7 46
8 8 8 8
8 8 9 1
8 9 7 10
8 9 8 24
8 9 9 5
8 10 7 1
8 10 8 1
8 10 9 2
8 11 14 1
8 14 18 1
9 4 5 2
9 5 3 3
9 5 7 1
9 6 3 23
9 6 4 1
9 6 7 1
9 6 8 1
9 7 4 1
9 7 5 10
9 7 6 2
9 8 5 3
9 8 6 3
9 8 7 10
9 8 8 1
9 9 7 2
9 9 8 54
9 9 9 20
9 9 11 2
9 10 8 11
9 10 9 21
9 10 10 8
9 10 11 1
9 11 9 1
9 11 10 3
9 11 11 1
10 4 6 1
10 5 6 1
10 5 7 2
10 6 3 3
10 6 4 2
10 6 7 2
10 7 3 1
10 7 4 20
10 7 5 5
10 8 6 9
10 8 7 6
10 8 8 6
10 9 6 1
10 9 7 2
10 9 8 7
10 9 9 2
10 9 10 2
10 10 8 3
10 10 9 51
10 10 10 11
10 11 9 15
10 11 10 34
10 11 11 9
10 11 12 1
10 12 11 4
10 13 10 1
10 13 12 1
11 5 7 4
11 6 7 4
11 6 8 1
11 7 4 8
11 7 8 3
11 8 4 3
11 8 5 3
11 8 6 1
11 8 7 1
11 8 8 1
11 8 9 1
11 9 5 2
11 9 6 1
11 9 7 1
11 9 8 1
11 9 9 1
11 9 10 1
11 10 8 3
11 10 9 14
11 10 10 4
11 11 9 3
11 11 10 66
11 11 11 23
11 11 12 2
11 12 10 11
11 12 11 30
11 12 12 2
11 13 12 1
12 5 7 1
12 5 8 2
12 6 7 1
12 7 9 1
12 8 9 1
12 9 5 3
12 9 6 7
12 9 7 1
12 9 10 1
12 9 11 2
12 10 6 1
12 10 7 5
12 10 8 4
12 10 10 3
12 10 11 2
12 11 9 4
12 11 10 9
12 11 11 5
12 11 12 1
12 12 10 7
12 12 11 58
12 12 12 27
12 12 13 2
12 13 11 12
12 13 12 31
12 13 13 5
12 14 11 1
12 14 13 1
13 5 8 1
13 6 8 2
13 9 6 1
13 9 11 1
13 10 6 6
13 10 7 11
13 10 8 1
13 11 7 9
13 11 8 4
13 11 9 2
13 11 10 2
13 11 12 1
13 12 11 16
13 12 12 12
13 12 13 2
13 12 14 1
13 13 9 1
13 13 11 7
13 13 12 93
13 13 13 69
13 13 14 2
13 14 12 8
13 14 13 53
13 14 14 6
13 14 15 1
13 15 13 1
13 15 14 4
14 5 9 1
14 9 9 1
14 10 7 1
14 11 7 10
14 11 8 20
14 11 9 1
14 12 8 14
14 12 9 4
14 12 10 6
14 12 11 1
14 12 12 2
14 13 10 1
14 13 11 2
14 13 12 12
14 13 13 11
14 14 9 1
14 14 12 4
14 14 13 115
14 14 14 52
14 15 13 10
14 15 14 56
14 15 15 10
14 16 14 1
14 16 15 4
14 17 18 1
15 9 11 1
15 12 8 26
15 12 9 21
15 12 10 1
15 12 12 2
15 13 9 4
15 13 10 7
15 13 11 3
15 13 12 4
15 13 13 3
15 13 14 1
15 14 8 1
15 14 10 1
15 14 12 5
15 14 13 13
15 14 14 5
15 14 15 1
15 15 13 10
15 15 14 127
15 15 15 37
15 15 16 2
15 16 6 1
15 16 14 21
15 16 15 105
15 16 16 6
15 17 16 1
15 18 16 1
16 13 9 2
16 13 10 5
16 13 14 1
16 14 10 5
16 14 11 8
16 14 12 1
16 14 13 3
16 14 14 1
16 15 12 2
16 15 13 11
16 15 14 40
16 15 15 2
16 16 11 1
16 16 14 44
16 16 15 154
16 16 16 36
16 16 17 3
16 17 15 5
16 17 16 111
16 17 17 10
17 14 11 6
17 15 11 2
17 15 12 4
17 15 13 7
17 15 14 3
17 16 13 4
17 16 14 10
17 16 15 8
17 16 16 4
17 16 17 1
17 17 12 1
17 17 13 1
17 17 15 13
17 17 16 137
17 17 17 73
17 17 18 4
17 18 16 6
17 18 17 104
17 18 18 16
17 18 19 1
17 19 17 1
17 19 18 6
17 20 18 1
18 15 12 7
18 16 12 3
18 16 13 6
18 16 14 3
18 16 15 4
18 16 16 1
18 16 17 1
18 17 11 1
18 17 12 1
18 17 14 5
18 17 15 5
18 17 16 5
18 17 17 9
18 18 16 7
18 18 17 118
18 18 18 53
18 18 19 1
18 19 17 12
18 19 18 157
18 19 19 12
18 20 19 1
19 16 13 1
19 17 13 1
19 17 14 3
19 17 15 2
19 17 16 2
19 18 15 1
19 18 16 3
19 18 17 6
19 18 18 7
19 18 19 1
19 19 11 1
19 19 13 1
19 19 17 9
19 19 18 182
19 19 19 54
19 19 20 4
19 20 18 10
19 20 19 275
19 20 20 20
19 21 19 2
19 21 20 4
19 21 21 1
20 17 13 1
20 17 14 2
20 18 14 1
20 18 15 1
20 18 17 3
20 18 18 1
20 19 11 3
20 19 17 3
20 19 18 3
20 19 19 1
20 19 20 1
20 20 15 1
20 20 18 7
20 20 19 55
20 20 20 26
20 20 21 2
20 21 19 13
20 21 20 246
20 21 21 40
20 22 21 16
21 19 15 2
21 19 16 2
21 19 17 4
21 19 19 2
21 20 12 1
21 20 14 1
21 20 17 2
21 20 18 5
21 20 19 2
21 20 20 4
21 21 13 1
21 21 20 41
21 21 21 42
21 21 22 10
21 22 20 1
21 22 21 142
21 22 22 112
21 22 23 4
21 23 22 12
21 23 23 2
22 20 17 3
22 20 18 4
22 20 19 1
22 21 13 1
22 21 17 2
22 21 18 3
22 21 19 6
22 21 20 4
22 21 21 2
22 22 19 1
22 22 20 1
22 22 21 20
22 22 22 116
22 22 23 12
22 22 24 1
22 23 22 303
22 23 23 140
22 23 24 4
22 24 23 13
22 24 24 7
23 20 16 3
23 20 17 11
23 20 18 1
23 20 19 1
23 21 17 9
23 21 18 62
23 21 19 13
23 21 22 1
23 22 13 1
23 22 14 1
23 22 19 10
23 22 20 4
23 22 21 3
23 22 22 1
23 22 23 1
23 23 15 1
23 23 16 1
23 23 21 1
23 23 22 27
23 23 23 184
23 23 24 8
23 24 23 119
23 24 24 186
23 24 25 20
23 25 23 1
23 25 24 7
23 25 25 10
24 21 17 9
24 21 18 18
24 22 16 1
24 22 19 10
24 22 20 22
24 22 22 1
24 23 11 1
24 23 20 7
24 23 21 9
24 23 22 6
24 23 23 4
24 23 24 2
24 24 22 3
24 24 23 7
24 24 24 118
24 24 25 16
24 25 23 1
24 25 24 114
24 25 25 304
24 25 26 24
24 26 25 5
24 26 26 12
25 23 13 1
25 23 20 4
25 23 21 24
25 23 22 3
25 23 23 1
25 23 24 1
25 24 13 1
25 24 14 1
25 24 15 1
25 24 16 1
25 24 21 4
25 24 22 20
25 24 23 3
25 24 24 2
25 25 20 1
25 25 23 4
25 25 24 11
25 25 25 133
25 25 26 15
25 26 25 37
25 26 26 94
25 26 27 5
25 27 27 3
26 24 22 46
26 24 23 6
26 24 24 1
26 25 15 3
26 25 16 2
26 25 17 1
26 25 20 1
26 25 21 1
26 25 22 2
26 25 23 24
26 25 24 4
26 25 25 1
26 26 14 1
26 26 15 1
26 26 17 2
26 26 19 1
26 26 24 1
26 26 25 3
26 26 26 58
26 26 27 15
26 27 26 20
26 27 27 53
26 27 28 12
26 28 27 2
26 28 28 8
27 25 14 1
27 25 23 21
27 25 24 5
27 26 15 1
27 26 17 1
27 26 18 1
27 26 20 2
27 26 23 4
27 26 24 11
27 26 25 5
27 26 26 2
27 26 27 2
27 27 19 1
27 27 25 1
27 27 26 4
27 27 27 38
27 27 28 14
27 28 27 8
27 28 28 41
27 28 29 10
27 29 29 1
28 26 24 9
28 26 26 1
28 27 19 1
28 27 22 1
28 27 23 1
28 27 25 2
28 27 26 3
28 27 27 4
28 27 28 1
28 28 27 3
28 28 28 33
28 28 29 11
28 29 23 1
28 29 28 6
28 29 29 57
28 29 30 21
28 30 29 1
29 27 24 2
29 27 25 8
29 27 28 1
29 28 25 1
29 28 26 4
29 28 28 4
29 28 29 2
29 29 19 1
29 29 20 1
29 29 27 1
29 29 28 5
29 29 29 33
29 29 30 51
29 30 29 20
29 30 30 222
29 30 31 5
29 31 30 3
30 28 25 2
30 28 26 3
30 29 26 4
30 29 27 3
30 29 28 2
30 29 29 3
30 29 30 1
30 30 23 1
30 30 26 1
30 30 27 11
30 30 28 9
30 30 29 18
30 30 30 658
30 30 31 32
30 31 28 1
30 31 29 7
30 31 30 213
30 31 31 44
31 30 28 3
31 30 30 3
31 30 31 1
31 31 29 1
