32
0 0 0 4
0 1 0 1
0 1 1 1
1 0 0 1
1 1 0 14
1 1 1 7
1 2 1 81
1 2 2 4
2 2 1 39
2 2 2 65
2 3 2 128
2 3 3 3
2 8 12 2
2 10 14 1
3 2 2 2
3 3 2 91
3 3 3 66
3 3 4 1
3 4 3 147
3 4 4 3
3 5 4 2
3 6 6 1
3 8 11 1
3 9 14 1
3 10 15 1
3 11 15 2
3 11 16 1
4 3 1 1
4 3 2 3
4 4 2 2
4 4 3 35
4 4 4 67
4 4 5 3
4 5 3 1
4 5 4 124
4 5 5 14
4 6 3 2
4 6 4 9
4 6 5 11
4 6 6 1
4 7 8 1
4 8 10 1
4 8 11 1
4 10 13 1
4 10 14 1
5 4 2 2
5 4 3 1
5 4 4 5
5 4 5 2
5 5 4 13
5 5 5 36
5 5 6 2
5 6 4 4
5 6 5 50
5 6 6 15
5 7 5 1
5 7 6 2
5 7 7 1
5 7 8 1
5 8 9 1
5 8 11 2
5 9 12 1
5 10 13 1
5 11 13 1
5 11 14 2
5 11 15 2
6 4 2 1
6 4 3 1
6 5 3 2
6 5 5 4
6 6 4 1
6 6 5 16
6 6 6 16
6 7 5 5
6 7 6 16
6 7 7 5
6 8 7 4
6 8 10 1
6 9 11 1
6 9 12 1
6 10 12 1
6 10 13 2
6 11 13 2
6 11 14 3
6 11 15 1
6 12 15 2
7 4 2 2
7 4 3 1
7 5 2 6
7 5 3 12
7 5 4 6
7 6 3 1
7 6 4 3
7 6 5 3
7 6 6 1
7 6 7 1
7 7 5 2
7 7 6 32
7 7 7 17
7 8 6 6
7 8 7 17
7 8 8 5
7 8 11 1
7 9 6 1
7 9 7 1
7 9 8 1
7 9 9 1
7 10 7 1
7 10 14 1
7 11 14 1
8 4 2 1
8 5 2 73
8 5 3 62
8 5 4 2
8 6 3 6
8 6 4 64
8 6 5 2
8 7 4 2
8 7 5 10
8 7 7 2
8 7 8 1
8 8 6 4
8 8 7 37
8 8 8 17
8 8 9 2
8 8 10 1
8 9 7 5
8 9 8 22
8 9 9 8
8 10 8 1
8 10 9 4
8 10 10 1
9 4 5 1
9 5 3 5
9 5 6 2
9 6 3 18
9 6 4 3
9 6 7 2
9 7 4 5
9 7 5 11
9 7 6 1
9 8 5 3
9 8 6 2
9 8 7 1
9 8 9 1
9 9 7 5
9 9 8 55
9 9 9 15
9 9 10 1
9 10 8 6
9 10 9 36
9 10 10 5
9 10 11 1
9 11 9 1
9 11 11 2
10 5 6 2
10 5 7 2
10 6 3 2
10 6 4 4
10 6 7 2
10 7 4 26
10 7 5 4
10 7 7 1
10 7 8 1
10 8 5 2
10 8 6 4
10 8 7 4
10 8 9 1
10 9 8 3
10 9 9 4
10 10 8 4
10 10 9 64
10 10 10 18
10 10 11 2
10 11 9 11
10 11 10 36
10 11 11 4
10 12 10 1
10 12 11 1
10 13 11 1
11 4 6 1
11 4 7 1
11 5 8 1
11 6 7 4
11 6 8 1
11 7 4 4
11 7 5 1
11 7 8 4
11 8 4 4
11 8 5 2
11 8 6 2
11 8 8 1
11 8 10 1
11 9 5 2
11 9 6 3
11 9 7 2
11 9 8 3
11 9 9 2
11 9 10 2
11 10 8 4
11 10 9 12
11 10 10 4
11 10 12 1
11 11 9 6
11 11 10 71
11 11 11 23
11 11 12 2
11 12 10 16
11 12 11 39
11 12 12 3
11 13 10 1
12 5 7 2
12 6 8 2
12 7 9 1
12 8 5 1
12 8 10 1
12 9 5 2
12 9 6 4
12 9 11 1
12 10 6 1
12 10 7 2
12 10 8 2
12 10 11 1
12 11 9 1
12 11 10 8
12 11 11 3
12 11 13 1
12 12 9 1
12 12 10 4
12 12 11 81
12 12 12 23
12 13 11 15
12 13 12 62
12 13 13 9
12 13 14 1
12 14 13 3
13 6 9 1
13 10 6 13
13 10 7 18
13 10 8 1
13 11 7 10
13 11 8 4
13 11 9 1
13 11 10 1
13 11 12 1
13 12 9 1
13 12 10 3
13 12 11 8
13 12 12 5
13 12 13 1
13 13 11 7
13 13 12 115
13 13 13 71
13 13 14 2
13 14 12 2
13 14 13 62
13 14 14 12
13 15 13 2
13 15 14 2
14 5 8 1
14 10 7 1
14 10 12 1
14 11 7 8
14 11 8 34
14 12 7 1
14 12 8 9
14 12 9 5
14 12 10 2
14 13 10 1
14 13 11 4
14 13 12 14
14 13 13 13
14 13 14 2
14 14 10 1
14 14 12 2
14 14 13 132
14 14 14 48
14 14 15 4
14 15 13 12
14 15 14 53
14 15 15 11
14 16 14 1
14 16 15 3
14 16 16 1
15 5 9 1
15 12 8 17
15 12 9 24
15 12 12 1
15 12 13 1
15 13 9 5
15 13 10 6
15 13 11 5
15 13 12 2
15 13 13 1
15 14 11 1
15 14 12 6
15 14 13 14
15 14 14 6
15 15 9 1
15 15 13 10
15 15 14 122
15 15 15 42
15 15 16 4
15 16 14 14
15 16 15 123
15 16 16 7
15 17 15 1
15 17 17 1
16 12 12 1
16 13 10 4
16 13 11 1
16 13 14 1
16 14 10 3
16 14 11 3
16 14 12 1
16 14 13 2
16 14 14 2
16 15 11 1
16 15 12 2
16 15 13 8
16 15 14 31
16 15 15 5
16 15 16 1
16 16 6 1
16 16 12 1
16 16 13 1
16 16 14 39
16 16 15 175
16 16 16 37
16 16 17 5
16 17 15 9
16 17 16 117
16 17 17 6
16 18 17 1
17 14 10 2
17 14 11 4
17 14 12 1
17 15 11 1
17 15 12 2
17 15 13 5
17 15 14 2
17 16 12 1
17 16 13 4
17 16 14 11
17 16 15 14
17 16 16 2
17 17 12 1
17 17 15 10
17 17 16 136
17 17 17 73
17 17 18 1
17 18 16 2
17 18 17 160
17 18 18 13
17 19 18 4
17 19 19 1
18 15 12 4
18 16 12 5
18 16 13 7
18 16 14 5
18 16 15 3
18 17 10 2
18 17 12 1
18 17 14 1
18 17 15 9
18 17 16 13
18 17 17 6
18 18 16 4
18 18 17 143
18 18 18 48
18 18 19 1
18 19 17 11
18 19 18 202
18 19 19 11
18 20 19 1
18 20 20 1
19 16 13 1
19 16 14 1
19 17 13 1
19 17 14 1
19 17 15 2
19 17 16 1
19 17 17 1
19 18 11 1
19 18 15 3
19 18 16 5
19 18 17 6
19 18 18 6
19 18 19 1
19 19 13 1
19 19 14 2
19 19 17 11
19 19 18 212
19 19 19 90
19 19 20 3
19 20 18 9
19 20 19 361
19 20 20 19
19 21 19 4
19 21 20 3
19 21 21 1
20 17 14 4
20 18 15 2
20 18 16 3
20 18 17 2
20 18 18 1
20 19 10 1
20 19 11 1
20 19 12 1
20 19 16 1
20 19 17 3
20 19 18 4
20 19 19 1
20 19 20 1
20 20 18 6
20 20 19 66
20 20 20 26
20 20 21 3
20 21 19 11
20 21 20 272
20 21 21 45
20 21 22 3
20 22 21 19
20 22 22 3
21 19 10 1
21 19 13 1
21 19 16 3
21 19 17 1
21 20 18 3
21 20 19 2
21 20 20 4
21 20 21 1
21 21 19 5
21 21 20 33
21 21 21 24
21 21 22 6
21 22 20 1
21 22 21 179
21 22 22 130
21 22 23 4
21 23 22 11
21 23 23 1
22 20 14 1
22 20 17 7
22 20 18 8
22 21 12 1
22 21 13 1
22 21 18 5
22 21 19 2
22 21 20 3
22 21 21 2
22 22 15 2
22 22 20 3
22 22 21 24
22 22 22 106
22 22 23 13
22 23 22 331
22 23 23 135
22 23 24 1
22 24 23 18
22 24 24 10
23 20 16 1
23 20 17 21
23 20 18 6
23 21 17 19
23 21 18 55
23 21 19 10
23 22 12 1
23 22 13 3
23 22 19 9
23 22 20 5
23 22 21 1
23 22 22 4
23 23 16 1
23 23 22 25
23 23 23 157
23 23 24 11
23 24 21 1
23 24 22 1
23 24 23 131
23 24 24 181
23 24 25 17
23 25 23 1
23 25 24 7
23 25 25 9
24 21 17 3
24 21 18 9
24 22 11 1
24 22 12 1
24 22 15 1
24 22 19 6
24 22 20 19
24 23 11 1
24 23 14 1
24 23 20 10
24 23 21 5
24 23 22 1
24 23 23 6
24 23 24 1
24 24 22 3
24 24 23 8
24 24 24 123
24 24 25 6
24 25 22 1
24 25 24 127
24 25 25 289
24 25 26 9
24 26 25 8
24 26 26 7
25 23 20 9
25 23 21 21
25 23 22 4
25 23 24 2
25 24 12 1
25 24 14 1
25 24 16 2
25 24 21 2
25 24 22 20
25 24 23 6
25 24 24 4
25 25 23 3
25 25 24 8
25 25 25 126
25 25 26 12
25 25 27 1
25 26 24 1
25 26 25 50
25 26 26 96
25 26 27 3
25 27 27 3
26 24 21 1
26 24 22 35
26 24 23 4
26 25 13 1
26 25 14 2
26 25 16 1
26 25 22 5
26 25 23 20
26 25 24 2
26 25 25 2
26 26 14 1
26 26 15 1
26 26 16 1
26 26 17 1
26 26 18 2
26 26 19 1
26 26 21 1
26 26 24 2
26 26 25 7
26 26 26 48
26 26 27 17
26 27 26 22
26 27 27 51
26 27 28 13
26 28 28 10
27 25 14 1
27 25 22 2
27 25 23 18
27 25 24 3
27 26 15 3
27 26 17 3
27 26 23 4
27 26 24 8
27 26 25 4
27 26 26 5
27 27 21 1
27 27 22 2
27 27 26 5
27 27 27 31
27 27 28 10
27 28 27 11
27 28 28 32
27 28 29 8
27 29 29 1
28 26 24 8
28 27 19 1
28 27 24 1
28 27 25 3
28 27 26 1
28 27 27 3
28 27 28 1
28 28 25 1
28 28 27 5
28 28 28 28
28 28 29 12
28 29 28 3
28 29 29 64
28 29 30 24
28 30 30 1
29 27 24 2
29 27 25 7
29 28 23 1
29 28 26 3
29 28 27 1
29 28 28 3
29 28 29 1
29 28 30 1
29 29 18 1
29 29 26 1
29 29 27 1
29 29 28 1
29 29 29 50
29 29 30 49
29 30 27 1
29 30 29 17
29 30 30 261
29 30 31 12
29 31 30 2
29 31 31 1
30 28 25 1
30 28 28 1
30 29 21 1
30 29 22 1
30 29 26 3
30 29 27 5
30 29 29 3
30 29 30 1
30 30 21 1
30 30 24 1
30 30 27 5
30 30 28 13
30 30 29 16
30 30 30 632
30 30 31 41
30 31 29 15
30 31 30 246
30 31 31 50
31 30 28 3
31 30 30 2
31 31 28 1
31 31 29 2
