32
0 0 0 4
0 1 1 2
1 0 0 1
1 1 0 9
1 1 1 10
1 2 1 60
1 2 2 1
2 1 1 1
2 2 1 32
2 2 2 76
2 3 1 1
2 3 2 101
2 3 3 1
2 8 12 2
3 2 1 1
3 2 2 3
3 3 2 123
3 3 3 51
3 4 3 138
3 4 4 8
3 5 3 1
3 5 4 2
3 8 11 3
3 10 14 1
3 10 15 1
3 11 15 2
3 11 16 1
4 3 1 1
4 3 2 4
4 3 3 4
4 4 1 1
4 4 3 25
4 4 4 84
4 4 5 1
4 5 3 2
4 5 4 143
4 5 5 22
4 6 3 3
4 6 4 4
4 6 5 11
4 6 6 1
4 7 5 2
4 7 6 2
4 8 10 1
4 9 13 2
4 10 13 1
5 3 1 1
5 4 2 3
5 4 4 2
5 4 5 1
5 5 4 13
5 5 5 21
5 5 6 4
5 6 4 10
5 6 5 47
5 6 6 14
5 7 4 1
5 7 6 5
5 7 7 1
5 7 9 1
5 8 9 1
5 9 10 1
5 9 13 1
5 10 12 1
5 10 13 1
5 11 13 1
5 11 14 3
6 5 5 5
6 5 6 1
6 6 4 2
6 6 5 15
6 6 6 20
6 6 7 2
6 7 6 18
6 7 7 1
6 8 7 1
6 8 8 1
6 8 9 1
6 9 12 4
6 10 13 2
6 11 14 4
6 11 15 1
6 12 14 2
7 4 2 6
7 5 2 6
7 5 3 11
7 5 4 5
7 6 3 2
7 6 4 5
7 6 5 3
7 6 6 1
7 7 5 4
7 7 6 26
7 7 7 17
7 7 8 3
7 8 6 6
7 8 7 21
7 8 8 3
7 9 8 4
7 9 10 1
7 9 11 1
7 10 7 1
7 11 13 1
7 13 17 1
8 4 2 2
8 5 2 66
8 5 3 60
8 5 4 2
8 5 6 1
8 6 3 15
8 6 4 49
8 6 5 2
8 6 6 1
8 7 4 2
8 7 5 5
8 7 6 6
8 7 7 2
8 7 8 2
8 8 6 8
8 8 7 29
8 8 8 23
8 8 9 2
8 9 7 14
8 9 8 31
8 9 9 3
8 9 10 1
8 10 7 1
8 10 8 2
8 10 9 3
8 10 10 3
8 11 13 1
9 4 6 2
9 5 3 7
9 5 7 1
9 6 3 20
9 6 4 2
9 6 7 1
9 6 8 1
9 7 4 7
9 7 5 9
9 7 6 2
9 8 5 1
9 8 6 10
9 8 7 3
9 8 8 2
9 8 9 1
9 9 7 3
9 9 8 46
9 9 9 14
9 9 10 2
9 10 8 12
9 10 9 35
9 10 10 4
9 10 11 2
9 11 9 1
9 11 10 3
9 11 11 1
10 4 7 1
10 5 7 3
10 6 3 3
10 6 4 2
10 6 7 2
10 6 8 1
10 7 3 3
10 7 4 23
10 7 5 4
10 7 8 1
10 8 5 3
10 8 6 5
10 8 8 1
10 9 6 1
10 9 8 8
10 9 10 2
10 10 8 2
10 10 9 63
10 10 10 16
10 10 11 2
10 11 9 22
10 11 10 34
10 11 11 8
10 11 12 1
10 12 11 6
11 4 6 1
11 5 7 2
11 6 8 3
11 7 4 3
11 7 8 4
11 8 4 4
11 8 5 4
11 8 6 2
11 8 7 1
11 8 8 1
11 8 9 1
11 8 10 1
11 9 5 1
11 9 6 2
11 9 7 5
11 9 8 6
11 9 9 1
11 9 10 1
11 10 8 7
11 10 9 5
11 10 10 1
11 11 9 8
11 11 10 62
11 11 11 23
11 12 10 15
11 12 11 36
11 12 12 6
11 13 10 1
11 13 11 2
11 13 12 3
12 5 7 1
12 5 8 1
12 6 7 1
12 8 5 2
12 8 9 1
12 9 6 2
12 10 6 1
12 10 7 1
12 10 8 3
12 10 9 1
12 10 10 2
12 10 11 1
12 11 8 1
12 11 9 2
12 11 10 9
12 11 11 9
12 12 9 1
12 12 10 8
12 12 11 73
12 12 12 10
12 12 13 1
12 13 11 10
12 13 12 54
12 13 13 6
12 13 14 1
12 14 12 1
12 14 13 3
13 4 7 1
13 6 8 3
13 7 9 1
13 9 11 1
13 10 6 9
13 10 7 18
13 10 8 1
13 10 12 1
13 11 7 13
13 11 8 3
13 11 9 2
13 11 13 1
13 12 9 1
13 12 10 2
13 12 11 14
13 12 12 8
13 13 11 6
13 13 12 95
13 13 13 74
13 13 14 1
13 14 12 3
13 14 13 49
13 14 14 8
13 15 13 1
13 15 14 3
14 6 9 1
14 11 7 8
14 11 8 30
14 11 9 2
14 11 12 1
14 12 8 8
14 12 9 3
14 12 10 2
14 12 11 1
14 12 12 1
14 13 9 1
14 13 10 2
14 13 11 7
14 13 12 8
14 13 13 13
14 14 11 2
14 14 13 144
14 14 14 54
14 14 15 1
14 15 13 9
14 15 14 55
14 15 15 11
14 16 14 2
14 16 15 3
15 6 9 1
15 12 8 29
15 12 9 17
15 12 10 1
15 13 9 7
15 13 10 8
15 13 11 3
15 13 12 1
15 13 13 3
15 14 11 2
15 14 12 5
15 14 13 10
15 14 14 6
15 14 15 1
15 15 12 1
15 15 13 9
15 15 14 124
15 15 15 38
15 15 16 3
15 16 14 13
15 16 15 123
15 16 16 5
15 17 17 2
16 12 13 1
16 13 9 2
16 13 10 5
16 13 13 1
16 14 10 3
16 14 11 3
16 14 12 3
16 14 13 5
16 14 15 1
16 15 12 4
16 15 13 7
16 15 14 20
16 15 15 5
16 16 12 1
16 16 14 33
16 16 15 183
16 16 16 34
16 16 17 2
16 17 15 13
16 17 16 141
16 17 17 11
16 18 17 1
16 19 18 1
17 13 12 1
17 14 10 3
17 14 11 7
17 15 11 2
17 15 12 5
17 15 13 5
17 15 14 3
17 15 15 1
17 16 13 1
17 16 14 6
17 16 15 8
17 16 16 2
17 17 12 1
17 17 13 1
17 17 15 11
17 17 16 154
17 17 17 58
17 18 16 5
17 18 17 159
17 18 18 11
17 19 18 3
18 15 12 3
18 16 12 1
18 16 13 1
18 16 14 2
18 16 15 1
18 17 11 1
18 17 12 2
18 17 14 2
18 17 15 8
18 17 16 7
18 17 17 2
18 18 16 11
18 18 17 116
18 18 18 48
18 18 19 2
18 19 17 13
18 19 18 184
18 19 19 9
18 19 20 1
18 20 19 3
19 16 12 1
19 16 13 1
19 16 16 1
19 17 13 1
19 17 14 4
19 17 15 2
19 17 16 3
19 18 9 1
19 18 11 1
19 18 15 2
19 18 16 5
19 18 17 9
19 18 18 5
19 19 10 1
19 19 11 1
19 19 13 1
19 19 17 8
19 19 18 200
19 19 19 70
19 19 20 2
19 20 18 10
19 20 19 328
19 20 20 14
19 21 19 1
19 21 20 5
20 17 14 1
20 18 15 5
20 18 16 1
20 19 10 1
20 19 11 1
20 19 16 1
20 19 18 4
20 19 19 3
20 19 20 1
20 20 18 7
20 20 19 75
20 20 20 26
20 20 21 3
20 21 19 7
20 21 20 280
20 21 21 40
20 22 20 2
20 22 21 24
20 22 22 3
21 18 15 1
21 19 10 1
21 19 16 3
21 19 17 2
21 20 13 1
21 20 14 1
21 20 17 2
21 20 18 2
21 20 19 4
21 20 20 1
21 20 21 1
21 21 14 1
21 21 15 1
21 21 19 3
21 21 20 27
21 21 21 37
21 21 22 6
21 22 20 4
21 22 21 164
21 22 22 128
21 22 23 3
21 23 22 9
21 23 23 3
22 20 17 3
22 20 18 4
22 20 19 3
22 20 20 2
22 21 13 2
22 21 17 1
22 21 18 7
22 21 19 7
22 21 20 5
22 21 21 4
22 22 20 1
22 22 21 23
22 22 22 108
22 22 23 17
22 23 22 377
22 23 23 132
22 23 24 5
22 24 23 14
22 24 24 7
23 20 16 1
23 20 17 26
23 20 18 3
23 21 17 25
23 21 18 57
23 21 19 8
23 21 20 1
23 22 13 1
23 22 16 1
23 22 18 1
23 22 19 10
23 22 20 4
23 22 21 1
23 22 22 6
23 22 23 1
23 23 16 1
23 23 22 23
23 23 23 150
23 23 24 9
23 24 23 139
23 24 24 192
23 24 25 14
23 25 24 12
23 25 25 5
23 26 25 1
24 21 17 10
24 21 18 11
24 22 11 1
24 22 19 6
24 22 20 24
24 22 22 1
24 23 11 1
24 23 13 1
24 23 15 2
24 23 17 1
24 23 20 11
24 23 21 3
24 23 22 4
24 23 23 5
24 23 24 2
24 24 23 8
24 24 24 118
24 24 25 8
24 25 24 130
24 25 25 315
24 25 26 19
24 25 27 1
24 26 25 8
24 26 26 7
25 22 20 1
25 23 12 1
25 23 13 1
25 23 20 5
25 23 21 19
25 23 22 5
25 24 13 1
25 24 14 2
25 24 16 1
25 24 21 2
25 24 22 18
25 24 23 5
25 24 24 2
25 24 25 2
25 25 17 1
25 25 23 3
25 25 24 12
25 25 25 128
25 25 26 15
25 26 25 44
25 26 26 92
25 26 27 3
25 27 26 2
25 27 27 4
26 23 21 1
26 24 21 2
26 24 22 35
26 24 23 4
26 24 24 1
26 25 13 1
26 25 14 2
26 25 15 2
26 25 16 1
26 25 22 5
26 25 23 18
26 25 24 8
26 25 25 2
26 26 14 2
26 26 17 2
26 26 18 2
26 26 24 2
26 26 25 7
26 26 26 58
26 26 27 13
26 27 26 17
26 27 27 57
26 27 28 6
26 28 28 11
26 28 29 1
27 25 15 1
27 25 22 1
27 25 23 25
27 25 24 1
27 26 15 1
27 26 17 2
27 26 20 2
27 26 23 5
27 26 24 12
27 26 25 3
27 26 26 5
27 27 16 1
27 27 21 1
27 27 22 1
27 27 23 1
27 27 25 1
27 27 26 4
27 27 27 33
27 27 28 10
27 28 27 8
27 28 28 36
27 28 29 7
27 29 29 2
28 26 24 9
28 26 25 1
28 27 24 2
28 27 25 4
28 27 26 2
28 27 27 3
28 27 28 1
28 28 19 1
28 28 20 1
28 28 22 1
28 28 25 1
28 28 26 1
28 28 27 7
28 28 28 19
28 28 29 10
28 29 28 8
28 29 29 63
28 29 30 22
29 27 24 2
29 27 25 3
29 28 23 1
29 28 25 2
29 28 26 3
29 28 27 1
29 28 28 3
29 28 29 2
29 29 20 1
29 29 27 1
29 29 28 3
29 29 29 39
29 29 30 44
29 30 28 1
29 30 29 20
29 30 30 249
29 30 31 7
29 31 30 4
29 31 31 1
30 28 25 2
30 28 27 1
30 29 26 6
30 29 27 5
30 29 28 1
30 29 29 1
30 30 22 1
30 30 27 8
30 30 28 13
30 30 29 16
30 30 30 605
30 30 31 46
30 31 29 14
30 31 30 242
30 31 31 57
31 30 28 1
31 30 29 1
31 30 30 1
31 30 31 1
31 31 28 1
31 31 29 1
