32
0 0 0 9
0 1 0 3
0 1 1 2
1 1 0 15
1 1 1 12
1 2 1 87
1 2 2 1
2 2 1 43
2 2 2 64
2 2 3 1
2 3 1 3
2 3 2 118
2 3 3 4
2 8 11 1
2 8 12 1
2 10 15 1
2 11 16 1
3 2 2 8
3 3 1 2
3 3 2 101
3 3 3 62
3 4 3 145
3 4 4 11
3 5 4 3
3 6 5 1
3 8 11 1
3 11 15 3
3 11 16 1
4 3 2 1
4 3 3 1
4 4 2 1
4 4 3 33
4 4 4 86
4 4 5 3
4 5 4 141
4 5 5 6
4 6 3 2
4 6 4 13
4 6 5 17
4 6 7 1
4 8 10 1
4 8 11 1
4 9 13 1
4 10 13 1
4 10 14 1
4 10 15 1
4 11 15 1
5 4 2 1
5 4 3 1
5 4 4 4
5 4 5 3
5 5 4 22
5 5 5 19
5 5 6 1
5 6 4 3
5 6 5 47
5 6 6 20
5 7 4 2
5 7 5 1
5 7 6 2
5 7 7 2
5 7 8 1
5 8 11 2
5 9 13 1
5 10 13 1
5 11 14 1
5 12 14 1
5 12 15 2
6 4 2 2
6 5 3 4
6 5 4 1
6 5 5 4
6 5 6 1
6 6 4 2
6 6 5 13
6 6 6 15
6 7 5 6
6 7 6 17
6 7 7 4
6 8 5 1
6 8 7 2
6 8 8 1
6 9 12 1
6 10 13 1
6 11 13 1
6 11 15 2
6 12 12 1
7 4 2 4
7 4 3 1
7 5 2 5
7 5 3 13
7 5 4 7
7 6 4 2
7 6 5 2
7 6 6 1
7 6 7 2
7 7 5 3
7 7 6 27
7 7 7 14
7 8 6 10
7 8 7 10
7 8 8 3
7 8 11 1
7 9 8 1
7 9 10 1
7 10 6 1
7 10 12 1
7 10 13 1
7 11 13 1
7 11 15 1
8 4 2 5
8 5 2 73
8 5 3 63
8 5 4 1
8 6 3 12
8 6 4 59
8 6 5 2
8 7 4 1
8 7 5 3
8 7 6 5
8 7 7 2
8 8 6 7
8 8 7 42
8 8 8 13
8 8 9 4
8 9 7 5
8 9 8 26
8 9 9 4
8 10 7 2
8 10 8 2
8 14 17 1
9 4 5 1
9 4 6 1
9 5 3 7
9 6 3 18
9 6 4 4
9 6 5 1
9 6 7 1
9 7 4 3
9 7 5 10
9 7 6 4
9 7 7 1
9 8 5 2
9 8 6 3
9 8 7 3
9 8 8 4
9 8 9 1
9 9 7 1
9 9 8 50
9 9 9 12
9 9 10 3
9 10 8 7
9 10 9 24
9 10 10 6
9 10 11 1
9 11 9 6
9 11 10 4
9 11 11 2
10 4 6 1
10 5 6 1
10 5 7 3
10 6 3 2
10 6 4 4
10 6 7 3
10 6 8 1
10 7 4 27
10 7 5 3
10 7 8 1
10 8 6 4
10 8 7 1
10 8 8 2
10 8 9 1
10 9 7 5
10 9 8 4
10 9 9 1
10 10 8 3
10 10 9 65
10 10 10 14
10 10 11 2
10 11 9 18
10 11 10 33
10 11 11 5
10 12 11 1
11 5 7 1
11 6 7 4
11 7 4 2
11 7 8 4
11 8 4 4
11 8 5 2
11 8 6 1
11 9 5 1
11 9 6 5
11 9 7 5
11 9 8 8
11 9 9 2
11 9 10 1
11 10 8 2
11 10 9 7
11 10 10 1
11 10 12 1
11 11 9 7
11 11 10 51
11 11 11 17
11 11 12 1
11 12 10 10
11 12 11 29
11 12 12 7
11 12 13 1
11 13 13 1
12 5 7 2
12 5 8 1
12 6 8 3
12 7 8 1
12 8 10 1
12 9 5 3
12 9 6 4
12 9 7 1
12 9 11 2
12 10 6 9
12 10 7 7
12 10 8 5
12 10 9 1
12 10 10 2
12 10 11 2
12 10 12 1
12 11 9 3
12 11 10 10
12 11 11 7
12 11 12 1
12 12 9 1
12 12 10 10
12 12 11 52
12 12 12 16
12 12 13 2
12 13 11 12
12 13 12 39
12 13 13 4
12 14 13 1
12 14 14 1
12 14 16 1
13 5 8 1
13 10 6 19
13 10 7 17
13 10 12 1
13 11 7 19
13 11 8 4
13 11 9 6
13 11 11 1
13 12 9 1
13 12 10 4
13 12 11 10
13 12 12 9
13 12 13 1
13 13 8 1
13 13 11 6
13 13 12 93
13 13 13 71
13 13 14 3
13 14 12 6
13 14 13 48
13 14 14 7
13 15 13 1
13 15 14 2
14 5 8 2
14 9 9 1
14 10 7 1
14 11 7 6
14 11 8 23
14 11 11 1
14 12 8 9
14 12 10 3
14 12 12 2
14 13 11 5
14 13 12 10
14 13 13 12
14 14 10 1
14 14 12 3
14 14 13 137
14 14 14 52
14 14 15 1
14 15 13 5
14 15 14 65
14 15 15 11
14 16 15 3
15 5 8 1
15 12 8 31
15 12 9 21
15 12 13 1
15 13 9 5
15 13 10 8
15 13 11 3
15 13 12 3
15 13 13 1
15 14 11 1
15 14 12 9
15 14 13 15
15 14 14 5
15 14 15 2
15 15 11 1
15 15 12 1
15 15 13 13
15 15 14 130
15 15 15 41
15 16 14 26
15 16 15 104
15 16 16 5
15 16 17 1
15 17 16 2
15 17 17 1
16 13 9 2
16 13 10 5
16 14 10 2
16 14 11 7
16 14 12 4
16 14 13 1
16 14 14 3
16 15 12 2
16 15 13 15
16 15 14 38
16 15 15 3
16 15 16 1
16 16 11 1
16 16 13 1
16 16 14 54
16 16 15 159
16 16 16 29
16 16 17 1
16 17 15 8
16 17 16 131
16 17 17 6
16 18 17 1
16 18 18 1
16 19 20 1
17 14 11 1
17 15 12 4
17 15 13 3
17 15 14 6
17 16 13 2
17 16 14 6
17 16 15 10
17 16 16 2
17 17 12 1
17 17 15 5
17 17 16 155
17 17 17 73
17 17 18 2
17 18 16 2
17 18 17 115
17 18 18 14
17 19 17 1
17 19 18 2
17 20 18 1
18 15 12 4
18 16 13 1
18 16 14 2
18 17 11 1
18 17 14 3
18 17 15 11
18 17 16 5
18 17 17 2
18 17 18 2
18 18 11 1
18 18 15 1
18 18 16 8
18 18 17 122
18 18 18 46
18 18 19 3
18 19 17 7
18 19 18 167
18 19 19 9
18 20 19 3
18 21 20 1
19 16 13 1
19 16 14 1
19 17 14 1
19 17 15 1
19 17 16 1
19 17 17 1
19 18 15 2
19 18 16 4
19 18 17 5
19 18 18 9
19 18 19 1
19 19 12 1
19 19 17 15
19 19 18 214
19 19 19 40
19 19 20 6
19 20 18 18
19 20 19 287
19 20 20 18
19 20 21 1
19 21 19 1
19 21 20 3
19 21 21 1
20 18 14 1
20 18 15 2
20 18 16 2
20 18 17 2
20 19 11 1
20 19 13 2
20 19 16 1
20 19 17 2
20 19 18 4
20 19 19 1
20 19 20 1
20 20 13 1
20 20 18 7
20 20 19 58
20 20 20 28
20 20 21 6
20 21 19 14
20 21 20 263
20 21 21 37
20 21 22 1
20 22 20 1
20 22 21 14
20 22 22 2
21 17 17 1
21 19 16 4
21 19 17 2
21 19 18 1
21 20 13 1
21 20 14 1
21 20 17 1
21 20 18 3
21 20 19 2
21 20 20 3
21 21 13 2
21 21 19 2
21 21 20 41
21 21 21 30
21 21 22 11
21 22 20 3
21 22 21 154
21 22 22 112
21 22 23 3
21 23 22 11
21 23 23 3
22 20 17 1
22 20 18 8
22 21 13 2
22 21 18 6
22 21 19 5
22 21 21 3
22 21 22 1
22 22 16 1
22 22 18 1
22 22 20 4
22 22 21 34
22 22 22 112
22 22 23 12
22 23 22 363
22 23 23 142
22 23 24 6
22 24 23 17
22 24 24 4
23 20 17 23
23 21 17 16
23 21 18 55
23 21 19 15
23 21 20 3
23 22 19 8
23 22 20 3
23 22 21 1
23 22 22 4
23 22 23 1
23 23 17 1
23 23 21 3
23 23 22 28
23 23 23 175
23 23 24 11
23 24 23 115
23 24 24 198
23 24 25 20
23 25 24 7
23 25 25 11
24 21 17 6
24 21 18 27
24 21 19 1
24 21 20 2
24 22 17 1
24 22 18 7
24 22 19 9
24 22 20 24
24 22 21 1
24 22 22 1
24 23 15 1
24 23 20 6
24 23 21 9
24 23 22 1
24 23 23 3
24 24 22 1
24 24 23 7
24 24 24 108
24 24 25 17
24 25 24 116
24 25 25 299
24 25 26 23
24 26 25 11
24 26 26 10
25 22 19 1
25 23 13 1
25 23 20 4
25 23 21 27
25 24 13 2
25 24 16 2
25 24 21 2
25 24 22 23
25 24 23 7
25 24 24 4
25 24 25 1
25 25 22 1
25 25 23 1
25 25 24 12
25 25 25 121
25 25 26 22
25 26 25 29
25 26 26 99
25 26 27 6
25 27 26 1
25 27 27 4
26 24 22 36
26 24 23 2
26 25 17 1
26 25 22 2
26 25 23 25
26 25 24 5
26 25 25 1
26 26 15 1
26 26 16 1
26 26 17 1
26 26 18 1
26 26 19 1
26 26 24 1
26 26 25 5
26 26 26 44
26 26 27 13
26 27 26 7
26 27 27 57
26 27 28 12
26 28 28 15
27 25 23 24
27 25 24 5
27 26 15 1
27 26 17 1
27 26 20 1
27 26 23 4
27 26 24 10
27 26 25 1
27 26 26 7
27 27 17 1
27 27 19 1
27 27 20 1
27 27 22 1
27 27 25 1
27 27 26 6
27 27 27 28
27 27 28 8
27 28 27 8
27 28 28 32
27 28 29 8
27 29 29 2
28 26 24 10
28 26 26 1
28 27 24 2
28 27 25 1
28 27 26 5
28 27 27 4
28 27 28 3
28 28 19 1
28 28 23 1
28 28 24 1
28 28 27 5
28 28 28 24
28 28 29 12
28 29 28 7
28 29 29 56
28 29 30 18
28 30 29 2
28 30 30 2
29 27 24 2
29 27 25 8
29 28 25 1
29 28 26 3
29 28 28 5
29 28 29 1
29 29 20 1
29 29 27 2
29 29 28 5
29 29 29 45
29 29 30 55
29 30 23 1
29 30 28 1
29 30 29 18
29 30 30 231
29 30 31 5
29 31 30 5
30 28 25 1
30 28 26 3
30 29 26 2
30 29 27 2
30 29 28 2
30 29 29 2
30 29 30 1
30 30 22 1
30 30 26 1
30 30 27 7
30 30 28 12
30 30 29 19
30 30 30 702
30 30 31 36
30 31 29 12
30 31 30 231
30 31 31 46
31 30 28 2
31 30 29 1
31 30 30 4
31 30 31 1
31 31 29 1
