32
0 0 0 7
0 1 0 4
0 1 1 1
1 1 0 25
1 1 1 5
1 1 2 1
1 2 1 76
1 2 2 2
2 1 1 1
2 2 0 1
2 2 1 51
2 2 2 56
2 3 1 2
2 3 2 116
2 3 3 3
2 8 12 2
2 11 16 1
3 2 2 3
3 3 2 115
3 3 3 48
3 4 2 3
3 4 3 147
3 4 4 3
3 5 4 7
3 8 11 2
3 8 12 1
3 11 16 3
4 3 3 1
4 4 3 35
4 4 4 73
4 4 5 3
4 5 3 1
4 5 4 160
4 5 5 5
4 6 3 1
4 6 4 6
4 6 5 14
4 7 5 1
4 7 7 1
4 7 8 1
4 8 8 1
4 9 13 1
4 11 15 2
4 12 16 1
5 4 2 3
5 4 4 3
5 4 5 4
5 5 4 20
5 5 5 19
5 5 6 2
5 6 4 11
5 6 5 42
5 6 6 14
5 7 5 1
5 7 6 3
5 8 11 1
5 9 12 2
5 10 13 2
5 11 15 1
5 12 15 1
6 4 3 2
6 5 3 4
6 5 5 3
6 5 6 3
6 6 4 3
6 6 5 20
6 6 6 19
6 6 7 2
6 7 5 8
6 7 6 11
6 7 7 3
6 7 8 1
6 8 5 1
6 8 6 1
6 8 7 3
6 8 11 1
6 9 10 1
6 9 11 1
6 11 13 1
6 11 14 1
6 11 15 1
6 12 15 2
7 4 2 4
7 5 2 12
7 5 3 7
7 5 4 5
7 6 3 2
7 6 4 6
7 6 6 1
7 7 5 2
7 7 6 21
7 7 7 9
7 8 6 12
7 8 7 21
7 8 8 1
7 8 11 1
7 9 8 1
7 9 9 1
7 10 7 1
7 10 13 1
7 11 14 1
7 13 16 2
7 14 18 1
8 4 2 7
8 5 2 83
8 5 3 64
8 6 3 15
8 6 4 52
8 6 5 2
8 6 7 1
8 7 4 1
8 7 5 4
8 7 6 2
8 7 8 1
8 7 9 1
8 8 6 7
8 8 7 47
8 8 8 14
8 8 9 1
8 9 7 6
8 9 8 19
8 9 9 6
8 10 9 5
8 10 10 1
8 12 14 1
9 4 5 1
9 4 6 1
9 5 3 6
9 5 6 1
9 6 3 19
9 6 4 4
9 6 7 2
9 7 4 2
9 7 5 9
9 7 6 2
9 7 8 1
9 8 6 6
9 8 7 10
9 8 8 3
9 8 9 1
9 9 7 2
9 9 8 59
9 9 9 10
9 9 10 1
9 9 11 1
9 10 8 13
9 10 9 20
9 10 10 8
9 11 9 3
9 11 10 1
9 11 11 1
10 5 6 1
10 5 7 2
10 6 3 1
10 6 4 1
10 6 7 2
10 6 8 1
10 7 3 4
10 7 4 21
10 7 5 4
10 8 5 1
10 8 6 4
10 8 7 7
10 9 7 4
10 9 8 6
10 9 10 2
10 10 8 2
10 10 9 61
10 10 10 7
10 10 11 3
10 11 9 16
10 11 10 39
10 11 11 6
10 11 12 1
10 12 11 2
11 4 6 1
11 4 7 1
11 5 7 1
11 6 7 4
11 6 8 2
11 7 4 4
11 7 7 1
11 7 8 2
11 7 9 1
11 8 4 3
11 8 5 1
11 8 8 2
11 9 5 1
11 9 6 4
11 9 7 7
11 9 8 5
11 9 9 1
11 9 10 2
11 10 8 4
11 10 9 7
11 10 10 1
11 10 11 2
11 11 9 8
11 11 10 60
11 11 11 19
11 11 12 1
11 12 10 5
11 12 11 32
11 12 12 6
11 13 12 1
12 5 7 1
12 5 8 1
12 6 7 1
12 7 8 1
12 9 5 1
12 9 6 4
12 9 7 1
12 9 9 1
12 9 10 1
12 9 11 1
12 10 6 3
12 10 8 8
12 10 9 2
12 10 10 1
12 11 9 4
12 11 10 5
12 11 11 7
12 12 10 4
12 12 11 58
12 12 12 31
12 12 13 1
12 13 11 9
12 13 12 32
12 13 13 3
12 14 13 2
12 14 14 1
12 15 14 1
13 5 8 1
13 6 8 1
13 6 9 1
13 10 6 10
13 10 7 19
13 10 11 2
13 11 7 15
13 11 8 4
13 11 9 7
13 11 10 1
13 12 9 3
13 12 10 4
13 12 11 12
13 12 12 8
13 12 14 1
13 13 10 1
13 13 11 4
13 13 12 85
13 13 13 76
13 13 14 1
13 14 12 8
13 14 13 51
13 14 14 10
13 14 15 1
13 15 13 2
13 15 14 1
14 5 8 1
14 9 10 1
14 10 11 1
14 11 7 8
14 11 8 21
14 11 9 1
14 12 8 12
14 12 9 6
14 12 10 3
14 12 11 1
14 12 12 1
14 13 9 1
14 13 11 1
14 13 12 8
14 13 13 12
14 14 10 1
14 14 12 7
14 14 13 131
14 14 14 43
14 14 15 2
14 15 13 4
14 15 14 52
14 15 15 5
14 15 16 3
14 16 14 1
14 16 15 4
14 17 18 1
15 5 8 1
15 11 8 1
15 12 8 29
15 12 9 16
15 12 10 1
15 13 9 8
15 13 10 11
15 13 11 1
15 13 12 4
15 13 13 3
15 13 14 1
15 14 11 2
15 14 12 5
15 14 13 13
15 14 14 10
15 14 15 1
15 15 10 2
15 15 11 1
15 15 12 1
15 15 13 11
15 15 14 122
15 15 15 42
15 15 16 3
15 16 14 8
15 16 15 105
15 16 16 7
15 17 15 1
16 7 10 1
16 13 10 6
16 13 14 1
16 14 10 4
16 14 11 10
16 14 12 5
16 14 13 4
16 15 12 3
16 15 13 10
16 15 14 35
16 15 15 3
16 15 16 1
16 16 13 1
16 16 14 53
16 16 15 145
16 16 16 32
16 17 15 8
16 17 16 119
16 17 17 13
16 18 17 1
17 14 11 2
17 14 12 1
17 15 11 2
17 15 12 3
17 15 13 2
17 15 14 3
17 15 15 1
17 16 13 2
17 16 14 5
17 16 15 8
17 16 16 2
17 17 13 1
17 17 14 1
17 17 15 10
17 17 16 133
17 17 17 51
17 17 18 1
17 18 16 3
17 18 17 110
17 18 18 12
17 19 18 2
17 20 19 1
18 15 12 5
18 16 12 1
18 16 13 3
18 16 14 5
18 16 15 2
18 16 16 2
18 17 14 6
18 17 15 8
18 17 16 5
18 17 17 2
18 17 18 2
18 18 11 1
18 18 14 1
18 18 16 9
18 18 17 112
18 18 18 42
18 18 19 2
18 19 17 10
18 19 18 157
18 19 19 11
18 19 20 1
18 20 18 1
18 20 19 3
19 16 12 1
19 16 13 1
19 17 14 3
19 17 15 1
19 17 16 4
19 17 17 1
19 18 10 1
19 18 11 2
19 18 13 1
19 18 16 5
19 18 17 7
19 18 18 8
19 19 17 8
19 19 18 170
19 19 19 46
19 19 20 3
19 20 18 12
19 20 19 273
19 20 20 14
19 21 19 2
19 21 20 3
19 21 21 1
20 17 14 1
20 18 14 1
20 18 15 2
20 18 16 2
20 18 17 1
20 19 10 1
20 19 12 1
20 19 13 1
20 19 16 2
20 19 17 4
20 19 18 3
20 19 19 1
20 20 18 8
20 20 19 67
20 20 20 24
20 20 21 3
20 21 19 6
20 21 20 267
20 21 21 39
20 22 21 15
21 18 15 1
21 19 13 1
21 19 16 4
21 19 17 3
21 19 19 1
21 20 12 2
21 20 14 1
21 20 17 2
21 20 19 3
21 20 20 5
21 21 14 1
21 21 20 32
21 21 21 27
21 21 22 7
21 22 20 1
21 22 21 167
21 22 22 102
21 22 23 2
21 23 22 12
21 23 23 1
22 20 18 3
22 21 13 1
22 21 18 9
22 21 19 6
22 21 20 5
22 21 21 1
22 22 14 1
22 22 20 3
22 22 21 28
22 22 22 109
22 22 23 16
22 23 22 378
22 23 23 142
22 23 24 7
22 24 23 14
22 24 24 3
23 20 17 16
23 20 18 4
23 21 17 19
23 21 18 67
23 21 19 17
23 21 20 1
23 21 21 2
23 22 14 1
23 22 18 1
23 22 19 5
23 22 20 4
23 22 21 1
23 22 22 6
23 22 23 1
23 23 17 1
23 23 22 27
23 23 23 150
23 23 24 10
23 24 23 124
23 24 24 189
23 24 25 16
23 25 24 5
23 25 25 10
24 21 17 8
24 21 18 18
24 22 16 1
24 22 18 1
24 22 19 10
24 22 20 25
24 22 21 1
24 22 23 1
24 23 11 1
24 23 15 1
24 23 20 6
24 23 21 4
24 23 22 4
24 23 23 2
24 23 24 1
24 24 19 2
24 24 22 1
24 24 23 8
24 24 24 114
24 24 25 13
24 25 22 1
24 25 24 121
24 25 25 318
24 25 26 19
24 26 25 9
24 26 26 3
25 22 20 1
25 23 20 7
25 23 21 23
25 23 22 4
25 24 13 2
25 24 14 1
25 24 16 2
25 24 21 2
25 24 22 24
25 24 23 7
25 24 25 1
25 25 14 1
25 25 23 4
25 25 24 14
25 25 25 130
25 25 26 15
25 26 25 31
25 26 26 94
25 26 27 2
25 27 27 4
26 24 14 1
26 24 22 37
26 24 23 7
26 25 14 1
26 25 22 6
26 25 23 24
26 25 24 5
26 25 25 1
26 26 15 1
26 26 17 3
26 26 18 3
26 26 19 1
26 26 24 1
26 26 25 9
26 26 26 44
26 26 27 13
26 27 26 19
26 27 27 58
26 27 28 11
26 28 28 13
27 25 23 25
27 25 24 5
27 26 15 1
27 26 17 1
27 26 18 1
27 26 20 1
27 26 23 5
27 26 24 13
27 26 25 2
27 26 26 7
27 27 20 2
27 27 25 1
27 27 26 9
27 27 27 27
27 27 28 12
27 28 27 6
27 28 28 34
27 28 29 11
27 29 28 1
28 26 22 1
28 26 24 14
28 27 19 1
28 27 24 1
28 27 25 2
28 27 26 4
28 27 27 3
28 27 28 1
28 28 18 1
28 28 24 1
28 28 26 1
28 28 27 10
28 28 28 25
28 28 29 14
28 29 28 8
28 29 29 56
28 29 30 19
28 30 30 1
29 27 24 2
29 27 25 6
29 28 20 1
29 28 26 1
29 28 27 1
29 28 28 4
29 28 29 1
29 29 21 1
29 29 26 1
29 29 27 1
29 29 28 4
29 29 29 46
29 29 30 57
29 30 29 17
29 30 30 211
29 30 31 1
29 31 30 1
30 28 26 3
30 29 23 1
30 29 26 3
30 29 27 7
30 29 28 1
30 29 29 2
30 30 22 1
30 30 27 5
30 30 28 12
30 30 29 21
30 30 30 652
30 30 31 34
30 31 29 6
30 31 30 223
30 31 31 39
31 30 29 2
31 30 30 2
31 31 29 1
31 31 31 1
