32
0 0 0 5
0 1 0 4
0 1 1 1
1 1 0 17
1 1 1 9
1 1 2 1
1 2 1 80
1 2 2 1
2 2 1 40
2 2 2 74
2 3 2 131
2 3 3 2
2 4 3 1
2 8 12 1
2 10 15 1
2 10 16 1
3 2 1 1
3 2 2 3
3 3 1 2
3 3 2 111
3 3 3 68
3 3 4 1
3 4 3 137
3 4 4 12
3 5 4 1
3 10 15 1
3 11 15 2
4 3 2 1
4 3 3 2
4 4 2 1
4 4 3 30
4 4 4 84
4 4 5 3
4 5 4 150
4 5 5 8
4 6 3 3
4 6 4 10
4 6 5 18
4 6 7 1
4 7 6 1
4 7 10 1
4 8 10 1
4 8 11 1
4 9 13 1
4 10 13 1
4 10 14 1
4 11 16 1
5 4 2 2
5 4 4 1
5 5 3 1
5 5 4 13
5 5 5 24
5 5 6 2
5 6 4 7
5 6 5 57
5 6 6 13
5 7 5 1
5 7 6 2
5 7 7 1
5 7 8 2
5 7 9 1
5 8 11 1
5 10 13 1
5 10 14 2
5 11 13 1
5 11 14 2
5 11 15 1
5 12 14 1
6 4 3 1
6 5 3 3
6 5 4 1
6 5 5 6
6 5 6 2
6 6 4 2
6 6 5 17
6 6 6 15
6 6 7 2
6 7 5 3
6 7 6 19
6 7 7 4
6 8 7 1
6 9 10 1
6 9 12 2
6 10 12 1
6 11 12 1
6 11 14 3
6 11 15 1
6 12 15 1
7 4 2 2
7 5 2 7
7 5 3 12
7 5 4 6
7 6 3 2
7 6 4 5
7 6 5 2
7 6 6 2
7 7 5 1
7 7 6 28
7 7 7 6
7 7 8 2
7 8 6 8
7 8 7 21
7 8 8 4
7 9 6 1
7 9 8 3
7 9 10 1
7 10 13 2
7 11 14 1
8 5 2 75
8 5 3 63
8 6 3 14
8 6 4 50
8 6 8 1
8 7 4 1
8 7 5 8
8 7 6 2
8 7 7 2
8 8 6 5
8 8 7 44
8 8 8 19
8 8 9 2
8 8 10 1
8 9 7 10
8 9 8 28
8 9 9 7
8 9 10 1
8 10 7 2
8 10 8 1
8 10 9 2
8 10 10 1
9 4 5 1
9 5 3 6
9 5 6 1
9 6 3 17
9 6 4 6
9 7 4 2
9 7 5 8
9 7 6 3
9 8 5 3
9 8 6 2
9 8 7 5
9 8 8 1
9 8 9 2
9 9 7 4
9 9 8 44
9 9 9 13
9 9 10 2
9 9 11 1
9 10 8 9
9 10 9 27
9 10 10 4
9 11 9 1
9 11 10 3
9 11 11 1
10 4 6 1
10 5 6 2
10 5 7 3
10 6 3 4
10 6 4 1
10 6 6 1
10 6 7 1
10 7 3 5
10 7 4 19
10 7 5 1
10 7 8 1
10 8 5 5
10 8 6 5
10 8 8 1
10 8 9 1
10 8 10 1
10 9 7 4
10 9 8 9
10 9 10 1
10 10 8 3
10 10 9 51
10 10 10 18
10 11 9 14
10 11 10 39
10 11 11 6
10 11 12 1
10 12 10 1
10 12 11 4
10 13 10 1
11 5 7 1
11 6 7 4
11 7 4 3
11 7 8 3
11 8 4 3
11 8 5 3
11 8 8 1
11 9 5 1
11 9 6 3
11 9 7 2
11 9 8 1
11 10 8 6
11 10 9 7
11 10 10 1
11 10 11 1
11 11 9 9
11 11 10 67
11 11 11 25
11 12 10 10
11 12 11 41
11 12 12 7
11 13 11 1
11 13 12 4
12 4 7 1
12 5 7 1
12 5 8 1
12 6 7 1
12 6 8 1
12 8 5 1
12 9 5 1
12 9 6 2
12 9 7 2
12 9 8 1
12 9 11 2
12 10 6 1
12 10 7 1
12 10 8 3
12 10 9 3
12 10 10 4
12 10 11 1
12 11 9 3
12 11 10 8
12 11 11 5
12 12 9 1
12 12 10 9
12 12 11 77
12 12 12 18
12 13 11 10
12 13 12 51
12 13 13 4
12 14 12 1
12 14 13 1
13 5 8 1
13 6 9 1
13 7 9 1
13 8 10 1
13 9 6 1
13 10 6 9
13 10 7 19
13 11 7 12
13 11 8 5
13 11 9 7
13 11 10 2
13 11 11 4
13 11 12 2
13 12 9 1
13 12 10 4
13 12 11 8
13 12 12 3
13 12 13 2
13 13 11 3
13 13 12 102
13 13 13 65
13 14 12 5
13 14 13 46
13 14 14 6
13 15 13 3
13 16 18 1
14 6 8 1
14 9 9 1
14 10 7 1
14 11 7 6
14 11 8 33
14 11 9 1
14 12 8 4
14 12 9 4
14 12 10 4
14 12 12 2
14 13 10 1
14 13 11 2
14 13 12 9
14 13 13 11
14 14 11 1
14 14 12 1
14 14 13 139
14 14 14 54
14 14 15 3
14 15 13 10
14 15 14 49
14 15 15 8
14 16 14 1
14 16 15 2
15 5 9 1
15 12 8 24
15 12 9 20
15 12 10 1
15 12 13 1
15 13 9 9
15 13 10 4
15 13 11 2
15 13 13 2
15 14 11 1
15 14 12 6
15 14 13 10
15 14 14 11
15 14 15 3
15 15 13 11
15 15 14 118
15 15 15 41
15 15 16 2
15 16 14 12
15 16 15 122
15 16 16 9
15 16 17 1
15 17 15 1
15 18 16 1
16 6 9 1
16 13 9 1
16 13 10 3
16 13 11 1
16 13 14 1
16 14 10 4
16 14 11 7
16 14 12 5
16 14 13 3
16 14 14 2
16 15 11 1
16 15 12 3
16 15 13 7
16 15 14 31
16 15 15 4
16 16 6 1
16 16 11 1
16 16 12 1
16 16 13 1
16 16 14 27
16 16 15 177
16 16 16 33
16 16 17 1
16 17 15 14
16 17 16 137
16 17 17 7
16 17 18 1
16 18 16 1
16 18 17 4
17 14 10 1
17 14 11 2
17 15 11 2
17 15 12 5
17 15 13 4
17 15 14 4
17 15 15 1
17 16 13 5
17 16 14 6
17 16 15 7
17 16 16 1
17 16 17 1
17 17 14 1
17 17 15 7
17 17 16 142
17 17 17 61
17 17 18 2
17 18 16 3
17 18 17 127
17 18 18 12
17 19 18 2
17 19 19 1
18 15 12 5
18 16 12 1
18 16 13 3
18 16 14 2
18 16 15 2
18 17 14 3
18 17 15 7
18 17 16 6
18 17 17 3
18 17 19 1
18 18 12 1
18 18 14 1
18 18 16 7
18 18 17 121
18 18 18 45
18 18 19 3
18 19 17 12
18 19 18 174
18 19 19 13
18 20 18 1
18 20 19 2
19 16 13 1
19 17 13 3
19 17 14 11
19 17 15 3
19 17 16 2
19 18 10 1
19 18 12 1
19 18 16 7
19 18 17 7
19 18 18 4
19 18 19 1
19 19 10 1
19 19 11 1
19 19 16 1
19 19 17 16
19 19 18 198
19 19 19 50
19 19 20 2
19 20 18 8
19 20 19 320
19 20 20 16
19 21 19 2
19 21 20 8
19 21 21 1
20 17 14 1
20 18 15 2
20 18 16 5
20 19 12 1
20 19 13 1
20 19 16 1
20 19 17 3
20 19 18 6
20 19 19 5
20 20 13 1
20 20 15 1
20 20 18 6
20 20 19 60
20 20 20 33
20 21 19 5
20 21 20 267
20 21 21 35
20 21 22 2
20 22 20 1
20 22 21 20
20 22 22 2
21 18 15 1
21 19 16 3
21 20 11 1
21 20 13 1
21 20 14 1
21 20 17 3
21 20 18 5
21 20 19 5
21 20 20 1
21 20 21 1
21 21 13 1
21 21 16 1
21 21 17 1
21 21 18 1
21 21 19 1
21 21 20 35
21 21 21 43
21 21 22 5
21 22 20 3
21 22 21 160
21 22 22 127
21 23 22 9
21 23 23 1
22 19 17 1
22 20 17 1
22 20 18 2
22 20 19 1
22 21 13 1
22 21 17 1
22 21 18 5
22 21 19 8
22 21 20 5
22 21 21 2
22 22 16 1
22 22 21 32
22 22 22 116
22 22 23 19
22 23 22 313
22 23 23 135
22 23 24 8
22 24 23 16
22 24 24 7
23 20 16 2
23 20 17 24
23 21 17 16
23 21 18 61
23 21 19 11
23 22 13 1
23 22 19 8
23 22 20 8
23 22 22 2
23 23 15 1
23 23 18 1
23 23 22 30
23 23 23 157
23 23 24 9
23 24 17 1
23 24 23 144
23 24 24 182
23 24 25 16
23 25 24 11
23 25 25 7
24 21 17 5
24 21 18 6
24 21 19 1
24 22 18 1
24 22 19 6
24 22 20 19
24 22 23 1
24 23 11 1
24 23 15 1
24 23 20 5
24 23 21 7
24 23 22 1
24 23 23 1
24 24 22 3
24 24 23 12
24 24 24 114
24 24 25 14
24 25 24 140
24 25 25 317
24 25 26 12
24 26 25 7
24 26 26 9
25 23 20 4
25 23 21 27
25 23 22 4
25 24 16 2
25 24 21 3
25 24 22 21
25 24 23 5
25 24 24 3
25 25 23 5
25 25 24 7
25 25 25 124
25 25 26 18
25 26 25 42
25 26 26 84
25 26 27 6
25 27 26 3
25 27 27 4
26 24 22 40
26 24 23 5
26 24 24 1
26 25 14 2
26 25 15 1
26 25 16 1
26 25 22 5
26 25 23 22
26 25 24 2
26 25 25 3
26 25 26 1
26 26 14 1
26 26 16 1
26 26 17 2
26 26 21 1
26 26 24 1
26 26 25 9
26 26 26 52
26 26 27 16
26 27 26 28
26 27 27 57
26 27 28 13
26 28 27 2
26 28 28 5
27 25 22 2
27 25 23 18
27 25 24 5
27 26 15 2
27 26 17 1
27 26 18 2
27 26 19 1
27 26 23 8
27 26 24 12
27 26 25 2
27 26 26 5
27 26 27 2
27 27 20 1
27 27 22 1
27 27 26 2
27 27 27 36
27 27 28 9
27 28 26 1
27 28 27 10
27 28 28 40
27 28 29 5
27 29 29 1
28 26 23 1
28 26 24 6
28 27 20 1
28 27 22 1
28 27 24 3
28 27 25 4
28 27 26 1
28 27 27 2
28 27 28 1
28 28 19 1
28 28 27 9
28 28 28 31
28 28 29 11
28 29 28 5
28 29 29 60
28 29 30 21
28 30 29 1
28 30 30 1
29 27 25 4
29 28 18 1
29 28 25 2
29 28 26 3
29 28 27 1
29 28 28 1
29 29 21 1
29 29 25 1
29 29 27 2
29 29 28 3
29 29 29 38
29 29 30 43
29 30 28 1
29 30 29 21
29 30 30 241
29 30 31 6
29 31 30 3
30 28 25 1
30 29 26 5
30 29 27 3
30 29 29 5
30 29 30 2
30 30 22 1
30 30 27 6
30 30 28 16
30 30 29 14
30 30 30 613
30 30 31 37
30 31 29 16
30 31 30 248
30 31 31 53
31 30 28 2
31 30 29 2
31 30 30 6
31 30 31 1
31 31 29 3
