32
0 0 0 3
0 1 0 3
0 1 1 2
1 0 0 1
1 1 0 13
1 1 1 5
1 2 1 71
1 2 2 1
2 2 1 31
2 2 2 63
2 3 2 153
2 3 3 1
2 8 12 2
2 8 13 1
3 2 1 2
3 2 2 2
3 3 2 97
3 3 3 47
3 4 2 1
3 4 3 146
3 4 4 4
3 5 4 1
3 8 12 1
3 11 16 3
3 12 16 1
3 12 17 1
4 3 2 2
4 3 4 1
4 4 3 32
4 4 4 66
4 4 5 2
4 5 3 2
4 5 4 145
4 5 5 10
4 6 3 1
4 6 4 5
4 6 5 18
4 7 6 2
4 7 8 1
4 8 9 1
4 8 11 1
4 9 13 1
5 4 2 1
5 4 3 2
5 4 4 1
5 4 5 1
5 5 4 14
5 5 5 27
5 5 6 2
5 6 4 5
5 6 5 63
5 6 6 12
5 7 4 1
5 7 5 2
5 7 6 2
5 7 7 1
5 8 7 2
5 8 10 1
5 8 11 1
5 9 11 2
5 10 14 3
5 11 15 1
5 12 15 2
5 13 17 1
6 4 2 1
6 4 3 3
6 4 4 1
6 5 3 6
6 5 4 2
6 5 5 4
6 6 4 2
6 6 5 19
6 6 6 13
6 6 7 1
6 7 5 3
6 7 6 24
6 7 7 3
6 8 6 2
6 8 7 3
6 9 8 1
6 10 13 1
6 10 14 1
6 11 13 1
6 11 14 1
6 12 15 1
7 4 2 11
7 4 3 1
7 5 2 28
7 5 3 16
7 5 4 2
7 6 3 1
7 6 4 5
7 6 5 2
7 6 6 1
7 7 5 3
7 7 6 21
7 7 7 13
7 7 8 1
7 8 6 11
7 8 7 19
7 8 8 2
7 9 8 2
7 11 13 1
7 11 14 1
7 13 16 1
7 13 17 1
8 4 2 5
8 4 6 1
8 5 2 74
8 5 3 58
8 5 4 1
8 5 6 1
8 6 3 21
8 6 4 44
8 6 5 3
8 6 7 1
8 7 5 6
8 7 6 5
8 7 7 1
8 8 6 4
8 8 7 23
8 8 8 10
8 8 9 3
8 8 11 1
8 9 7 9
8 9 8 30
8 9 9 5
8 10 9 2
8 11 7 1
8 11 14 1
8 11 15 1
9 3 5 1
9 5 3 3
9 5 6 1
9 6 3 20
9 6 4 3
9 7 4 1
9 7 5 8
9 7 6 1
9 7 9 1
9 8 6 6
9 8 7 2
9 8 8 2
9 8 9 1
9 9 7 2
9 9 8 57
9 9 9 15
9 9 10 1
9 10 8 8
9 10 9 32
9 10 10 5
9 10 11 1
9 10 12 1
9 11 9 1
9 11 10 1
10 4 6 1
10 5 7 1
10 6 3 5
10 6 4 1
10 6 7 3
10 7 3 1
10 7 4 22
10 7 5 1
10 7 7 1
10 7 9 1
10 8 6 8
10 8 7 1
10 8 8 2
10 8 9 1
10 9 7 2
10 9 8 5
10 9 9 1
10 9 11 1
10 10 8 1
10 10 9 60
10 10 10 14
10 11 9 21
10 11 10 46
10 11 11 1
10 12 9 1
10 12 10 2
10 13 10 2
11 4 6 1
11 5 7 2
11 6 7 2
11 6 8 3
11 7 4 6
11 7 8 1
11 8 4 3
11 8 5 3
11 8 6 3
11 8 8 1
11 8 9 1
11 8 10 1
11 9 5 1
11 9 6 4
11 9 7 6
11 9 8 6
11 9 9 1
11 10 7 1
11 10 8 1
11 10 9 11
11 10 10 2
11 11 9 4
11 11 10 62
11 11 11 17
11 12 9 1
11 12 10 5
11 12 11 37
11 12 12 4
11 13 12 5
12 5 8 1
12 6 7 1
12 7 9 1
12 9 6 8
12 9 7 1
12 9 9 1
12 9 11 1
12 10 6 1
12 10 8 3
12 10 9 3
12 10 10 1
12 10 11 1
12 11 9 6
12 11 10 12
12 11 11 4
12 11 12 1
12 12 10 6
12 12 11 49
12 12 12 27
12 13 11 9
12 13 12 43
12 13 13 11
13 6 8 1
13 7 8 1
13 10 6 5
13 10 7 11
13 10 12 1
13 11 7 5
13 11 8 3
13 11 9 3
13 11 10 1
13 12 9 1
13 12 10 3
13 12 11 11
13 12 12 14
13 13 8 1
13 13 11 3
13 13 12 108
13 13 13 80
13 14 12 1
13 14 13 58
13 14 14 7
13 15 13 2
13 15 14 2
14 9 9 1
14 11 7 7
14 11 8 16
14 11 12 1
14 12 8 14
14 12 9 6
14 12 10 1
14 12 12 2
14 13 10 1
14 13 11 3
14 13 12 10
14 13 13 9
14 14 9 1
14 14 12 2
14 14 13 113
14 14 14 40
14 14 15 1
14 15 13 7
14 15 14 45
14 15 15 8
14 15 16 1
14 16 14 1
14 16 15 1
14 16 16 1
15 11 8 1
15 12 8 34
15 12 9 17
15 12 12 1
15 13 8 1
15 13 9 8
15 13 10 10
15 13 11 1
15 13 12 3
15 13 13 2
15 14 11 6
15 14 12 3
15 14 13 10
15 14 14 9
15 14 15 1
15 15 11 2
15 15 12 1
15 15 13 6
15 15 14 105
15 15 15 51
15 15 16 4
15 16 14 15
15 16 15 98
15 16 16 5
15 17 16 1
16 5 9 1
16 12 9 1
16 13 9 3
16 13 10 2
16 14 10 5
16 14 11 7
16 14 12 2
16 14 13 1
16 14 14 4
16 15 10 1
16 15 13 9
16 15 14 30
16 15 15 2
16 16 5 1
16 16 11 2
16 16 14 37
16 16 15 127
16 16 16 30
16 16 17 3
16 17 15 5
16 17 16 134
16 17 17 8
16 18 16 1
16 18 17 1
17 14 10 1
17 14 11 6
17 15 11 5
17 15 12 3
17 15 13 8
17 16 14 11
17 16 15 7
17 16 16 2
17 16 17 2
17 17 9 1
17 17 15 9
17 17 16 120
17 17 17 68
17 17 18 3
17 18 16 4
17 18 17 104
17 18 18 18
17 18 19 1
17 19 18 1
18 15 11 1
18 15 12 8
18 16 12 3
18 16 13 3
18 16 14 4
18 16 16 1
18 17 13 1
18 17 14 1
18 17 15 6
18 17 16 8
18 17 17 3
18 17 18 1
18 18 11 1
18 18 13 1
18 18 16 6
18 18 17 108
18 18 18 40
18 18 19 4
18 19 17 14
18 19 18 177
18 19 19 18
18 20 19 3
19 16 13 4
19 17 13 3
19 17 14 7
19 17 15 7
19 17 16 2
19 18 11 2
19 18 14 1
19 18 16 2
19 18 17 17
19 18 18 7
19 18 19 1
19 19 13 1
19 19 17 8
19 19 18 151
19 19 19 46
19 19 20 2
19 20 18 10
19 20 19 272
19 20 20 14
19 20 21 2
19 21 19 1
19 21 20 5
19 21 21 1
20 17 14 4
20 18 15 4
20 18 16 4
20 19 11 1
20 19 12 1
20 19 13 1
20 19 16 1
20 19 17 5
20 19 18 9
20 20 16 1
20 20 18 6
20 20 19 66
20 20 20 31
20 20 21 5
20 21 19 5
20 21 20 243
20 21 21 30
20 22 21 10
20 23 22 1
21 18 15 3
21 19 16 3
21 19 17 6
21 20 14 2
21 20 18 1
21 20 19 2
21 20 20 2
21 21 12 1
21 21 18 1
21 21 19 1
21 21 20 28
21 21 21 35
21 21 22 13
21 22 20 2
21 22 21 151
21 22 22 105
21 22 23 2
21 23 22 6
21 23 23 2
22 19 16 2
22 20 17 1
22 20 18 8
22 20 19 3
22 20 20 1
22 21 13 1
22 21 17 1
22 21 18 6
22 21 19 6
22 21 20 6
22 21 21 3
22 22 14 1
22 22 20 2
22 22 21 15
22 22 22 116
22 22 23 13
22 23 22 273
22 23 23 130
22 23 24 7
22 24 23 12
22 24 24 3
23 20 17 8
23 20 18 5
23 21 17 5
23 21 18 56
23 21 19 15
23 21 20 2
23 21 21 2
23 22 13 1
23 22 14 1
23 22 16 1
23 22 19 4
23 22 20 4
23 22 21 1
23 22 22 2
23 22 23 2
23 23 21 1
23 23 22 30
23 23 23 194
23 23 24 11
23 24 23 113
23 24 24 192
23 24 25 21
23 25 24 9
23 25 25 7
23 26 25 1
24 21 17 3
24 21 18 16
24 21 19 1
24 22 10 1
24 22 19 8
24 22 20 23
24 23 16 1
24 23 20 8
24 23 21 5
24 23 22 2
24 23 23 5
24 24 22 5
24 24 23 3
24 24 24 117
24 24 25 11
24 25 20 1
24 25 24 129
24 25 25 339
24 25 26 28
24 26 25 11
24 26 26 8
25 23 20 5
25 23 21 21
25 23 22 3
25 24 13 3
25 24 16 2
25 24 21 3
25 24 22 23
25 24 23 7
25 24 24 4
25 25 23 2
25 25 24 8
25 25 25 135
25 25 26 19
25 26 25 34
25 26 26 98
25 26 27 4
25 27 26 2
25 27 27 8
26 24 22 41
26 24 23 3
26 24 24 1
26 24 25 1
26 25 14 1
26 25 15 2
26 25 22 5
26 25 23 25
26 25 24 8
26 25 25 1
26 26 15 1
26 26 16 2
26 26 17 3
26 26 21 1
26 26 24 2
26 26 25 5
26 26 26 66
26 26 27 17
26 27 26 36
26 27 27 55
26 27 28 12
26 28 28 10
27 25 14 1
27 25 23 26
27 25 24 5
27 26 17 2
27 26 19 2
27 26 20 1
27 26 21 1
27 26 23 3
27 26 24 11
27 26 25 2
27 26 26 7
27 27 26 8
27 27 27 54
27 27 28 10
27 28 27 11
27 28 28 33
27 28 29 10
27 29 28 1
27 29 29 3
28 26 24 10
28 26 25 2
28 27 22 1
28 27 25 3
28 27 26 3
28 27 27 5
28 28 23 1
28 28 24 2
28 28 26 1
28 28 27 3
28 28 28 36
28 28 29 15
28 29 28 14
28 29 29 70
28 29 30 21
29 27 25 4
29 28 20 1
29 28 26 6
29 28 27 3
29 28 28 2
29 28 29 2
29 29 20 2
29 29 28 3
29 29 29 49
29 29 30 42
29 30 29 11
29 30 30 219
29 30 31 8
29 31 30 3
30 28 26 5
30 29 26 1
30 29 27 4
30 29 28 1
30 29 29 1
30 30 22 1
30 30 27 3
30 30 28 10
30 30 29 13
30 30 30 628
30 30 31 27
30 31 29 7
30 31 30 163
30 31 31 37
31 30 28 4
31 30 29 2
31 30 30 4
31 30 31 1
