32
0 0 0 4
1 0 0 3
1 1 0 5
1 1 1 2
1 2 1 26
1 2 2 1
2 1 0 4
2 1 1 2
2 2 0 1
2 2 1 39
2 2 2 17
2 3 1 2
2 3 2 117
3 2 0 1
3 2 1 7
3 2 2 6
3 2 3 2
3 3 1 4
3 3 2 160
3 3 3 40
3 4 2 8
3 4 3 130
3 4 4 5
3 5 5 1
3 9 14 1
3 11 16 1
3 12 17 1
4 2 1 1
4 3 1 3
4 3 2 3
4 3 3 3
4 3 4 1
4 4 2 4
4 4 3 50
4 4 4 61
4 4 5 1
4 5 3 1
4 5 4 162
4 5 5 22
4 6 4 5
4 6 5 10
4 10 14 1
4 10 15 1
4 11 16 1
4 12 17 1
5 4 1 1
5 4 4 1
5 5 3 2
5 5 4 11
5 5 5 22
5 5 6 3
5 6 4 1
5 6 5 21
5 6 6 3
5 6 7 2
5 7 6 2
5 7 8 1
5 10 13 1
5 11 15 1
5 12 17 2
6 5 4 1
6 5 5 9
6 6 5 11
6 6 6 9
6 6 7 1
6 7 6 5
6 7 7 2
6 8 4 1
6 8 7 1
6 8 8 1
6 9 8 1
6 9 9 1
6 10 13 1
6 11 13 1
6 11 14 1
6 11 15 1
7 6 3 1
7 6 4 2
7 7 4 1
7 7 5 8
7 7 6 2
7 7 7 6
7 8 6 1
7 8 7 4
7 8 8 2
7 9 7 2
7 9 8 2
7 9 9 1
7 9 10 1
7 10 14 1
7 11 15 2
7 12 15 1
7 12 16 1
7 13 17 1
7 14 18 1
8 6 3 2
8 7 5 5
8 7 6 2
8 7 7 2
8 8 5 6
8 8 6 16
8 8 7 11
8 8 8 7
8 8 9 3
8 9 8 9
8 9 9 6
8 9 10 2
8 10 5 2
8 10 9 3
8 10 11 1
8 10 12 1
8 10 13 1
8 11 14 2
8 12 14 1
8 12 15 1
8 12 16 1
8 14 18 1
9 7 4 1
9 8 5 1
9 8 6 4
9 8 7 3
9 8 8 2
9 8 9 1
9 8 10 1
9 9 6 2
9 9 7 12
9 9 8 5
9 9 9 5
9 9 10 3
9 10 6 3
9 10 9 4
9 10 10 3
9 10 11 2
9 10 12 1
9 10 14 1
9 11 9 1
9 11 10 3
9 11 11 3
9 12 8 1
9 12 15 2
10 8 4 4
10 8 5 2
10 8 6 1
10 9 7 2
10 9 8 8
10 9 9 2
10 9 10 1
10 9 11 1
10 10 8 10
10 10 9 10
10 10 10 5
10 10 11 5
10 10 12 1
10 11 10 5
10 11 11 1
10 11 12 1
10 12 8 1
10 12 10 1
10 12 14 1
10 13 9 1
10 14 15 1
11 6 7 1
11 7 8 1
11 8 4 1
11 9 8 2
11 9 9 1
11 10 8 8
11 10 9 9
11 10 10 4
11 11 8 2
11 11 9 8
11 11 10 10
11 11 11 10
11 11 12 3
11 11 13 1
11 12 8 1
11 12 11 9
11 12 12 1
11 13 11 1
11 13 14 1
11 13 15 2
12 6 7 1
12 6 8 1
12 7 9 1
12 8 4 2
12 9 5 2
12 9 6 1
12 9 11 1
12 10 7 1
12 10 8 1
12 10 9 5
12 10 11 1
12 10 12 1
12 11 8 2
12 11 9 8
12 11 10 4
12 11 11 5
12 11 12 1
12 12 8 1
12 12 9 2
12 12 10 11
12 12 11 16
12 12 12 12
12 12 13 1
12 13 10 2
12 13 12 18
12 13 13 4
12 14 11 1
12 14 13 2
12 14 14 1
12 14 15 1
12 14 16 2
12 14 17 1
13 8 8 1
13 8 9 3
13 9 4 1
13 9 6 1
13 9 9 1
13 9 10 1
13 10 4 1
13 10 5 3
13 10 6 1
13 10 7 1
13 10 9 1
13 10 10 3
13 10 11 2
13 11 7 1
13 11 9 5
13 11 10 1
13 11 11 1
13 12 10 14
13 12 11 7
13 12 12 13
13 12 14 1
13 13 10 7
13 13 11 24
13 13 12 29
13 13 13 25
13 13 14 2
13 14 10 1
13 14 11 2
13 14 12 2
13 14 13 24
13 14 14 5
13 14 15 1
13 14 16 1
13 15 15 1
13 15 17 2
13 16 18 1
14 6 8 1
14 8 9 1
14 8 10 1
14 9 9 1
14 9 10 2
14 10 4 1
14 10 6 1
14 10 7 1
14 10 9 2
14 10 10 3
14 11 6 7
14 11 7 16
14 11 8 3
14 11 9 1
14 11 10 3
14 11 11 1
14 12 8 3
14 12 9 7
14 12 10 3
14 12 12 1
14 13 10 1
14 13 11 17
14 13 12 7
14 13 13 4
14 13 14 2
14 13 15 1
14 14 7 1
14 14 11 5
14 14 12 18
14 14 13 22
14 14 14 11
14 14 15 1
14 15 11 1
14 15 13 3
14 15 14 12
14 15 15 5
14 15 16 1
14 16 14 1
14 16 15 3
15 6 9 1
15 9 3 2
15 9 4 1
15 10 3 4
15 10 4 92
15 10 5 2
15 11 4 1
15 11 5 8
15 11 6 36
15 11 7 12
15 11 13 1
15 12 6 9
15 12 7 14
15 12 8 80
15 12 9 17
15 12 14 1
15 13 8 1
15 13 9 9
15 13 10 16
15 13 11 12
15 13 12 31
15 13 13 1
15 14 11 1
15 14 12 45
15 14 13 29
15 14 14 5
15 14 15 2
15 15 12 2
15 15 13 8
15 15 14 28
15 15 15 10
15 15 16 2
15 16 13 1
15 16 14 2
15 16 15 12
15 16 16 5
15 16 17 2
15 17 19 1
15 18 20 3
16 8 10 1
16 10 4 58
16 11 4 63
16 11 5 16
16 11 6 9
16 12 5 1
16 12 6 22
16 12 7 10
16 12 8 2
16 12 9 1
16 12 12 1
16 12 14 1
16 13 8 2
16 13 9 6
16 13 10 8
16 13 11 1
16 13 12 1
16 13 13 2
16 14 10 3
16 14 11 5
16 14 12 22
16 14 13 23
16 14 14 1
16 15 11 1
16 15 12 4
16 15 13 17
16 15 14 10
16 15 15 6
16 16 12 1
16 16 13 8
16 16 14 13
16 16 15 47
16 16 16 14
16 16 17 6
16 17 14 1
16 17 15 2
16 17 16 11
16 17 17 4
16 17 18 1
16 17 19 1
16 18 20 1
16 19 21 1
16 19 22 1
17 8 10 1
17 11 4 2
17 11 5 2
17 12 5 5
17 12 6 4
17 12 7 6
17 13 7 3
17 13 8 3
17 14 8 1
17 14 9 1
17 14 10 2
17 14 11 3
17 14 14 1
17 14 15 1
17 15 12 5
17 15 13 6
17 15 14 2
17 15 15 5
17 15 16 1
17 16 11 1
17 16 13 3
17 16 14 9
17 16 15 20
17 16 16 7
17 16 17 4
17 16 18 1
17 17 11 1
17 17 14 12
17 17 15 25
17 17 16 25
17 17 17 24
17 17 18 7
17 18 14 1
17 18 15 2
17 18 16 1
17 18 17 14
17 18 18 12
17 18 19 3
17 19 18 4
17 19 19 2
17 19 21 1
17 20 22 2
18 7 10 1
18 14 9 2
18 14 10 3
18 15 10 4
18 15 11 6
18 15 12 1
18 16 12 3
18 16 13 5
18 16 14 1
18 16 15 2
18 17 14 5
18 17 15 25
18 17 16 14
18 17 17 1
18 17 18 1
18 17 19 1
18 18 14 1
18 18 15 7
18 18 16 22
18 18 17 12
18 18 18 11
18 19 17 4
18 19 18 26
18 19 19 8
18 19 20 1
18 20 19 1
18 20 20 2
18 20 21 1
18 20 22 3
18 21 20 1
18 21 22 1
18 21 23 2
18 21 24 1
19 15 10 1
19 15 11 2
19 16 11 2
19 16 12 3
19 17 13 4
19 17 14 4
19 17 15 5
19 17 16 3
19 18 12 1
19 18 13 1
19 18 15 8
19 18 16 24
19 18 17 14
19 18 18 6
19 18 19 4
19 19 16 12
19 19 17 19
19 19 18 13
19 19 19 11
19 19 20 4
19 19 21 1
19 19 22 1
19 20 17 2
19 20 18 2
19 20 19 19
19 20 20 14
19 20 21 1
19 21 19 1
19 21 20 1
19 21 22 1
20 16 12 2
20 17 13 3
20 17 14 4
20 18 14 2
20 18 15 7
20 18 16 7
20 18 17 4
20 19 10 1
20 19 16 15
20 19 17 26
20 19 18 13
20 19 19 7
20 19 20 2
20 19 21 1
20 20 16 1
20 20 17 12
20 20 18 9
20 20 19 11
20 20 20 16
20 20 21 4
20 20 22 2
20 21 19 1
20 21 20 20
20 21 21 13
20 21 22 2
20 22 21 2
20 22 22 2
20 22 24 1
21 17 17 1
21 18 14 1
21 18 16 1
21 19 15 4
21 19 16 12
21 19 17 6
21 20 12 1
21 20 13 3
21 20 14 1
21 20 17 30
21 20 18 38
21 20 19 14
21 20 20 2
21 21 13 1
21 21 17 4
21 21 18 20
21 21 19 25
21 21 20 7
21 21 21 12
21 21 22 3
21 21 23 3
21 22 20 3
21 22 21 13
21 22 22 21
21 22 23 2
21 22 24 2
21 23 22 4
21 23 23 2
21 23 25 2
21 23 26 1
21 24 26 4
22 19 16 1
22 19 17 1
22 20 12 1
22 20 16 1
22 20 17 12
22 20 18 4
22 20 19 2
22 21 11 2
22 21 12 2
22 21 13 2
22 21 16 1
22 21 17 2
22 21 18 34
22 21 19 36
22 21 20 8
22 21 21 4
22 22 17 1
22 22 18 1
22 22 19 12
22 22 20 38
22 22 21 30
22 22 22 34
22 22 23 4
22 22 24 1
22 23 21 3
22 23 22 48
22 23 23 30
22 23 24 10
22 23 25 3
22 24 23 1
22 24 25 2
22 24 26 4
22 24 27 3
22 25 26 1
22 25 27 2
22 25 28 6
22 26 28 2
23 15 15 1
23 21 17 1
23 21 18 14
23 21 19 9
23 22 14 1
23 22 15 1
23 22 19 16
23 22 20 28
23 22 21 9
23 22 22 3
23 23 14 1
23 23 20 7
23 23 21 47
23 23 22 56
23 23 23 96
23 23 24 15
23 23 25 4
23 24 23 151
23 24 24 111
23 24 25 40
23 24 26 1
23 25 24 15
23 25 25 63
23 25 26 6
23 25 27 22
23 25 28 24
23 26 28 72
23 26 29 28
23 27 29 28
23 27 30 17
24 22 19 10
24 22 20 23
24 22 21 2
24 23 10 1
24 23 12 1
24 23 20 16
24 23 21 108
24 23 22 54
24 23 23 7
24 23 24 2
24 24 15 2
24 24 21 18
24 24 22 76
24 24 23 139
24 24 24 76
24 24 25 17
24 25 23 5
24 25 24 109
24 25 25 97
24 25 26 37
24 25 27 8
24 25 28 3
24 26 26 26
24 26 27 16
24 26 28 70
24 26 29 18
24 27 28 1
24 27 29 22
24 27 30 21
25 21 20 1
25 22 21 1
25 23 12 1
25 23 13 1
25 23 21 36
25 23 22 18
25 24 12 2
25 24 16 1
25 24 17 1
25 24 19 1
25 24 20 4
25 24 21 25
25 24 22 283
25 24 23 54
25 24 24 6
25 24 25 2
25 25 14 1
25 25 16 2
25 25 21 2
25 25 22 24
25 25 23 127
25 25 24 419
25 25 25 137
25 25 26 4
25 26 25 291
25 26 26 58
25 26 27 17
25 26 28 24
25 26 29 2
25 27 27 31
25 27 28 132
25 27 29 151
25 28 29 3
25 28 30 5
26 21 21 1
26 23 21 1
26 24 22 34
26 24 23 8
26 25 14 1
26 25 15 1
26 25 16 2
26 25 17 1
26 25 22 15
26 25 23 207
26 25 24 30
26 25 25 5
26 26 15 1
26 26 19 1
26 26 20 2
26 26 21 1
26 26 23 16
26 26 24 142
26 26 25 92
26 26 26 77
26 26 27 9
26 26 28 1
26 27 26 12
26 27 27 41
26 27 28 5
26 27 29 16
26 28 28 5
26 28 29 2
26 28 30 1
27 25 23 9
27 25 24 2
27 26 23 2
27 26 24 128
27 26 25 52
27 26 26 14
27 27 19 1
27 27 24 2
27 27 25 191
27 27 26 35
27 27 27 19
27 27 28 15
27 27 29 1
27 28 27 3
27 28 28 22
27 28 29 11
27 29 29 16
27 29 30 1
27 29 31 1
27 30 29 1
27 30 30 1
28 26 24 1
28 26 25 1
28 27 24 1
28 27 25 93
28 27 26 97
28 27 27 12
28 28 19 1
28 28 26 233
28 28 27 25
28 28 28 18
28 28 29 35
28 29 20 1
28 29 28 3
28 29 29 116
28 29 30 48
28 30 30 25
29 27 25 4
29 27 26 1
29 28 22 1
29 28 25 1
29 28 26 38
29 28 27 58
29 28 29 1
29 29 21 1
29 29 25 1
29 29 26 1
29 29 27 62
29 29 28 4
29 29 29 10
29 29 30 7
29 30 28 1
29 30 30 37
29 30 31 3
29 31 30 3
29 31 31 9
30 29 26 2
30 29 27 19
30 29 28 10
30 29 29 1
30 30 27 2
30 30 28 11
30 30 29 21
30 30 30 268
30 30 31 9
30 31 29 14
30 31 30 73
31 30 28 2
31 30 29 5
31 30 30 2
31 30 31 1
31 31 28 1
31 31 29 1
