32
0 0 0 6
0 1 0 4
0 1 1 1
1 1 0 14
1 1 1 6
1 2 0 1
1 2 1 70
1 2 2 3
2 1 0 1
2 1 1 1
2 2 0 1
2 2 1 38
2 2 2 50
2 3 2 166
2 3 3 1
2 8 13 2
3 2 2 3
3 3 2 89
3 3 3 61
3 4 3 155
3 4 4 8
3 5 4 1
3 8 12 2
3 11 16 2
3 11 17 1
3 12 16 1
4 3 2 1
4 3 3 2
4 4 3 32
4 4 4 83
4 5 3 1
4 5 4 144
4 5 5 13
4 6 3 2
4 6 4 9
4 6 5 16
4 7 6 1
4 7 10 1
4 8 8 1
4 8 10 1
4 8 12 1
4 9 12 1
4 11 13 1
4 11 15 1
4 11 16 2
4 12 16 1
5 4 2 4
5 4 3 1
5 4 4 4
5 5 4 13
5 5 5 28
5 5 6 3
5 6 4 7
5 6 5 46
5 6 6 18
5 7 4 2
5 7 6 3
5 7 8 1
5 8 8 1
5 8 9 1
5 8 10 1
5 9 12 1
5 10 14 1
5 11 14 1
5 11 15 1
6 4 3 2
6 5 3 2
6 5 5 3
6 5 6 3
6 6 5 19
6 6 6 16
6 6 7 1
6 7 5 2
6 7 6 26
6 7 7 1
6 8 6 2
6 8 7 2
6 8 8 1
6 10 14 2
6 11 15 2
6 12 14 1
6 14 18 1
7 4 2 6
7 5 2 6
7 5 3 20
7 5 4 2
7 6 4 2
7 6 5 3
7 7 5 2
7 7 6 21
7 7 7 10
7 7 8 1
7 8 6 10
7 8 7 17
7 8 8 3
7 9 6 1
7 9 8 2
7 11 14 1
7 12 15 2
7 12 16 1
8 4 2 2
8 5 2 83
8 5 3 59
8 5 6 1
8 6 3 16
8 6 4 63
8 7 4 3
8 7 5 2
8 7 6 2
8 8 6 5
8 8 7 30
8 8 8 15
8 8 10 1
8 9 7 9
8 9 8 32
8 9 9 1
8 9 12 1
8 10 7 1
8 10 9 6
8 10 10 2
8 12 14 1
8 12 15 1
8 14 18 1
9 5 3 7
9 5 6 2
9 5 7 1
9 6 3 21
9 6 4 4
9 6 5 1
9 7 4 3
9 7 5 6
9 7 6 1
9 7 8 1
9 8 5 3
9 8 6 5
9 8 7 2
9 8 8 1
9 8 9 1
9 9 7 2
9 9 8 53
9 9 9 10
9 9 10 1
9 10 8 5
9 10 9 34
9 10 10 6
9 10 11 1
9 10 12 1
9 11 10 5
9 11 11 3
9 12 11 1
10 4 6 1
10 5 7 2
10 6 3 2
10 6 4 3
10 6 7 1
10 7 3 1
10 7 4 24
10 7 5 2
10 7 8 1
10 8 6 4
10 8 7 2
10 8 9 1
10 9 7 2
10 9 8 8
10 9 10 2
10 10 8 3
10 10 9 60
10 10 10 9
10 10 11 2
10 11 9 17
10 11 10 45
10 11 11 7
10 12 10 3
10 12 11 2
10 12 12 1
11 4 6 1
11 5 7 3
11 5 8 1
11 6 7 3
11 7 4 7
11 7 8 3
11 8 4 2
11 8 5 2
11 8 6 1
11 8 8 1
11 9 6 4
11 9 7 3
11 9 8 5
11 9 10 1
11 9 11 1
11 10 8 7
11 10 9 12
11 10 10 1
11 10 11 1
11 11 9 5
11 11 10 50
11 11 11 16
11 11 12 3
11 12 10 9
11 12 11 33
11 12 12 7
11 13 12 1
12 4 8 1
12 5 7 1
12 6 7 1
12 6 8 1
12 7 8 1
12 8 9 1
12 9 5 2
12 9 6 5
12 9 7 2
12 10 6 5
12 10 7 1
12 10 8 3
12 10 9 2
12 10 10 2
12 11 8 2
12 11 9 2
12 11 10 17
12 11 11 2
12 12 10 8
12 12 11 51
12 12 12 25
12 13 11 4
12 13 12 45
12 13 13 7
12 14 13 2
13 5 8 2
13 6 8 1
13 9 11 1
13 10 6 8
13 10 7 10
13 10 12 2
13 11 7 7
13 11 8 5
13 11 9 5
13 11 11 1
13 11 12 2
13 11 13 1
13 12 9 2
13 12 10 3
13 12 11 11
13 12 12 7
13 12 13 1
13 13 9 1
13 13 11 2
13 13 12 93
13 13 13 71
13 13 14 3
13 14 12 4
13 14 13 55
13 14 14 10
13 15 13 3
13 15 14 1
14 9 9 1
14 11 7 6
14 11 8 27
14 11 9 2
14 12 8 8
14 12 9 6
14 12 12 2
14 13 9 1
14 13 10 1
14 13 11 4
14 13 12 7
14 13 13 22
14 13 15 1
14 14 12 3
14 14 13 123
14 14 14 50
14 14 15 2
14 15 13 7
14 15 14 49
14 15 15 13
14 16 14 1
14 16 15 3
15 5 9 2
15 11 8 1
15 12 8 31
15 12 9 15
15 12 10 1
15 13 9 6
15 13 10 10
15 13 11 4
15 13 13 1
15 13 14 1
15 14 11 3
15 14 12 7
15 14 13 9
15 14 14 9
15 14 15 2
15 15 13 7
15 15 14 106
15 15 15 31
15 15 16 2
15 16 14 9
15 16 15 118
15 16 16 6
15 17 14 1
15 17 16 1
15 17 18 1
16 12 12 1
16 13 9 2
16 13 10 6
16 13 14 1
16 14 10 3
16 14 11 4
16 14 12 2
16 14 14 1
16 15 12 3
16 15 13 9
16 15 14 36
16 15 15 7
16 16 8 1
16 16 11 1
16 16 14 41
16 16 15 136
16 16 16 31
16 16 17 1
16 17 14 1
16 17 15 4
16 17 16 125
16 17 17 10
17 14 10 2
17 14 11 3
17 15 11 7
17 15 12 5
17 15 13 4
17 15 14 2
17 16 11 1
17 16 13 3
17 16 14 9
17 16 15 5
17 16 16 2
17 17 12 1
17 17 15 10
17 17 16 124
17 17 17 58
17 17 18 3
17 17 19 1
17 18 16 2
17 18 17 125
17 18 18 10
18 15 11 1
18 15 12 3
18 16 12 3
18 16 13 3
18 16 14 4
18 16 15 2
18 16 17 1
18 17 10 1
18 17 11 1
18 17 12 1
18 17 14 3
18 17 15 6
18 17 16 9
18 17 18 1
18 18 16 4
18 18 17 111
18 18 18 29
18 18 19 2
18 19 17 15
18 19 18 158
18 19 19 16
18 19 20 1
18 20 19 4
19 16 13 8
19 17 13 1
19 17 14 5
19 17 15 6
19 18 11 1
19 18 15 2
19 18 16 6
19 18 17 8
19 18 18 8
19 18 19 1
19 19 10 1
19 19 13 3
19 19 14 1
19 19 17 10
19 19 18 162
19 19 19 49
19 19 20 2
19 20 18 10
19 20 19 281
19 20 20 14
19 21 19 2
19 21 20 6
20 17 14 2
20 18 14 1
20 18 15 2
20 18 16 1
20 19 12 2
20 19 16 1
20 19 17 2
20 19 18 8
20 19 19 1
20 19 21 1
20 20 16 1
20 20 18 8
20 20 19 56
20 20 20 28
20 20 21 5
20 21 19 2
20 21 20 259
20 21 21 41
20 21 22 1
20 22 21 11
20 22 22 1
21 18 14 1
21 18 15 1
21 19 16 3
21 19 17 3
21 20 13 1
21 20 17 2
21 20 18 3
21 20 19 3
21 20 20 4
21 21 18 1
21 21 20 26
21 21 21 34
21 21 22 9
21 22 20 3
21 22 21 148
21 22 22 125
21 22 23 6
21 23 22 7
21 23 23 1
22 19 17 1
22 19 20 1
22 20 16 1
22 20 17 5
22 20 18 8
22 20 19 1
22 21 14 1
22 21 18 7
22 21 19 5
22 21 20 2
22 21 21 2
22 22 20 1
22 22 21 21
22 22 22 106
22 22 23 19
22 23 22 285
22 23 23 150
22 23 24 8
22 24 23 13
22 24 24 8
23 20 16 1
23 20 17 18
23 20 18 5
23 20 19 1
23 21 17 7
23 21 18 54
23 21 19 14
23 22 13 1
23 22 14 1
23 22 16 1
23 22 19 9
23 22 20 3
23 22 21 3
23 22 22 4
23 23 14 1
23 23 15 1
23 23 18 1
23 23 22 20
23 23 23 148
23 23 24 10
23 24 23 124
23 24 24 195
23 24 25 17
23 25 24 10
23 25 25 8
24 20 17 1
24 21 17 5
24 21 18 8
24 22 19 5
24 22 20 21
24 22 21 1
24 22 22 1
24 22 23 2
24 23 12 1
24 23 17 1
24 23 20 9
24 23 21 12
24 23 22 8
24 23 23 2
24 23 24 1
24 24 19 1
24 24 21 1
24 24 22 1
24 24 23 9
24 24 24 142
24 24 25 15
24 25 24 136
24 25 25 348
24 25 26 15
24 26 25 8
24 26 26 9
25 23 13 2
25 23 20 2
25 23 21 24
25 23 22 5
25 24 16 1
25 24 22 26
25 24 23 4
25 24 24 5
25 24 25 1
25 25 22 1
25 25 23 3
25 25 24 7
25 25 25 106
25 25 26 16
25 26 25 45
25 26 26 102
25 26 27 1
25 27 26 1
25 27 27 5
26 24 21 2
26 24 22 37
26 24 23 4
26 25 14 2
26 25 15 2
26 25 16 1
26 25 17 1
26 25 22 7
26 25 23 28
26 25 24 5
26 25 25 1
26 25 26 2
26 26 15 1
26 26 16 1
26 26 17 2
26 26 19 1
26 26 24 2
26 26 25 14
26 26 26 77
26 26 27 13
26 27 26 33
26 27 27 71
26 27 28 12
26 28 28 15
27 25 23 23
27 25 24 3
27 25 25 1
27 26 17 2
27 26 19 1
27 26 23 3
27 26 24 9
27 26 25 1
27 26 26 3
27 26 27 1
27 27 20 1
27 27 21 1
27 27 26 2
27 27 27 51
27 27 28 10
27 28 27 17
27 28 28 34
27 28 29 8
27 29 28 1
27 29 29 1
28 26 24 7
28 26 25 3
28 26 27 1
28 27 24 3
28 27 25 2
28 27 26 2
28 27 27 5
28 28 24 1
28 28 26 1
28 28 27 6
28 28 28 35
28 28 29 16
28 29 28 16
28 29 29 70
28 29 30 30
28 30 30 1
29 27 25 6
29 27 26 1
29 28 19 1
29 28 22 1
29 28 23 1
29 28 25 1
29 28 26 4
29 28 27 3
29 28 28 2
29 28 29 1
29 29 20 2
29 29 22 1
29 29 26 1
29 29 27 2
29 29 28 2
29 29 29 33
29 29 30 66
29 30 29 15
29 30 30 185
29 30 31 5
30 29 26 1
30 29 27 4
30 29 28 2
30 29 29 3
30 29 30 3
30 30 27 1
30 30 28 13
30 30 29 11
30 30 30 541
30 30 31 57
30 31 28 1
30 31 29 6
30 31 30 175
30 31 31 58
31 30 28 2
31 30 29 1
31 30 30 5
31 30 31 1
