32
0 0 0 4
0 1 0 4
0 1 1 2
1 1 0 18
1 1 1 8
1 2 1 66
1 2 2 3
2 1 1 1
2 2 1 43
2 2 2 52
2 3 1 2
2 3 2 143
2 4 3 1
2 8 12 3
3 2 1 1
3 2 2 5
3 3 1 2
3 3 2 103
3 3 3 58
3 4 3 152
3 4 4 3
3 5 4 5
3 6 4 1
3 11 16 4
4 3 2 1
4 3 3 2
4 3 4 2
4 4 3 34
4 4 4 91
4 4 5 2
4 5 4 146
4 5 5 10
4 6 3 2
4 6 4 4
4 6 5 14
4 6 6 1
4 7 6 1
4 8 10 2
4 8 11 2
4 10 13 1
4 11 15 3
4 12 17 1
5 4 2 5
5 4 3 1
5 5 3 2
5 5 4 17
5 5 5 24
5 6 4 6
5 6 5 47
5 6 6 17
5 7 4 1
5 7 5 2
5 7 6 1
5 7 8 1
5 8 9 1
5 9 11 1
5 9 13 1
5 10 12 1
5 10 13 1
5 11 14 2
5 11 15 1
5 12 15 1
5 12 16 1
6 4 2 1
6 5 4 3
6 5 5 5
6 5 6 1
6 6 4 3
6 6 5 14
6 6 6 7
6 6 7 1
6 7 5 3
6 7 6 14
6 7 7 1
6 8 5 1
6 8 7 2
6 8 9 1
6 10 13 1
6 11 14 1
6 12 14 1
6 12 15 1
7 4 2 6
7 4 3 1
7 5 2 10
7 5 3 13
7 5 4 3
7 6 3 1
7 6 4 3
7 6 6 1
7 6 7 1
7 7 5 6
7 7 6 31
7 7 7 9
7 7 8 4
7 8 6 10
7 8 7 18
7 8 8 5
7 9 8 2
7 10 11 1
7 10 14 1
7 11 14 1
7 11 15 1
7 14 17 1
8 4 2 5
8 5 2 74
8 5 3 59
8 5 4 1
8 6 3 13
8 6 4 47
8 6 5 4
8 7 4 1
8 7 5 7
8 7 6 3
8 7 7 2
8 7 8 1
8 8 6 9
8 8 7 39
8 8 8 22
8 9 7 4
8 9 8 24
8 9 9 6
8 9 11 1
8 10 7 1
8 10 8 1
8 10 9 3
8 12 17 1
9 5 3 10
9 6 3 20
9 6 4 2
9 6 7 3
9 6 8 1
9 7 4 3
9 7 5 7
9 7 6 3
9 7 8 1
9 8 5 1
9 8 6 7
9 8 7 4
9 8 8 3
9 8 10 1
9 9 7 3
9 9 8 51
9 9 9 8
9 9 10 2
9 9 11 1
9 10 8 9
9 10 9 30
9 10 10 5
9 10 11 2
9 11 9 2
9 11 10 2
9 11 11 1
10 4 6 1
10 5 6 1
10 5 7 2
10 6 3 2
10 6 4 2
10 6 7 2
10 7 3 2
10 7 4 23
10 7 5 5
10 8 5 1
10 8 6 5
10 8 7 3
10 8 8 2
10 8 9 1
10 9 7 1
10 9 8 8
10 9 10 2
10 10 8 6
10 10 9 62
10 10 10 16
10 10 11 1
10 11 9 10
10 11 10 29
10 11 11 7
10 11 12 1
10 12 9 1
10 12 10 1
10 12 11 3
10 12 12 1
11 4 6 1
11 5 7 3
11 6 7 4
11 7 4 6
11 7 8 4
11 8 4 2
11 8 5 2
11 8 6 4
11 8 8 1
11 9 5 2
11 9 6 3
11 9 7 2
11 9 8 3
11 10 8 1
11 10 9 9
11 10 10 4
11 10 11 1
11 11 9 16
11 11 10 57
11 11 11 16
11 11 12 1
11 12 10 7
11 12 11 28
11 12 12 6
11 13 11 1
12 5 7 1
12 5 8 2
12 9 5 4
12 9 6 3
12 9 7 4
12 9 11 1
12 10 6 1
12 10 7 2
12 10 8 4
12 10 9 1
12 10 10 1
12 10 11 1
12 11 7 1
12 11 8 2
12 11 9 7
12 11 10 11
12 11 11 7
12 12 9 1
12 12 10 6
12 12 11 71
12 12 12 9
12 13 11 15
12 13 12 40
12 13 13 10
12 13 14 1
12 14 12 2
12 14 13 2
13 5 8 1
13 6 8 1
13 9 6 2
13 9 11 1
13 10 6 10
13 10 7 8
13 10 11 1
13 10 12 1
13 11 7 8
13 11 8 4
13 11 9 2
13 11 11 2
13 11 12 1
13 12 10 3
13 12 11 12
13 12 12 3
13 13 11 6
13 13 12 111
13 13 13 68
13 13 14 2
13 14 12 2
13 14 13 58
13 14 14 5
13 15 13 2
13 15 14 4
13 15 15 1
14 5 6 1
14 7 9 1
14 9 9 1
14 10 7 2
14 11 7 10
14 11 8 14
14 11 9 1
14 12 8 13
14 12 9 2
14 12 10 2
14 12 12 2
14 13 11 2
14 13 12 16
14 13 13 15
14 14 12 6
14 14 13 126
14 14 14 52
14 14 15 2
14 15 13 11
14 15 14 53
14 15 15 4
14 15 16 1
14 16 14 1
14 16 15 1
14 16 16 1
14 17 18 1
15 5 9 2
15 10 11 1
15 11 8 1
15 12 7 1
15 12 8 30
15 12 9 22
15 12 10 1
15 13 9 6
15 13 10 7
15 13 11 3
15 13 12 3
15 13 13 2
15 14 9 1
15 14 10 2
15 14 11 4
15 14 12 3
15 14 13 11
15 14 14 8
15 15 11 1
15 15 12 1
15 15 13 9
15 15 14 103
15 15 15 42
15 15 16 1
15 16 14 19
15 16 15 95
15 16 16 14
15 17 15 1
15 17 16 2
16 13 9 5
16 13 10 7
16 14 10 3
16 14 11 5
16 14 12 5
16 14 13 5
16 14 14 4
16 15 12 1
16 15 13 10
16 15 14 31
16 15 15 7
16 16 11 1
16 16 14 49
16 16 15 155
16 16 16 26
16 16 17 1
16 17 15 12
16 17 16 114
16 17 17 6
16 18 17 1
17 14 10 3
17 14 11 3
17 14 12 1
17 15 11 1
17 15 12 3
17 15 13 4
17 15 14 1
17 16 12 1
17 16 13 2
17 16 14 8
17 16 15 9
17 16 16 5
17 17 13 2
17 17 14 1
17 17 15 8
17 17 16 141
17 17 17 62
17 17 18 1
17 18 16 4
17 18 17 114
17 18 18 10
17 19 17 2
17 19 18 4
18 15 12 1
18 16 12 3
18 16 13 4
18 16 14 2
18 16 15 4
18 17 12 1
18 17 14 4
18 17 15 9
18 17 16 9
18 17 17 2
18 18 12 1
18 18 16 7
18 18 17 100
18 18 18 33
18 19 17 17
18 19 18 160
18 19 19 8
18 19 20 1
18 20 19 2
18 20 20 1
19 16 13 2
19 17 13 5
19 17 14 9
19 17 15 4
19 18 10 1
19 18 13 1
19 18 15 1
19 18 16 11
19 18 17 4
19 18 18 9
19 18 19 1
19 19 11 1
19 19 13 1
19 19 17 12
19 19 18 154
19 19 19 56
19 19 20 5
19 20 18 13
19 20 19 285
19 20 20 24
19 21 20 1
19 21 21 1
20 16 16 1
20 17 14 4
20 18 14 1
20 18 16 3
20 18 18 1
20 19 10 1
20 19 11 1
20 19 16 2
20 19 17 1
20 19 18 3
20 19 19 4
20 19 20 1
20 20 13 1
20 20 17 1
20 20 18 10
20 20 19 53
20 20 20 29
20 20 21 2
20 21 19 11
20 21 20 259
20 21 21 45
20 22 21 11
21 18 15 4
21 18 17 1
21 19 16 1
21 20 12 1
21 20 15 1
21 20 17 1
21 20 19 2
21 20 20 4
21 21 13 1
21 21 17 1
21 21 18 1
21 21 20 40
21 21 21 26
21 21 22 7
21 22 20 1
21 22 21 164
21 22 22 97
21 22 23 2
21 23 22 5
21 23 23 2
22 20 14 1
22 20 17 4
22 20 18 8
22 20 20 1
22 21 13 1
22 21 18 5
22 21 19 6
22 21 20 4
22 21 21 5
22 22 20 1
22 22 21 33
22 22 22 109
22 22 23 18
22 23 22 275
22 23 23 129
22 23 24 6
22 24 22 1
22 24 23 17
22 24 24 5
23 20 17 14
23 20 18 6
23 21 17 16
23 21 18 50
23 21 19 21
23 22 13 1
23 22 14 1
23 22 17 1
23 22 19 8
23 22 20 1
23 22 21 2
23 22 22 2
23 22 23 1
23 23 14 1
23 23 16 1
23 23 22 27
23 23 23 154
23 23 24 14
23 24 23 113
23 24 24 177
23 24 25 18
23 25 24 12
23 25 25 8
24 21 17 5
24 21 18 14
24 22 18 2
24 22 19 6
24 22 20 22
24 22 22 1
24 23 11 1
24 23 19 1
24 23 20 8
24 23 21 3
24 23 22 5
24 23 23 3
24 24 22 3
24 24 23 13
24 24 24 114
24 24 25 12
24 25 24 143
24 25 25 287
24 25 26 17
24 26 25 7
24 26 26 11
25 22 12 1
25 23 20 6
25 23 21 25
25 23 22 4
25 24 13 1
25 24 16 2
25 24 21 2
25 24 22 21
25 24 23 7
25 24 24 1
25 25 22 1
25 25 23 3
25 25 24 12
25 25 25 152
25 25 26 11
25 26 25 39
25 26 26 104
25 26 27 7
25 27 26 1
25 27 27 6
26 24 22 39
26 24 23 5
26 24 24 1
26 24 25 1
26 25 14 2
26 25 15 1
26 25 22 6
26 25 23 26
26 25 24 5
26 25 25 2
26 25 26 1
26 26 14 1
26 26 15 1
26 26 16 1
26 26 17 2
26 26 19 1
26 26 24 3
26 26 25 5
26 26 26 61
26 26 27 15
26 27 26 37
26 27 27 58
26 27 28 14
26 28 28 6
27 25 13 1
27 25 23 28
27 25 24 3
27 25 25 1
27 26 15 1
27 26 16 1
27 26 17 1
27 26 18 2
27 26 23 2
27 26 24 9
27 26 25 2
27 26 26 2
27 26 27 2
27 27 19 1
27 27 20 2
27 27 21 1
27 27 22 2
27 27 25 1
27 27 26 6
27 27 27 44
27 27 28 9
27 28 27 14
27 28 28 42
27 28 29 7
27 29 28 1
28 26 23 1
28 26 24 13
28 27 19 1
28 27 24 1
28 27 25 2
28 27 26 4
28 27 27 2
28 28 26 2
28 28 27 3
28 28 28 33
28 28 29 10
28 29 28 10
28 29 29 67
28 29 30 23
28 30 30 1
29 27 24 2
29 27 25 7
29 28 24 1
29 28 25 3
29 28 26 1
29 28 28 4
29 28 29 1
29 29 19 1
29 29 20 1
29 29 23 1
29 29 26 1
29 29 28 2
29 29 29 41
29 29 30 42
29 30 26 1
29 30 29 15
29 30 30 233
29 30 31 3
29 31 30 1
30 28 26 1
30 29 26 3
30 29 27 5
30 29 28 2
30 29 29 2
30 30 22 1
30 30 27 9
30 30 28 7
30 30 29 16
30 30 30 615
30 30 31 39
30 31 28 1
30 31 29 6
30 31 30 197
30 31 31 54
31 30 28 2
31 30 29 2
31 30 30 1
