32
0 0 0 7
0 1 0 1
0 1 1 2
1 0 0 1
1 1 0 14
1 1 1 10
1 1 2 1
1 2 1 72
1 2 2 2
2 2 1 31
2 2 2 55
2 2 3 1
2 3 2 129
2 3 3 4
2 8 11 2
2 8 12 1
3 2 1 1
3 2 2 5
3 3 1 2
3 3 2 112
3 3 3 58
3 4 3 158
3 4 4 6
3 5 4 1
3 8 11 1
3 10 15 1
3 11 16 4
4 3 3 1
4 4 2 1
4 4 3 25
4 4 4 82
4 4 5 2
4 5 4 141
4 5 5 9
4 6 3 1
4 6 4 9
4 6 5 11
4 7 5 2
4 7 10 1
4 8 8 1
4 8 11 1
4 11 15 1
5 4 2 2
5 4 3 1
5 4 4 2
5 4 5 1
5 5 4 7
5 5 5 29
5 5 6 1
5 6 4 8
5 6 5 50
5 6 6 16
5 7 4 1
5 7 5 2
5 7 6 3
5 7 7 2
5 7 8 2
5 8 9 1
5 9 10 1
5 9 12 1
5 9 13 1
5 10 14 2
5 11 14 1
5 12 15 1
6 4 3 1
6 5 3 2
6 5 4 1
6 5 5 8
6 5 6 2
6 6 4 1
6 6 5 20
6 6 6 12
6 7 5 8
6 7 6 10
6 7 7 7
6 8 6 1
6 8 7 5
6 9 10 1
6 10 13 2
6 11 12 1
6 11 14 1
6 11 15 1
6 12 15 1
7 4 2 2
7 5 2 13
7 5 3 9
7 5 4 8
7 6 4 3
7 6 5 2
7 7 5 3
7 7 6 23
7 7 7 7
7 8 6 14
7 8 7 17
7 8 8 2
7 8 11 1
7 9 6 1
7 9 7 1
7 9 8 4
7 11 14 1
7 13 17 1
8 4 2 4
8 4 5 1
8 5 2 93
8 5 3 51
8 6 3 17
8 6 4 57
8 6 5 1
8 7 4 2
8 7 5 5
8 7 6 5
8 8 5 2
8 8 6 5
8 8 7 43
8 8 8 12
8 8 9 2
8 9 7 8
8 9 8 31
8 9 9 3
8 10 7 1
8 10 8 2
8 10 10 1
8 11 9 1
8 11 13 1
8 11 14 1
9 3 5 1
9 4 6 1
9 5 3 4
9 6 3 20
9 6 4 2
9 6 5 1
9 6 6 1
9 6 7 1
9 7 4 3
9 7 5 10
9 7 6 1
9 7 8 2
9 8 5 2
9 8 6 6
9 8 7 4
9 8 8 3
9 8 9 3
9 8 10 1
9 9 7 2
9 9 8 48
9 9 9 12
9 10 8 13
9 10 9 27
9 10 10 6
9 10 11 1
9 11 9 5
9 11 10 1
9 11 11 1
10 5 7 2
10 6 3 3
10 6 4 2
10 6 6 2
10 6 7 2
10 7 3 2
10 7 4 22
10 7 5 2
10 7 8 1
10 8 5 1
10 8 6 3
10 8 7 1
10 8 8 4
10 9 7 5
10 9 8 8
10 10 8 2
10 10 9 52
10 10 10 11
10 10 11 1
10 11 9 20
10 11 10 56
10 11 11 7
10 12 9 1
10 12 10 1
10 12 11 2
11 5 7 1
11 6 7 4
11 6 8 1
11 6 9 1
11 7 4 10
11 7 8 2
11 8 4 1
11 8 5 2
11 9 6 2
11 9 7 2
11 9 8 3
11 9 9 1
11 9 10 2
11 10 8 8
11 10 9 10
11 10 10 2
11 11 9 11
11 11 10 56
11 11 11 9
11 11 12 2
11 12 10 9
11 12 11 37
11 12 12 6
11 13 11 2
12 5 7 2
12 5 8 1
12 7 8 1
12 7 9 1
12 9 5 7
12 9 6 4
12 9 7 1
12 9 9 2
12 9 11 3
12 10 6 6
12 10 7 4
12 10 8 2
12 10 10 1
12 11 9 4
12 11 10 6
12 11 11 5
12 11 12 2
12 12 9 1
12 12 10 8
12 12 11 68
12 12 12 19
12 13 11 4
12 13 12 37
12 13 13 5
12 14 13 1
13 6 8 1
13 9 6 1
13 10 6 21
13 10 7 22
13 10 8 1
13 11 7 16
13 11 8 5
13 11 9 4
13 11 10 2
13 11 12 1
13 12 10 7
13 12 11 6
13 12 12 6
13 12 13 1
13 13 10 1
13 13 11 7
13 13 12 80
13 13 13 76
13 13 14 2
13 14 12 7
13 14 13 53
13 14 14 13
13 14 15 1
13 15 13 4
13 15 14 3
14 10 7 1
14 11 7 8
14 11 8 21
14 11 9 4
14 11 11 1
14 12 8 8
14 12 9 4
14 12 10 3
14 12 11 2
14 12 12 1
14 13 10 1
14 13 11 5
14 13 12 6
14 13 13 13
14 14 9 1
14 14 10 1
14 14 12 5
14 14 13 137
14 14 14 51
14 14 15 2
14 15 13 11
14 15 14 50
14 15 15 7
14 15 16 1
14 16 15 3
15 10 12 1
15 12 8 30
15 12 9 25
15 12 10 1
15 13 9 6
15 13 10 6
15 13 11 6
15 13 12 3
15 13 13 1
15 14 12 6
15 14 13 18
15 14 14 9
15 15 12 1
15 15 13 16
15 15 14 102
15 15 15 47
15 15 16 1
15 16 13 1
15 16 14 23
15 16 15 92
15 16 16 6
15 17 15 1
15 17 16 2
15 17 17 1
16 12 12 2
16 13 9 3
16 13 10 6
16 13 14 1
16 14 10 3
16 14 11 5
16 14 12 4
16 14 13 1
16 14 14 2
16 15 11 1
16 15 13 8
16 15 14 43
16 15 15 1
16 16 11 1
16 16 14 50
16 16 15 141
16 16 16 36
16 17 15 13
16 17 16 118
16 17 17 9
16 18 17 1
17 14 11 3
17 15 12 5
17 15 13 4
17 15 14 1
17 16 13 2
17 16 14 11
17 16 15 6
17 16 16 3
17 16 17 1
17 17 12 1
17 17 14 1
17 17 15 9
17 17 16 132
17 17 17 56
17 17 18 3
17 18 16 2
17 18 17 100
17 18 18 8
17 19 18 2
18 15 12 1
18 16 8 1
18 16 9 1
18 16 12 1
18 16 13 1
18 16 14 3
18 16 15 3
18 16 16 1
18 17 10 1
18 17 14 3
18 17 15 5
18 17 16 8
18 17 17 4
18 17 18 1
18 18 12 2
18 18 16 8
18 18 17 112
18 18 18 43
18 18 19 7
18 19 17 13
18 19 18 142
18 19 19 5
18 20 19 1
19 17 14 2
19 17 15 3
19 17 16 3
19 18 11 1
19 18 16 5
19 18 17 11
19 18 18 5
19 18 19 2
19 18 20 1
19 19 11 1
19 19 13 1
19 19 17 8
19 19 18 180
19 19 19 50
19 19 20 3
19 20 18 10
19 20 19 269
19 20 20 11
19 21 20 5
19 22 21 1
20 16 12 1
20 17 14 2
20 18 10 1
20 18 15 2
20 18 16 1
20 18 17 1
20 18 19 1
20 19 10 2
20 19 11 1
20 19 13 1
20 19 16 1
20 19 17 4
20 19 18 8
20 19 19 1
20 20 13 1
20 20 18 8
20 20 19 69
20 20 20 30
20 20 21 2
20 21 19 9
20 21 20 249
20 21 21 37
20 22 21 27
20 23 22 1
21 11 13 1
21 18 12 1
21 18 16 1
21 19 10 1
21 19 16 3
21 19 17 3
21 19 18 1
21 19 19 1
21 20 14 1
21 20 18 3
21 20 19 3
21 20 20 1
21 21 13 1
21 21 15 1
21 21 17 1
21 21 18 1
21 21 19 1
21 21 20 38
21 21 21 32
21 21 22 11
21 22 20 2
21 22 21 163
21 22 22 122
21 22 23 3
21 23 22 15
22 19 17 1
22 20 9 1
22 20 17 6
22 20 18 4
22 20 19 1
22 21 13 3
22 21 18 7
22 21 19 5
22 21 20 3
22 21 21 6
22 21 22 1
22 22 20 2
22 22 21 30
22 22 22 124
22 22 23 11
22 23 22 350
22 23 23 137
22 23 24 5
22 24 23 14
22 24 24 11
23 20 17 20
23 20 18 1
23 20 19 1
23 21 17 24
23 21 18 63
23 21 19 14
23 21 20 1
23 21 21 1
23 21 22 1
23 22 11 1
23 22 12 1
23 22 13 1
23 22 14 1
23 22 16 1
23 22 18 1
23 22 19 10
23 22 20 7
23 22 21 2
23 22 22 1
23 22 23 1
23 23 17 1
23 23 22 22
23 23 23 169
23 23 24 10
23 24 23 124
23 24 24 198
23 24 25 18
23 25 24 12
23 25 25 4
24 20 13 1
24 21 17 15
24 21 18 22
24 21 19 1
24 22 11 1
24 22 12 1
24 22 18 4
24 22 19 14
24 22 20 22
24 22 21 1
24 23 13 1
24 23 20 7
24 23 21 8
24 23 22 8
24 23 23 4
24 24 22 4
24 24 23 9
24 24 24 112
24 24 25 12
24 24 26 1
24 25 24 123
24 25 25 316
24 25 26 16
24 26 25 14
24 26 26 6
25 18 14 1
25 19 13 1
25 22 20 1
25 23 13 1
25 23 20 5
25 23 21 22
25 23 22 6
25 23 24 1
25 24 14 2
25 24 21 2
25 24 22 20
25 24 23 9
25 24 24 2
25 25 16 1
25 25 19 1
25 25 23 1
25 25 24 6
25 25 25 128
25 25 26 14
25 26 25 30
25 26 26 103
25 26 27 3
25 27 26 1
25 27 27 6
26 18 17 1
26 24 22 40
26 24 23 3
26 24 24 1
26 25 13 2
26 25 14 2
26 25 15 3
26 25 16 1
26 25 17 3
26 25 18 1
26 25 22 7
26 25 23 28
26 25 24 5
26 25 25 1
26 26 15 1
26 26 17 1
26 26 18 1
26 26 20 1
26 26 24 3
26 26 25 13
26 26 26 45
26 26 27 14
26 26 28 1
26 27 26 11
26 27 27 64
26 27 28 11
26 28 26 1
26 28 28 9
27 25 23 25
27 25 24 5
27 26 16 2
27 26 18 1
27 26 19 1
27 26 21 1
27 26 23 2
27 26 24 12
27 26 25 3
27 26 26 5
27 26 27 2
27 27 20 1
27 27 22 1
27 27 26 4
27 27 27 35
27 27 28 13
27 28 27 3
27 28 28 35
27 28 29 10
28 26 24 11
28 26 26 1
28 27 19 1
28 27 24 2
28 27 25 5
28 27 26 3
28 27 27 3
28 27 28 1
28 28 23 2
28 28 27 7
28 28 28 24
28 28 29 14
28 29 28 4
28 29 29 63
28 29 30 20
29 27 24 2
29 27 25 3
29 27 29 1
29 28 26 3
29 28 27 2
29 28 28 4
29 28 29 3
29 29 20 1
29 29 23 1
29 29 28 2
29 29 29 55
29 29 30 57
29 30 28 1
29 30 29 19
29 30 30 208
29 30 31 2
29 31 30 3
30 28 25 1
30 28 26 1
30 29 21 1
30 29 26 4
30 29 27 9
30 29 28 1
30 30 22 1
30 30 27 1
30 30 28 12
30 30 29 16
30 30 30 653
30 30 31 45
30 31 29 5
30 31 30 257
30 31 31 44
31 30 28 1
31 30 29 4
31 30 30 4
31 30 31 1
