32
0 0 0 12
0 1 0 4
0 1 1 1
1 1 0 20
1 1 1 8
1 1 2 1
1 2 1 83
1 2 2 1
2 1 0 1
2 1 1 2
2 2 1 37
2 2 2 56
2 3 2 106
2 3 3 4
2 4 3 1
2 8 11 1
2 8 12 3
3 2 2 3
3 3 2 97
3 3 3 60
3 4 3 130
3 4 4 6
3 5 4 1
3 8 11 1
3 11 15 2
3 11 16 3
4 3 1 1
4 3 2 2
4 3 3 2
4 4 3 28
4 4 4 77
4 5 4 150
4 5 5 11
4 6 3 4
4 6 4 10
4 6 5 10
4 7 6 1
4 7 8 1
4 7 9 1
4 8 11 1
4 9 10 1
4 9 13 1
4 10 14 1
4 11 13 1
4 12 17 1
5 3 1 1
5 4 2 1
5 4 3 2
5 4 4 4
5 5 4 15
5 5 5 25
5 5 6 2
5 6 4 5
5 6 5 39
5 6 6 16
5 7 4 1
5 7 5 1
5 7 6 4
5 7 7 1
5 8 9 1
5 8 11 1
5 9 12 1
5 10 13 1
5 10 14 1
5 10 15 1
5 11 14 1
5 12 15 1
6 4 2 1
6 4 3 1
6 5 5 7
6 5 6 2
6 6 4 1
6 6 5 17
6 6 6 12
6 6 7 1
6 7 5 9
6 7 6 19
6 7 7 3
6 8 7 1
6 8 8 1
6 8 10 1
6 11 14 1
6 11 15 1
6 12 15 1
6 12 16 1
6 13 16 1
6 13 17 1
7 4 2 2
7 4 3 1
7 5 2 11
7 5 3 8
7 5 4 6
7 6 3 1
7 6 4 4
7 6 5 2
7 6 7 1
7 7 5 4
7 7 6 16
7 7 7 12
7 7 8 1
7 8 6 12
7 8 7 21
7 8 8 5
7 9 8 3
7 9 13 1
7 11 14 4
7 11 15 1
8 4 2 3
8 5 2 74
8 5 3 62
8 5 6 2
8 6 3 15
8 6 4 56
8 6 5 3
8 7 4 4
8 7 5 3
8 7 6 5
8 7 7 4
8 8 6 6
8 8 7 50
8 8 8 13
8 8 9 3
8 8 10 1
8 9 7 7
8 9 8 36
8 9 9 2
8 10 9 6
8 11 14 1
9 4 5 2
9 5 3 10
9 6 3 17
9 6 4 3
9 6 7 1
9 7 4 6
9 7 5 8
9 7 6 1
9 8 5 2
9 8 6 5
9 8 7 5
9 8 8 4
9 9 8 51
9 9 9 11
9 9 10 2
9 10 8 7
9 10 9 35
9 10 10 8
9 11 8 1
9 11 9 2
9 11 10 1
9 11 11 1
9 12 10 1
10 5 6 1
10 5 7 1
10 6 3 3
10 6 4 1
10 6 7 2
10 6 8 1
10 7 3 2
10 7 4 19
10 7 5 4
10 7 8 1
10 8 5 2
10 8 6 3
10 8 7 4
10 9 7 1
10 9 8 12
10 10 8 1
10 10 9 58
10 10 10 21
10 10 11 4
10 11 9 16
10 11 10 29
10 11 11 4
10 12 9 1
10 12 10 1
10 12 11 4
11 4 7 1
11 5 7 2
11 6 7 4
11 6 8 1
11 7 4 4
11 7 8 4
11 8 4 3
11 8 5 2
11 8 6 2
11 8 8 1
11 8 9 1
11 9 5 1
11 9 6 1
11 9 7 4
11 9 8 3
11 9 10 1
11 10 8 6
11 10 9 7
11 10 10 1
11 11 9 12
11 11 10 51
11 11 11 22
11 12 10 13
11 12 11 31
11 12 12 5
11 13 11 1
11 13 12 2
11 13 13 1
12 4 8 1
12 5 7 1
12 6 8 2
12 7 9 1
12 8 6 1
12 8 10 1
12 9 5 2
12 9 6 3
12 9 10 1
12 9 11 1
12 10 6 4
12 10 7 4
12 10 8 3
12 10 9 5
12 10 10 5
12 10 11 2
12 11 9 2
12 11 10 8
12 11 11 8
12 12 9 1
12 12 10 5
12 12 11 46
12 12 12 24
12 12 13 2
12 13 11 8
12 13 12 31
12 13 13 9
12 14 12 1
12 14 13 4
13 5 8 3
13 6 8 2
13 9 6 1
13 10 6 8
13 10 7 7
13 10 11 1
13 11 7 4
13 11 8 2
13 11 9 4
13 11 12 1
13 12 9 1
13 12 10 6
13 12 11 13
13 12 12 5
13 12 13 2
13 13 10 1
13 13 11 7
13 13 12 88
13 13 13 64
13 13 14 4
13 14 12 4
13 14 13 57
13 14 14 4
13 15 14 3
14 9 9 1
14 11 7 9
14 11 8 23
14 11 9 2
14 12 7 1
14 12 8 11
14 12 9 4
14 12 10 4
14 12 11 2
14 12 12 3
14 13 11 6
14 13 12 12
14 13 13 17
14 13 14 1
14 14 8 1
14 14 12 3
14 14 13 135
14 14 14 55
14 14 15 1
14 15 12 1
14 15 13 9
14 15 14 49
14 15 15 8
14 16 14 2
14 16 15 3
14 17 19 1
15 5 8 1
15 12 8 26
15 12 9 21
15 12 10 2
15 13 9 6
15 13 10 5
15 13 11 1
15 13 12 2
15 13 13 5
15 14 10 1
15 14 11 1
15 14 12 7
15 14 13 10
15 14 14 10
15 14 15 1
15 15 13 8
15 15 14 125
15 15 15 40
15 16 11 1
15 16 14 15
15 16 15 105
15 16 16 5
15 16 17 1
15 17 16 1
16 12 13 1
16 13 9 5
16 13 10 8
16 13 11 1
16 13 13 1
16 14 10 2
16 14 11 10
16 14 12 5
16 14 13 1
16 14 14 2
16 15 13 9
16 15 14 34
16 15 15 5
16 15 16 1
16 16 14 39
16 16 15 162
16 16 16 41
16 16 17 2
16 17 15 8
16 17 16 120
16 17 17 10
16 18 17 1
16 18 18 1
17 14 11 3
17 15 11 7
17 15 12 6
17 15 13 7
17 15 14 5
17 16 13 2
17 16 14 12
17 16 15 6
17 17 12 2
17 17 14 3
17 17 15 8
17 17 16 134
17 17 17 62
17 17 18 4
17 18 16 4
17 18 17 112
17 18 18 11
17 18 19 1
17 19 18 1
17 19 19 1
18 15 12 4
18 15 13 2
18 15 14 1
18 16 12 7
18 16 13 2
18 16 14 1
18 17 11 1
18 17 14 7
18 17 15 9
18 17 16 8
18 17 17 2
18 18 12 1
18 18 15 1
18 18 16 6
18 18 17 118
18 18 18 34
18 18 19 1
18 19 17 16
18 19 18 169
18 19 19 11
18 20 19 3
18 20 20 1
19 16 12 1
19 16 13 2
19 17 14 4
19 17 15 3
19 17 16 2
19 17 17 2
19 18 11 2
19 18 15 1
19 18 16 4
19 18 17 7
19 18 18 9
19 18 19 3
19 19 11 1
19 19 17 7
19 19 18 178
19 19 19 45
19 19 20 2
19 20 18 7
19 20 19 284
19 20 20 14
19 21 20 3
19 22 21 1
20 17 14 7
20 17 15 1
20 18 15 4
20 18 16 4
20 18 18 2
20 19 13 2
20 19 16 4
20 19 17 4
20 19 18 4
20 19 19 1
20 20 10 1
20 20 13 1
20 20 14 1
20 20 16 1
20 20 18 7
20 20 19 66
20 20 20 32
20 20 21 4
20 21 19 6
20 21 20 269
20 21 21 24
20 21 22 1
20 22 20 1
20 22 21 11
21 19 16 5
21 19 17 1
21 19 18 1
21 20 12 2
21 20 14 1
21 20 18 2
21 20 19 4
21 20 20 2
21 20 21 1
21 21 17 1
21 21 19 2
21 21 20 35
21 21 21 26
21 21 22 10
21 22 20 3
21 22 21 157
21 22 22 91
21 22 23 5
21 23 22 12
21 23 23 2
22 20 17 3
22 20 18 6
22 20 19 3
22 21 13 2
22 21 18 5
22 21 19 4
22 21 20 3
22 21 21 3
22 22 21 23
22 22 22 115
22 22 23 15
22 23 22 306
22 23 23 152
22 23 24 6
22 24 23 15
22 24 24 7
23 20 17 11
23 21 17 11
23 21 18 58
23 21 19 8
23 22 19 7
23 22 20 5
23 22 21 3
23 22 22 2
23 23 13 1
23 23 16 1
23 23 22 25
23 23 23 162
23 23 24 11
23 24 23 119
23 24 24 192
23 24 25 12
23 25 24 7
23 25 25 3
24 21 17 7
24 21 18 19
24 21 19 1
24 22 18 4
24 22 19 7
24 22 20 23
24 23 11 1
24 23 15 1
24 23 17 1
24 23 20 9
24 23 21 7
24 23 22 3
24 23 23 3
24 24 23 12
24 24 24 116
24 24 25 17
24 25 23 1
24 25 24 120
24 25 25 310
24 25 26 24
24 26 25 7
24 26 26 7
25 22 13 1
25 23 20 4
25 23 21 19
25 23 22 3
25 23 24 1
25 24 16 2
25 24 21 3
25 24 22 24
25 24 23 9
25 24 24 2
25 25 23 1
25 25 24 6
25 25 25 157
25 25 26 16
25 26 22 1
25 26 25 44
25 26 26 98
25 26 27 7
25 27 27 5
25 28 27 1
26 24 22 40
26 24 23 4
26 25 14 3
26 25 16 2
26 25 22 6
26 25 23 25
26 25 24 7
26 25 25 2
26 26 15 1
26 26 17 1
26 26 25 11
26 26 26 57
26 26 27 16
26 27 26 35
26 27 27 48
26 27 28 17
26 28 28 13
27 25 14 1
27 25 23 26
27 25 24 3
27 25 25 2
27 26 15 1
27 26 17 2
27 26 20 3
27 26 23 1
27 26 24 13
27 26 25 2
27 26 26 6
27 27 20 1
27 27 25 1
27 27 26 5
27 27 27 50
27 27 28 7
27 28 27 6
27 28 28 43
27 28 29 8
27 29 29 1
28 26 24 10
28 27 22 1
28 27 24 3
28 27 25 4
28 27 26 4
28 27 27 4
28 28 25 2
28 28 27 7
28 28 28 38
28 28 29 11
28 29 28 16
28 29 29 54
28 29 30 20
29 27 24 1
29 27 25 7
29 28 19 1
29 28 26 6
29 28 27 2
29 28 28 2
29 29 20 2
29 29 27 1
29 29 28 4
29 29 29 52
29 29 30 50
29 30 29 17
29 30 30 211
29 30 31 8
29 31 30 2
30 28 25 1
30 28 26 1
30 29 26 3
30 29 27 5
30 29 28 1
30 29 30 2
30 30 22 1
30 30 27 7
30 30 28 10
30 30 29 17
30 30 30 638
30 30 31 41
30 31 29 8
30 31 30 197
30 31 31 33
31 30 28 1
31 30 29 4
31 30 30 5
31 31 29 2
