32
0 0 0 5
0 0 1 1
0 1 0 1
0 1 1 1
1 0 0 1
1 1 0 19
1 1 1 5
1 2 0 1
1 2 1 76
1 2 2 2
2 1 0 1
2 1 1 1
2 2 1 44
2 2 2 60
2 3 2 115
2 3 3 4
2 8 12 2
3 2 2 5
3 3 1 1
3 3 2 98
3 3 3 62
3 4 2 1
3 4 3 133
3 4 4 8
3 5 4 4
3 8 11 2
3 11 16 3
4 3 3 2
4 3 4 2
4 4 2 1
4 4 3 26
4 4 4 85
4 5 3 3
4 5 4 141
4 5 5 12
4 6 3 1
4 6 4 14
4 6 5 15
4 6 6 1
4 6 7 1
4 7 5 1
4 7 6 1
4 9 11 1
4 10 14 1
4 11 15 2
4 11 16 1
5 4 2 1
5 4 4 2
5 4 5 1
5 5 2 1
5 5 4 15
5 5 5 25
5 5 6 2
5 6 4 6
5 6 5 39
5 6 6 23
5 7 4 1
5 7 5 1
5 7 6 3
5 8 9 3
5 8 10 1
5 8 11 1
5 9 11 1
5 9 12 1
5 10 12 1
5 10 13 2
5 11 15 3
5 12 16 1
6 5 3 1
6 5 4 1
6 5 5 4
6 5 6 4
6 6 4 3
6 6 5 15
6 6 6 12
6 6 7 1
6 7 5 5
6 7 6 19
6 7 7 1
6 8 7 4
6 12 13 1
6 12 16 1
6 13 15 1
7 4 2 8
7 4 3 2
7 5 2 5
7 5 3 6
7 5 4 9
7 6 3 2
7 6 4 1
7 6 5 1
7 6 7 1
7 7 5 5
7 7 6 19
7 7 7 11
7 7 8 1
7 8 6 16
7 8 7 13
7 8 8 1
7 9 6 1
7 9 8 2
7 9 13 1
7 10 10 1
7 10 14 1
7 11 14 1
7 11 15 1
7 12 15 3
8 4 2 7
8 4 3 1
8 5 2 72
8 5 3 63
8 6 3 20
8 6 4 42
8 6 5 2
8 7 4 1
8 7 5 5
8 7 6 1
8 7 7 1
8 8 6 10
8 8 7 51
8 8 8 19
8 8 11 2
8 9 7 9
8 9 8 29
8 9 9 4
8 10 7 1
8 10 9 1
8 11 9 1
8 11 10 1
8 11 14 2
9 4 6 1
9 5 3 5
9 5 6 1
9 6 3 21
9 6 4 3
9 7 4 4
9 7 5 6
9 7 6 3
9 8 5 2
9 8 6 8
9 8 7 5
9 8 8 3
9 8 9 2
9 9 7 5
9 9 8 52
9 9 9 11
9 9 10 4
9 10 8 5
9 10 9 31
9 10 10 11
9 11 8 1
9 11 9 1
9 11 10 2
9 11 12 1
10 5 7 1
10 6 3 5
10 6 4 1
10 6 7 4
10 6 8 1
10 7 3 1
10 7 4 21
10 7 5 5
10 7 6 1
10 8 5 2
10 8 6 3
10 8 7 2
10 8 8 4
10 9 6 1
10 9 7 2
10 9 8 5
10 9 10 1
10 10 8 2
10 10 9 59
10 10 10 18
10 11 9 16
10 11 10 35
10 11 11 3
10 11 12 1
10 12 9 1
10 12 10 2
10 12 11 2
11 4 6 1
11 5 7 2
11 6 7 5
11 7 4 5
11 7 8 4
11 7 9 1
11 8 4 2
11 8 5 3
11 8 6 5
11 8 7 2
11 8 9 1
11 9 5 1
11 9 6 1
11 9 7 4
11 9 8 8
11 10 7 1
11 10 8 5
11 10 9 9
11 10 10 1
11 10 11 4
11 11 9 5
11 11 10 63
11 11 11 23
11 11 12 1
11 12 10 10
11 12 11 26
11 12 12 6
11 13 12 2
12 4 7 1
12 5 7 1
12 5 8 2
12 6 7 1
12 8 5 1
12 9 5 3
12 9 6 3
12 9 7 2
12 9 8 2
12 9 11 1
12 10 6 1
12 10 8 1
12 10 9 1
12 10 10 2
12 10 11 2
12 10 12 1
12 11 6 1
12 11 9 3
12 11 10 11
12 11 11 5
12 12 10 7
12 12 11 71
12 12 12 11
12 13 11 13
12 13 12 41
12 13 13 4
12 13 14 1
12 16 18 1
13 5 8 1
13 6 8 1
13 7 9 1
13 8 10 1
13 9 6 1
13 9 7 1
13 9 9 1
13 10 6 7
13 10 7 9
13 10 8 1
13 10 12 1
13 11 7 7
13 11 8 6
13 11 9 3
13 11 10 2
13 11 11 2
13 12 9 3
13 12 10 1
13 12 11 15
13 12 12 5
13 12 13 2
13 13 11 6
13 13 12 106
13 13 13 69
13 14 12 6
13 14 13 59
13 14 14 11
13 15 13 2
13 15 14 4
14 11 7 4
14 11 8 20
14 11 9 4
14 12 8 10
14 12 9 2
14 12 11 1
14 13 10 2
14 13 11 3
14 13 12 13
14 13 13 13
14 13 14 1
14 14 12 6
14 14 13 132
14 14 14 56
14 14 15 3
14 15 13 13
14 15 14 44
14 15 15 5
14 16 15 3
15 5 9 1
15 9 10 1
15 12 8 24
15 12 9 27
15 12 10 2
15 12 12 1
15 13 9 6
15 13 10 10
15 13 11 1
15 13 12 2
15 13 13 4
15 14 12 3
15 14 13 8
15 14 14 7
15 14 15 2
15 15 12 1
15 15 13 15
15 15 14 114
15 15 15 44
15 15 16 2
15 16 14 16
15 16 15 113
15 16 16 9
15 17 14 1
15 17 15 1
15 17 16 1
16 6 10 1
16 12 13 1
16 13 9 3
16 13 10 5
16 13 11 1
16 13 13 1
16 14 10 4
16 14 11 3
16 14 12 4
16 14 13 4
16 14 14 3
16 15 11 2
16 15 12 3
16 15 13 9
16 15 14 47
16 15 15 4
16 16 14 51
16 16 15 158
16 16 16 24
16 16 17 2
16 17 15 10
16 17 16 116
16 17 17 12
16 17 18 1
16 18 18 1
17 14 10 1
17 14 11 6
17 15 11 2
17 15 12 5
17 15 13 5
17 15 14 1
17 15 15 1
17 16 13 4
17 16 14 7
17 16 15 9
17 16 16 1
17 16 17 1
17 17 12 1
17 17 15 9
17 17 16 144
17 17 17 53
17 17 18 1
17 18 16 5
17 18 17 113
17 18 18 12
17 19 18 1
18 15 12 4
18 16 12 1
18 16 13 4
18 16 14 2
18 16 15 4
18 16 16 1
18 17 12 1
18 17 14 5
18 17 15 9
18 17 16 5
18 17 17 2
18 18 14 1
18 18 16 9
18 18 17 110
18 18 18 45
18 19 17 21
18 19 18 170
18 19 19 5
18 20 18 1
18 20 19 3
18 20 20 1
19 16 13 5
19 16 14 1
19 17 13 6
19 17 14 4
19 17 15 3
19 17 16 1
19 17 17 2
19 18 11 1
19 18 12 1
19 18 15 3
19 18 16 5
19 18 17 4
19 18 18 10
19 18 19 1
19 19 11 1
19 19 17 10
19 19 18 194
19 19 19 55
19 19 20 4
19 20 18 8
19 20 19 283
19 20 20 13
19 20 21 1
19 21 19 2
19 21 20 2
19 21 21 1
20 17 14 6
20 17 15 1
20 18 14 1
20 18 15 5
20 18 16 4
20 19 13 1
20 19 17 5
20 19 18 7
20 19 19 2
20 19 20 1
20 20 18 8
20 20 19 54
20 20 20 34
20 20 21 2
20 21 19 4
20 21 20 261
20 21 21 32
20 21 22 1
20 22 21 15
21 19 13 1
21 19 16 9
21 19 17 2
21 19 18 1
21 19 19 2
21 20 12 1
21 20 14 1
21 20 15 1
21 20 17 2
21 20 18 3
21 20 19 5
21 20 20 2
21 21 20 33
21 21 21 29
21 21 22 8
21 22 20 3
21 22 21 143
21 22 22 114
21 22 23 1
21 23 22 12
21 23 23 1
22 19 16 1
22 20 16 1
22 20 17 3
22 20 18 1
22 20 19 2
22 21 13 2
22 21 17 1
22 21 18 3
22 21 19 8
22 21 20 5
22 21 21 3
22 22 15 1
22 22 20 1
22 22 21 26
22 22 22 107
22 22 23 15
22 22 24 1
22 23 22 283
22 23 23 140
22 23 24 6
22 24 23 13
22 24 24 3
23 20 17 20
23 20 18 4
23 21 17 13
23 21 18 55
23 21 19 12
23 22 14 1
23 22 18 1
23 22 19 9
23 22 20 7
23 22 21 4
23 22 22 2
23 22 23 1
23 23 15 1
23 23 17 1
23 23 21 1
23 23 22 24
23 23 23 169
23 23 24 9
23 24 23 115
23 24 24 217
23 24 25 14
23 25 24 7
23 25 25 12
24 21 17 4
24 21 18 13
24 22 16 1
24 22 19 8
24 22 20 18
24 22 21 1
24 23 15 1
24 23 20 9
24 23 21 6
24 23 22 5
24 24 18 1
24 24 23 13
24 24 24 110
24 24 25 10
24 25 24 120
24 25 25 311
24 25 26 18
24 26 25 9
24 26 26 5
25 23 20 5
25 23 21 23
25 23 22 6
25 24 13 1
25 24 16 1
25 24 18 1
25 24 21 1
25 24 22 17
25 24 23 12
25 24 24 4
25 25 23 1
25 25 24 9
25 25 25 155
25 25 26 17
25 26 25 37
25 26 26 107
25 26 27 3
25 27 26 1
25 27 27 5
26 24 21 1
26 24 22 39
26 24 23 4
26 24 25 1
26 25 14 1
26 25 15 1
26 25 16 1
26 25 22 7
26 25 23 31
26 25 24 4
26 25 26 2
26 26 14 1
26 26 17 1
26 26 18 1
26 26 24 3
26 26 25 2
26 26 26 55
26 26 27 16
26 27 26 29
26 27 27 68
26 27 28 6
26 28 28 12
27 25 23 26
27 25 24 4
27 26 15 1
27 26 16 1
27 26 17 1
27 26 18 1
27 26 20 2
27 26 23 3
27 26 24 6
27 26 25 2
27 26 26 3
27 26 27 1
27 27 20 1
27 27 21 1
27 27 22 1
27 27 26 7
27 27 27 42
27 27 28 16
27 28 27 7
27 28 28 50
27 28 29 10
27 29 28 1
27 29 29 4
28 26 24 11
28 26 25 1
28 26 26 1
28 27 19 1
28 27 24 3
28 27 25 2
28 27 26 5
28 27 27 3
28 27 28 1
28 28 24 1
28 28 26 3
28 28 27 3
28 28 28 22
28 28 29 13
28 29 28 10
28 29 29 57
28 29 30 23
29 27 24 1
29 27 25 6
29 28 25 3
29 28 26 3
29 28 27 1
29 28 28 3
29 28 29 1
29 29 20 2
29 29 27 3
29 29 28 2
29 29 29 35
29 29 30 51
29 30 29 13
29 30 30 232
29 30 31 5
29 31 30 1
30 28 25 1
30 28 26 1
30 29 21 1
30 29 22 1
30 29 26 4
30 29 27 9
30 29 28 2
30 29 29 1
30 29 30 1
30 30 26 1
30 30 27 4
30 30 28 7
30 30 29 18
30 30 30 622
30 30 31 47
30 31 29 5
30 31 30 200
30 31 31 36
31 30 28 4
31 30 29 5
31 30 30 1
31 30 31 4
31 31 29 3
