32
0 0 0 6
0 0 1 1
0 1 0 1
1 0 0 3
1 1 0 3
1 1 1 5
1 1 2 1
1 2 1 28
2 1 0 4
2 1 1 2
2 1 2 1
2 2 0 2
2 2 1 34
2 2 2 14
2 3 1 6
2 3 2 115
2 3 3 2
2 10 16 1
3 2 0 4
3 2 1 5
3 2 2 5
3 3 1 4
3 3 2 177
3 3 3 34
3 4 2 9
3 4 3 126
3 4 4 6
3 5 4 2
3 5 6 1
3 10 14 2
3 10 15 1
3 11 16 1
3 11 17 1
3 12 17 1
3 12 18 2
4 3 1 1
4 3 2 2
4 3 3 2
4 3 4 1
4 4 2 2
4 4 3 60
4 4 4 77
4 4 5 1
4 5 3 1
4 5 4 168
4 5 5 22
4 5 6 1
4 6 4 4
4 6 5 14
4 6 7 1
4 10 14 1
4 10 15 1
4 11 16 2
5 4 2 1
5 4 3 1
5 4 4 5
5 4 5 1
5 5 3 7
5 5 4 12
5 5 5 19
5 5 6 8
5 6 5 27
5 6 6 10
5 7 6 1
5 10 13 1
5 10 14 1
5 11 16 1
5 11 17 1
5 12 17 1
6 4 2 1
6 5 4 1
6 5 5 2
6 5 6 3
6 6 4 2
6 6 5 3
6 6 6 9
6 6 7 1
6 7 5 1
6 7 6 5
6 7 7 3
6 8 7 1
6 9 12 1
6 9 13 1
6 11 15 4
6 12 16 1
7 5 2 1
7 6 3 1
7 6 4 1
7 6 5 1
7 6 6 1
7 7 4 1
7 7 5 3
7 7 6 4
7 7 7 2
7 7 8 1
7 8 6 1
7 8 7 9
7 8 8 4
7 9 5 1
7 9 6 1
7 9 8 3
7 9 9 1
7 9 10 1
7 10 13 1
7 11 14 2
7 11 15 2
7 13 17 2
8 6 3 2
8 7 5 4
8 8 5 3
8 8 6 12
8 8 7 8
8 8 8 9
8 9 8 2
8 9 9 3
8 9 10 1
8 10 5 1
8 10 8 1
8 10 9 2
8 10 11 2
8 10 12 1
8 11 14 2
8 11 15 1
8 12 15 1
8 14 19 1
9 8 4 1
9 8 5 1
9 8 6 10
9 8 7 4
9 8 8 2
9 8 9 1
9 9 7 9
9 9 8 14
9 9 9 7
9 9 10 4
9 10 6 3
9 10 9 4
9 10 10 7
9 10 11 1
9 11 6 2
9 11 9 1
9 11 10 5
9 12 15 1
9 12 16 1
9 13 16 1
9 14 18 1
10 7 4 1
10 8 4 3
10 8 5 1
10 8 10 1
10 9 7 5
10 9 8 7
10 9 9 4
10 9 10 1
10 10 7 3
10 10 8 6
10 10 9 8
10 10 10 10
10 10 11 3
10 10 12 1
10 11 10 5
10 11 11 2
10 12 9 1
10 12 11 4
10 12 14 1
10 14 18 1
11 8 4 2
11 9 7 1
11 9 8 1
11 9 9 1
11 10 6 1
11 10 7 1
11 10 8 4
11 10 9 11
11 10 10 4
11 10 12 1
11 11 8 3
11 11 9 8
11 11 10 12
11 11 11 11
11 11 12 3
11 12 11 12
11 12 13 1
11 13 10 1
11 13 11 1
11 13 14 1
12 6 7 1
12 7 8 1
12 8 4 1
12 8 8 1
12 8 9 1
12 9 5 1
12 10 5 1
12 10 7 1
12 10 8 3
12 10 9 1
12 11 8 3
12 11 9 11
12 11 10 3
12 11 11 7
12 11 12 1
12 12 9 6
12 12 10 11
12 12 11 11
12 12 12 16
12 12 13 3
12 13 10 2
12 13 11 1
12 13 12 16
12 13 13 4
12 13 14 1
12 14 13 1
13 6 8 1
13 8 9 4
13 9 4 2
13 9 5 1
13 9 9 3
13 10 5 2
13 10 7 1
13 10 11 1
13 11 7 1
13 11 9 3
13 11 10 2
13 11 11 1
13 11 12 1
13 11 14 1
13 12 10 10
13 12 11 6
13 12 12 11
13 12 13 2
13 12 14 1
13 13 10 5
13 13 11 14
13 13 12 31
13 13 13 27
13 14 11 2
13 14 12 2
13 14 13 9
13 14 14 3
13 14 16 1
13 15 13 3
13 15 14 1
13 15 16 1
13 16 18 1
14 7 10 1
14 8 9 1
14 9 10 1
14 9 11 1
14 10 4 2
14 10 5 2
14 10 6 1
14 10 9 2
14 10 10 5
14 11 6 5
14 11 7 17
14 11 8 1
14 11 9 4
14 11 10 1
14 12 7 3
14 12 8 8
14 12 9 10
14 12 11 3
14 12 14 1
14 13 9 1
14 13 10 1
14 13 11 20
14 13 12 10
14 13 13 4
14 13 14 1
14 14 11 2
14 14 12 9
14 14 13 18
14 14 14 20
14 14 15 2
14 15 13 2
14 15 14 17
14 15 15 6
14 15 16 1
14 15 17 1
14 16 15 1
14 16 17 1
14 17 16 1
15 6 9 1
15 9 3 2
15 9 4 3
15 10 3 7
15 10 4 78
15 10 10 2
15 10 12 1
15 11 4 1
15 11 5 7
15 11 6 35
15 11 7 19
15 11 13 1
15 12 6 14
15 12 7 19
15 12 8 75
15 12 9 22
15 12 14 1
15 13 8 2
15 13 9 12
15 13 10 8
15 13 11 5
15 13 12 19
15 13 13 7
15 13 14 1
15 14 11 3
15 14 12 43
15 14 13 22
15 14 14 9
15 14 15 3
15 14 16 1
15 15 12 4
15 15 13 12
15 15 14 23
15 15 15 12
15 15 16 5
15 16 13 1
15 16 14 1
15 16 15 15
15 16 16 5
15 16 17 1
15 17 14 1
15 17 19 1
15 17 20 1
15 18 20 1
16 8 10 2
16 9 10 1
16 10 4 57
16 11 4 51
16 11 5 22
16 11 6 4
16 12 4 1
16 12 5 4
16 12 6 23
16 12 7 6
16 12 9 2
16 13 7 3
16 13 8 1
16 13 9 3
16 13 10 8
16 13 11 1
16 14 10 3
16 14 11 10
16 14 12 26
16 14 13 33
16 14 14 2
16 15 11 1
16 15 12 6
16 15 13 19
16 15 14 11
16 15 15 11
16 15 16 1
16 16 13 5
16 16 14 13
16 16 15 41
16 16 16 11
16 16 17 1
16 17 14 3
16 17 15 2
16 17 16 14
16 17 17 7
16 17 18 1
16 18 21 1
17 8 11 1
17 10 10 1
17 11 4 5
17 11 5 3
17 12 5 4
17 12 6 6
17 12 7 10
17 12 8 1
17 12 13 1
17 13 7 4
17 13 8 7
17 13 9 4
17 13 13 1
17 14 9 2
17 14 10 1
17 14 11 4
17 14 13 3
17 15 11 1
17 15 12 4
17 15 13 5
17 15 14 2
17 15 15 2
17 16 11 1
17 16 12 1
17 16 13 6
17 16 14 10
17 16 15 18
17 16 16 7
17 16 17 2
17 17 14 4
17 17 15 29
17 17 16 20
17 17 17 21
17 17 18 7
17 17 19 1
17 18 14 1
17 18 16 3
17 18 17 25
17 18 18 6
17 18 19 1
17 19 18 1
17 19 20 2
17 19 21 3
18 13 9 1
18 14 9 5
18 14 10 2
18 14 11 1
18 15 10 2
18 15 11 1
18 15 12 1
18 15 14 1
18 16 12 2
18 16 13 6
18 16 14 4
18 16 15 3
18 17 12 1
18 17 13 2
18 17 14 3
18 17 15 42
18 17 16 22
18 17 17 5
18 17 18 3
18 17 19 1
18 18 15 3
18 18 16 19
18 18 17 18
18 18 18 9
18 18 19 3
18 18 20 1
18 19 17 2
18 19 18 17
18 19 19 12
18 19 20 3
18 20 18 1
18 20 19 2
18 20 21 2
18 21 23 3
19 8 11 1
19 15 10 1
19 15 11 3
19 16 11 2
19 16 12 3
19 16 13 5
19 16 16 1
19 17 13 1
19 17 14 2
19 17 15 3
19 17 16 3
19 17 17 1
19 18 12 1
19 18 15 4
19 18 16 31
19 18 17 13
19 18 18 3
19 18 19 3
19 19 15 1
19 19 16 4
19 19 17 11
19 19 18 12
19 19 19 10
19 19 20 6
19 20 18 3
19 20 19 14
19 20 20 13
19 20 21 4
19 21 20 2
19 21 21 1
19 21 23 1
19 22 24 3
20 8 10 1
20 16 11 1
20 16 12 2
20 17 13 4
20 17 14 3
20 18 13 1
20 18 14 4
20 18 15 5
20 18 16 7
20 18 17 1
20 19 11 1
20 19 12 1
20 19 13 1
20 19 15 2
20 19 16 15
20 19 17 26
20 19 18 12
20 19 19 1
20 19 20 4
20 19 21 2
20 20 17 10
20 20 18 12
20 20 19 12
20 20 20 9
20 20 21 1
20 21 17 1
20 21 19 1
20 21 20 20
20 21 21 18
20 21 22 2
20 22 21 2
20 22 22 2
20 22 23 1
20 22 24 1
21 17 16 1
21 18 15 2
21 19 15 1
21 19 16 10
21 19 17 5
21 19 18 1
21 19 19 2
21 20 12 1
21 20 13 1
21 20 17 21
21 20 18 35
21 20 19 7
21 20 20 6
21 20 21 1
21 20 22 1
21 21 13 1
21 21 16 1
21 21 18 16
21 21 19 21
21 21 20 7
21 21 21 7
21 21 22 1
21 21 23 1
21 22 20 4
21 22 21 16
21 22 22 16
21 22 23 2
21 23 22 2
21 23 23 1
21 23 24 1
21 23 25 2
21 24 23 1
21 24 26 1
21 24 27 1
22 19 16 1
22 20 13 1
22 20 17 6
22 20 18 6
22 20 19 3
22 21 12 1
22 21 14 1
22 21 17 1
22 21 18 16
22 21 19 38
22 21 20 12
22 21 21 4
22 21 22 1
22 22 11 1
22 22 18 2
22 22 19 8
22 22 20 27
22 22 21 30
22 22 22 27
22 22 23 3
22 22 24 5
22 23 21 1
22 23 22 44
22 23 23 45
22 23 24 8
22 23 25 3
22 23 26 1
22 24 23 2
22 24 24 2
22 24 25 1
22 24 26 2
22 24 27 1
22 25 24 2
22 25 27 5
22 25 28 3
22 26 28 1
23 20 17 1
23 21 18 8
23 21 19 9
23 21 20 1
23 22 16 1
23 22 18 3
23 22 19 11
23 22 20 32
23 22 21 8
23 22 22 9
23 22 23 1
23 23 13 1
23 23 20 12
23 23 21 45
23 23 22 47
23 23 23 81
23 23 24 15
23 23 25 2
23 24 20 1
23 24 22 4
23 24 23 171
23 24 24 121
23 24 25 32
23 24 26 2
23 24 27 1
23 25 24 12
23 25 25 55
23 25 26 3
23 25 27 24
23 25 28 16
23 26 27 1
23 26 28 64
23 26 29 45
23 27 29 13
23 27 30 13
24 22 19 10
24 22 20 25
24 22 21 4
24 23 15 1
24 23 20 22
24 23 21 122
24 23 22 49
24 23 23 4
24 23 24 1
24 24 16 1
24 24 20 1
24 24 21 12
24 24 22 72
24 24 23 145
24 24 24 69
24 24 25 15
24 24 26 1
24 25 23 7
24 25 24 119
24 25 25 92
24 25 26 37
24 25 27 8
24 25 28 1
24 26 25 2
24 26 26 24
24 26 27 24
24 26 28 63
24 26 29 14
24 27 28 1
24 27 29 29
24 27 30 28
25 19 18 1
25 20 21 1
25 22 20 1
25 22 21 1
25 23 11 1
25 23 20 1
25 23 21 39
25 23 22 25
25 23 23 1
25 24 14 1
25 24 16 1
25 24 18 1
25 24 19 1
25 24 20 1
25 24 21 29
25 24 22 309
25 24 23 57
25 24 24 4
25 24 25 1
25 25 14 1
25 25 17 1
25 25 22 21
25 25 23 133
25 25 24 389
25 25 25 138
25 25 26 5
25 26 24 2
25 26 25 287
25 26 26 53
25 26 27 25
25 26 28 26
25 26 29 3
25 27 27 23
25 27 28 119
25 27 29 198
25 27 30 2
25 28 29 6
25 28 30 9
26 22 20 1
26 22 22 1
26 24 22 27
26 24 23 10
26 25 14 1
26 25 16 1
26 25 22 18
26 25 23 226
26 25 24 38
26 25 25 5
26 26 19 2
26 26 23 13
26 26 24 150
26 26 25 87
26 26 26 92
26 26 27 9
26 27 26 10
26 27 27 36
26 27 28 10
26 27 29 12
26 28 28 5
26 28 29 5
26 28 30 7
26 29 28 1
27 25 23 7
27 25 24 3
27 26 21 1
27 26 23 3
27 26 24 129
27 26 25 59
27 26 26 15
27 26 27 2
27 26 28 1
27 27 21 1
27 27 25 217
27 27 26 50
27 27 27 21
27 27 28 12
27 27 29 1
27 28 26 1
27 28 27 2
27 28 28 17
27 28 29 14
27 29 29 15
27 29 30 1
27 30 29 1
27 30 30 1
28 26 24 3
28 26 25 1
28 27 19 1
28 27 25 77
28 27 26 94
28 27 27 5
28 28 19 1
28 28 25 2
28 28 26 257
28 28 27 28
28 28 28 19
28 28 29 31
28 29 20 1
28 29 29 116
28 29 30 49
28 30 30 23
29 27 25 3
29 27 26 2
29 28 26 37
29 28 27 54
29 28 28 1
29 28 29 1
29 29 21 1
29 29 25 1
29 29 27 59
29 29 28 12
29 29 29 9
29 29 30 11
29 30 30 39
29 30 31 5
29 31 30 3
29 31 31 16
30 28 26 2
30 29 26 1
30 29 27 16
30 29 28 12
30 29 30 1
30 30 27 3
30 30 28 11
30 30 29 19
30 30 30 246
30 30 31 3
30 31 28 1
30 31 29 17
30 31 30 74
30 31 31 9
31 30 28 4
31 30 29 6
31 30 30 5
31 30 31 2
31 31 29 6
