32
0 0 0 5
0 1 0 7
1 1 0 16
1 1 1 4
1 2 1 70
1 2 2 1
2 2 0 1
2 2 1 36
2 2 2 49
2 3 2 130
2 3 3 5
2 8 13 2
3 2 1 3
3 2 2 2
3 3 2 110
3 3 3 59
3 3 4 3
3 4 3 137
3 4 4 15
3 5 3 1
3 5 4 3
3 8 12 2
3 11 17 1
3 12 16 1
3 12 17 2
4 3 2 1
4 3 4 1
4 4 3 36
4 4 4 88
4 5 3 1
4 5 4 152
4 5 5 19
4 6 3 3
4 6 4 10
4 6 5 20
4 6 6 1
4 7 6 1
4 7 7 1
4 7 8 1
4 9 11 1
4 9 13 1
4 10 15 1
4 11 15 1
4 11 16 2
5 3 3 1
5 4 5 1
5 5 3 1
5 5 4 13
5 5 5 15
5 5 6 3
5 6 4 3
5 6 5 48
5 6 6 20
5 7 4 3
5 7 5 1
5 7 6 1
5 7 7 1
5 8 9 1
5 8 10 1
5 9 12 1
5 11 14 1
5 11 15 2
6 4 3 1
6 5 3 3
6 5 4 2
6 5 5 2
6 5 6 3
6 6 4 2
6 6 5 32
6 6 6 20
6 6 7 1
6 7 5 4
6 7 6 11
6 7 7 7
6 8 6 1
6 8 7 4
6 10 11 1
6 11 14 1
6 12 15 1
6 12 16 1
6 13 17 1
7 4 2 5
7 4 3 1
7 5 2 11
7 5 3 13
7 5 4 3
7 5 6 1
7 6 3 1
7 6 4 4
7 6 5 2
7 6 6 2
7 7 5 1
7 7 6 21
7 7 7 13
7 8 6 8
7 8 7 22
7 8 8 6
7 9 7 1
7 9 8 4
7 9 9 2
7 10 11 1
7 10 13 1
7 11 14 2
7 12 15 1
7 13 18 1
8 4 2 4
8 5 2 98
8 5 3 58
8 5 4 1
8 6 3 12
8 6 4 60
8 7 4 1
8 7 5 6
8 7 6 3
8 7 7 4
8 8 6 5
8 8 7 24
8 8 8 12
8 9 7 5
8 9 8 34
8 9 9 3
8 10 9 4
8 10 10 1
8 11 8 1
8 11 13 1
8 12 15 1
8 13 17 1
9 4 6 1
9 5 3 4
9 6 3 20
9 6 4 4
9 6 7 1
9 6 8 1
9 7 4 2
9 7 5 7
9 7 6 2
9 7 9 1
9 8 6 7
9 8 7 5
9 8 8 3
9 8 11 1
9 9 7 1
9 9 8 60
9 9 9 11
9 9 10 1
9 10 8 14
9 10 9 29
9 10 10 9
9 10 11 1
9 10 12 1
9 11 9 3
9 11 10 3
10 5 6 1
10 5 8 1
10 6 3 1
10 6 4 2
10 6 7 2
10 6 8 1
10 7 3 1
10 7 4 22
10 7 5 2
10 7 6 1
10 8 4 1
10 8 6 9
10 8 7 4
10 8 9 1
10 9 7 4
10 9 8 11
10 9 9 1
10 10 8 2
10 10 9 58
10 10 10 14
10 10 11 1
10 11 9 18
10 11 10 35
10 11 11 3
10 12 10 1
10 12 11 4
10 13 10 1
11 4 7 2
11 5 7 2
11 5 8 1
11 6 7 2
11 7 4 9
11 7 8 4
11 8 4 2
11 8 5 1
11 8 6 6
11 8 9 2
11 9 6 2
11 9 7 4
11 9 8 6
11 9 10 2
11 10 8 2
11 10 9 3
11 10 10 3
11 11 9 9
11 11 10 57
11 11 11 16
11 11 12 3
11 12 10 4
11 12 11 43
11 12 12 5
11 13 11 1
12 5 7 1
12 6 8 3
12 8 9 1
12 9 5 1
12 9 6 5
12 9 7 3
12 10 6 4
12 10 7 1
12 10 8 5
12 10 9 1
12 10 10 1
12 11 9 4
12 11 10 17
12 11 11 6
12 11 13 1
12 12 10 8
12 12 11 58
12 12 12 17
12 12 13 2
12 13 11 8
12 13 12 38
12 13 13 5
12 13 14 1
12 14 11 1
12 14 13 2
13 4 8 1
13 5 8 2
13 6 8 1
13 10 6 10
13 10 7 19
13 10 12 2
13 11 6 1
13 11 7 21
13 11 8 4
13 11 9 2
13 11 10 1
13 11 11 1
13 12 9 2
13 12 10 5
13 12 11 7
13 12 12 7
13 12 13 3
13 13 9 1
13 13 11 2
13 13 12 93
13 13 13 76
13 13 14 2
13 14 12 5
13 14 13 63
13 14 14 8
13 14 15 1
13 15 13 3
13 15 14 2
13 16 15 1
14 9 10 1
14 9 11 1
14 11 7 8
14 11 8 14
14 11 11 1
14 11 13 1
14 12 8 12
14 12 9 6
14 12 10 4
14 12 12 1
14 12 13 3
14 13 10 1
14 13 11 2
14 13 12 11
14 13 13 12
14 14 12 4
14 14 13 117
14 14 14 42
14 14 15 1
14 15 13 9
14 15 14 55
14 15 15 10
14 15 16 1
14 16 14 1
15 5 9 1
15 12 8 35
15 12 9 17
15 12 13 1
15 13 9 10
15 13 10 9
15 13 11 3
15 13 12 1
15 13 13 2
15 13 14 1
15 14 10 1
15 14 12 5
15 14 13 8
15 14 14 6
15 15 13 16
15 15 14 94
15 15 15 42
15 15 16 3
15 16 14 9
15 16 15 106
15 16 16 6
15 17 15 1
15 17 16 1
15 17 17 2
16 13 9 6
16 13 10 7
16 14 10 4
16 14 11 3
16 14 12 7
16 14 13 4
16 14 14 2
16 15 12 1
16 15 13 7
16 15 14 40
16 15 15 11
16 15 16 1
16 16 11 1
16 16 12 1
16 16 14 24
16 16 15 164
16 16 16 37
16 16 17 2
16 17 15 3
16 17 16 115
16 17 17 5
16 18 17 4
16 19 18 1
17 7 10 1
17 13 14 1
17 14 11 2
17 15 11 1
17 15 12 4
17 15 13 4
17 15 14 3
17 15 15 1
17 16 13 2
17 16 14 10
17 16 15 13
17 16 17 1
17 17 12 2
17 17 14 1
17 17 15 8
17 17 16 126
17 17 17 71
17 17 18 3
17 18 16 1
17 18 17 117
17 18 18 11
17 19 17 3
17 19 18 3
18 15 12 1
18 16 12 1
18 16 15 1
18 17 12 1
18 17 14 4
18 17 15 5
18 17 16 7
18 17 17 4
18 18 11 1
18 18 16 7
18 18 17 98
18 18 18 44
18 18 19 2
18 19 17 9
18 19 18 143
18 19 19 14
18 20 18 1
18 20 19 2
19 16 13 4
19 17 9 1
19 17 14 4
19 17 15 6
19 17 16 1
19 18 9 1
19 18 11 1
19 18 12 1
19 18 14 1
19 18 15 2
19 18 16 6
19 18 17 3
19 18 18 6
19 18 19 3
19 19 13 1
19 19 15 2
19 19 17 9
19 19 18 167
19 19 19 55
19 19 20 2
19 20 18 10
19 20 19 292
19 20 20 18
19 21 19 2
19 21 20 6
20 17 17 1
20 18 16 2
20 18 17 1
20 18 18 1
20 19 10 1
20 19 12 2
20 19 18 6
20 19 19 2
20 20 18 6
20 20 19 56
20 20 20 28
20 20 21 3
20 21 19 13
20 21 20 262
20 21 21 29
20 22 21 12
20 22 22 1
21 18 16 2
21 19 12 1
21 19 16 2
21 19 17 2
21 19 18 1
21 19 19 1
21 20 14 1
21 20 15 1
21 20 18 7
21 20 19 3
21 20 20 4
21 21 13 1
21 21 17 1
21 21 19 2
21 21 20 30
21 21 21 36
21 21 22 7
21 22 20 1
21 22 21 162
21 22 22 104
21 22 23 3
21 23 22 6
21 23 23 2
22 20 17 3
22 20 18 7
22 20 19 1
22 21 11 1
22 21 13 1
22 21 18 7
22 21 19 4
22 21 20 1
22 21 21 1
22 22 14 1
22 22 15 1
22 22 20 1
22 22 21 27
22 22 22 105
22 22 23 15
22 23 22 372
22 23 23 159
22 23 24 15
22 24 23 17
22 24 24 4
23 20 16 1
23 20 17 22
23 20 18 4
23 21 10 1
23 21 17 18
23 21 18 72
23 21 19 11
23 21 20 1
23 22 12 1
23 22 13 1
23 22 19 10
23 22 20 3
23 22 22 4
23 22 23 1
23 23 21 3
23 23 22 29
23 23 23 198
23 23 24 8
23 24 23 127
23 24 24 208
23 24 25 18
23 25 23 1
23 25 24 9
23 25 25 6
23 26 25 1
24 21 17 10
24 21 18 6
24 22 19 9
24 22 20 21
24 22 21 2
24 23 11 1
24 23 12 1
24 23 14 3
24 23 17 1
24 23 20 10
24 23 21 3
24 23 22 3
24 23 23 4
24 23 24 1
24 24 22 4
24 24 23 6
24 24 24 115
24 24 25 9
24 25 24 100
24 25 25 338
24 25 26 12
24 26 25 15
24 26 26 12
25 23 20 4
25 23 21 31
25 23 22 2
25 23 23 1
25 24 12 1
25 24 13 1
25 24 16 2
25 24 21 1
25 24 22 25
25 24 23 6
25 24 24 2
25 24 25 2
25 25 22 1
25 25 23 4
25 25 24 6
25 25 25 155
25 25 26 19
25 26 25 47
25 26 26 103
25 26 27 4
25 27 26 1
25 27 27 5
26 24 13 1
26 24 14 1
26 24 22 37
26 24 23 3
26 24 24 1
26 25 15 3
26 25 16 1
26 25 22 3
26 25 23 28
26 25 24 6
26 25 25 4
26 25 26 2
26 26 17 3
26 26 18 2
26 26 24 1
26 26 25 5
26 26 26 40
26 26 27 18
26 27 26 10
26 27 27 53
26 27 28 10
26 28 27 1
26 28 28 16
27 25 13 1
27 25 23 27
27 25 24 2
27 26 16 2
27 26 17 1
27 26 18 2
27 26 23 3
27 26 24 13
27 26 25 3
27 26 26 4
27 27 20 1
27 27 26 6
27 27 27 29
27 27 28 7
27 28 27 7
27 28 28 34
27 28 29 8
27 29 29 1
28 26 23 1
28 26 24 9
28 26 25 1
28 27 19 1
28 27 24 1
28 27 25 2
28 27 26 4
28 27 27 4
28 28 23 1
28 28 24 1
28 28 26 1
28 28 27 3
28 28 28 34
28 28 29 14
28 29 28 7
28 29 29 64
28 29 30 24
29 27 24 2
29 27 25 7
29 28 23 1
29 28 25 1
29 28 26 4
29 28 27 3
29 28 28 2
29 29 20 1
29 29 21 2
29 29 25 1
29 29 26 2
29 29 27 1
29 29 28 8
29 29 29 49
29 29 30 44
29 30 29 13
29 30 30 231
29 30 31 7
29 31 30 4
29 31 31 1
30 29 26 2
30 29 27 6
30 29 28 2
30 29 29 3
30 29 30 2
30 30 22 1
30 30 27 2
30 30 28 9
30 30 29 11
30 30 30 576
30 30 31 46
30 31 29 5
30 31 30 274
30 31 31 57
31 30 28 3
31 30 29 4
31 30 30 4
31 30 31 2
