32
0 0 0 4
0 1 0 2
0 1 1 2
1 0 0 1
1 1 0 17
1 1 1 5
1 2 0 2
1 2 1 68
1 2 2 2
2 1 0 2
2 2 1 40
2 2 2 56
2 2 3 2
2 3 2 141
2 8 11 1
2 8 12 2
3 2 1 1
3 2 2 2
3 3 1 2
3 3 2 110
3 3 3 46
3 4 2 1
3 4 3 143
3 4 4 8
3 5 4 3
3 5 5 1
3 8 11 1
3 10 15 2
3 11 15 1
3 11 16 2
3 12 16 1
4 3 4 2
4 4 2 3
4 4 3 44
4 4 4 79
4 4 5 1
4 5 4 152
4 5 5 9
4 6 3 2
4 6 4 5
4 6 5 22
4 7 6 1
4 7 9 2
4 7 10 1
4 8 10 1
4 9 13 1
4 10 13 1
4 12 17 1
5 4 4 2
5 5 4 15
5 5 5 23
5 6 4 8
5 6 5 48
5 6 6 14
5 7 4 1
5 7 6 8
5 7 9 1
5 8 8 1
5 8 10 1
5 8 11 2
5 8 12 1
5 10 14 3
5 11 14 1
5 11 16 1
5 12 16 2
6 4 2 1
6 4 3 2
6 5 3 2
6 5 4 1
6 5 5 4
6 5 6 2
6 6 4 2
6 6 5 23
6 6 6 17
6 7 5 5
6 7 6 18
6 7 7 6
6 8 5 1
6 8 7 2
6 10 14 1
6 11 14 1
6 11 15 1
6 12 15 2
7 4 2 5
7 5 2 17
7 5 3 18
7 5 4 3
7 6 4 3
7 6 5 3
7 6 6 1
7 6 7 1
7 7 6 20
7 7 7 13
7 8 6 9
7 8 7 21
7 8 8 3
7 9 8 5
7 11 13 1
7 11 14 2
7 11 15 1
7 12 16 1
8 4 2 3
8 4 5 1
8 5 2 94
8 5 3 56
8 5 6 2
8 6 3 21
8 6 4 49
8 6 5 1
8 6 7 1
8 7 4 1
8 7 5 6
8 7 6 2
8 7 8 1
8 8 5 1
8 8 7 39
8 8 8 15
8 8 9 2
8 9 7 3
8 9 8 36
8 9 9 4
8 9 11 1
8 9 12 1
8 10 9 4
8 10 10 1
8 11 7 1
8 11 13 1
8 12 15 1
9 4 5 2
9 5 3 5
9 6 3 19
9 6 4 2
9 6 6 1
9 7 4 1
9 7 5 7
9 7 6 2
9 7 8 2
9 8 5 2
9 8 6 6
9 8 7 4
9 8 8 1
9 9 7 3
9 9 8 60
9 9 9 13
9 9 10 2
9 10 8 7
9 10 9 40
9 10 10 4
9 10 11 1
9 11 9 3
9 11 10 1
9 11 11 2
10 4 6 1
10 5 7 3
10 6 3 4
10 6 7 1
10 6 8 1
10 7 3 6
10 7 4 18
10 7 5 2
10 8 5 2
10 8 6 3
10 8 7 3
10 8 8 1
10 9 7 2
10 9 8 4
10 9 10 1
10 9 11 1
10 10 8 3
10 10 9 51
10 10 10 19
10 10 11 3
10 11 9 6
10 11 10 42
10 11 11 4
10 11 12 1
10 12 10 1
10 12 11 2
11 5 7 1
11 6 7 3
11 6 8 3
11 7 4 8
11 7 8 4
11 8 4 4
11 8 5 1
11 8 6 2
11 8 8 2
11 9 5 1
11 9 6 3
11 9 7 8
11 9 8 4
11 9 9 1
11 9 10 1
11 10 8 4
11 10 9 9
11 10 10 1
11 11 9 7
11 11 10 51
11 11 11 21
11 11 12 1
11 12 10 8
11 12 11 35
11 12 12 5
11 13 10 1
11 13 11 2
11 13 12 1
12 5 7 1
12 6 7 1
12 9 6 5
12 9 11 1
12 10 6 2
12 10 7 2
12 10 8 8
12 10 9 3
12 10 10 1
12 11 8 1
12 11 9 4
12 11 10 10
12 11 11 4
12 11 12 2
12 12 10 6
12 12 11 56
12 12 12 17
12 13 11 6
12 13 12 42
12 13 13 8
12 13 14 1
12 14 13 1
13 5 8 3
13 6 8 1
13 7 9 1
13 8 10 1
13 10 6 10
13 10 7 19
13 10 8 2
13 11 7 18
13 11 8 6
13 11 9 2
13 11 10 1
13 11 11 1
13 11 12 2
13 12 7 1
13 12 10 1
13 12 11 4
13 12 12 8
13 13 11 5
13 13 12 103
13 13 13 67
13 13 14 1
13 14 12 7
13 14 13 60
13 14 14 8
13 15 13 1
13 15 14 2
14 10 11 1
14 11 7 7
14 11 8 21
14 11 13 1
14 12 8 9
14 12 9 4
14 12 10 6
14 12 11 1
14 12 12 3
14 12 13 1
14 13 9 1
14 13 10 1
14 13 11 4
14 13 12 14
14 13 13 10
14 13 14 3
14 14 12 5
14 14 13 116
14 14 14 49
14 14 15 1
14 15 13 14
14 15 14 47
14 15 15 6
15 5 8 1
15 5 9 1
15 12 8 32
15 12 9 27
15 12 11 1
15 12 12 1
15 12 13 1
15 13 9 8
15 13 10 5
15 13 11 2
15 13 12 1
15 13 14 1
15 14 11 3
15 14 12 8
15 14 13 7
15 14 14 4
15 14 15 1
15 15 10 1
15 15 13 4
15 15 14 103
15 15 15 46
15 15 16 2
15 16 14 11
15 16 15 98
15 16 16 7
15 17 16 5
16 12 9 2
16 13 9 1
16 13 10 3
16 13 12 1
16 14 10 5
16 14 11 5
16 14 12 5
16 14 13 6
16 14 14 2
16 15 12 1
16 15 13 12
16 15 14 36
16 15 15 6
16 15 16 2
16 16 7 1
16 16 12 1
16 16 13 2
16 16 14 27
16 16 15 162
16 16 16 31
16 17 14 1
16 17 15 5
16 17 16 122
16 17 17 11
16 18 17 1
17 14 10 1
17 14 11 4
17 15 11 2
17 15 12 6
17 15 14 3
17 16 11 1
17 16 12 1
17 16 13 3
17 16 14 6
17 16 15 6
17 16 16 1
17 17 13 1
17 17 15 5
17 17 16 124
17 17 17 63
17 17 18 5
17 18 16 2
17 18 17 106
17 18 18 11
17 19 17 1
17 19 18 2
17 19 19 1
18 15 12 1
18 16 12 3
18 16 13 1
18 16 14 1
18 16 15 2
18 17 12 1
18 17 14 2
18 17 15 7
18 17 16 7
18 17 17 1
18 17 18 2
18 18 12 1
18 18 14 1
18 18 16 5
18 18 17 108
18 18 18 52
18 18 19 2
18 19 17 10
18 19 18 171
18 19 19 12
18 20 18 1
18 20 19 2
18 20 20 1
19 16 13 3
19 17 13 1
19 17 14 10
19 17 15 1
19 17 16 3
19 18 10 1
19 18 11 1
19 18 12 1
19 18 15 2
19 18 16 4
19 18 17 10
19 18 18 9
19 18 19 2
19 19 12 1
19 19 16 1
19 19 17 11
19 19 18 161
19 19 19 58
19 19 20 2
19 20 18 10
19 20 19 266
19 20 20 12
19 20 21 1
19 21 19 2
19 21 20 7
20 16 17 1
20 18 15 1
20 18 16 1
20 18 17 3
20 19 10 1
20 19 11 1
20 19 13 1
20 19 16 1
20 19 17 3
20 19 18 4
20 19 20 1
20 20 18 5
20 20 19 43
20 20 20 33
20 21 19 6
20 21 20 259
20 21 21 32
20 21 22 1
20 22 21 14
20 22 22 1
21 18 15 1
21 18 16 1
21 19 11 1
21 19 15 1
21 19 16 4
21 19 17 3
21 19 19 1
21 20 11 1
21 20 14 1
21 20 15 1
21 20 17 2
21 20 18 4
21 20 19 3
21 20 20 4
21 21 13 2
21 21 17 1
21 21 20 24
21 21 21 37
21 21 22 9
21 22 21 165
21 22 22 105
21 22 23 1
21 23 22 5
21 23 23 2
22 20 17 2
22 20 18 6
22 20 19 2
22 20 20 1
22 21 13 1
22 21 15 1
22 21 18 6
22 21 19 8
22 21 21 4
22 21 22 1
22 22 17 1
22 22 20 2
22 22 21 23
22 22 22 119
22 22 23 12
22 23 22 368
22 23 23 156
22 23 24 6
22 24 23 17
22 24 24 2
23 20 16 1
23 20 17 12
23 20 18 2
23 21 17 10
23 21 18 71
23 21 19 13
23 22 13 1
23 22 14 1
23 22 19 7
23 22 20 5
23 22 21 3
23 22 22 5
23 23 21 1
23 23 22 22
23 23 23 213
23 23 24 8
23 24 19 1
23 24 22 1
23 24 23 125
23 24 24 211
23 24 25 14
23 25 24 6
23 25 25 6
23 26 25 1
24 21 17 3
24 21 18 13
24 21 19 1
24 22 11 1
24 22 18 2
24 22 19 9
24 22 20 26
24 22 21 2
24 23 12 1
24 23 13 1
24 23 14 1
24 23 20 7
24 23 21 8
24 23 22 2
24 23 23 8
24 23 24 2
24 24 20 1
24 24 22 2
24 24 23 10
24 24 24 115
24 24 25 8
24 25 24 113
24 25 25 313
24 25 26 25
24 26 25 13
24 26 26 10
25 22 20 1
25 23 12 1
25 23 13 1
25 23 20 4
25 23 21 25
25 23 22 9
25 24 15 1
25 24 16 2
25 24 21 1
25 24 22 23
25 24 23 6
25 24 25 1
25 25 23 4
25 25 24 9
25 25 25 154
25 25 26 7
25 25 27 1
25 26 25 32
25 26 26 90
25 26 27 5
25 27 26 4
25 27 27 3
25 28 27 1
26 24 22 44
26 24 23 5
26 25 13 2
26 25 14 3
26 25 15 1
26 25 18 1
26 25 22 2
26 25 23 28
26 25 24 9
26 25 25 1
26 25 26 1
26 26 16 3
26 26 17 1
26 26 18 2
26 26 24 1
26 26 25 3
26 26 26 48
26 26 27 16
26 27 26 9
26 27 27 58
26 27 28 9
26 28 27 1
26 28 28 14
27 25 22 1
27 25 23 30
27 25 24 2
27 26 16 1
27 26 17 3
27 26 19 1
27 26 23 1
27 26 24 17
27 26 25 2
27 26 26 1
27 26 27 3
27 27 20 1
27 27 26 4
27 27 27 31
27 27 28 13
27 28 27 7
27 28 28 35
27 28 29 9
28 26 24 9
28 26 25 2
28 27 22 2
28 27 25 4
28 27 26 3
28 27 27 6
28 28 19 1
28 28 24 1
28 28 26 1
28 28 27 9
28 28 28 24
28 28 29 11
28 29 28 6
28 29 29 60
28 29 30 16
29 27 25 5
29 28 24 1
29 28 25 2
29 28 26 5
29 28 27 3
29 28 28 1
29 28 29 1
29 29 20 2
29 29 27 1
29 29 28 4
29 29 29 34
29 29 30 49
29 30 29 15
29 30 30 234
29 30 31 2
29 31 30 2
29 31 31 1
30 28 26 1
30 29 21 1
30 29 26 2
30 29 27 8
30 29 28 1
30 29 29 6
30 30 25 1
30 30 27 3
30 30 28 10
30 30 29 16
30 30 30 657
30 30 31 36
30 31 29 3
30 31 30 249
30 31 31 43
31 30 28 2
31 30 29 2
31 30 30 3
31 31 28 1
