32
0 0 0 3
0 1 0 1
0 1 1 1
1 0 0 3
1 1 0 5
1 1 1 4
1 2 1 23
2 1 0 3
2 1 1 2
2 1 2 1
2 2 0 3
2 2 1 43
2 2 2 14
2 3 1 4
2 3 2 123
2 4 3 1
2 10 16 1
2 11 16 1
3 2 0 1
3 2 1 8
3 2 2 2
3 3 0 1
3 3 1 6
3 3 2 163
3 3 3 40
3 4 2 8
3 4 3 135
3 4 4 4
3 5 4 1
3 5 5 1
3 5 6 2
3 9 14 1
3 10 15 2
3 11 16 1
3 12 17 2
3 12 18 1
4 3 1 2
4 3 3 2
4 4 2 4
4 4 3 50
4 4 4 67
4 5 3 1
4 5 4 157
4 5 5 22
4 5 6 3
4 6 4 4
4 6 5 11
4 6 7 2
4 10 15 1
4 11 16 3
4 11 17 1
4 13 18 1
5 4 2 1
5 4 4 5
5 5 4 12
5 5 5 13
5 5 6 1
5 6 4 1
5 6 5 30
5 6 6 4
5 6 7 1
5 7 6 1
5 7 8 1
5 8 7 1
5 9 13 1
5 10 14 1
5 11 17 1
5 12 17 3
6 5 4 2
6 5 5 3
6 5 6 1
6 6 4 2
6 6 5 1
6 6 6 11
6 6 7 1
6 7 6 5
6 7 7 6
6 10 12 1
6 10 14 1
6 10 15 1
6 12 16 1
6 12 17 1
7 5 2 1
7 6 6 1
7 7 5 5
7 7 6 7
7 7 7 8
7 8 5 1
7 8 7 5
7 9 7 1
7 9 8 3
7 10 10 1
7 10 13 1
7 10 14 1
7 11 15 1
7 12 15 1
7 12 16 2
7 13 18 1
8 5 2 1
8 6 3 2
8 7 5 2
8 7 7 1
8 8 5 2
8 8 6 11
8 8 7 8
8 8 8 6
8 9 6 1
8 9 7 1
8 9 8 3
8 9 9 3
8 10 9 3
8 10 13 3
8 11 13 1
8 11 14 2
8 12 14 1
8 12 15 1
8 12 16 1
8 13 17 1
9 7 4 3
9 7 9 1
9 8 6 7
9 8 7 4
9 8 10 1
9 9 6 3
9 9 7 5
9 9 8 11
9 9 9 6
9 9 10 2
9 10 5 1
9 10 6 2
9 10 8 2
9 10 9 3
9 10 10 5
9 10 11 1
9 11 5 1
9 11 6 1
9 11 10 2
9 11 12 1
9 12 15 1
9 13 17 1
9 14 18 1
10 8 4 2
10 8 6 1
10 8 8 1
10 9 7 5
10 9 8 4
10 9 9 6
10 9 10 1
10 10 8 4
10 10 9 10
10 10 10 9
10 11 10 5
10 11 11 5
10 12 8 1
10 12 11 2
10 12 14 1
10 13 12 1
11 8 4 1
11 9 5 1
11 9 7 1
11 9 8 2
11 10 8 4
11 10 9 11
11 10 10 4
11 10 11 1
11 11 8 2
11 11 9 10
11 11 10 6
11 11 11 8
11 11 12 2
11 12 9 1
11 12 10 4
11 12 11 9
11 12 12 1
11 13 10 1
11 13 13 1
11 13 14 1
11 13 15 2
11 14 13 1
11 14 17 1
12 6 7 1
12 7 8 1
12 8 4 1
12 8 8 1
12 9 5 1
12 10 6 1
12 10 7 1
12 10 8 2
12 10 10 1
12 11 9 10
12 11 10 4
12 11 11 3
12 12 9 7
12 12 10 11
12 12 11 23
12 12 12 12
12 12 13 1
12 13 11 1
12 13 12 18
12 13 13 3
12 13 14 1
12 14 13 2
12 14 15 1
12 14 16 3
13 7 8 1
13 8 8 3
13 8 9 2
13 9 4 2
13 9 5 1
13 9 9 2
13 10 5 3
13 10 6 1
13 10 9 2
13 10 10 3
13 10 11 2
13 11 8 1
13 11 9 3
13 11 10 1
13 11 11 1
13 11 14 1
13 12 9 1
13 12 10 14
13 12 11 6
13 12 12 9
13 12 14 1
13 13 10 2
13 13 11 15
13 13 12 24
13 13 13 19
13 13 14 1
13 14 12 2
13 14 13 14
13 14 14 3
13 15 12 1
13 15 13 1
13 15 16 1
13 15 18 2
13 16 18 2
14 6 8 1
14 7 9 1
14 8 8 1
14 8 9 1
14 9 4 1
14 9 9 1
14 10 6 2
14 10 7 1
14 10 9 3
14 10 10 2
14 11 6 5
14 11 7 6
14 11 8 5
14 11 9 4
14 11 10 3
14 11 11 1
14 12 7 1
14 12 8 5
14 12 9 7
14 12 10 2
14 12 11 3
14 12 12 1
14 12 14 1
14 13 9 1
14 13 10 1
14 13 11 11
14 13 12 7
14 13 13 7
14 13 14 1
14 13 15 1
14 14 11 2
14 14 12 10
14 14 13 24
14 14 14 19
14 15 12 1
14 15 13 2
14 15 14 16
14 15 15 3
14 15 16 2
14 16 15 2
14 16 16 1
14 16 17 1
14 16 18 3
14 17 17 1
14 17 19 1
15 8 10 2
15 10 3 5
15 10 4 69
15 10 5 2
15 10 10 2
15 10 12 2
15 11 4 1
15 11 5 6
15 11 6 41
15 11 7 9
15 11 8 1
15 11 10 1
15 12 6 9
15 12 7 11
15 12 8 74
15 12 9 22
15 12 10 1
15 12 14 1
15 13 8 3
15 13 9 14
15 13 10 20
15 13 11 12
15 13 12 29
15 13 13 2
15 13 14 1
15 13 15 1
15 14 10 2
15 14 11 2
15 14 12 44
15 14 13 18
15 14 14 7
15 14 15 2
15 15 11 1
15 15 12 4
15 15 13 21
15 15 14 22
15 15 15 20
15 15 16 2
15 16 14 3
15 16 15 14
15 16 16 2
15 17 15 2
15 17 17 1
15 18 20 1
15 19 17 1
16 7 10 1
16 10 4 64
16 11 4 55
16 11 5 20
16 11 6 6
16 12 5 2
16 12 6 30
16 12 7 6
16 12 8 3
16 12 9 1
16 13 7 2
16 13 8 3
16 13 9 11
16 13 10 2
16 13 11 2
16 13 14 2
16 14 10 2
16 14 11 7
16 14 12 31
16 14 13 16
16 15 12 7
16 15 13 16
16 15 14 18
16 15 15 6
16 15 16 1
16 16 13 6
16 16 14 10
16 16 15 39
16 16 16 10
16 16 17 2
16 17 14 1
16 17 15 1
16 17 16 12
16 17 17 4
16 17 18 1
16 18 19 2
16 18 20 1
16 18 21 1
16 19 21 1
17 8 11 1
17 10 10 1
17 11 4 2
17 11 5 6
17 12 4 1
17 12 5 8
17 12 6 7
17 12 7 7
17 12 8 2
17 13 6 2
17 13 7 4
17 13 8 3
17 13 9 2
17 14 8 2
17 14 9 1
17 14 11 6
17 14 12 2
17 14 13 1
17 14 15 1
17 15 10 1
17 15 12 4
17 15 13 3
17 15 14 2
17 15 15 2
17 15 16 2
17 15 17 1
17 16 11 1
17 16 13 4
17 16 14 11
17 16 15 25
17 16 16 10
17 16 17 2
17 16 18 1
17 17 14 7
17 17 15 21
17 17 16 17
17 17 17 18
17 17 18 8
17 18 17 14
17 18 18 8
17 19 17 1
17 19 18 1
17 19 20 2
17 19 21 2
17 20 21 1
18 8 10 1
18 8 11 1
18 14 8 1
18 14 9 1
18 14 10 1
18 15 10 1
18 15 11 3
18 15 12 3
18 16 12 2
18 16 13 4
18 16 14 4
18 16 16 2
18 17 14 1
18 17 15 32
18 17 16 16
18 17 17 3
18 17 19 1
18 18 15 7
18 18 16 16
18 18 17 20
18 18 18 11
18 18 19 4
18 18 20 1
18 19 17 3
18 19 18 17
18 19 19 9
18 19 20 2
18 19 21 1
18 20 21 1
18 20 22 3
18 21 23 1
18 21 24 1
19 8 11 1
19 15 10 3
19 15 11 3
19 16 11 1
19 16 12 3
19 16 13 1
19 16 16 1
19 17 14 5
19 17 15 18
19 17 16 3
19 17 17 1
19 18 13 2
19 18 15 2
19 18 16 34
19 18 17 13
19 18 18 2
19 18 19 3
19 19 12 1
19 19 14 2
19 19 16 2
19 19 17 12
19 19 18 5
19 19 19 8
19 19 20 3
19 19 21 2
19 20 18 3
19 20 19 17
19 20 20 13
19 20 21 3
19 20 22 1
19 21 20 1
19 21 21 3
19 21 22 1
19 21 24 1
19 22 23 2
19 22 24 1
20 8 9 1
20 14 13 1
20 16 12 5
20 17 12 2
20 17 13 4
20 17 14 8
20 17 16 1
20 18 14 4
20 18 15 7
20 18 16 5
20 18 17 7
20 18 18 2
20 19 11 1
20 19 13 1
20 19 15 1
20 19 16 7
20 19 17 27
20 19 18 7
20 19 19 4
20 19 20 1
20 19 21 1
20 20 17 4
20 20 18 11
20 20 19 13
20 20 20 12
20 20 21 5
20 20 22 3
20 21 19 1
20 21 20 12
20 21 21 12
20 21 22 4
20 22 20 2
20 22 22 1
20 22 23 4
20 23 22 1
20 23 26 1
21 16 16 1
21 18 14 1
21 18 15 5
21 19 10 1
21 19 15 1
21 19 16 9
21 19 17 7
21 19 18 1
21 20 12 1
21 20 17 16
21 20 18 20
21 20 19 6
21 20 20 2
21 20 22 1
21 21 13 1
21 21 17 1
21 21 18 12
21 21 19 28
21 21 20 11
21 21 21 8
21 21 22 6
21 21 23 2
21 22 20 2
21 22 21 18
21 22 22 13
21 22 23 7
21 22 24 1
21 23 22 4
21 23 23 1
21 23 24 2
21 23 25 2
21 24 26 5
22 7 8 1
22 19 16 1
22 20 12 2
22 20 13 1
22 20 16 1
22 20 17 11
22 20 18 5
22 20 19 1
22 21 13 2
22 21 17 3
22 21 18 15
22 21 19 39
22 21 20 15
22 21 21 1
22 21 22 2
22 21 23 1
22 22 12 1
22 22 18 1
22 22 19 3
22 22 20 35
22 22 21 29
22 22 22 19
22 22 23 2
22 22 24 1
22 23 22 27
22 23 23 36
22 23 24 3
22 24 23 7
22 24 24 2
22 24 25 3
22 24 26 1
22 24 27 3
22 25 27 4
22 25 28 2
22 26 28 3
23 16 15 1
23 21 18 10
23 21 19 9
23 21 20 3
23 22 13 1
23 22 19 19
23 22 20 29
23 22 21 13
23 22 22 5
23 23 20 12
23 23 21 38
23 23 22 41
23 23 23 44
23 23 24 10
23 23 25 2
23 24 22 3
23 24 23 124
23 24 24 116
23 24 25 39
23 24 26 1
23 25 24 15
23 25 25 51
23 25 26 9
23 25 27 27
23 25 28 28
23 26 28 64
23 26 29 33
23 27 29 25
23 27 30 11
24 22 19 8
24 22 20 25
24 22 21 2
24 22 24 1
24 23 15 1
24 23 20 25
24 23 21 99
24 23 22 38
24 23 23 2
24 23 24 1
24 24 20 1
24 24 21 14
24 24 22 62
24 24 23 120
24 24 24 58
24 24 25 20
24 24 26 1
24 25 20 1
24 25 23 8
24 25 24 94
24 25 25 97
24 25 26 35
24 25 27 8
24 25 28 5
24 26 25 1
24 26 26 26
24 26 27 15
24 26 28 68
24 26 29 19
24 27 26 1
24 27 28 1
24 27 29 21
24 27 30 12
25 22 20 1
25 22 21 1
25 23 12 1
25 23 18 1
25 23 21 43
25 23 22 28
25 23 24 1
25 24 13 1
25 24 14 2
25 24 16 1
25 24 20 2
25 24 21 24
25 24 22 305
25 24 23 51
25 24 24 4
25 25 16 1
25 25 22 29
25 25 23 93
25 25 24 361
25 25 25 141
25 25 26 6
25 26 24 2
25 26 25 275
25 26 26 60
25 26 27 34
25 26 28 15
25 26 29 2
25 27 26 1
25 27 27 25
25 27 28 126
25 27 29 160
25 27 30 2
25 28 28 1
25 28 29 4
25 28 30 5
25 29 30 1
26 21 21 1
26 23 22 1
26 24 22 31
26 24 23 21
26 25 13 1
26 25 14 1
26 25 15 1
26 25 17 1
26 25 22 14
26 25 23 248
26 25 24 50
26 25 25 8
26 25 26 1
26 26 15 2
26 26 17 2
26 26 18 2
26 26 23 17
26 26 24 140
26 26 25 102
26 26 26 91
26 26 27 8
26 26 28 1
26 27 26 10
26 27 27 41
26 27 28 5
26 27 29 10
26 28 28 7
26 28 29 4
26 28 30 1
26 29 28 1
26 29 31 1
27 23 25 1
27 25 23 11
27 25 24 3
27 26 23 3
27 26 24 148
27 26 25 54
27 26 26 16
27 27 19 1
27 27 22 2
27 27 23 1
27 27 24 2
27 27 25 202
27 27 26 45
27 27 27 14
27 27 28 8
27 27 29 1
27 28 26 1
27 28 27 1
27 28 28 26
27 28 29 14
27 29 29 17
27 30 30 1
28 26 24 2
28 26 25 1
28 27 25 104
28 27 26 84
28 27 27 6
28 28 19 2
28 28 25 2
28 28 26 259
28 28 27 23
28 28 28 14
28 28 29 29
28 29 27 1
28 29 28 1
28 29 29 117
28 29 30 42
28 30 30 30
29 27 25 1
29 27 26 1
29 28 26 42
29 28 27 48
29 28 28 1
29 28 29 1
29 29 21 1
29 29 26 3
29 29 27 62
29 29 28 12
29 29 29 4
29 29 30 7
29 30 29 1
29 30 30 45
29 30 31 3
29 31 30 1
29 31 31 16
30 28 26 1
30 29 26 3
30 29 27 16
30 29 28 10
30 30 27 3
30 30 28 17
30 30 29 13
30 30 30 219
30 30 31 7
30 31 29 16
30 31 30 86
30 31 31 12
31 30 28 3
31 30 29 5
31 30 30 6
31 30 31 1
31 31 29 2
31 31 30 1
