32
0 0 0 1
0 1 0 2
1 0 0 2
1 1 0 5
1 1 1 2
1 1 2 1
1 2 1 31
2 1 0 4
2 1 1 2
2 1 2 1
2 2 0 1
2 2 1 39
2 2 2 18
2 3 1 8
2 3 2 133
2 4 3 1
3 2 0 2
3 2 1 10
3 2 2 1
3 3 1 1
3 3 2 164
3 3 3 35
3 4 2 9
3 4 3 130
3 4 4 7
3 5 5 1
3 5 6 1
3 10 14 1
3 10 15 1
3 11 16 1
3 11 17 1
4 3 1 1
4 3 2 2
4 4 2 4
4 4 3 50
4 4 4 64
4 4 5 2
4 5 3 3
4 5 4 164
4 5 5 23
4 5 6 2
4 5 7 1
4 6 4 3
4 6 5 7
4 6 6 3
4 6 7 1
4 11 16 1
4 12 18 1
5 4 4 7
5 4 5 1
5 5 3 1
5 5 4 20
5 5 5 20
5 5 6 1
5 5 7 2
5 6 3 1
5 6 4 2
5 6 5 23
5 6 6 7
5 6 7 1
5 10 14 2
5 11 16 1
5 12 17 1
6 4 2 1
6 5 4 3
6 5 5 4
6 6 5 4
6 6 6 3
6 7 6 4
6 7 7 1
6 8 8 1
6 8 9 1
6 9 13 1
6 10 11 1
6 10 14 1
6 11 14 1
6 11 15 3
6 12 16 1
7 5 2 1
7 5 3 1
7 6 4 2
7 6 6 1
7 6 7 1
7 7 5 3
7 7 6 4
7 7 7 6
7 7 8 5
7 8 6 3
7 8 7 7
7 8 8 5
7 8 9 1
7 9 6 1
7 9 8 2
7 10 8 1
7 10 12 1
7 11 15 1
7 13 17 1
7 13 18 1
8 7 5 4
8 7 6 4
8 7 7 3
8 8 5 5
8 8 6 18
8 8 7 4
8 8 8 11
8 8 9 1
8 9 6 1
8 9 8 4
8 9 9 1
8 10 6 1
8 10 9 2
8 10 11 2
8 10 13 1
8 11 10 1
8 11 13 1
8 12 14 1
8 12 15 1
8 12 16 2
9 6 3 1
9 7 3 1
9 7 4 1
9 8 6 9
9 8 7 3
9 8 8 1
9 9 7 15
9 9 8 8
9 9 9 6
9 9 10 3
9 10 5 1
9 10 6 2
9 10 8 1
9 10 9 2
9 10 10 2
9 10 11 1
9 10 12 1
9 11 6 1
9 11 9 1
9 11 10 1
9 11 14 2
9 12 8 1
9 12 12 1
9 12 15 1
10 7 4 1
10 9 6 1
10 9 7 4
10 9 8 5
10 9 9 3
10 9 10 1
10 10 7 2
10 10 8 6
10 10 9 5
10 10 10 8
10 10 11 3
10 10 12 1
10 11 6 1
10 11 8 1
10 11 9 1
10 11 10 4
10 11 11 1
10 11 12 1
10 11 13 1
10 12 11 2
10 12 12 1
10 13 9 1
10 14 17 1
11 8 4 2
11 8 8 1
11 8 9 1
11 9 5 1
11 9 10 1
11 10 8 9
11 10 9 11
11 10 10 1
11 10 11 1
11 11 8 3
11 11 9 14
11 11 10 18
11 11 11 10
11 11 12 3
11 12 8 1
11 12 11 11
11 13 11 2
11 13 12 2
12 6 7 2
12 7 8 1
12 8 4 1
12 8 9 1
12 9 5 4
12 10 8 2
12 10 9 2
12 10 12 1
12 11 8 1
12 11 9 15
12 11 10 5
12 11 11 2
12 11 12 2
12 12 9 2
12 12 10 15
12 12 11 17
12 12 12 12
12 12 13 2
12 13 11 1
12 13 12 16
12 13 13 2
12 14 12 1
12 14 13 1
12 14 14 1
12 14 16 1
12 14 17 1
12 15 16 1
13 6 8 1
13 7 8 1
13 8 8 1
13 8 9 2
13 9 5 1
13 9 9 1
13 9 10 1
13 9 11 1
13 10 5 2
13 10 6 3
13 10 9 3
13 10 10 2
13 11 6 1
13 11 8 1
13 11 9 1
13 12 8 1
13 12 9 3
13 12 10 15
13 12 11 3
13 12 12 10
13 12 13 2
13 13 10 8
13 13 11 23
13 13 12 25
13 13 13 24
13 13 14 3
13 14 10 2
13 14 12 3
13 14 13 20
13 14 14 5
13 14 16 1
13 15 14 2
13 15 15 1
13 15 17 1
13 15 18 3
13 16 18 2
14 8 10 1
14 9 9 2
14 10 4 2
14 10 6 2
14 10 9 1
14 10 10 2
14 11 5 2
14 11 6 2
14 11 7 6
14 11 8 3
14 11 9 2
14 11 10 1
14 11 11 1
14 12 8 5
14 12 9 4
14 12 10 4
14 12 11 2
14 13 9 3
14 13 10 4
14 13 11 10
14 13 12 7
14 13 13 3
14 13 14 1
14 14 11 4
14 14 12 15
14 14 13 25
14 14 14 20
14 14 15 3
14 15 12 1
14 15 13 2
14 15 14 22
14 15 15 9
14 15 16 1
14 16 14 1
14 16 18 2
14 16 19 1
15 8 10 1
15 9 3 3
15 9 4 3
15 10 3 12
15 10 4 104
15 10 5 2
15 10 10 1
15 10 12 1
15 11 5 5
15 11 6 39
15 11 7 6
15 11 8 1
15 11 13 1
15 12 6 17
15 12 7 8
15 12 8 74
15 12 9 27
15 12 10 3
15 12 11 1
15 12 14 1
15 13 8 2
15 13 9 4
15 13 10 16
15 13 11 14
15 13 12 16
15 13 13 4
15 13 14 1
15 13 15 1
15 14 11 3
15 14 12 43
15 14 13 23
15 14 14 3
15 14 15 1
15 15 11 1
15 15 12 2
15 15 13 10
15 15 14 32
15 15 15 26
15 15 16 1
15 16 13 1
15 16 14 1
15 16 15 16
15 16 16 7
15 17 14 1
15 17 16 2
15 17 18 1
15 17 20 1
15 18 20 1
16 7 9 1
16 7 10 1
16 10 3 1
16 10 4 35
16 11 4 51
16 11 5 23
16 12 5 1
16 12 6 21
16 12 7 11
16 12 8 3
16 13 7 1
16 13 8 2
16 13 9 7
16 13 10 9
16 13 12 2
16 13 13 1
16 14 10 4
16 14 11 6
16 14 12 33
16 14 13 28
16 14 14 6
16 14 15 1
16 15 12 2
16 15 13 20
16 15 14 13
16 15 15 7
16 15 16 1
16 16 13 4
16 16 14 8
16 16 15 41
16 16 16 16
16 16 17 2
16 17 15 4
16 17 16 9
16 17 17 5
16 18 16 1
16 18 18 1
16 18 19 2
16 18 20 1
17 8 11 1
17 11 5 1
17 12 5 5
17 12 6 8
17 12 7 3
17 13 6 1
17 13 7 3
17 13 8 7
17 13 9 4
17 14 9 2
17 14 10 1
17 14 11 1
17 14 13 2
17 15 11 1
17 15 12 5
17 15 13 7
17 15 14 2
17 15 15 1
17 15 16 1
17 16 13 5
17 16 14 13
17 16 15 20
17 16 16 9
17 16 17 3
17 16 18 1
17 17 14 8
17 17 15 27
17 17 16 19
17 17 17 18
17 17 18 9
17 17 19 1
17 18 15 1
17 18 16 2
17 18 17 16
17 18 18 7
17 18 19 1
17 19 18 3
17 19 19 1
17 19 20 3
17 19 21 2
17 20 19 1
18 14 9 3
18 14 10 1
18 14 17 1
18 15 10 1
18 15 11 3
18 15 12 3
18 16 12 1
18 16 13 4
18 16 14 1
18 16 15 1
18 16 18 1
18 17 12 1
18 17 13 1
18 17 14 1
18 17 15 25
18 17 16 19
18 17 17 7
18 17 18 3
18 18 15 7
18 18 16 24
18 18 17 12
18 18 18 10
18 18 19 3
18 18 20 1
18 19 15 1
18 19 17 2
18 19 18 21
18 19 19 3
18 19 20 1
18 19 21 1
18 20 20 1
18 20 21 2
18 20 23 1
18 21 23 1
18 21 24 1
19 15 11 3
19 16 12 2
19 16 13 2
19 17 13 3
19 17 14 5
19 17 15 3
19 17 16 1
19 17 17 1
19 17 18 1
19 18 14 2
19 18 15 1
19 18 16 30
19 18 17 18
19 18 18 3
19 18 19 2
19 19 12 1
19 19 16 8
19 19 17 18
19 19 18 12
19 19 19 11
19 19 20 5
19 20 16 1
19 20 17 1
19 20 18 1
19 20 19 22
19 20 20 14
19 20 21 2
19 21 20 3
19 21 21 1
19 21 23 2
19 22 24 4
19 22 25 1
20 16 12 1
20 16 13 1
20 17 13 3
20 17 14 3
20 17 15 2
20 17 17 2
20 18 14 3
20 18 15 6
20 18 16 7
20 18 17 1
20 18 18 1
20 19 10 1
20 19 13 1
20 19 14 1
20 19 15 2
20 19 16 12
20 19 17 26
20 19 18 6
20 19 19 5
20 19 20 1
20 20 13 1
20 20 17 10
20 20 18 17
20 20 19 17
20 20 20 12
20 20 21 3
20 21 17 1
20 21 20 15
20 21 21 17
20 21 22 3
20 22 21 7
20 22 22 1
20 22 23 1
20 22 24 2
20 23 25 2
20 23 26 2
20 24 26 1
21 17 13 1
21 18 15 5
21 19 15 2
21 19 16 10
21 19 17 3
21 19 18 3
21 19 19 1
21 19 20 1
21 20 13 4
21 20 17 24
21 20 18 45
21 20 19 6
21 20 20 3
21 20 21 2
21 20 22 2
21 21 17 2
21 21 18 28
21 21 19 28
21 21 20 12
21 21 21 13
21 21 22 6
21 21 25 1
21 22 19 1
21 22 21 21
21 22 22 15
21 22 23 2
21 22 24 2
21 22 25 1
21 23 22 2
21 23 23 4
21 23 24 1
21 24 27 1
22 19 16 1
22 20 14 1
22 20 16 1
22 20 17 8
22 20 18 5
22 20 19 3
22 21 11 1
22 21 12 4
22 21 13 1
22 21 15 1
22 21 18 24
22 21 19 49
22 21 20 13
22 21 21 3
22 22 17 2
22 22 19 7
22 22 20 37
22 22 21 34
22 22 22 24
22 22 23 2
22 22 24 3
22 23 21 1
22 23 22 22
22 23 23 36
22 23 24 9
22 23 25 2
22 24 23 2
22 24 24 2
22 24 25 1
22 24 26 2
22 24 27 3
22 25 24 1
22 25 26 1
22 25 27 2
22 25 28 6
22 26 28 3
23 20 17 1
23 21 18 7
23 21 19 9
23 21 20 1
23 21 21 1
23 22 12 1
23 22 14 2
23 22 19 16
23 22 20 41
23 22 21 6
23 22 22 4
23 23 13 1
23 23 20 6
23 23 21 47
23 23 22 48
23 23 23 42
23 23 24 12
23 24 22 1
23 24 23 128
23 24 24 117
23 24 25 45
23 24 26 5
23 25 24 9
23 25 25 60
23 25 26 10
23 25 27 16
23 25 28 21
23 26 27 1
23 26 28 60
23 26 29 24
23 27 29 11
23 27 30 9
24 18 18 1
24 20 20 1
24 22 12 1
24 22 14 1
24 22 19 12
24 22 20 19
24 22 21 7
24 23 11 1
24 23 15 1
24 23 20 17
24 23 21 142
24 23 22 46
24 23 23 11
24 23 24 1
24 24 20 2
24 24 21 6
24 24 22 85
24 24 23 142
24 24 24 83
24 24 25 24
24 25 21 1
24 25 23 4
24 25 24 104
24 25 25 107
24 25 26 26
24 25 27 8
24 25 28 3
24 26 25 1
24 26 26 29
24 26 27 14
24 26 28 73
24 26 29 29
24 27 29 26
24 27 30 16
24 28 30 1
25 18 18 1
25 21 20 1
25 23 12 1
25 23 19 1
25 23 21 32
25 23 22 17
25 23 23 1
25 24 13 2
25 24 14 1
25 24 15 1
25 24 20 1
25 24 21 22
25 24 22 297
25 24 23 67
25 24 24 9
25 24 25 1
25 25 16 1
25 25 17 1
25 25 21 1
25 25 22 15
25 25 23 107
25 25 24 307
25 25 25 157
25 25 26 7
25 26 24 3
25 26 25 324
25 26 26 106
25 26 27 70
25 26 28 15
25 26 29 1
25 27 27 31
25 27 28 63
25 27 29 121
25 27 30 2
25 28 29 4
25 28 30 8
25 29 30 1
26 22 20 1
26 23 22 1
26 24 22 24
26 24 23 10
26 25 14 1
26 25 17 1
26 25 18 1
26 25 22 13
26 25 23 178
26 25 24 37
26 25 25 10
26 25 26 1
26 26 14 1
26 26 15 1
26 26 16 1
26 26 17 1
26 26 18 2
26 26 19 1
26 26 20 1
26 26 23 10
26 26 24 158
26 26 25 59
26 26 26 80
26 26 27 12
26 26 28 1
26 27 26 13
26 27 27 38
26 27 28 11
26 27 29 9
26 28 28 4
26 28 29 1
26 28 30 1
26 29 30 1
27 25 23 4
27 25 24 2
27 26 23 2
27 26 24 85
27 26 25 77
27 26 26 14
27 27 23 1
27 27 25 188
27 27 26 54
27 27 27 18
27 27 28 10
27 27 29 1
27 28 27 1
27 28 28 22
27 28 29 12
27 29 29 18
27 29 30 1
28 26 22 1
28 26 24 3
28 26 25 1
28 27 19 1
28 27 25 58
28 27 26 119
28 27 27 4
28 27 28 1
28 28 19 1
28 28 20 1
28 28 25 1
28 28 26 243
28 28 27 33
28 28 28 12
28 28 29 26
28 29 24 1
28 29 28 3
28 29 29 113
28 29 30 52
28 30 30 24
29 27 25 5
29 27 26 2
29 28 26 21
29 28 27 70
29 28 28 2
29 28 29 1
29 29 21 1
29 29 26 1
29 29 27 56
29 29 28 16
29 29 29 6
29 29 30 8
29 30 30 32
29 30 31 2
29 31 30 3
29 31 31 17
30 28 26 2
30 29 26 1
30 29 27 14
30 29 28 14
30 30 27 3
30 30 28 14
30 30 29 13
30 30 30 240
30 30 31 4
30 31 29 12
30 31 30 73
30 31 31 5
31 30 28 5
31 30 29 8
31 30 30 3
31 30 31 2
31 31 29 8
