32
0 0 0 4
0 1 0 2
0 1 1 1
1 1 0 14
1 1 1 5
1 2 1 60
1 2 2 1
2 1 1 1
2 2 1 31
2 2 2 67
2 3 2 133
2 3 3 1
2 8 12 1
2 10 14 1
3 2 2 9
3 3 2 107
3 3 3 63
3 4 3 125
3 4 4 10
3 5 4 2
3 8 11 2
3 11 15 1
3 11 16 3
4 3 2 2
4 3 3 1
4 3 4 1
4 4 2 3
4 4 3 34
4 4 4 86
4 4 5 1
4 5 3 2
4 5 4 146
4 5 5 10
4 6 3 1
4 6 4 6
4 6 5 16
4 6 6 2
4 9 11 1
4 9 12 1
4 9 13 1
4 10 13 1
4 11 15 1
5 3 3 1
5 4 2 2
5 4 3 2
5 4 4 1
5 4 5 1
5 5 4 17
5 5 5 31
5 6 4 8
5 6 5 42
5 6 6 19
5 7 4 2
5 7 6 4
5 7 7 2
5 7 8 1
5 8 8 1
5 8 11 1
5 9 13 1
5 11 14 1
5 11 15 1
5 12 15 1
6 4 2 1
6 5 3 1
6 5 5 5
6 5 6 2
6 6 4 2
6 6 5 14
6 6 6 8
6 6 7 2
6 7 5 8
6 7 6 28
6 9 12 1
6 10 12 1
6 10 13 1
6 11 14 1
6 11 15 1
6 12 14 1
6 12 15 1
6 12 16 1
7 4 2 4
7 5 2 11
7 5 3 14
7 5 4 3
7 6 3 3
7 6 4 2
7 6 5 4
7 6 6 2
7 7 5 1
7 7 6 26
7 7 7 7
7 7 8 1
7 8 6 12
7 8 7 19
7 8 8 5
7 9 6 1
7 9 8 4
7 9 10 1
7 11 14 2
7 12 15 1
8 4 2 1
8 5 2 81
8 5 3 51
8 5 4 1
8 6 3 11
8 6 4 52
8 6 5 3
8 7 4 1
8 7 5 4
8 7 6 7
8 7 7 1
8 8 6 2
8 8 7 43
8 8 8 25
8 8 9 2
8 8 11 1
8 9 7 8
8 9 8 30
8 9 9 6
8 9 11 1
8 10 8 1
8 10 9 1
8 11 14 1
9 3 6 1
9 4 5 1
9 5 3 7
9 5 6 1
9 6 3 17
9 6 4 2
9 6 7 1
9 7 4 3
9 7 5 15
9 7 6 1
9 7 7 1
9 8 5 2
9 8 6 8
9 8 7 6
9 8 8 1
9 8 9 2
9 9 7 1
9 9 8 43
9 9 9 7
9 9 10 1
9 10 8 10
9 10 9 34
9 10 10 1
9 10 11 1
9 11 9 1
9 11 10 4
9 11 11 2
10 4 6 1
10 5 7 3
10 6 3 6
10 6 4 3
10 6 7 4
10 7 4 20
10 7 5 5
10 7 7 1
10 8 4 1
10 8 5 2
10 8 6 5
10 8 7 2
10 8 8 1
10 9 7 3
10 9 8 6
10 9 9 4
10 9 10 1
10 10 8 2
10 10 9 46
10 10 10 12
10 10 11 4
10 11 9 10
10 11 10 51
10 11 11 10
10 12 9 1
10 12 10 1
10 12 11 1
11 4 7 1
11 6 7 3
11 7 4 6
11 7 8 3
11 8 4 3
11 8 5 2
11 8 6 1
11 8 8 1
11 9 5 4
11 9 6 5
11 9 7 3
11 9 8 3
11 9 9 2
11 9 10 2
11 10 8 6
11 10 9 9
11 10 10 3
11 11 9 8
11 11 10 61
11 11 11 20
11 11 12 1
11 12 10 12
11 12 11 30
11 12 12 7
11 13 12 3
11 14 12 1
12 5 7 1
12 5 8 1
12 7 9 1
12 8 5 1
12 9 5 3
12 9 6 3
12 9 7 1
12 9 11 2
12 10 7 3
12 10 8 1
12 10 9 1
12 10 10 1
12 10 11 2
12 11 9 2
12 11 10 5
12 11 11 3
12 11 12 1
12 12 9 1
12 12 10 5
12 12 11 70
12 12 12 20
12 12 13 2
12 13 11 14
12 13 12 45
12 13 13 8
12 14 12 1
12 14 13 3
12 15 14 1
13 6 8 1
13 9 6 1
13 10 6 8
13 10 7 14
13 11 7 19
13 11 8 6
13 11 9 5
13 11 10 2
13 12 10 2
13 12 11 9
13 12 12 9
13 12 13 1
13 12 14 1
13 13 10 1
13 13 11 5
13 13 12 89
13 13 13 68
13 13 14 1
13 14 12 10
13 14 13 44
13 14 14 16
13 15 14 3
14 10 7 1
14 11 7 4
14 11 8 28
14 11 9 1
14 12 8 5
14 12 9 2
14 12 10 4
14 12 12 1
14 13 9 2
14 13 10 1
14 13 11 4
14 13 12 8
14 13 13 10
14 13 14 1
14 14 11 2
14 14 12 4
14 14 13 143
14 14 14 45
14 14 15 5
14 15 13 5
14 15 14 61
14 15 15 6
14 16 14 1
15 11 8 3
15 12 8 28
15 12 9 19
15 12 13 1
15 13 9 9
15 13 10 5
15 13 11 5
15 13 12 1
15 13 14 1
15 14 11 2
15 14 12 8
15 14 13 6
15 14 14 5
15 15 10 1
15 15 13 8
15 15 14 129
15 15 15 35
15 15 16 2
15 16 14 16
15 16 15 113
15 16 16 8
15 17 17 2
16 12 9 1
16 13 9 2
16 13 10 5
16 13 13 1
16 14 10 6
16 14 11 4
16 14 12 4
16 14 13 2
16 14 14 2
16 15 12 1
16 15 13 12
16 15 14 33
16 15 15 6
16 15 16 1
16 16 13 2
16 16 14 26
16 16 15 172
16 16 16 31
16 16 17 2
16 17 15 14
16 17 16 141
16 17 17 13
16 18 17 2
17 14 11 3
17 15 11 1
17 15 12 1
17 15 13 5
17 15 14 4
17 15 15 1
17 16 8 1
17 16 13 3
17 16 14 7
17 16 15 5
17 16 16 1
17 16 17 2
17 17 15 10
17 17 16 133
17 17 17 72
17 17 18 2
17 18 16 2
17 18 17 139
17 18 18 12
17 19 18 1
17 19 19 1
18 15 12 2
18 16 12 2
18 16 13 6
18 16 14 2
18 16 15 2
18 16 16 1
18 17 11 1
18 17 12 1
18 17 13 1
18 17 14 5
18 17 15 7
18 17 16 6
18 17 18 1
18 18 16 6
18 18 17 111
18 18 18 58
18 18 19 3
18 19 17 10
18 19 18 190
18 19 19 5
18 20 19 3
19 16 13 1
19 16 16 1
19 17 10 1
19 17 13 3
19 17 14 4
19 17 15 1
19 17 16 1
19 18 15 2
19 18 16 2
19 18 17 12
19 18 18 2
19 18 19 1
19 19 11 1
19 19 13 1
19 19 17 9
19 19 18 189
19 19 19 61
19 19 20 3
19 20 18 10
19 20 19 295
19 20 20 18
19 21 19 1
19 21 20 7
19 21 21 1
20 17 14 3
20 18 9 1
20 18 14 1
20 18 15 1
20 18 16 3
20 18 18 1
20 19 10 1
20 19 11 1
20 19 13 1
20 19 15 2
20 19 16 1
20 19 17 3
20 19 18 3
20 19 19 1
20 20 13 1
20 20 18 4
20 20 19 58
20 20 20 24
20 20 21 3
20 21 17 1
20 21 19 7
20 21 20 263
20 21 21 40
20 22 20 3
20 22 21 13
20 22 22 4
21 19 15 1
21 19 16 3
21 19 17 3
21 19 19 1
21 20 10 1
21 20 12 1
21 20 14 1
21 20 17 2
21 20 18 3
21 20 19 1
21 20 20 3
21 20 21 1
21 20 22 1
21 21 13 1
21 21 19 2
21 21 20 34
21 21 21 42
21 21 22 11
21 22 20 3
21 22 21 146
21 22 22 124
21 22 23 3
21 23 22 12
22 20 17 3
22 20 18 5
22 20 19 1
22 21 12 1
22 21 13 1
22 21 14 1
22 21 17 1
22 21 18 6
22 21 19 1
22 21 20 7
22 21 21 1
22 22 16 1
22 22 20 1
22 22 21 27
22 22 22 111
22 22 23 13
22 23 22 360
22 23 23 152
22 23 24 11
22 24 23 16
22 24 24 4
23 20 17 13
23 20 18 1
23 21 17 17
23 21 18 67
23 21 19 10
23 21 20 3
23 22 12 1
23 22 13 1
23 22 18 2
23 22 19 8
23 22 20 4
23 22 21 1
23 22 22 5
23 23 21 1
23 23 22 20
23 23 23 176
23 23 24 13
23 24 23 118
23 24 24 205
23 24 25 12
23 25 24 7
23 25 25 16
24 14 16 1
24 21 12 1
24 21 17 8
24 21 18 17
24 22 11 1
24 22 18 3
24 22 19 12
24 22 20 20
24 22 21 1
24 23 12 1
24 23 14 1
24 23 16 1
24 23 20 7
24 23 21 6
24 23 22 3
24 23 23 2
24 23 24 2
24 24 13 1
24 24 22 2
24 24 23 7
24 24 24 100
24 24 25 13
24 25 23 1
24 25 24 110
24 25 25 305
24 25 26 13
24 26 25 13
24 26 26 8
25 20 14 1
25 23 12 1
25 23 13 1
25 23 20 4
25 23 21 28
25 23 22 4
25 24 14 2
25 24 16 2
25 24 21 1
25 24 22 24
25 24 23 6
25 24 24 2
25 24 25 1
25 25 23 1
25 25 24 5
25 25 25 135
25 25 26 16
25 26 25 43
25 26 26 88
25 26 27 6
25 27 27 5
26 24 22 35
26 24 23 5
26 24 24 1
26 25 14 1
26 25 15 2
26 25 17 2
26 25 22 6
26 25 23 23
26 25 24 6
26 25 25 2
26 25 26 2
26 26 15 1
26 26 16 1
26 26 17 1
26 26 20 1
26 26 24 3
26 26 25 7
26 26 26 52
26 26 27 16
26 27 26 23
26 27 27 53
26 27 28 18
26 28 27 1
26 28 28 7
27 25 13 1
27 25 14 1
27 25 22 2
27 25 23 21
27 25 24 3
27 26 15 1
27 26 16 1
27 26 18 2
27 26 19 1
27 26 21 1
27 26 23 2
27 26 24 14
27 26 25 1
27 26 26 3
27 27 17 1
27 27 21 2
27 27 25 1
27 27 26 6
27 27 27 38
27 27 28 6
27 28 27 6
27 28 28 37
27 28 29 9
28 26 24 9
28 26 25 1
28 27 24 1
28 27 25 4
28 27 26 2
28 27 27 1
28 28 18 1
28 28 24 1
28 28 27 6
28 28 28 28
28 28 29 11
28 29 28 5
28 29 29 46
28 29 30 22
28 30 29 1
28 30 30 3
29 27 25 2
29 27 27 1
29 28 19 1
29 28 23 1
29 28 25 1
29 28 26 1
29 28 27 3
29 28 28 2
29 29 20 1
29 29 26 1
29 29 27 2
29 29 28 2
29 29 29 39
29 29 30 53
29 30 29 16
29 30 30 232
29 30 31 8
29 31 30 4
29 31 31 1
30 28 26 4
30 28 28 1
30 29 26 4
30 29 27 11
30 29 28 1
30 29 29 3
30 29 30 2
30 30 21 1
30 30 22 1
30 30 27 3
30 30 28 11
30 30 29 21
30 30 30 682
30 30 31 40
30 31 29 9
30 31 30 216
30 31 31 37
31 30 28 1
31 30 29 1
31 30 30 1
