32
0 0 0 6
0 0 1 2
0 1 0 2
1 1 0 10
1 1 1 5
1 2 1 68
1 2 2 3
1 3 1 1
2 2 1 32
2 2 2 46
2 2 3 1
2 3 1 1
2 3 2 140
2 3 3 3
2 8 12 2
2 8 14 1
2 11 16 1
2 11 17 1
3 2 2 2
3 3 2 103
3 3 3 77
3 3 4 1
3 4 3 117
3 4 4 14
3 5 4 1
3 8 11 1
3 9 12 1
3 12 17 3
4 3 2 3
4 3 3 1
4 3 4 1
4 4 2 1
4 4 3 38
4 4 4 92
4 4 5 1
4 5 4 139
4 5 5 13
4 6 3 2
4 6 4 10
4 6 5 16
4 7 6 1
4 7 7 1
4 8 12 1
4 9 11 1
4 9 12 1
4 10 14 1
4 11 15 2
4 11 16 2
4 13 17 1
5 4 2 1
5 4 3 1
5 4 4 1
5 4 5 1
5 5 4 11
5 5 5 28
5 5 6 1
5 6 4 1
5 6 5 53
5 6 6 20
5 7 4 3
5 7 5 4
5 7 6 5
5 7 7 1
5 7 8 1
5 8 9 1
5 8 10 1
5 9 11 1
5 10 13 1
5 10 14 1
5 11 14 2
5 11 15 1
5 12 15 1
5 12 16 1
6 4 3 2
6 5 2 1
6 5 3 2
6 5 4 2
6 5 5 2
6 5 6 3
6 6 4 5
6 6 5 38
6 6 6 15
6 6 7 1
6 7 5 6
6 7 6 12
6 7 7 2
6 8 7 5
6 12 14 1
6 12 15 1
6 12 16 1
7 4 2 2
7 4 3 1
7 5 2 23
7 5 3 12
7 5 4 4
7 6 4 1
7 6 5 5
7 6 6 1
7 7 5 2
7 7 6 16
7 7 7 12
7 7 8 4
7 8 6 9
7 8 7 23
7 8 8 1
7 9 7 1
7 9 8 1
7 9 12 1
7 10 10 1
7 11 14 3
7 12 15 2
7 12 16 1
7 13 17 1
8 4 5 1
8 5 2 77
8 5 3 67
8 6 3 16
8 6 4 56
8 6 7 1
8 7 4 1
8 7 5 4
8 7 6 1
8 7 8 1
8 8 5 1
8 8 6 6
8 8 7 31
8 8 8 19
8 9 7 6
8 9 8 25
8 9 9 6
8 10 9 3
8 10 10 2
8 12 15 1
8 14 17 1
9 5 3 3
9 5 6 1
9 5 7 1
9 6 3 20
9 6 4 3
9 7 4 5
9 7 5 5
9 7 6 1
9 8 5 1
9 8 6 5
9 8 7 6
9 8 9 2
9 9 7 4
9 9 8 56
9 9 9 10
9 9 10 1
9 10 8 12
9 10 9 25
9 10 10 6
9 10 12 1
9 11 9 2
9 11 10 1
9 11 11 3
10 4 6 1
10 4 7 1
10 5 6 1
10 6 3 4
10 6 4 2
10 6 7 2
10 7 3 1
10 7 4 21
10 7 5 1
10 7 9 1
10 8 5 3
10 8 6 9
10 8 7 6
10 9 7 5
10 9 8 7
10 9 9 1
10 9 10 1
10 9 11 2
10 10 8 1
10 10 9 59
10 10 10 12
10 10 11 1
10 10 12 1
10 11 9 16
10 11 10 35
10 11 11 2
10 12 10 4
10 12 11 2
10 13 11 1
11 4 6 1
11 5 7 1
11 5 8 2
11 6 7 4
11 7 4 5
11 7 8 3
11 7 9 1
11 8 4 3
11 8 5 1
11 8 6 3
11 8 9 3
11 9 6 3
11 9 7 2
11 9 8 8
11 9 9 1
11 9 10 1
11 10 8 8
11 10 9 8
11 11 9 12
11 11 10 45
11 11 11 20
11 12 10 11
11 12 11 37
11 12 12 5
11 12 13 1
11 13 10 1
11 13 12 2
12 5 7 1
12 6 8 1
12 7 8 1
12 8 10 1
12 9 5 4
12 9 6 6
12 9 7 4
12 9 8 1
12 9 11 1
12 10 6 3
12 10 8 1
12 10 12 1
12 11 7 1
12 11 9 2
12 11 10 12
12 11 11 3
12 11 12 1
12 12 10 9
12 12 11 45
12 12 12 21
12 12 13 1
12 13 11 6
12 13 12 39
12 13 13 7
12 14 12 1
12 14 13 2
13 5 8 3
13 7 9 1
13 9 10 1
13 10 6 8
13 10 7 9
13 10 11 1
13 10 12 1
13 11 7 16
13 11 9 3
13 11 11 3
13 12 10 1
13 12 11 9
13 12 12 5
13 12 13 1
13 13 9 1
13 13 11 6
13 13 12 86
13 13 13 66
13 13 14 2
13 14 12 5
13 14 13 55
13 14 14 8
13 15 13 2
13 15 14 2
14 6 8 1
14 7 9 1
14 9 10 1
14 10 7 1
14 11 7 11
14 11 8 11
14 11 9 2
14 11 10 1
14 11 11 1
14 12 8 12
14 12 9 2
14 12 10 3
14 12 11 1
14 13 10 1
14 13 11 3
14 13 12 16
14 13 13 15
14 14 12 3
14 14 13 123
14 14 14 47
14 14 15 4
14 15 13 10
14 15 14 52
14 15 15 10
14 16 14 1
14 16 15 1
15 5 9 1
15 12 8 41
15 12 9 17
15 12 10 2
15 12 13 1
15 13 9 12
15 13 10 13
15 13 11 1
15 13 12 2
15 13 13 3
15 13 14 1
15 14 11 1
15 14 12 2
15 14 13 12
15 14 14 10
15 15 13 8
15 15 14 97
15 15 15 42
15 15 16 2
15 16 14 7
15 16 15 116
15 16 16 9
15 16 17 1
15 17 16 2
16 6 10 1
16 13 9 3
16 13 10 6
16 13 11 1
16 13 12 1
16 14 11 3
16 14 12 4
16 14 13 5
16 14 14 1
16 14 15 1
16 15 12 3
16 15 13 11
16 15 14 25
16 15 15 7
16 16 11 1
16 16 14 37
16 16 15 148
16 16 16 33
16 16 17 2
16 17 15 5
16 17 16 129
16 17 17 15
16 18 17 1
16 18 18 1
16 18 19 1
17 14 10 2
17 14 11 3
17 15 11 5
17 15 12 4
17 15 13 3
17 15 14 4
17 15 15 1
17 16 14 8
17 16 15 5
17 16 16 1
17 17 12 2
17 17 14 1
17 17 15 10
17 17 16 118
17 17 17 67
17 17 18 1
17 18 16 3
17 18 17 95
17 18 18 13
17 19 17 1
17 19 18 2
18 15 12 4
18 16 12 4
18 16 13 3
18 16 14 2
18 16 15 4
18 16 16 1
18 17 13 1
18 17 14 2
18 17 15 4
18 17 16 5
18 17 17 3
18 17 18 1
18 18 16 8
18 18 17 99
18 18 18 43
18 18 19 2
18 19 17 12
18 19 18 150
18 19 19 13
18 19 20 3
18 20 19 3
19 16 12 1
19 16 13 5
19 17 13 1
19 17 14 3
19 17 15 5
19 17 16 2
19 17 18 1
19 18 11 2
19 18 13 1
19 18 15 5
19 18 16 3
19 18 17 13
19 18 18 8
19 18 19 3
19 19 13 1
19 19 17 10
19 19 18 157
19 19 19 53
19 19 20 4
19 20 18 5
19 20 19 281
19 20 20 15
19 21 19 2
19 21 20 3
20 17 14 2
20 18 14 1
20 18 15 2
20 18 16 6
20 18 17 1
20 19 11 3
20 19 12 1
20 19 13 1
20 19 16 1
20 19 17 4
20 19 18 8
20 19 19 1
20 20 18 11
20 20 19 63
20 20 20 20
20 20 21 4
20 21 19 13
20 21 20 265
20 21 21 32
20 22 21 7
21 18 15 2
21 19 15 1
21 19 16 1
21 19 17 3
21 19 18 1
21 19 19 1
21 20 12 1
21 20 17 1
21 20 18 1
21 20 19 4
21 20 20 1
21 21 13 1
21 21 16 2
21 21 19 1
21 21 20 35
21 21 21 33
21 21 22 7
21 22 20 3
21 22 21 160
21 22 22 97
21 22 23 1
21 23 22 5
21 23 23 2
22 19 17 1
22 19 19 1
22 20 14 1
22 20 17 3
22 20 18 3
22 20 19 3
22 20 21 1
22 21 10 1
22 21 13 2
22 21 18 7
22 21 19 4
22 21 20 3
22 21 21 3
22 22 20 1
22 22 21 27
22 22 22 96
22 22 23 21
22 23 22 341
22 23 23 134
22 23 24 10
22 24 23 14
22 24 24 10
23 20 17 25
23 20 18 6
23 21 17 11
23 21 18 67
23 21 19 14
23 22 14 1
23 22 16 1
23 22 19 6
23 22 20 3
23 22 21 1
23 22 22 2
23 23 22 35
23 23 23 163
23 23 24 8
23 24 23 146
23 24 24 188
23 24 25 14
23 25 24 8
23 25 25 7
23 26 25 1
24 21 17 5
24 21 18 12
24 22 19 11
24 22 20 21
24 23 16 2
24 23 20 5
24 23 21 4
24 23 22 5
24 23 23 5
24 23 24 1
24 24 22 4
24 24 23 8
24 24 24 126
24 24 25 15
24 25 24 123
24 25 25 306
24 25 26 17
24 26 25 17
24 26 26 6
25 23 12 1
25 23 20 6
25 23 21 25
25 23 22 4
25 24 13 1
25 24 16 1
25 24 21 2
25 24 22 22
25 24 23 5
25 24 24 2
25 25 16 1
25 25 22 1
25 25 23 2
25 25 24 8
25 25 25 169
25 25 26 22
25 26 25 44
25 26 26 118
25 26 27 2
25 27 26 3
25 27 27 4
26 24 21 1
26 24 22 36
26 24 23 3
26 25 14 1
26 25 22 6
26 25 23 22
26 25 24 10
26 25 25 3
26 26 16 2
26 26 18 3
26 26 19 1
26 26 24 3
26 26 25 8
26 26 26 47
26 26 27 18
26 27 26 12
26 27 27 52
26 27 28 11
26 28 28 13
27 25 22 1
27 25 23 23
27 25 24 8
27 25 25 1
27 26 16 1
27 26 17 2
27 26 18 1
27 26 19 1
27 26 23 2
27 26 24 13
27 26 25 4
27 26 26 3
27 27 17 1
27 27 20 1
27 27 25 1
27 27 26 5
27 27 27 31
27 27 28 16
27 28 27 10
27 28 28 33
27 28 29 8
27 29 28 2
27 29 29 1
28 26 24 9
28 26 25 2
28 27 19 1
28 27 22 1
28 27 25 5
28 27 26 2
28 27 27 2
28 27 28 2
28 28 19 1
28 28 23 1
28 28 24 1
28 28 27 4
28 28 28 23
28 28 29 11
28 29 28 11
28 29 29 67
28 29 30 23
28 30 29 1
28 30 30 1
29 27 25 4
29 27 26 2
29 28 26 6
29 28 28 3
29 29 20 2
29 29 27 3
29 29 28 2
29 29 29 34
29 29 30 47
29 30 22 1
29 30 29 15
29 30 30 236
29 30 31 5
29 31 30 2
30 28 25 1
30 29 23 1
30 29 26 2
30 29 27 4
30 29 29 5
30 30 25 1
30 30 27 3
30 30 28 10
30 30 29 13
30 30 30 555
30 30 31 45
30 31 29 5
30 31 30 280
30 31 31 43
31 30 28 1
31 30 29 4
31 30 30 2
