32
0 0 0 5
0 0 1 2
1 0 0 2
1 1 0 3
1 1 1 2
1 1 2 2
1 2 1 26
2 1 0 4
2 1 1 1
2 2 0 4
2 2 1 39
2 2 2 17
2 3 1 3
2 3 2 117
2 4 5 1
3 2 0 3
3 2 1 4
3 2 2 4
3 2 3 1
3 3 2 159
3 3 3 42
3 4 2 6
3 4 3 113
3 4 4 8
3 5 4 1
3 5 6 2
3 10 15 3
3 11 17 1
4 3 0 1
4 3 2 1
4 3 3 6
4 4 2 2
4 4 3 59
4 4 4 92
4 4 5 1
4 5 4 177
4 5 5 16
4 6 4 5
4 6 5 13
4 6 6 1
4 6 7 1
4 10 14 1
4 11 16 2
4 13 18 1
5 4 1 1
5 4 2 1
5 4 4 4
5 5 4 23
5 5 5 19
5 5 6 5
5 6 4 1
5 6 5 22
5 6 6 5
5 7 6 1
5 11 15 1
5 12 17 2
6 5 2 1
6 5 3 2
6 5 5 5
6 5 6 2
6 6 4 4
6 6 5 1
6 6 6 7
6 6 7 3
6 7 5 1
6 7 6 2
6 7 7 7
6 8 4 1
6 8 6 1
6 8 7 3
6 8 9 1
6 9 10 1
6 10 14 1
6 11 13 2
6 11 15 2
6 12 16 1
7 5 2 1
7 6 3 2
7 6 5 2
7 6 7 2
7 7 5 2
7 7 6 2
7 7 7 5
7 8 7 9
7 8 8 1
7 9 7 1
7 9 8 2
7 9 10 1
7 9 11 1
7 11 13 1
7 11 15 1
7 13 17 1
8 7 3 1
8 7 5 3
8 7 6 3
8 7 7 1
8 7 8 1
8 8 5 7
8 8 6 15
8 8 7 5
8 8 8 5
8 8 9 1
8 9 5 1
8 9 8 7
8 9 9 3
8 10 4 1
8 10 5 1
8 10 8 1
8 10 9 2
8 10 12 3
8 10 14 1
8 11 7 1
8 11 13 1
8 12 15 1
8 12 16 2
8 13 17 1
8 15 19 1
9 7 3 1
9 8 6 6
9 8 7 4
9 8 8 3
9 8 9 2
9 8 10 1
9 9 6 2
9 9 7 7
9 9 8 8
9 9 9 7
9 9 10 5
9 9 11 1
9 10 6 2
9 10 8 2
9 10 9 5
9 10 10 1
9 11 5 1
9 11 9 1
9 11 10 1
9 11 11 1
9 11 13 1
9 11 14 1
9 11 15 1
9 12 12 1
9 13 16 1
10 8 4 1
10 8 5 1
10 9 7 3
10 9 8 3
10 9 9 5
10 9 10 1
10 10 7 1
10 10 8 5
10 10 9 7
10 10 10 10
10 10 11 1
10 11 6 1
10 11 10 2
10 11 11 2
10 11 12 1
10 12 10 1
10 12 11 2
10 13 16 1
10 14 15 1
11 8 3 1
11 8 4 3
11 9 7 1
11 9 10 1
11 10 8 6
11 10 9 6
11 10 10 8
11 10 11 4
11 11 8 5
11 11 9 4
11 11 10 10
11 11 11 9
11 11 12 3
11 12 11 8
11 12 12 1
11 13 9 1
11 13 10 1
11 13 12 1
11 13 15 3
12 6 8 1
12 9 4 2
12 9 5 2
12 9 8 1
12 10 7 1
12 10 8 1
12 10 9 1
12 10 10 1
12 11 8 1
12 11 9 13
12 11 10 7
12 11 11 4
12 12 9 3
12 12 10 10
12 12 11 16
12 12 12 18
12 12 13 1
12 13 11 2
12 13 12 22
12 13 13 2
12 14 11 1
12 14 13 2
12 14 14 1
12 14 16 3
12 15 16 1
13 7 8 1
13 8 8 2
13 8 9 2
13 9 4 2
13 9 5 1
13 9 9 3
13 9 10 1
13 10 5 3
13 10 6 1
13 10 10 3
13 10 11 1
13 11 8 1
13 11 9 5
13 11 10 1
13 11 11 1
13 11 13 1
13 12 9 2
13 12 10 14
13 12 11 9
13 12 12 12
13 12 13 1
13 13 10 9
13 13 11 22
13 13 12 17
13 13 13 25
13 14 10 2
13 14 11 1
13 14 12 3
13 14 13 19
13 14 14 4
13 14 15 3
13 14 16 1
13 15 14 2
13 15 18 1
13 16 17 2
13 16 18 1
14 6 8 1
14 8 9 1
14 9 3 1
14 9 4 1
14 9 9 2
14 9 11 1
14 10 4 2
14 10 6 1
14 10 10 8
14 11 5 1
14 11 6 6
14 11 7 22
14 11 8 7
14 11 9 2
14 11 10 2
14 11 11 1
14 11 12 1
14 12 7 5
14 12 8 5
14 12 9 6
14 12 10 1
14 12 11 1
14 12 12 1
14 12 13 1
14 13 10 3
14 13 11 14
14 13 12 13
14 13 13 5
14 13 14 2
14 14 11 2
14 14 12 14
14 14 13 17
14 14 14 21
14 14 15 2
14 15 13 5
14 15 14 11
14 15 15 7
14 15 16 3
14 16 16 3
14 16 17 1
14 16 18 1
14 17 17 1
14 17 19 1
14 17 20 1
15 6 9 1
15 7 9 1
15 9 3 1
15 9 4 1
15 9 10 1
15 10 3 9
15 10 4 108
15 10 5 2
15 10 12 1
15 11 5 7
15 11 6 57
15 11 7 19
15 11 13 1
15 12 6 10
15 12 7 29
15 12 8 73
15 12 9 15
15 12 14 1
15 13 8 2
15 13 9 8
15 13 10 2
15 13 11 2
15 13 12 12
15 13 13 5
15 13 14 1
15 14 11 1
15 14 12 42
15 14 13 29
15 14 14 4
15 14 16 1
15 15 12 2
15 15 13 17
15 15 14 27
15 15 15 18
15 15 16 6
15 15 17 1
15 16 13 2
15 16 14 4
15 16 15 15
15 16 16 3
15 17 14 1
15 17 15 1
15 17 16 1
15 17 19 2
15 18 20 3
15 18 21 1
16 10 3 1
16 10 4 41
16 11 4 50
16 11 5 23
16 11 6 3
16 12 5 1
16 12 6 26
16 12 7 4
16 12 9 1
16 13 8 8
16 13 9 11
16 13 10 4
16 13 12 1
16 14 10 4
16 14 11 9
16 14 12 32
16 14 13 33
16 14 14 2
16 15 13 19
16 15 14 9
16 15 15 11
16 15 16 2
16 16 12 1
16 16 13 3
16 16 14 8
16 16 15 42
16 16 16 15
16 16 17 2
16 17 14 1
16 17 15 1
16 17 16 21
16 17 17 4
16 19 21 1
17 11 5 3
17 12 5 2
17 12 6 4
17 12 7 6
17 12 8 1
17 13 7 1
17 13 8 4
17 13 9 4
17 13 12 1
17 14 9 1
17 14 10 1
17 14 11 1
17 14 12 1
17 14 14 1
17 15 11 3
17 15 12 12
17 15 13 7
17 15 14 3
17 15 15 3
17 15 16 1
17 16 13 5
17 16 14 11
17 16 15 31
17 16 16 8
17 16 17 2
17 16 18 1
17 17 12 1
17 17 13 1
17 17 14 6
17 17 15 30
17 17 16 18
17 17 17 17
17 17 18 6
17 18 15 2
17 18 16 2
17 18 17 18
17 18 18 5
17 18 19 2
17 18 20 2
17 19 18 1
17 19 19 2
17 19 20 1
17 19 21 3
17 19 22 2
18 7 10 1
18 14 8 1
18 14 9 3
18 14 10 4
18 15 10 5
18 15 11 2
18 15 15 1
18 16 12 1
18 16 13 4
18 16 14 3
18 16 17 1
18 17 12 1
18 17 13 1
18 17 14 5
18 17 15 24
18 17 16 16
18 17 17 5
18 17 18 2
18 18 15 7
18 18 16 16
18 18 17 19
18 18 18 10
18 18 19 1
18 18 20 1
18 19 17 4
18 19 18 14
18 19 19 7
18 19 20 4
18 20 19 4
18 20 20 3
18 20 21 2
18 22 24 2
19 15 11 5
19 15 12 1
19 16 12 6
19 16 13 2
19 17 13 1
19 17 14 4
19 17 15 3
19 17 16 1
19 18 10 1
19 18 15 4
19 18 16 26
19 18 17 11
19 18 18 2
19 18 20 1
19 19 15 1
19 19 16 12
19 19 17 21
19 19 18 12
19 19 19 10
19 19 21 1
19 20 18 2
19 20 19 15
19 20 20 12
19 20 21 3
19 20 22 2
19 21 19 1
19 21 20 3
19 21 23 2
19 22 21 1
19 22 24 1
20 10 11 1
20 17 8 1
20 17 13 3
20 17 14 7
20 17 15 1
20 18 14 3
20 18 15 7
20 18 16 7
20 18 17 2
20 19 10 1
20 19 12 2
20 19 13 1
20 19 14 1
20 19 16 18
20 19 17 22
20 19 18 9
20 19 19 4
20 19 20 4
20 20 15 1
20 20 17 14
20 20 18 15
20 20 19 9
20 20 20 10
20 20 21 5
20 21 17 1
20 21 19 1
20 21 20 9
20 21 21 19
20 21 22 3
20 21 23 1
20 22 20 1
20 22 22 1
20 22 23 1
20 23 26 1
21 17 17 1
21 18 8 1
21 18 12 1
21 18 15 1
21 19 9 1
21 19 15 1
21 19 16 13
21 19 17 5
21 19 18 1
21 20 12 2
21 20 13 3
21 20 14 1
21 20 17 27
21 20 18 41
21 20 19 8
21 20 20 1
21 20 21 1
21 21 16 1
21 21 17 1
21 21 18 24
21 21 19 23
21 21 20 16
21 21 21 7
21 21 22 5
21 21 24 1
21 22 20 3
21 22 21 12
21 22 22 22
21 22 23 3
21 22 24 3
21 23 22 2
21 23 23 1
21 23 25 1
21 23 26 1
21 25 27 2
22 16 15 1
22 19 16 1
22 20 10 1
22 20 11 1
22 20 12 1
22 20 13 1
22 20 17 9
22 20 18 9
22 20 19 5
22 21 9 1
22 21 11 1
22 21 12 1
22 21 13 1
22 21 17 2
22 21 18 22
22 21 19 46
22 21 20 5
22 21 21 6
22 22 13 1
22 22 14 1
22 22 19 10
22 22 20 34
22 22 21 31
22 22 22 26
22 22 23 3
22 22 25 1
22 23 22 23
22 23 23 33
22 23 24 10
22 23 25 4
22 24 24 2
22 24 25 1
22 24 26 2
22 24 27 1
22 25 27 1
22 25 28 3
22 26 28 1
23 20 17 1
23 21 10 1
23 21 18 6
23 21 19 12
23 21 20 2
23 21 21 1
23 22 11 1
23 22 12 1
23 22 13 2
23 22 15 2
23 22 18 1
23 22 19 11
23 22 20 43
23 22 21 10
23 22 22 5
23 22 23 1
23 23 20 12
23 23 21 46
23 23 22 46
23 23 23 45
23 23 24 15
23 23 26 1
23 24 22 1
23 24 23 144
23 24 24 105
23 24 25 29
23 24 26 3
23 24 27 1
23 25 23 1
23 25 24 17
23 25 25 46
23 25 26 3
23 25 27 24
23 25 28 11
23 26 28 61
23 26 29 45
23 27 29 5
23 27 30 16
24 15 14 1
24 16 13 1
24 20 12 1
24 21 19 1
24 22 11 1
24 22 19 7
24 22 20 19
24 22 21 3
24 22 22 2
24 23 10 1
24 23 11 2
24 23 14 1
24 23 18 1
24 23 20 21
24 23 21 137
24 23 22 44
24 23 23 4
24 23 24 2
24 24 15 1
24 24 21 20
24 24 22 88
24 24 23 147
24 24 24 77
24 24 25 26
24 24 26 1
24 25 23 5
24 25 24 134
24 25 25 104
24 25 26 33
24 25 27 6
24 26 25 2
24 26 26 25
24 26 27 22
24 26 28 60
24 26 29 32
24 27 29 25
24 27 30 43
25 18 14 1
25 21 21 1
25 22 22 1
25 23 20 2
25 23 21 41
25 23 22 22
25 24 12 2
25 24 13 2
25 24 14 2
25 24 15 1
25 24 19 1
25 24 20 3
25 24 21 21
25 24 22 308
25 24 23 66
25 24 24 2
25 24 25 1
25 25 16 1
25 25 17 1
25 25 21 1
25 25 22 11
25 25 23 115
25 25 24 393
25 25 25 135
25 25 26 3
25 26 24 1
25 26 25 324
25 26 26 45
25 26 27 22
25 26 28 18
25 26 29 2
25 27 26 1
25 27 27 24
25 27 28 110
25 27 29 182
25 28 29 1
25 28 30 4
26 22 20 1
26 22 21 1
26 24 13 2
26 24 22 29
26 24 23 8
26 25 13 1
26 25 14 1
26 25 15 3
26 25 16 1
26 25 22 11
26 25 23 205
26 25 24 23
26 25 25 9
26 25 26 1
26 26 14 1
26 26 17 1
26 26 18 1
26 26 19 1
26 26 20 1
26 26 21 1
26 26 23 13
26 26 24 148
26 26 25 72
26 26 26 72
26 26 27 10
26 27 26 13
26 27 27 38
26 27 28 11
26 27 29 13
26 28 27 1
26 28 28 4
26 28 29 6
26 28 30 2
27 25 23 6
27 25 24 1
27 25 26 1
27 26 19 1
27 26 21 1
27 26 23 3
27 26 24 111
27 26 25 66
27 26 26 18
27 27 23 1
27 27 25 206
27 27 26 54
27 27 27 21
27 27 28 11
27 27 29 1
27 28 27 1
27 28 28 24
27 28 29 9
27 29 29 15
27 30 30 3
28 26 23 1
28 26 24 1
28 26 25 1
28 27 25 68
28 27 26 100
28 27 27 3
28 27 28 1
28 28 19 1
28 28 23 1
28 28 24 1
28 28 25 4
28 28 26 235
28 28 27 23
28 28 28 15
28 28 29 35
28 29 28 1
28 29 29 113
28 29 30 58
28 30 30 23
29 27 25 5
29 28 20 1
29 28 26 35
29 28 27 48
29 28 28 2
29 28 29 1
29 29 21 1
29 29 26 2
29 29 27 59
29 29 28 9
29 29 29 4
29 29 30 9
29 30 29 2
29 30 30 35
29 30 31 6
29 31 30 1
29 31 31 10
30 29 26 2
30 29 27 11
30 29 28 10
30 29 30 2
30 30 27 2
30 30 28 18
30 30 29 13
30 30 30 209
30 30 31 7
30 31 29 10
30 31 30 71
30 31 31 6
31 30 29 4
31 30 30 8
31 30 31 3
31 31 28 3
31 31 31 1
