32
0 0 0 5
0 0 1 1
0 1 0 3
1 1 0 14
1 1 1 11
1 2 1 79
1 2 2 1
2 2 1 44
2 2 2 50
2 3 2 147
2 3 3 2
2 8 11 1
2 8 12 1
3 2 2 3
3 3 1 1
3 3 2 115
3 3 3 55
3 4 3 145
3 4 4 6
3 5 4 3
3 5 6 1
3 8 11 1
3 11 15 1
3 11 16 3
4 3 1 1
4 3 2 1
4 3 3 1
4 4 2 1
4 4 3 37
4 4 4 80
4 5 4 148
4 5 5 9
4 6 3 4
4 6 4 8
4 6 5 15
4 7 9 1
4 8 12 1
4 9 12 1
4 9 13 3
4 10 14 2
4 11 14 2
5 3 1 1
5 4 2 5
5 4 3 1
5 4 4 1
5 4 5 2
5 5 3 1
5 5 4 12
5 5 5 20
5 5 6 5
5 6 4 5
5 6 5 55
5 6 6 23
5 7 4 2
5 7 5 2
5 7 6 4
5 7 7 1
5 7 8 1
5 8 10 1
5 8 11 1
5 9 11 1
5 10 12 1
5 10 13 1
5 11 14 1
5 11 15 1
5 12 15 1
5 12 16 1
6 4 2 1
6 4 3 2
6 5 3 3
6 5 5 5
6 6 4 5
6 6 5 22
6 6 6 11
6 6 7 1
6 7 5 12
6 7 6 13
6 7 7 2
6 8 7 2
6 8 8 1
6 8 10 1
6 9 12 2
6 12 14 1
7 4 2 6
7 5 2 11
7 5 3 8
7 5 4 9
7 6 3 1
7 6 4 4
7 6 5 2
7 6 6 1
7 6 7 1
7 7 5 5
7 7 6 24
7 7 7 11
7 8 6 9
7 8 7 13
7 8 8 3
7 9 7 1
7 9 8 1
7 10 9 1
7 11 7 1
7 12 14 1
7 12 16 1
8 5 2 74
8 5 3 61
8 5 4 4
8 6 3 14
8 6 4 47
8 6 5 3
8 7 4 3
8 7 5 4
8 7 6 4
8 7 7 3
8 8 6 3
8 8 7 50
8 8 8 22
8 9 7 7
8 9 8 23
8 9 9 5
8 9 12 1
8 10 7 1
8 10 9 2
8 10 10 1
8 11 8 1
8 11 15 1
9 4 5 1
9 4 6 1
9 5 3 5
9 6 3 17
9 6 4 3
9 6 5 1
9 6 7 1
9 7 4 4
9 7 5 10
9 7 6 3
9 8 6 3
9 8 7 4
9 8 8 2
9 8 9 1
9 9 8 65
9 9 9 15
9 9 11 1
9 10 8 8
9 10 9 26
9 10 10 1
9 10 11 1
9 11 9 2
9 11 10 3
9 11 11 1
10 4 6 1
10 5 6 1
10 5 7 3
10 6 3 3
10 6 4 1
10 6 7 5
10 7 3 2
10 7 4 24
10 7 5 4
10 7 8 1
10 8 5 2
10 8 6 8
10 8 7 2
10 8 8 2
10 8 9 2
10 9 7 2
10 9 8 5
10 9 10 1
10 9 11 1
10 10 8 2
10 10 9 59
10 10 10 10
10 11 9 12
10 11 10 34
10 11 11 4
10 12 9 1
10 12 10 1
10 12 11 2
11 5 7 1
11 6 7 5
11 6 8 1
11 7 4 5
11 7 8 2
11 8 4 4
11 8 5 1
11 8 6 4
11 9 5 5
11 9 6 3
11 9 7 3
11 9 8 5
11 10 8 4
11 10 9 7
11 10 10 1
11 11 9 6
11 11 10 64
11 11 11 24
11 11 12 3
11 12 10 18
11 12 11 39
11 12 12 6
11 13 10 1
11 13 11 1
11 13 12 2
11 13 13 1
12 4 7 1
12 5 8 1
12 7 8 1
12 8 10 1
12 9 5 3
12 9 6 2
12 9 11 3
12 10 6 1
12 10 7 3
12 10 8 2
12 10 9 1
12 10 10 3
12 10 11 1
12 11 8 1
12 11 9 5
12 11 10 9
12 11 11 3
12 11 12 1
12 12 10 10
12 12 11 68
12 12 12 25
12 12 13 2
12 13 11 15
12 13 12 46
12 13 13 8
12 14 12 1
12 14 13 4
12 16 18 1
13 5 8 1
13 6 8 1
13 9 10 1
13 10 6 13
13 10 7 7
13 11 7 14
13 11 8 6
13 11 9 3
13 11 11 2
13 11 12 2
13 12 8 1
13 12 10 2
13 12 11 13
13 12 12 6
13 13 11 8
13 13 12 100
13 13 13 68
13 13 14 2
13 14 12 6
13 14 13 43
13 14 14 11
13 15 13 2
13 15 14 3
14 5 9 1
14 9 9 1
14 11 7 9
14 11 8 27
14 11 9 1
14 12 8 6
14 12 9 4
14 12 10 1
14 12 11 1
14 12 12 2
14 13 10 2
14 13 11 3
14 13 12 9
14 13 13 20
14 14 12 5
14 14 13 140
14 14 14 45
14 14 15 2
14 15 13 7
14 15 14 54
14 15 15 10
14 16 16 1
15 11 12 1
15 12 8 27
15 12 9 20
15 12 10 1
15 13 9 5
15 13 10 6
15 13 11 5
15 13 12 4
15 13 13 1
15 14 11 1
15 14 12 5
15 14 13 16
15 14 14 7
15 14 15 1
15 15 7 1
15 15 9 1
15 15 13 15
15 15 14 122
15 15 15 44
15 15 16 1
15 16 14 24
15 16 15 100
15 16 16 8
15 17 16 1
16 13 9 4
16 13 10 3
16 13 11 2
16 13 12 1
16 13 14 1
16 14 10 2
16 14 11 5
16 14 12 3
16 14 14 3
16 15 11 1
16 15 12 1
16 15 13 14
16 15 14 36
16 15 15 4
16 16 13 1
16 16 14 58
16 16 15 157
16 16 16 30
16 16 17 1
16 17 15 14
16 17 16 137
16 17 17 9
16 17 18 1
16 18 17 1
17 14 10 4
17 14 11 5
17 15 11 3
17 15 12 5
17 15 13 6
17 15 14 4
17 16 13 3
17 16 14 9
17 16 15 12
17 16 16 2
17 16 17 1
17 17 12 1
17 17 13 1
17 17 14 2
17 17 15 14
17 17 16 151
17 17 17 68
17 17 18 1
17 18 16 7
17 18 17 106
17 18 18 9
17 18 19 1
17 19 17 1
17 19 18 3
17 20 19 1
18 15 12 2
18 16 12 6
18 16 14 3
18 16 15 3
18 17 14 2
18 17 15 11
18 17 16 7
18 17 17 4
18 17 19 1
18 18 12 1
18 18 16 7
18 18 17 140
18 18 18 49
18 18 19 1
18 19 17 14
18 19 18 176
18 19 19 12
18 19 20 1
18 20 19 3
19 16 13 3
19 17 13 3
19 17 14 6
19 17 15 2
19 17 16 3
19 17 18 1
19 18 10 1
19 18 14 1
19 18 16 1
19 18 17 9
19 18 18 6
19 18 19 1
19 19 12 1
19 19 13 1
19 19 17 12
19 19 18 232
19 19 19 47
19 19 20 3
19 20 18 9
19 20 19 293
19 20 20 16
19 20 21 2
19 21 20 3
19 22 21 1
20 17 14 1
20 17 15 1
20 18 14 2
20 18 15 4
20 18 16 5
20 18 17 1
20 18 18 1
20 19 10 1
20 19 11 1
20 19 12 1
20 19 17 2
20 19 18 2
20 20 13 2
20 20 18 7
20 20 19 67
20 20 20 23
20 20 21 4
20 21 19 6
20 21 20 255
20 21 21 48
20 22 20 1
20 22 21 13
21 18 15 2
21 19 16 4
21 19 17 2
21 20 14 1
21 20 17 1
21 20 18 4
21 20 19 2
21 21 13 1
21 21 16 1
21 21 19 4
21 21 20 40
21 21 21 28
21 21 22 6
21 22 20 1
21 22 21 139
21 22 22 120
21 22 23 2
21 23 22 13
21 23 23 1
21 24 23 1
22 20 17 3
22 20 18 3
22 20 19 1
22 21 13 1
22 21 18 5
22 21 19 6
22 21 20 4
22 22 14 1
22 22 20 1
22 22 21 26
22 22 22 115
22 22 23 11
22 23 22 263
22 23 23 138
22 23 24 6
22 24 23 14
22 24 24 6
23 20 17 10
23 20 18 1
23 20 19 3
23 21 17 16
23 21 18 55
23 21 19 14
23 21 20 1
23 22 14 1
23 22 16 1
23 22 19 12
23 22 20 3
23 22 21 1
23 22 22 4
23 23 15 1
23 23 21 1
23 23 22 29
23 23 23 146
23 23 24 4
23 24 23 119
23 24 24 199
23 24 25 16
23 25 24 12
23 25 25 7
24 21 17 6
24 21 18 21
24 22 18 1
24 22 19 8
24 22 20 25
24 22 21 4
24 23 11 1
24 23 14 1
24 23 16 1
24 23 20 10
24 23 21 6
24 23 22 4
24 23 23 5
24 23 24 1
24 24 23 7
24 24 24 119
24 24 25 12
24 24 26 1
24 25 24 107
24 25 25 333
24 25 26 14
24 26 25 11
24 26 26 10
25 23 13 1
25 23 20 3
25 23 21 25
25 23 22 5
25 24 13 1
25 24 16 1
25 24 21 2
25 24 22 14
25 24 23 10
25 24 24 1
25 25 22 1
25 25 23 6
25 25 24 10
25 25 25 143
25 25 26 16
25 26 25 39
25 26 26 99
25 26 27 3
25 27 27 5
26 24 21 1
26 24 22 38
26 24 23 3
26 25 14 1
26 25 15 2
26 25 22 5
26 25 23 20
26 25 24 6
26 25 25 4
26 26 15 2
26 26 16 1
26 26 17 2
26 26 18 1
26 26 25 6
26 26 26 53
26 26 27 19
26 26 28 1
26 27 26 34
26 27 27 54
26 27 28 8
26 28 28 10
27 25 23 27
27 25 24 7
27 26 15 1
27 26 17 1
27 26 18 1
27 26 19 1
27 26 22 1
27 26 23 2
27 26 24 10
27 26 25 3
27 26 26 6
27 27 20 1
27 27 26 5
27 27 27 53
27 27 28 13
27 28 27 18
27 28 28 35
27 28 29 8
27 29 29 1
28 26 23 1
28 26 24 8
28 26 25 1
28 26 26 1
28 27 23 1
28 27 24 1
28 27 25 2
28 27 26 2
28 27 27 4
28 28 18 1
28 28 20 1
28 28 23 1
28 28 27 2
28 28 28 25
28 28 29 14
28 29 28 13
28 29 29 57
28 29 30 24
28 30 30 1
29 27 24 1
29 27 25 3
29 28 25 5
29 28 26 4
29 28 28 2
29 29 19 1
29 29 26 2
29 29 27 1
29 29 28 4
29 29 29 40
29 29 30 46
29 30 29 10
29 30 30 232
29 30 31 3
29 31 30 1
29 31 31 1
30 28 25 2
30 28 26 1
30 29 26 6
30 29 27 1
30 29 29 3
30 29 30 1
30 30 22 2
30 30 26 1
30 30 27 5
30 30 28 14
30 30 29 20
30 30 30 657
30 30 31 52
30 31 28 1
30 31 29 11
30 31 30 187
30 31 31 37
31 30 29 1
31 30 30 3
31 30 31 1
