32
0 0 0 4
0 1 1 1
1 0 0 1
1 1 0 20
1 1 1 8
1 2 1 80
2 1 0 1
2 1 1 1
2 1 2 1
2 2 1 50
2 2 2 65
2 2 3 2
2 3 1 1
2 3 2 129
2 3 3 1
2 8 11 1
2 8 12 3
3 2 2 3
3 3 1 2
3 3 2 87
3 3 3 59
3 4 3 153
3 4 4 12
3 5 4 2
3 8 11 1
3 10 14 1
3 11 16 3
3 12 17 1
4 3 2 1
4 3 3 5
4 3 4 2
4 4 3 19
4 4 4 77
4 4 5 1
4 5 3 2
4 5 4 143
4 5 5 9
4 5 6 1
4 6 3 2
4 6 4 10
4 6 5 13
4 7 5 1
4 7 8 1
4 8 8 1
4 8 9 1
4 9 13 2
4 10 14 1
4 11 15 2
5 4 2 2
5 4 4 3
5 5 4 23
5 5 5 22
5 5 6 1
5 6 4 2
5 6 5 38
5 6 6 20
5 7 4 1
5 7 5 2
5 7 6 1
5 7 7 1
5 7 9 1
5 8 8 1
5 8 10 2
5 9 11 1
5 9 12 1
5 11 14 2
5 11 15 1
6 5 4 3
6 5 5 4
6 5 6 1
6 6 4 2
6 6 5 24
6 6 6 12
6 6 7 2
6 7 5 6
6 7 6 15
6 7 7 4
6 8 5 1
6 10 13 1
6 10 14 1
6 11 13 2
6 11 15 2
6 13 15 1
6 13 17 2
7 4 2 8
7 4 3 1
7 5 2 10
7 5 3 14
7 5 4 5
7 6 4 2
7 6 5 2
7 6 7 1
7 7 5 3
7 7 6 19
7 7 7 6
7 7 8 1
7 8 6 14
7 8 7 16
7 8 8 7
7 8 11 1
7 9 8 2
7 11 13 1
7 11 15 1
8 4 2 3
8 4 5 1
8 5 2 94
8 5 3 49
8 6 3 21
8 6 4 44
8 6 5 1
8 6 7 1
8 7 4 5
8 7 5 6
8 7 6 1
8 8 6 6
8 8 7 64
8 8 8 13
8 8 9 1
8 9 7 6
8 9 8 29
8 9 9 4
8 10 7 1
8 10 8 2
8 10 10 1
8 11 12 1
8 11 14 1
9 4 6 2
9 5 3 5
9 5 6 1
9 5 7 1
9 6 3 18
9 6 4 4
9 6 8 1
9 7 4 3
9 7 5 10
9 7 6 1
9 7 8 2
9 8 6 5
9 8 7 2
9 8 8 3
9 9 7 4
9 9 8 51
9 9 9 8
9 9 10 1
9 9 11 1
9 10 8 5
9 10 9 40
9 10 10 7
9 10 11 2
9 11 9 2
9 11 10 1
10 4 6 1
10 5 7 2
10 6 3 4
10 6 4 1
10 6 7 2
10 6 8 1
10 7 3 5
10 7 4 15
10 7 6 1
10 7 8 1
10 8 5 2
10 8 6 7
10 8 7 7
10 8 8 2
10 8 9 2
10 9 6 1
10 9 7 2
10 9 8 16
10 9 10 2
10 10 8 3
10 10 9 50
10 10 10 11
10 10 11 3
10 11 9 15
10 11 10 45
10 11 11 2
10 12 9 1
10 12 11 6
11 5 7 2
11 6 7 5
11 6 8 1
11 7 4 11
11 7 8 3
11 8 4 2
11 8 5 3
11 8 6 1
11 8 8 1
11 8 9 1
11 9 5 1
11 9 6 2
11 9 7 9
11 9 8 3
11 9 9 1
11 10 8 5
11 10 9 10
11 10 10 3
11 10 11 1
11 11 9 9
11 11 10 64
11 11 11 7
11 12 10 8
11 12 11 43
11 12 12 3
11 12 13 1
11 13 12 1
12 5 7 1
12 5 8 1
12 6 8 2
12 7 8 1
12 8 5 1
12 9 6 5
12 9 7 2
12 9 8 1
12 9 11 1
12 10 8 2
12 10 9 1
12 11 9 4
12 11 10 9
12 11 11 3
12 11 12 2
12 12 10 5
12 12 11 64
12 12 12 22
12 13 11 5
12 13 12 41
12 13 13 11
12 13 14 1
12 14 13 4
13 5 8 2
13 6 8 1
13 9 6 1
13 9 10 1
13 10 6 3
13 10 7 16
13 10 12 1
13 11 7 11
13 11 8 6
13 11 9 4
13 11 11 1
13 11 12 1
13 12 8 1
13 12 9 1
13 12 10 4
13 12 11 7
13 12 12 10
13 12 14 1
13 13 11 8
13 13 12 94
13 13 13 77
13 13 14 3
13 14 12 4
13 14 13 63
13 14 14 5
13 15 13 2
13 15 14 4
14 9 9 1
14 10 7 1
14 11 7 7
14 11 8 24
14 11 9 2
14 12 8 13
14 12 10 1
14 12 11 1
14 12 12 3
14 13 7 1
14 13 11 6
14 13 12 5
14 13 13 20
14 14 11 1
14 14 12 9
14 14 13 128
14 14 14 47
14 15 13 11
14 15 14 47
14 15 15 11
14 16 14 1
14 16 15 5
14 16 16 1
14 16 18 1
15 10 11 1
15 11 8 1
15 12 8 25
15 12 9 17
15 12 10 3
15 13 9 3
15 13 10 8
15 13 11 3
15 13 12 2
15 13 13 2
15 14 9 1
15 14 11 1
15 14 12 1
15 14 13 11
15 14 14 9
15 14 15 1
15 15 12 1
15 15 13 8
15 15 14 111
15 15 15 42
15 15 16 5
15 16 14 22
15 16 15 108
15 16 16 4
15 17 16 3
16 5 9 1
16 13 9 4
16 13 10 5
16 13 11 2
16 13 14 1
16 14 10 6
16 14 11 6
16 14 12 9
16 14 13 4
16 14 14 2
16 14 15 1
16 15 11 1
16 15 12 1
16 15 13 6
16 15 14 38
16 15 15 6
16 16 11 1
16 16 13 1
16 16 14 33
16 16 15 144
16 16 16 31
16 16 17 1
16 17 15 4
16 17 16 112
16 17 17 12
16 17 18 1
16 18 17 3
17 5 9 1
17 14 10 1
17 14 11 3
17 15 11 4
17 15 12 6
17 15 13 6
17 15 15 2
17 16 12 2
17 16 13 3
17 16 14 7
17 16 15 9
17 16 16 2
17 16 17 2
17 17 12 1
17 17 14 1
17 17 15 11
17 17 16 136
17 17 17 61
17 17 18 1
17 18 16 4
17 18 17 117
17 18 18 11
17 19 19 2
18 15 12 3
18 16 12 4
18 16 13 3
18 16 14 6
18 16 15 2
18 17 12 1
18 17 14 2
18 17 15 6
18 17 16 9
18 17 17 1
18 17 18 1
18 18 11 1
18 18 13 1
18 18 16 5
18 18 17 111
18 18 18 37
18 18 19 3
18 19 17 14
18 19 18 146
18 19 19 11
18 20 19 2
19 16 12 1
19 16 13 1
19 17 13 4
19 17 14 2
19 17 15 3
19 17 16 2
19 18 15 1
19 18 16 3
19 18 17 5
19 18 18 7
19 18 19 2
19 19 11 1
19 19 17 11
19 19 18 174
19 19 19 50
19 19 20 2
19 20 18 12
19 20 19 274
19 20 20 17
19 21 20 3
20 17 14 5
20 18 14 2
20 18 15 5
20 18 16 4
20 18 17 2
20 19 11 1
20 19 13 1
20 19 14 2
20 19 16 1
20 19 17 2
20 19 18 3
20 19 19 1
20 20 11 1
20 20 18 9
20 20 19 59
20 20 20 29
20 20 21 7
20 21 19 9
20 21 20 248
20 21 21 38
20 21 22 1
20 22 20 1
20 22 21 13
21 19 16 4
21 19 17 4
21 19 20 1
21 20 12 1
21 20 14 2
21 20 17 2
21 20 18 4
21 20 19 4
21 20 20 5
21 21 17 1
21 21 19 1
21 21 20 33
21 21 21 37
21 21 22 9
21 22 20 1
21 22 21 144
21 22 22 111
21 22 23 2
21 23 22 18
21 23 23 1
22 20 17 1
22 20 18 3
22 20 19 1
22 21 13 1
22 21 16 1
22 21 17 1
22 21 18 8
22 21 19 6
22 21 20 2
22 21 21 2
22 22 16 1
22 22 20 1
22 22 21 32
22 22 22 106
22 22 23 15
22 23 22 306
22 23 23 130
22 23 24 6
22 24 23 17
22 24 24 4
23 20 17 9
23 20 18 3
23 21 17 13
23 21 18 55
23 21 19 19
23 22 11 1
23 22 13 1
23 22 19 7
23 22 20 11
23 22 22 5
23 22 23 1
23 23 15 1
23 23 21 1
23 23 22 23
23 23 23 153
23 23 24 6
23 24 23 122
23 24 24 168
23 24 25 16
23 25 24 10
23 25 25 8
24 21 17 6
24 21 18 26
24 22 12 1
24 22 18 1
24 22 19 9
24 22 20 24
24 23 15 1
24 23 20 3
24 23 21 9
24 23 22 4
24 23 23 4
24 23 24 3
24 24 15 1
24 24 22 2
24 24 23 12
24 24 24 128
24 24 25 9
24 25 23 1
24 25 24 126
24 25 25 313
24 25 26 15
24 26 25 10
24 26 26 5
25 23 20 5
25 23 21 20
25 23 22 5
25 24 13 1
25 24 16 1
25 24 21 1
25 24 22 23
25 24 23 5
25 24 24 4
25 24 25 1
25 25 22 1
25 25 23 3
25 25 24 9
25 25 25 140
25 25 26 17
25 26 25 30
25 26 26 93
25 26 27 5
25 27 26 1
25 27 27 3
26 24 13 1
26 24 22 40
26 24 23 6
26 24 24 2
26 25 16 1
26 25 22 4
26 25 23 25
26 25 24 7
26 25 25 2
26 25 26 1
26 26 14 1
26 26 15 1
26 26 17 1
26 26 18 2
26 26 21 1
26 26 24 1
26 26 25 12
26 26 26 54
26 26 27 17
26 27 26 25
26 27 27 51
26 27 28 14
26 28 28 14
27 25 23 24
27 25 24 5
27 26 15 1
27 26 17 1
27 26 18 1
27 26 19 1
27 26 21 1
27 26 23 4
27 26 24 11
27 26 25 3
27 26 26 5
27 27 20 1
27 27 25 1
27 27 26 5
27 27 27 40
27 27 28 7
27 28 27 4
27 28 28 35
27 28 29 9
27 29 28 1
27 29 29 1
28 26 23 1
28 26 24 11
28 26 25 1
28 27 20 1
28 27 23 1
28 27 24 1
28 27 25 2
28 27 26 2
28 27 27 3
28 28 23 1
28 28 24 1
28 28 27 5
28 28 28 28
28 28 29 15
28 29 27 1
28 29 28 6
28 29 29 56
28 29 30 23
28 30 29 1
28 30 30 1
29 27 24 2
29 27 25 5
29 28 25 3
29 28 26 1
29 28 27 3
29 28 28 2
29 29 20 1
29 29 21 1
29 29 26 1
29 29 28 5
29 29 29 37
29 29 30 63
29 30 29 12
29 30 30 204
29 30 31 5
29 31 30 5
30 28 26 1
30 29 21 1
30 29 26 7
30 29 27 6
30 29 29 3
30 29 30 2
30 30 23 1
30 30 27 3
30 30 28 12
30 30 29 15
30 30 30 670
30 30 31 40
30 31 29 9
30 31 30 197
30 31 31 43
31 30 28 5
31 30 29 3
31 30 30 1
31 30 31 2
31 31 29 1
