32
0 0 0 7
0 1 0 2
0 1 1 1
1 0 0 6
1 0 1 1
1 1 0 1
1 1 1 7
1 1 2 1
1 2 1 28
1 2 2 1
2 1 0 4
2 1 1 1
2 2 0 4
2 2 1 34
2 2 2 27
2 3 1 3
2 3 2 120
2 4 3 1
2 4 6 1
3 2 0 6
3 2 1 4
3 2 2 7
3 3 1 2
3 3 2 145
3 3 3 43
3 4 2 10
3 4 3 137
3 4 4 7
3 5 3 1
3 5 4 3
3 5 6 3
3 10 15 2
3 11 16 1
3 12 18 1
4 3 0 1
4 3 2 1
4 4 1 1
4 4 2 2
4 4 3 55
4 4 4 62
4 4 5 1
4 5 3 1
4 5 4 175
4 5 5 21
4 5 6 1
4 6 4 4
4 6 5 7
4 6 6 1
4 6 8 1
4 10 15 1
4 11 16 2
4 11 17 1
5 4 3 2
5 4 4 3
5 5 3 4
5 5 4 21
5 5 5 19
5 5 6 4
5 6 4 1
5 6 5 20
5 6 6 6
5 7 5 1
5 7 6 1
5 10 14 2
5 12 17 1
6 4 2 1
6 5 2 1
6 5 5 5
6 5 6 1
6 6 4 2
6 6 5 10
6 6 6 7
6 6 7 3
6 7 6 9
6 7 7 3
6 8 7 1
6 9 9 1
6 10 14 1
6 11 14 1
6 11 15 2
6 12 16 1
7 5 2 1
7 6 4 2
7 6 6 1
7 7 4 1
7 7 5 1
7 7 6 4
7 7 7 11
7 8 4 2
7 8 7 11
7 8 8 3
7 9 8 1
7 9 9 1
7 9 10 2
7 10 15 1
7 11 13 1
7 12 16 2
7 13 17 1
7 13 18 1
8 7 4 1
8 7 5 7
8 7 6 1
8 7 7 4
8 8 5 3
8 8 6 16
8 8 7 5
8 8 8 9
8 8 9 2
8 9 8 3
8 9 9 1
8 9 10 2
8 10 9 5
8 10 12 1
8 10 14 1
8 11 10 1
8 11 13 1
8 11 14 2
8 13 16 1
9 7 3 2
9 7 4 2
9 8 6 7
9 8 7 7
9 8 8 3
9 8 10 1
9 9 6 5
9 9 7 6
9 9 8 15
9 9 9 7
9 9 10 3
9 10 5 2
9 10 6 2
9 10 9 7
9 10 10 4
9 10 11 2
9 11 6 1
9 11 10 1
9 11 11 1
9 11 13 1
9 11 14 1
9 12 15 1
9 13 16 1
10 7 3 2
10 8 4 1
10 8 5 1
10 9 7 3
10 9 8 3
10 9 9 7
10 9 10 2
10 9 11 1
10 10 7 1
10 10 8 8
10 10 9 5
10 10 10 4
10 10 11 5
10 11 6 1
10 11 9 1
10 11 10 3
10 11 11 4
10 11 13 1
10 12 9 1
10 12 10 1
10 12 12 1
10 13 16 1
10 14 18 1
11 7 8 2
11 8 4 1
11 8 5 1
11 9 9 1
11 10 7 1
11 10 8 4
11 10 9 13
11 10 10 3
11 10 12 1
11 11 8 5
11 11 9 12
11 11 10 10
11 11 11 10
11 11 12 1
11 11 13 1
11 12 11 12
11 12 12 3
11 12 13 1
11 13 10 2
11 13 11 1
11 13 12 4
11 13 13 1
12 6 7 2
12 8 8 1
12 9 4 2
12 9 5 2
12 10 8 4
12 11 9 16
12 11 10 4
12 11 11 5
12 12 9 5
12 12 10 8
12 12 11 14
12 12 12 15
12 12 13 1
12 13 9 1
12 13 11 1
12 13 12 16
12 13 13 4
12 13 15 1
12 14 13 2
12 14 16 1
12 14 17 1
13 8 8 2
13 8 9 1
13 9 5 2
13 9 9 3
13 10 4 1
13 10 5 2
13 10 6 1
13 10 9 1
13 10 10 2
13 10 12 1
13 11 6 1
13 11 7 1
13 11 8 5
13 11 9 3
13 11 12 1
13 11 14 1
13 12 10 10
13 12 11 8
13 12 12 8
13 12 13 2
13 13 10 7
13 13 11 22
13 13 12 26
13 13 13 22
13 13 14 2
13 14 10 1
13 14 11 1
13 14 12 3
13 14 13 18
13 14 14 1
13 15 16 1
13 15 17 1
13 16 18 1
14 8 9 2
14 9 11 1
14 10 4 2
14 10 6 1
14 10 9 2
14 10 10 4
14 11 6 2
14 11 7 5
14 11 8 5
14 11 9 5
14 11 10 3
14 11 11 1
14 12 7 2
14 12 8 4
14 12 9 7
14 12 10 5
14 12 11 1
14 12 12 3
14 12 13 1
14 13 9 1
14 13 10 3
14 13 11 11
14 13 12 13
14 13 13 6
14 13 14 1
14 14 11 5
14 14 12 18
14 14 13 19
14 14 14 14
14 14 15 1
14 15 11 1
14 15 12 2
14 15 13 2
14 15 14 17
14 15 15 8
14 16 15 2
14 16 16 1
14 16 17 1
14 16 18 1
14 16 19 1
14 17 19 2
14 18 20 1
15 7 9 1
15 8 10 1
15 9 3 1
15 10 3 9
15 10 4 97
15 10 5 3
15 11 4 2
15 11 5 9
15 11 6 43
15 11 7 6
15 11 8 1
15 11 13 1
15 12 6 9
15 12 7 14
15 12 8 77
15 12 9 22
15 12 10 2
15 12 11 1
15 12 13 1
15 13 8 1
15 13 9 10
15 13 10 17
15 13 11 13
15 13 12 12
15 13 13 2
15 13 14 3
15 14 11 2
15 14 12 36
15 14 13 28
15 14 14 2
15 14 15 3
15 15 13 13
15 15 14 44
15 15 15 15
15 15 16 2
15 16 14 1
15 16 15 13
15 16 16 4
15 17 14 2
15 17 16 1
15 17 18 5
15 17 19 1
15 18 21 2
16 10 3 2
16 10 4 39
16 11 4 60
16 11 5 19
16 11 6 4
16 12 4 1
16 12 5 2
16 12 6 21
16 12 7 4
16 12 8 2
16 12 9 1
16 12 14 1
16 13 8 3
16 13 9 9
16 13 10 7
16 13 11 1
16 13 12 1
16 14 10 3
16 14 11 6
16 14 12 28
16 14 13 39
16 14 14 2
16 14 15 1
16 15 12 7
16 15 13 12
16 15 14 11
16 15 15 2
16 16 11 1
16 16 12 1
16 16 13 2
16 16 14 19
16 16 15 43
16 16 16 13
16 16 17 2
16 16 18 1
16 17 15 1
16 17 16 31
16 17 17 11
16 17 18 2
16 18 16 1
16 18 17 2
16 18 18 1
16 18 20 3
17 11 4 2
17 11 5 1
17 12 4 3
17 12 5 1
17 12 6 8
17 12 7 4
17 13 7 2
17 13 8 3
17 13 9 4
17 13 13 1
17 14 8 2
17 14 9 1
17 14 10 3
17 14 11 1
17 14 17 1
17 15 12 2
17 15 13 8
17 15 14 2
17 15 15 1
17 15 16 1
17 16 12 1
17 16 13 3
17 16 14 10
17 16 15 23
17 16 16 7
17 16 17 1
17 17 12 1
17 17 13 1
17 17 14 5
17 17 15 19
17 17 16 28
17 17 17 12
17 17 18 6
17 18 16 1
17 18 17 12
17 18 18 5
17 18 19 4
17 19 18 2
17 19 21 1
18 13 9 1
18 14 9 1
18 14 10 5
18 15 9 1
18 15 11 3
18 15 12 2
18 15 15 1
18 16 11 1
18 16 12 3
18 16 13 6
18 16 14 4
18 16 16 1
18 17 13 2
18 17 14 5
18 17 15 33
18 17 16 16
18 17 17 12
18 17 18 6
18 18 14 1
18 18 15 7
18 18 16 16
18 18 17 20
18 18 18 9
18 18 19 3
18 19 17 5
18 19 18 11
18 19 19 12
18 19 20 5
18 19 21 1
18 20 19 3
18 20 22 3
18 22 24 1
19 15 10 2
19 16 11 1
19 16 12 3
19 16 13 2
19 17 13 3
19 17 14 5
19 17 15 6
19 17 16 5
19 18 13 2
19 18 15 2
19 18 16 25
19 18 17 13
19 18 18 1
19 18 19 1
19 18 20 1
19 19 14 1
19 19 16 10
19 19 17 15
19 19 18 9
19 19 19 17
19 19 20 4
19 20 17 1
19 20 18 1
19 20 19 14
19 20 20 12
19 20 21 1
19 21 19 1
19 21 20 2
19 21 21 1
19 21 22 1
19 21 23 1
19 22 24 3
19 22 25 1
20 16 11 1
20 16 12 1
20 17 13 6
20 17 14 3
20 18 14 5
20 18 15 6
20 18 16 8
20 18 17 2
20 18 18 1
20 18 19 1
20 19 12 1
20 19 14 1
20 19 15 1
20 19 16 19
20 19 17 25
20 19 18 8
20 19 19 2
20 19 20 3
20 19 21 2
20 20 13 1
20 20 17 16
20 20 18 14
20 20 19 10
20 20 20 11
20 20 21 3
20 21 17 1
20 21 20 12
20 21 21 19
20 21 22 2
20 21 23 1
20 22 21 1
20 22 22 2
20 23 22 1
20 23 25 1
21 16 15 1
21 17 13 1
21 17 17 1
21 18 15 2
21 18 16 2
21 19 16 8
21 19 17 8
21 19 18 1
21 20 12 1
21 20 13 1
21 20 17 27
21 20 18 36
21 20 19 11
21 20 20 1
21 20 21 1
21 20 22 1
21 21 11 1
21 21 14 1
21 21 17 1
21 21 18 21
21 21 19 28
21 21 20 11
21 21 21 11
21 21 22 2
21 22 20 1
21 22 21 26
21 22 22 16
21 22 23 4
21 23 22 3
21 23 23 1
21 23 26 1
21 24 26 1
21 24 27 1
22 19 16 1
22 19 17 1
22 20 11 2
22 20 16 1
22 20 17 11
22 20 18 8
22 20 19 2
22 21 12 1
22 21 13 2
22 21 17 5
22 21 18 31
22 21 19 39
22 21 20 15
22 21 21 4
22 21 22 1
22 21 23 1
22 22 18 1
22 22 19 5
22 22 20 31
22 22 21 35
22 22 22 30
22 22 23 3
22 22 24 2
22 23 22 36
22 23 23 33
22 23 24 4
22 23 25 2
22 24 23 5
22 24 24 2
22 24 25 3
22 24 26 2
22 24 27 1
22 25 24 1
22 25 27 5
22 25 28 5
23 15 16 1
23 21 18 10
23 21 19 14
23 22 10 1
23 22 14 1
23 22 15 1
23 22 19 16
23 22 20 30
23 22 21 13
23 22 23 1
23 23 14 1
23 23 20 10
23 23 21 38
23 23 22 44
23 23 23 62
23 23 24 10
23 24 21 1
23 24 23 125
23 24 24 121
23 24 25 36
23 24 26 4
23 25 24 8
23 25 25 64
23 25 26 21
23 25 27 13
23 25 28 16
23 26 28 61
23 26 29 45
23 27 29 7
23 27 30 6
24 22 12 1
24 22 13 1
24 22 19 7
24 22 20 21
24 22 21 4
24 23 11 1
24 23 13 1
24 23 15 1
24 23 16 1
24 23 18 1
24 23 20 22
24 23 21 121
24 23 22 53
24 23 23 11
24 23 24 1
24 24 16 1
24 24 21 13
24 24 22 67
24 24 23 124
24 24 24 85
24 24 25 20
24 24 27 1
24 25 23 2
24 25 24 116
24 25 25 103
24 25 26 36
24 25 27 5
24 25 28 3
24 26 25 1
24 26 26 23
24 26 27 14
24 26 28 55
24 26 29 33
24 27 28 2
24 27 29 22
24 27 30 36
24 28 30 1
25 20 20 1
25 21 20 1
25 22 21 1
25 22 22 1
25 23 20 1
25 23 21 38
25 23 22 16
25 24 13 1
25 24 14 1
25 24 15 1
25 24 16 1
25 24 17 1
25 24 20 1
25 24 21 17
25 24 22 323
25 24 23 53
25 24 24 5
25 24 25 1
25 24 26 1
25 25 14 1
25 25 15 1
25 25 17 1
25 25 22 14
25 25 23 114
25 25 24 319
25 25 25 166
25 25 26 5
25 25 27 3
25 26 24 2
25 26 25 314
25 26 26 82
25 26 27 51
25 26 28 21
25 26 29 3
25 27 26 1
25 27 27 28
25 27 28 69
25 27 29 181
25 27 30 2
25 28 29 8
25 28 30 7
26 21 19 1
26 23 22 1
26 24 22 29
26 24 23 13
26 25 14 1
26 25 15 2
26 25 16 1
26 25 17 1
26 25 22 17
26 25 23 195
26 25 24 32
26 25 25 9
26 25 26 2
26 26 14 1
26 26 15 3
26 26 17 1
26 26 18 2
26 26 19 1
26 26 21 1
26 26 23 15
26 26 24 143
26 26 25 59
26 26 26 79
26 26 27 11
26 27 26 11
26 27 27 38
26 27 28 11
26 27 29 13
26 28 28 4
26 28 29 4
26 28 30 3
26 29 30 1
27 25 23 5
27 25 24 6
27 26 18 1
27 26 23 2
27 26 24 116
27 26 25 60
27 26 26 17
27 27 22 1
27 27 25 196
27 27 26 51
27 27 27 24
27 27 28 10
27 27 29 2
27 28 25 1
27 28 27 3
27 28 28 19
27 28 29 12
27 29 29 13
27 29 30 1
27 30 29 1
28 26 24 3
28 26 25 2
28 27 22 1
28 27 24 1
28 27 25 79
28 27 26 91
28 27 27 4
28 28 19 1
28 28 20 1
28 28 23 1
28 28 25 5
28 28 26 233
28 28 27 30
28 28 28 12
28 28 29 36
28 29 19 1
28 29 29 124
28 29 30 45
28 30 30 24
29 27 25 5
29 28 25 1
29 28 26 35
29 28 27 60
29 28 28 1
29 28 29 1
29 29 21 1
29 29 22 1
29 29 25 1
29 29 26 1
29 29 27 50
29 29 28 12
29 29 29 11
29 29 30 8
29 30 27 1
29 30 29 2
29 30 30 39
29 30 31 2
29 31 30 2
29 31 31 13
30 28 26 1
30 29 26 1
30 29 27 9
30 29 28 11
30 30 27 5
30 30 28 14
30 30 29 14
30 30 30 225
30 30 31 11
30 31 29 13
30 31 30 78
30 31 31 3
31 30 28 1
31 30 29 5
31 30 30 3
31 30 31 1
31 31 28 1
31 31 29 4
