32
0 0 0 3
0 0 1 1
0 1 0 3
0 1 1 1
1 0 0 2
1 1 0 11
1 1 1 6
1 2 1 64
1 2 2 1
2 1 1 1
2 1 2 1
2 2 1 44
2 2 2 53
2 2 3 1
2 3 1 3
2 3 2 135
2 3 3 4
2 4 3 1
2 7 11 1
2 8 11 1
2 8 12 2
2 10 14 1
2 10 16 1
3 2 2 5
3 3 2 119
3 3 3 59
3 4 3 144
3 4 4 7
3 5 4 4
3 6 4 1
3 6 6 1
3 8 10 1
3 8 11 1
3 8 12 1
3 9 13 1
3 10 15 3
3 10 16 1
3 11 15 2
4 3 1 2
4 3 2 1
4 3 3 3
4 3 4 2
4 4 2 2
4 4 3 32
4 4 4 87
4 5 4 157
4 5 5 7
4 6 3 2
4 6 4 6
4 6 5 15
4 7 5 1
4 9 13 1
4 10 14 1
5 4 2 2
5 4 3 1
5 4 4 4
5 4 5 2
5 5 4 20
5 5 5 16
5 5 6 5
5 6 4 8
5 6 5 58
5 6 6 10
5 7 4 2
5 7 5 1
5 7 6 2
5 7 7 1
5 7 8 2
5 8 11 2
5 9 12 2
5 10 12 1
5 10 13 2
5 10 14 1
5 11 13 1
5 11 14 1
6 4 3 1
6 5 3 2
6 5 4 2
6 5 5 1
6 5 6 2
6 6 4 1
6 6 5 16
6 6 6 13
6 7 6 17
6 7 7 3
6 8 7 2
6 8 8 1
6 8 10 1
6 9 12 1
6 10 13 2
6 11 14 4
6 11 15 1
7 4 2 1
7 5 2 5
7 5 3 16
7 5 4 9
7 6 3 2
7 6 4 2
7 6 5 2
7 7 5 2
7 7 6 23
7 7 7 12
7 8 6 10
7 8 7 14
7 8 8 3
7 8 11 1
7 9 8 2
7 9 9 1
7 10 7 1
7 10 13 1
7 11 14 1
7 11 15 1
7 13 17 1
8 4 2 4
8 5 2 72
8 5 3 52
8 6 3 14
8 6 4 57
8 6 5 2
8 7 5 7
8 7 6 3
8 7 7 3
8 7 8 2
8 8 6 5
8 8 7 41
8 8 8 18
8 8 9 5
8 8 10 1
8 9 7 10
8 9 8 30
8 9 9 5
8 9 10 1
8 10 8 1
8 10 9 2
8 13 16 1
9 4 5 1
9 4 6 2
9 5 3 9
9 6 3 18
9 6 4 5
9 7 4 7
9 7 5 8
9 7 6 3
9 7 7 2
9 8 5 2
9 8 6 2
9 8 7 1
9 9 7 2
9 9 8 64
9 9 9 11
9 10 8 10
9 10 9 31
9 10 10 2
9 11 9 1
9 11 10 2
9 12 9 1
10 4 6 1
10 4 7 2
10 5 7 3
10 6 3 5
10 6 7 1
10 7 3 3
10 7 4 22
10 7 5 7
10 7 6 1
10 7 8 1
10 8 5 2
10 8 6 2
10 8 7 1
10 8 9 1
10 9 7 6
10 9 8 4
10 9 9 2
10 10 8 4
10 10 9 68
10 10 10 13
10 10 11 1
10 11 9 15
10 11 10 28
10 11 11 5
10 11 12 2
10 12 10 2
10 12 11 6
11 4 6 1
11 5 7 2
11 6 7 2
11 7 4 4
11 7 8 4
11 8 4 3
11 8 5 1
11 8 6 6
11 8 7 1
11 8 8 1
11 8 9 1
11 9 5 3
11 9 7 1
11 9 8 5
11 9 10 1
11 10 7 1
11 10 8 4
11 10 9 6
11 10 10 3
11 11 9 11
11 11 10 44
11 11 11 17
11 11 12 1
11 12 10 11
11 12 11 29
11 12 12 5
11 13 12 2
12 5 7 1
12 5 8 1
12 6 7 1
12 6 8 1
12 7 9 1
12 8 5 1
12 9 6 5
12 9 10 1
12 9 11 2
12 10 6 3
12 10 7 2
12 10 8 3
12 10 9 1
12 10 10 1
12 10 11 2
12 11 9 1
12 11 10 5
12 11 11 6
12 11 12 1
12 11 13 1
12 12 10 6
12 12 11 64
12 12 12 27
12 12 13 4
12 13 11 12
12 13 12 45
12 13 13 8
12 15 13 1
12 15 17 1
13 5 8 2
13 9 6 1
13 9 10 1
13 10 6 12
13 10 7 21
13 10 8 1
13 11 7 9
13 11 8 6
13 11 9 3
13 11 10 1
13 11 11 2
13 12 10 3
13 12 11 11
13 12 12 6
13 13 11 4
13 13 12 85
13 13 13 76
13 13 14 1
13 14 12 4
13 14 13 49
13 14 14 7
13 15 13 3
13 15 14 6
14 6 9 1
14 10 11 1
14 11 7 5
14 11 8 21
14 11 9 1
14 12 8 14
14 12 9 3
14 12 10 1
14 13 9 1
14 13 11 6
14 13 12 13
14 13 13 9
14 13 14 1
14 14 11 1
14 14 12 3
14 14 13 136
14 14 14 58
14 14 15 3
14 15 13 8
14 15 14 58
14 15 15 6
14 16 14 1
14 16 15 2
14 16 16 1
15 11 8 1
15 12 8 30
15 12 9 20
15 13 9 3
15 13 10 12
15 13 11 7
15 13 12 2
15 13 13 2
15 14 11 1
15 14 12 9
15 14 13 16
15 14 14 11
15 15 13 9
15 15 14 126
15 15 15 53
15 15 16 1
15 16 14 15
15 16 15 127
15 16 16 10
15 17 15 1
15 17 16 3
16 11 12 1
16 13 9 4
16 13 10 5
16 13 13 1
16 14 10 4
16 14 11 6
16 14 12 2
16 14 13 2
16 14 14 4
16 15 12 2
16 15 13 4
16 15 14 32
16 15 15 5
16 16 7 1
16 16 13 2
16 16 14 35
16 16 15 176
16 16 16 33
16 17 15 4
16 17 16 149
16 17 17 8
16 19 18 1
17 14 11 5
17 14 12 2
17 15 11 2
17 15 12 4
17 15 13 2
17 15 14 4
17 16 13 1
17 16 14 11
17 16 15 10
17 16 16 2
17 16 17 1
17 17 12 1
17 17 15 9
17 17 16 154
17 17 17 81
17 18 16 7
17 18 17 158
17 18 18 10
17 19 18 5
18 15 12 2
18 15 15 1
18 16 12 4
18 16 13 3
18 16 14 3
18 16 15 2
18 16 17 1
18 17 11 1
18 17 14 2
18 17 15 13
18 17 16 11
18 17 17 6
18 18 15 1
18 18 16 6
18 18 17 130
18 18 18 46
18 18 19 3
18 19 16 1
18 19 17 11
18 19 18 205
18 19 19 5
18 20 19 3
19 16 13 2
19 17 13 2
19 17 14 1
19 17 15 3
19 17 17 1
19 18 11 2
19 18 16 5
19 18 17 9
19 18 18 7
19 18 19 1
19 19 17 10
19 19 18 200
19 19 19 76
19 19 20 6
19 20 18 14
19 20 19 341
19 20 20 18
19 20 21 1
19 21 19 2
19 21 20 10
20 17 14 3
20 18 15 4
20 18 18 2
20 19 11 1
20 19 13 1
20 19 16 2
20 19 17 4
20 19 18 3
20 19 19 1
20 19 20 1
20 20 13 2
20 20 18 7
20 20 19 64
20 20 20 21
20 20 21 1
20 21 19 10
20 21 20 292
20 21 21 42
20 22 21 22
20 22 22 1
21 19 16 2
21 19 17 2
21 20 13 1
21 20 15 1
21 20 18 2
21 20 19 1
21 20 20 1
21 21 13 2
21 21 18 1
21 21 19 2
21 21 20 33
21 21 21 34
21 21 22 8
21 22 20 3
21 22 21 160
21 22 22 138
21 22 23 4
21 23 22 16
21 23 23 1
22 19 17 1
22 19 18 1
22 20 17 5
22 20 18 3
22 20 19 2
22 21 13 1
22 21 18 11
22 21 19 7
22 21 20 8
22 21 21 3
22 21 22 1
22 22 16 1
22 22 17 1
22 22 20 2
22 22 21 17
22 22 22 84
22 22 23 14
22 23 22 368
22 23 23 140
22 23 24 6
22 24 23 15
22 24 24 7
23 20 16 1
23 20 17 27
23 20 18 1
23 21 17 22
23 21 18 60
23 21 19 11
23 21 21 1
23 22 14 1
23 22 19 9
23 22 20 5
23 22 21 1
23 22 22 3
23 23 18 1
23 23 22 24
23 23 23 130
23 23 24 3
23 24 23 139
23 24 24 161
23 24 25 15
23 25 24 9
23 25 25 13
24 21 17 6
24 21 18 10
24 21 19 2
24 22 18 1
24 22 19 8
24 22 20 18
24 22 21 1
24 22 22 1
24 23 12 1
24 23 15 2
24 23 19 1
24 23 20 8
24 23 21 7
24 23 22 1
24 23 23 2
24 23 24 2
24 24 20 1
24 24 22 3
24 24 23 12
24 24 24 116
24 24 25 12
24 25 24 139
24 25 25 304
24 25 26 10
24 26 24 1
24 26 25 5
24 26 26 10
25 23 12 1
25 23 20 5
25 23 21 19
25 23 22 2
25 23 23 1
25 24 12 1
25 24 16 1
25 24 21 3
25 24 22 17
25 24 23 9
25 24 24 1
25 25 23 1
25 25 24 6
25 25 25 129
25 25 26 14
25 26 25 42
25 26 26 96
25 26 27 4
25 27 26 3
25 27 27 8
26 24 21 1
26 24 22 38
26 24 23 4
26 24 24 2
26 25 17 1
26 25 18 1
26 25 22 3
26 25 23 20
26 25 24 5
26 26 14 1
26 26 17 1
26 26 19 1
26 26 20 2
26 26 24 2
26 26 25 6
26 26 26 44
26 26 27 21
26 27 26 15
26 27 27 49
26 27 28 9
26 28 27 1
26 28 28 8
27 25 22 2
27 25 23 22
27 25 24 3
27 26 15 1
27 26 16 1
27 26 17 2
27 26 18 1
27 26 19 1
27 26 23 5
27 26 24 7
27 26 25 3
27 26 26 7
27 26 27 1
27 27 20 1
27 27 22 1
27 27 26 5
27 27 27 38
27 27 28 5
27 28 27 5
27 28 28 33
27 28 29 5
28 26 23 1
28 26 24 7
28 27 22 2
28 27 24 3
28 27 25 2
28 27 26 3
28 27 27 1
28 27 28 2
28 28 23 1
28 28 24 1
28 28 27 1
28 28 28 26
28 28 29 15
28 29 28 6
28 29 29 63
28 29 30 25
28 30 29 1
28 30 30 2
29 27 24 4
29 27 25 5
29 28 19 1
29 28 26 1
29 28 27 1
29 28 28 1
29 28 29 1
29 29 20 1
29 29 27 1
29 29 28 6
29 29 29 47
29 29 30 43
29 30 29 18
29 30 30 244
29 30 31 7
29 31 30 4
29 31 31 1
30 28 25 3
30 29 26 5
30 29 27 5
30 29 28 2
30 29 29 4
30 29 30 1
30 30 21 1
30 30 22 1
30 30 27 10
30 30 28 12
30 30 29 15
30 30 30 616
30 30 31 53
30 31 29 16
30 31 30 255
30 31 31 48
31 30 28 3
31 30 29 3
31 30 30 2
31 30 31 2
31 31 28 1
31 31 29 1
