32
0 0 0 5
0 1 0 3
1 0 0 5
1 1 1 3
1 2 1 30
1 2 2 1
2 1 0 6
2 2 0 3
2 2 1 40
2 2 2 16
2 3 1 8
2 3 2 122
3 2 0 3
3 2 1 8
3 2 2 1
3 3 1 3
3 3 2 175
3 3 3 38
3 4 1 1
3 4 2 11
3 4 3 123
3 4 4 8
3 5 4 3
3 5 6 1
3 10 15 2
3 10 16 1
4 3 1 2
4 3 2 1
4 4 2 3
4 4 3 63
4 4 4 75
4 4 5 1
4 5 3 1
4 5 4 151
4 5 5 24
4 6 4 1
4 6 5 7
4 6 6 4
4 6 7 1
4 10 15 1
4 11 16 2
4 11 17 1
4 12 18 1
5 4 4 5
5 4 5 1
5 5 3 3
5 5 4 12
5 5 5 19
5 5 6 2
5 6 4 2
5 6 5 21
5 6 6 6
5 6 7 1
5 7 6 1
5 9 13 1
5 10 14 1
5 10 15 1
5 12 17 1
6 5 2 1
6 5 4 1
6 5 5 5
6 5 6 2
6 6 4 4
6 6 5 4
6 6 6 4
6 7 5 1
6 7 6 5
6 7 7 5
6 8 7 1
6 8 9 1
6 9 8 1
6 9 11 1
6 10 13 1
6 11 14 1
6 11 15 1
7 5 2 2
7 6 2 2
7 6 3 1
7 6 5 1
7 6 6 2
7 7 4 1
7 7 5 3
7 7 6 5
7 7 7 9
7 7 8 1
7 8 6 2
7 8 7 4
7 8 8 4
7 8 9 1
7 9 8 2
7 9 11 1
7 10 11 1
7 11 14 1
7 11 15 1
7 12 15 1
7 12 17 1
7 13 16 1
7 13 18 1
8 7 4 1
8 7 5 5
8 7 6 3
8 7 7 3
8 7 8 2
8 8 5 4
8 8 6 9
8 8 7 9
8 8 8 4
8 8 9 1
8 9 4 1
8 9 5 1
8 9 7 2
8 9 8 4
8 9 9 2
8 9 10 1
8 9 11 1
8 10 7 1
8 10 8 1
8 10 9 3
8 10 11 1
8 10 12 1
8 10 13 1
8 11 7 1
8 11 15 1
8 12 15 1
8 12 16 1
8 13 16 1
9 7 3 1
9 7 4 1
9 8 6 6
9 8 7 2
9 8 8 2
9 8 9 1
9 9 6 2
9 9 7 11
9 9 8 14
9 9 9 7
9 9 10 1
9 10 5 2
9 10 6 1
9 10 8 1
9 10 9 3
9 10 10 5
9 11 6 1
9 11 10 1
9 11 14 1
9 12 15 2
9 13 16 1
10 8 3 1
10 8 6 1
10 8 7 1
10 9 5 1
10 9 7 4
10 9 8 5
10 9 9 1
10 10 8 10
10 10 9 6
10 10 10 8
10 10 11 3
10 11 8 1
10 11 10 5
10 11 11 6
10 11 12 2
10 11 14 1
10 12 11 2
10 13 11 1
10 13 14 1
11 8 8 1
11 9 5 2
11 9 7 1
11 9 8 1
11 9 9 2
11 10 7 1
11 10 8 11
11 10 9 8
11 10 10 5
11 10 11 1
11 11 8 8
11 11 9 7
11 11 10 16
11 11 11 10
11 11 12 4
11 12 8 1
11 12 10 1
11 12 11 12
11 12 12 3
11 12 13 1
11 13 10 1
11 13 11 1
11 13 12 1
11 13 13 1
12 6 7 1
12 7 8 1
12 8 9 1
12 9 4 1
12 9 5 2
12 10 7 1
12 10 8 1
12 10 10 1
12 10 11 2
12 10 12 1
12 11 9 10
12 11 10 5
12 11 11 2
12 11 13 2
12 12 9 2
12 12 10 15
12 12 11 20
12 12 12 16
12 12 13 1
12 13 11 2
12 13 12 12
12 13 13 3
12 13 14 1
12 14 11 1
12 14 13 1
12 15 16 1
12 15 17 1
13 8 8 1
13 8 9 2
13 9 4 2
13 9 5 3
13 9 9 3
13 9 10 1
13 10 5 2
13 10 6 1
13 10 9 1
13 10 10 1
13 10 11 1
13 11 8 2
13 11 9 1
13 11 10 2
13 11 11 1
13 12 9 1
13 12 10 7
13 12 11 8
13 12 12 8
13 12 13 1
13 13 10 11
13 13 11 20
13 13 12 21
13 13 13 30
13 13 14 3
13 14 12 3
13 14 13 16
13 14 14 4
13 14 15 2
13 15 13 1
13 15 14 2
13 15 16 2
13 15 17 2
13 16 18 2
14 6 8 1
14 8 8 1
14 8 9 1
14 8 10 1
14 9 4 2
14 9 9 1
14 9 10 2
14 10 5 2
14 10 7 2
14 10 9 1
14 10 10 2
14 11 6 3
14 11 7 9
14 11 8 3
14 11 9 3
14 11 10 1
14 11 11 2
14 12 7 1
14 12 8 6
14 12 9 4
14 12 10 1
14 12 11 1
14 12 12 3
14 13 9 1
14 13 10 4
14 13 11 12
14 13 12 11
14 13 13 7
14 13 14 3
14 14 11 6
14 14 12 10
14 14 13 14
14 14 14 20
14 14 15 6
14 15 11 1
14 15 12 3
14 15 13 1
14 15 14 16
14 15 15 4
14 15 16 2
14 15 17 1
14 16 17 1
14 16 18 2
14 17 16 1
14 17 17 1
15 8 10 1
15 9 3 1
15 9 10 1
15 10 3 9
15 10 4 111
15 10 11 1
15 11 4 2
15 11 5 8
15 11 6 45
15 11 7 8
15 11 8 1
15 11 13 1
15 12 6 7
15 12 7 9
15 12 8 73
15 12 9 26
15 12 10 2
15 12 15 1
15 13 8 1
15 13 9 14
15 13 10 15
15 13 11 16
15 13 12 17
15 13 13 4
15 13 14 2
15 14 11 2
15 14 12 32
15 14 13 22
15 14 14 3
15 14 15 2
15 15 11 1
15 15 12 5
15 15 13 12
15 15 14 25
15 15 15 20
15 15 16 4
15 15 17 1
15 16 13 1
15 16 14 6
15 16 15 9
15 16 16 7
15 16 17 2
15 16 18 1
15 17 14 1
15 17 17 1
15 17 19 1
15 18 21 1
16 7 9 1
16 7 10 1
16 9 10 1
16 10 3 1
16 10 4 30
16 11 4 48
16 11 5 23
16 11 6 3
16 12 5 3
16 12 6 25
16 12 7 8
16 12 9 1
16 13 8 1
16 13 9 3
16 13 10 10
16 13 11 6
16 13 14 1
16 14 10 2
16 14 11 5
16 14 12 32
16 14 13 31
16 14 14 1
16 15 12 2
16 15 13 24
16 15 14 9
16 15 15 6
16 15 16 2
16 16 11 1
16 16 13 8
16 16 14 10
16 16 15 34
16 16 16 19
16 16 17 2
16 17 13 1
16 17 15 1
16 17 16 18
16 17 17 5
16 17 18 2
16 17 19 1
16 18 16 1
16 18 21 2
16 19 21 1
17 8 10 1
17 11 4 1
17 12 5 6
17 12 6 6
17 12 7 3
17 12 8 1
17 13 7 6
17 13 8 4
17 13 9 2
17 14 8 1
17 14 9 2
17 14 11 1
17 15 11 1
17 15 12 4
17 15 13 9
17 15 15 1
17 15 17 2
17 16 12 1
17 16 13 4
17 16 14 17
17 16 15 29
17 16 16 6
17 16 17 3
17 17 14 6
17 17 15 18
17 17 16 22
17 17 17 15
17 17 18 7
17 18 16 1
17 18 17 20
17 18 18 10
17 18 19 1
17 19 19 2
17 19 20 1
17 19 21 2
17 19 22 1
17 20 21 1
17 20 22 2
18 13 9 1
18 14 9 4
18 14 10 4
18 14 17 1
18 15 10 3
18 15 11 2
18 15 12 1
18 15 15 1
18 16 12 2
18 16 13 3
18 16 14 2
18 16 16 1
18 16 17 1
18 16 18 1
18 17 14 1
18 17 15 33
18 17 16 15
18 17 17 3
18 17 18 2
18 18 14 2
18 18 15 5
18 18 16 19
18 18 17 22
18 18 18 6
18 18 19 4
18 19 18 9
18 19 19 7
18 19 20 4
18 20 19 2
18 20 21 3
18 20 22 3
18 21 23 1
19 7 11 1
19 8 12 1
19 15 10 1
19 16 11 1
19 16 12 3
19 16 13 4
19 17 12 1
19 17 13 3
19 17 14 3
19 17 15 2
19 17 16 2
19 17 18 1
19 17 19 1
19 18 12 1
19 18 13 1
19 18 15 5
19 18 16 30
19 18 17 12
19 18 18 2
19 18 19 2
19 19 16 7
19 19 17 19
19 19 18 17
19 19 19 16
19 19 20 1
19 20 17 1
19 20 18 1
19 20 19 15
19 20 20 13
19 20 21 3
19 21 20 4
19 21 21 3
19 21 22 1
19 21 23 2
19 22 24 2
20 17 13 6
20 17 14 4
20 17 15 1
20 17 16 1
20 17 17 1
20 18 14 6
20 18 15 10
20 18 16 7
20 18 17 4
20 18 20 1
20 19 13 1
20 19 14 1
20 19 16 11
20 19 17 34
20 19 18 12
20 19 19 3
20 19 20 1
20 19 21 1
20 20 13 1
20 20 17 12
20 20 18 11
20 20 19 13
20 20 20 9
20 20 21 5
20 20 22 1
20 21 19 1
20 21 20 18
20 21 21 20
20 21 22 5
20 21 23 1
20 22 21 2
20 22 22 1
20 22 23 1
20 23 25 1
20 23 26 1
20 24 26 1
21 17 17 1
21 18 15 2
21 19 16 10
21 19 17 4
21 19 18 3
21 19 19 1
21 20 11 1
21 20 12 1
21 20 13 3
21 20 16 1
21 20 17 30
21 20 18 42
21 20 19 8
21 20 20 1
21 21 18 25
21 21 19 30
21 21 20 19
21 21 21 7
21 21 22 5
21 21 23 1
21 22 19 1
21 22 20 2
21 22 21 15
21 22 22 26
21 22 23 4
21 23 22 4
21 23 26 1
21 24 26 2
22 18 15 1
22 19 16 1
22 20 17 5
22 20 18 8
22 21 12 5
22 21 14 1
22 21 17 1
22 21 18 36
22 21 19 34
22 21 20 13
22 21 21 3
22 22 18 1
22 22 19 15
22 22 20 28
22 22 21 41
22 22 22 34
22 22 23 4
22 22 24 1
22 23 21 1
22 23 22 34
22 23 23 30
22 23 24 11
22 23 25 2
22 24 23 4
22 24 24 4
22 24 25 3
22 24 26 2
22 24 27 1
22 25 27 2
22 25 28 5
23 15 16 1
23 20 17 1
23 21 18 9
23 21 19 11
23 21 20 2
23 22 13 1
23 22 16 2
23 22 18 2
23 22 19 13
23 22 20 43
23 22 21 5
23 22 22 4
23 22 23 1
23 23 14 1
23 23 20 12
23 23 21 39
23 23 22 47
23 23 23 89
23 23 24 11
23 23 25 1
23 24 23 140
23 24 24 150
23 24 25 44
23 24 26 2
23 24 27 1
23 25 24 6
23 25 25 69
23 25 26 14
23 25 27 14
23 25 28 13
23 26 25 1
23 26 27 1
23 26 28 56
23 26 29 41
23 27 29 4
23 27 30 8
24 21 19 1
24 22 13 1
24 22 19 10
24 22 20 19
24 22 21 5
24 22 22 1
24 23 14 2
24 23 20 18
24 23 21 143
24 23 22 38
24 23 23 5
24 24 15 1
24 24 18 1
24 24 20 2
24 24 21 22
24 24 22 69
24 24 23 135
24 24 24 87
24 24 25 19
24 25 23 5
24 25 24 121
24 25 25 113
24 25 26 36
24 25 27 6
24 25 28 1
24 26 25 1
24 26 26 22
24 26 27 17
24 26 28 55
24 26 29 28
24 27 29 25
24 27 30 37
24 28 30 3
25 21 21 1
25 23 13 1
25 23 19 1
25 23 21 36
25 23 22 22
25 24 17 1
25 24 20 1
25 24 21 20
25 24 22 301
25 24 23 74
25 24 24 7
25 25 16 3
25 25 17 1
25 25 22 11
25 25 23 101
25 25 24 362
25 25 25 150
25 25 26 8
25 26 22 1
25 26 25 306
25 26 26 77
25 26 27 47
25 26 28 13
25 26 29 1
25 27 26 2
25 27 27 27
25 27 28 60
25 27 29 200
25 27 30 1
25 28 29 6
25 28 30 9
26 21 19 1
26 24 22 32
26 24 23 8
26 25 14 1
26 25 15 1
26 25 16 1
26 25 17 1
26 25 18 1
26 25 22 10
26 25 23 207
26 25 24 17
26 25 25 6
26 26 13 1
26 26 15 1
26 26 19 2
26 26 20 1
26 26 21 1
26 26 23 14
26 26 24 149
26 26 25 72
26 26 26 86
26 26 27 13
26 26 28 1
26 27 25 1
26 27 26 11
26 27 27 36
26 27 28 6
26 27 29 14
26 28 28 4
26 28 29 4
26 28 30 3
27 25 23 6
27 25 24 2
27 25 25 1
27 26 23 2
27 26 24 116
27 26 25 65
27 26 26 17
27 26 27 1
27 26 28 1
27 27 18 1
27 27 22 1
27 27 25 203
27 27 26 47
27 27 27 14
27 27 28 13
27 27 29 1
27 28 27 1
27 28 28 23
27 28 29 9
27 29 29 18
28 26 25 1
28 27 21 1
28 27 24 1
28 27 25 71
28 27 26 103
28 27 27 4
28 27 28 1
28 28 20 1
28 28 21 1
28 28 25 1
28 28 26 234
28 28 27 27
28 28 28 11
28 28 29 35
28 29 20 1
28 29 27 1
28 29 28 1
28 29 29 114
28 29 30 49
28 30 30 29
29 27 25 5
29 27 26 1
29 28 26 33
29 28 27 54
29 28 28 1
29 28 29 1
29 29 21 1
29 29 27 55
29 29 28 17
29 29 29 12
29 29 30 7
29 30 29 1
29 30 30 39
29 30 31 3
29 31 31 13
30 28 26 1
30 29 26 2
30 29 27 11
30 29 28 9
30 30 27 3
30 30 28 14
30 30 29 16
30 30 30 251
30 30 31 10
30 31 29 7
30 31 30 68
30 31 31 7
31 30 28 2
31 30 29 4
31 30 30 12
31 30 31 1
31 31 29 2
