32
0 0 0 5
0 1 0 6
1 1 0 14
1 1 1 12
1 2 1 78
1 2 2 3
2 2 0 1
2 2 1 35
2 2 2 54
2 2 3 2
2 3 1 1
2 3 2 137
2 3 3 1
2 8 12 3
2 11 16 1
3 2 2 2
3 3 1 1
3 3 2 91
3 3 3 61
3 4 3 138
3 4 4 6
3 5 4 2
3 8 11 1
3 11 15 1
3 11 16 3
4 3 2 4
4 3 3 1
4 3 4 1
4 4 2 2
4 4 3 32
4 4 4 65
4 4 5 2
4 5 3 2
4 5 4 138
4 5 5 16
4 6 3 3
4 6 4 18
4 6 5 11
4 6 6 1
4 7 6 2
4 8 11 1
4 9 12 1
4 11 15 1
4 12 16 1
5 4 2 2
5 4 3 3
5 4 4 3
5 5 4 15
5 5 5 25
5 5 6 1
5 6 4 10
5 6 5 43
5 6 6 16
5 7 5 1
5 7 6 7
5 7 7 2
5 7 8 2
5 8 11 3
5 9 13 1
5 10 12 1
5 10 13 1
5 10 14 2
5 12 15 1
6 4 3 2
6 5 3 3
6 5 5 2
6 5 6 3
6 6 4 1
6 6 5 24
6 6 6 12
6 6 7 1
6 7 5 8
6 7 6 25
6 7 7 2
6 8 6 1
6 10 13 1
6 11 12 1
6 11 14 3
6 11 15 2
6 12 15 1
6 12 16 1
7 4 2 6
7 5 2 6
7 5 3 12
7 5 4 10
7 6 3 2
7 6 4 1
7 6 5 3
7 6 6 1
7 7 5 4
7 7 6 23
7 7 7 15
7 7 8 1
7 8 6 6
7 8 7 13
7 8 8 4
7 8 9 1
7 9 7 2
7 9 8 2
7 9 10 1
7 9 12 1
7 11 14 1
8 4 2 2
8 5 2 77
8 5 3 53
8 5 4 1
8 6 3 15
8 6 4 54
8 6 6 1
8 7 4 2
8 7 5 8
8 7 6 3
8 7 7 2
8 8 6 6
8 8 7 44
8 8 8 19
8 8 9 3
8 8 11 1
8 9 7 12
8 9 8 20
8 9 9 8
8 10 7 1
8 10 8 1
8 10 9 4
8 14 17 1
9 4 5 1
9 4 6 2
9 5 3 5
9 6 3 19
9 6 4 6
9 6 7 2
9 7 4 6
9 7 5 12
9 7 6 1
9 8 5 1
9 8 6 5
9 8 7 1
9 8 8 6
9 8 9 1
9 9 7 4
9 9 8 50
9 9 9 14
9 9 10 2
9 9 11 1
9 10 8 9
9 10 9 28
9 10 10 11
9 11 9 2
9 11 10 2
9 11 11 1
10 4 6 1
10 5 7 2
10 6 3 5
10 6 4 1
10 6 6 1
10 6 7 3
10 7 3 4
10 7 4 17
10 7 5 2
10 7 8 1
10 8 6 8
10 8 7 2
10 8 8 1
10 8 9 1
10 9 7 1
10 9 8 6
10 10 8 3
10 10 9 65
10 10 10 10
10 11 9 19
10 11 10 37
10 11 11 5
10 11 12 1
10 12 9 1
10 12 10 2
10 12 11 3
10 13 11 1
11 6 7 3
11 7 4 7
11 7 8 5
11 8 4 1
11 8 5 4
11 8 6 3
11 8 9 1
11 8 10 1
11 9 6 3
11 9 7 2
11 9 8 3
11 9 9 2
11 10 8 5
11 10 9 5
11 10 10 5
11 10 11 1
11 11 9 10
11 11 10 59
11 11 11 15
11 11 12 1
11 12 10 13
11 12 11 32
11 12 12 4
11 13 12 4
12 5 7 2
12 5 8 1
12 6 8 2
12 9 5 1
12 9 6 4
12 9 7 1
12 9 10 1
12 9 11 1
12 10 6 1
12 10 7 1
12 10 8 3
12 10 9 1
12 10 10 1
12 10 11 2
12 11 9 3
12 11 10 13
12 11 11 4
12 11 12 2
12 12 10 9
12 12 11 83
12 12 12 11
12 12 13 1
12 13 11 16
12 13 12 46
12 13 13 6
12 14 13 3
13 4 8 1
13 5 8 1
13 8 10 1
13 9 9 1
13 10 6 8
13 10 7 12
13 10 8 1
13 10 11 1
13 11 7 12
13 11 8 6
13 11 9 5
13 11 10 1
13 12 9 1
13 12 10 1
13 12 11 16
13 12 12 6
13 12 13 1
13 13 10 1
13 13 11 5
13 13 12 102
13 13 13 73
13 14 12 4
13 14 13 46
13 14 14 10
13 14 15 1
13 15 13 4
13 15 14 5
13 15 15 1
14 5 8 1
14 10 7 2
14 11 7 7
14 11 8 21
14 11 9 2
14 12 8 10
14 12 9 5
14 12 10 2
14 12 11 1
14 12 12 1
14 13 10 1
14 13 11 3
14 13 12 9
14 13 13 16
14 14 12 3
14 14 13 147
14 14 14 51
14 14 15 2
14 15 13 12
14 15 14 50
14 15 15 10
14 16 14 1
14 16 15 3
14 16 16 1
15 11 11 1
15 12 8 28
15 12 9 24
15 12 10 1
15 12 13 1
15 13 9 5
15 13 10 6
15 13 11 3
15 13 12 2
15 13 13 2
15 14 11 3
15 14 12 5
15 14 13 16
15 14 14 9
15 15 9 1
15 15 11 1
15 15 13 10
15 15 14 128
15 15 15 41
15 15 16 3
15 16 14 21
15 16 15 104
15 16 16 5
15 18 19 1
16 13 9 2
16 13 10 7
16 13 14 1
16 14 10 3
16 14 11 5
16 14 12 6
16 14 13 3
16 14 14 3
16 15 12 3
16 15 13 13
16 15 14 40
16 15 15 6
16 15 16 1
16 16 11 1
16 16 14 46
16 16 15 169
16 16 16 36
16 16 17 1
16 17 15 13
16 17 16 119
16 17 17 11
16 18 17 2
16 18 18 1
17 14 10 1
17 14 11 6
17 14 14 1
17 15 11 1
17 15 12 9
17 15 13 3
17 15 14 4
17 15 15 1
17 16 10 1
17 16 13 4
17 16 14 9
17 16 15 7
17 16 16 1
17 16 17 1
17 17 12 1
17 17 14 1
17 17 15 7
17 17 16 164
17 17 17 82
17 17 18 1
17 18 16 7
17 18 17 111
17 18 18 6
17 19 17 1
17 19 18 2
18 15 12 1
18 16 12 4
18 16 13 4
18 16 14 2
18 16 15 1
18 17 14 4
18 17 15 5
18 17 16 6
18 17 17 1
18 18 12 1
18 18 13 1
18 18 16 7
18 18 17 133
18 18 18 48
18 18 19 2
18 19 17 13
18 19 18 167
18 19 19 16
18 20 19 1
18 21 20 1
19 16 13 1
19 16 15 1
19 17 13 1
19 17 14 6
19 17 15 5
19 18 11 1
19 18 15 1
19 18 16 3
19 18 17 10
19 18 18 9
19 19 17 9
19 19 18 208
19 19 19 59
19 19 20 2
19 20 18 16
19 20 19 305
19 20 20 13
19 21 20 7
20 17 14 1
20 17 16 1
20 18 15 3
20 18 16 3
20 18 17 1
20 19 10 2
20 19 12 1
20 19 13 2
20 19 14 1
20 19 16 1
20 19 17 3
20 19 18 4
20 19 19 1
20 20 13 1
20 20 15 1
20 20 18 5
20 20 19 66
20 20 20 19
20 20 21 2
20 21 19 10
20 21 20 258
20 21 21 38
20 21 22 2
20 22 20 1
20 22 21 17
21 18 15 2
21 19 16 5
21 19 18 1
21 20 13 1
21 20 14 1
21 20 17 4
21 20 18 1
21 20 19 10
21 20 20 2
21 20 21 1
21 21 20 39
21 21 21 30
21 21 22 11
21 22 20 1
21 22 21 142
21 22 22 109
21 22 23 3
21 23 22 11
21 24 23 1
22 19 16 1
22 19 17 2
22 19 18 1
22 20 17 1
22 20 18 2
22 20 19 1
22 21 13 1
22 21 18 3
22 21 19 4
22 21 20 2
22 21 21 2
22 21 22 1
22 22 14 1
22 22 18 2
22 22 20 1
22 22 21 28
22 22 22 94
22 22 23 16
22 23 22 302
22 23 23 126
22 23 24 13
22 24 23 11
22 24 24 11
23 20 17 17
23 20 18 2
23 21 17 14
23 21 18 64
23 21 19 14
23 21 20 2
23 22 12 1
23 22 19 8
23 22 20 7
23 22 21 3
23 22 22 2
23 23 15 1
23 23 22 31
23 23 23 132
23 23 24 8
23 24 22 1
23 24 23 119
23 24 24 178
23 24 25 14
23 25 24 12
23 25 25 6
24 21 17 7
24 21 18 24
24 22 11 2
24 22 12 1
24 22 18 2
24 22 19 5
24 22 20 18
24 22 21 1
24 23 12 2
24 23 14 2
24 23 15 1
24 23 20 7
24 23 21 8
24 23 24 1
24 24 15 1
24 24 22 4
24 24 23 9
24 24 24 108
24 24 25 11
24 25 24 120
24 25 25 310
24 25 26 20
24 26 25 11
24 26 26 7
24 27 25 1
25 23 20 9
25 23 21 19
25 23 22 5
25 24 14 1
25 24 21 4
25 24 22 16
25 24 23 11
25 24 24 2
25 24 25 3
25 25 23 6
25 25 24 8
25 25 25 148
25 25 26 18
25 26 25 51
25 26 26 102
25 26 27 3
25 27 26 1
25 27 27 4
26 23 21 1
26 24 22 38
26 24 23 7
26 25 14 1
26 25 15 1
26 25 17 1
26 25 22 8
26 25 23 27
26 25 24 9
26 26 16 2
26 26 17 2
26 26 18 1
26 26 19 1
26 26 24 1
26 26 25 5
26 26 26 52
26 26 27 13
26 27 26 23
26 27 27 47
26 27 28 12
26 28 28 14
27 25 22 1
27 25 23 18
27 25 24 8
27 26 15 4
27 26 17 1
27 26 19 1
27 26 22 1
27 26 23 2
27 26 24 10
27 26 25 4
27 26 26 4
27 26 27 1
27 27 16 1
27 27 21 3
27 27 22 2
27 27 26 5
27 27 27 47
27 27 28 11
27 28 27 3
27 28 28 43
27 28 29 7
27 29 28 1
27 29 29 1
28 26 23 1
28 26 24 11
28 26 26 1
28 27 18 1
28 27 19 1
28 27 24 1
28 27 25 2
28 27 26 2
28 27 27 4
28 28 23 1
28 28 24 1
28 28 27 4
28 28 28 24
28 28 29 8
28 29 28 8
28 29 29 52
28 29 30 17
28 30 29 1
28 30 30 1
29 27 24 2
29 27 25 3
29 28 25 6
29 28 26 3
29 28 27 1
29 28 28 1
29 29 20 1
29 29 23 1
29 29 28 3
29 29 29 33
29 29 30 52
29 30 28 1
29 30 29 16
29 30 30 236
29 30 31 3
29 31 30 3
30 28 26 2
30 28 29 1
30 29 26 3
30 29 27 3
30 29 28 1
30 29 29 1
30 29 30 1
30 30 22 1
30 30 27 6
30 30 28 17
30 30 29 19
30 30 30 658
30 30 31 34
30 31 28 1
30 31 29 10
30 31 30 209
30 31 31 39
31 30 28 1
31 30 29 1
31 30 30 4
31 31 29 3
