32
0 0 0 7
0 0 1 1
0 1 1 2
1 1 0 13
1 1 1 5
1 2 1 53
1 2 2 2
2 2 1 37
2 2 2 67
2 2 3 1
2 3 2 125
2 3 3 2
2 7 11 1
2 7 12 1
2 8 12 2
2 8 13 1
2 9 13 1
2 10 15 2
2 11 16 2
3 2 2 6
3 3 2 120
3 3 3 64
3 4 3 133
3 4 4 7
3 5 4 1
3 7 11 1
3 9 13 1
3 9 14 1
3 10 14 2
3 10 15 1
3 11 15 4
4 3 1 1
4 3 2 2
4 3 3 1
4 4 2 1
4 4 3 34
4 4 4 85
4 4 5 1
4 5 3 1
4 5 4 150
4 5 5 12
4 6 3 1
4 6 4 4
4 6 5 17
4 6 7 1
4 7 6 1
4 7 10 1
4 8 11 1
4 8 12 1
4 10 15 1
4 11 16 1
5 4 2 4
5 4 3 1
5 5 4 11
5 5 5 29
5 5 6 2
5 6 4 5
5 6 5 48
5 6 6 19
5 7 5 1
5 7 6 5
5 7 7 1
5 8 8 1
5 8 9 1
5 10 12 1
5 10 13 2
5 10 14 2
5 11 14 2
5 11 15 1
6 4 3 1
6 5 3 1
6 5 5 2
6 5 6 3
6 6 4 2
6 6 5 10
6 6 6 21
6 6 7 1
6 7 5 4
6 7 6 17
6 7 7 3
6 8 6 1
6 8 7 3
6 8 11 1
6 9 11 1
6 9 12 2
6 10 11 1
6 10 12 1
6 11 13 1
6 11 14 4
6 11 15 1
6 12 14 1
6 12 15 2
7 4 2 7
7 5 2 9
7 5 3 15
7 5 4 6
7 6 3 1
7 6 4 4
7 6 5 1
7 7 5 3
7 7 6 17
7 7 7 10
7 7 8 1
7 8 6 16
7 8 7 15
7 8 8 6
7 9 6 1
7 9 8 4
7 9 10 1
7 11 14 1
7 14 17 1
8 4 2 1
8 5 2 83
8 5 3 47
8 5 4 2
8 6 3 18
8 6 4 65
8 6 5 1
8 7 5 8
8 8 6 4
8 8 7 38
8 8 8 19
8 8 9 1
8 9 7 5
8 9 8 26
8 9 9 7
8 9 10 2
8 10 7 2
8 10 9 3
8 10 14 1
9 4 6 2
9 5 3 5
9 5 6 1
9 5 7 1
9 6 3 19
9 6 4 9
9 7 4 2
9 7 5 5
9 7 6 5
9 7 8 1
9 8 2 1
9 8 5 1
9 8 6 5
9 8 7 3
9 8 8 3
9 8 9 1
9 9 7 1
9 9 8 39
9 9 9 11
9 9 10 2
9 10 8 6
9 10 9 35
9 10 10 4
9 11 8 1
9 11 9 1
9 11 10 1
9 11 11 2
9 12 10 1
10 5 6 2
10 5 7 1
10 6 3 2
10 6 4 2
10 6 7 3
10 7 3 5
10 7 4 22
10 7 5 5
10 7 8 1
10 8 5 1
10 8 6 6
10 8 7 1
10 8 8 1
10 9 7 5
10 9 8 13
10 9 11 1
10 10 9 35
10 10 10 16
10 10 11 1
10 11 9 9
10 11 10 17
10 11 11 5
10 12 9 1
10 12 10 1
10 12 11 3
10 12 13 1
10 13 10 1
11 4 6 1
11 5 7 1
11 6 7 1
11 6 8 2
11 7 4 2
11 7 8 4
11 8 4 4
11 8 5 3
11 8 6 3
11 8 8 1
11 8 10 1
11 9 5 2
11 9 6 1
11 9 7 5
11 9 8 1
11 9 10 1
11 10 7 1
11 10 8 5
11 10 9 6
11 10 10 2
11 10 11 3
11 11 9 4
11 11 10 38
11 11 11 25
11 11 12 2
11 12 10 6
11 12 11 21
11 12 12 2
11 13 11 1
11 13 12 2
12 4 7 1
12 5 7 1
12 5 8 4
12 6 7 1
12 6 8 3
12 8 9 1
12 9 5 3
12 9 6 4
12 9 7 1
12 9 10 1
12 9 11 1
12 10 6 2
12 10 7 3
12 10 8 2
12 10 9 2
12 10 10 2
12 10 11 1
12 11 9 4
12 11 10 10
12 11 11 4
12 11 12 1
12 12 9 2
12 12 10 5
12 12 11 30
12 12 12 19
12 13 11 7
12 13 12 39
12 13 13 2
12 14 12 1
12 14 13 1
13 6 8 1
13 8 10 1
13 9 6 1
13 10 6 18
13 10 7 13
13 11 7 12
13 11 8 5
13 11 10 2
13 11 11 2
13 12 9 2
13 12 10 6
13 12 11 10
13 12 12 6
13 12 13 1
13 13 10 1
13 13 11 7
13 13 12 94
13 13 13 61
13 13 14 2
13 14 12 4
13 14 13 48
13 14 14 6
13 14 15 1
13 15 13 2
13 15 14 1
13 16 18 1
14 5 9 2
14 10 12 1
14 11 7 9
14 11 8 23
14 11 9 3
14 11 12 1
14 12 8 15
14 12 9 3
14 12 10 1
14 12 11 2
14 13 7 1
14 13 10 3
14 13 11 3
14 13 12 15
14 13 13 12
14 13 14 2
14 14 12 2
14 14 13 155
14 14 14 50
14 14 15 4
14 14 16 1
14 15 13 7
14 15 14 53
14 15 15 5
14 16 14 4
14 16 15 1
14 16 17 1
15 5 8 1
15 6 9 1
15 11 8 1
15 12 8 23
15 12 9 20
15 12 10 1
15 12 13 1
15 13 9 5
15 13 10 10
15 13 11 3
15 13 12 3
15 14 8 1
15 14 11 1
15 14 12 6
15 14 13 11
15 14 14 5
15 14 15 1
15 15 11 1
15 15 13 4
15 15 14 149
15 15 15 51
15 15 16 2
15 16 14 17
15 16 15 113
15 16 16 12
15 17 16 3
16 7 10 1
16 13 9 2
16 13 10 8
16 13 11 1
16 13 13 2
16 14 10 5
16 14 11 5
16 14 12 3
16 14 13 3
16 14 14 2
16 14 16 1
16 15 11 1
16 15 12 3
16 15 13 11
16 15 14 30
16 15 15 3
16 16 14 36
16 16 15 180
16 16 16 19
16 16 17 2
16 17 15 9
16 17 16 124
16 17 17 12
16 18 16 1
16 18 17 5
17 7 8 1
17 14 10 1
17 14 11 5
17 15 12 3
17 15 13 1
17 15 14 1
17 16 13 2
17 16 14 10
17 16 15 5
17 16 16 2
17 17 13 1
17 17 14 2
17 17 15 16
17 17 16 149
17 17 17 71
17 17 18 2
17 18 16 2
17 18 17 147
17 18 18 10
17 19 17 1
17 19 18 4
17 19 19 2
18 15 12 4
18 16 12 5
18 16 13 2
18 16 14 2
18 16 15 1
18 17 14 1
18 17 15 10
18 17 16 10
18 17 17 2
18 17 18 1
18 18 12 1
18 18 16 5
18 18 17 106
18 18 18 39
18 18 19 4
18 19 17 16
18 19 18 197
18 19 19 10
18 19 20 1
18 20 19 3
19 16 16 1
19 17 14 4
19 17 15 4
19 18 11 1
19 18 15 2
19 18 16 3
19 18 17 11
19 18 18 5
19 19 12 1
19 19 13 1
19 19 17 10
19 19 18 186
19 19 19 57
19 19 20 2
19 20 18 9
19 20 19 296
19 20 20 15
19 20 21 1
19 21 19 1
19 21 20 7
19 21 21 2
20 17 14 2
20 18 15 6
20 18 16 2
20 18 17 4
20 19 11 1
20 19 14 1
20 19 16 2
20 19 17 1
20 19 18 5
20 19 20 1
20 20 13 2
20 20 18 8
20 20 19 69
20 20 20 23
20 20 21 3
20 21 19 8
20 21 20 256
20 21 21 34
20 22 21 17
20 22 22 1
21 18 15 1
21 18 18 1
21 19 16 2
21 19 17 2
21 20 12 2
21 20 14 1
21 20 17 2
21 20 18 3
21 20 19 2
21 21 17 1
21 21 18 1
21 21 19 1
21 21 20 41
21 21 21 24
21 21 22 11
21 22 20 3
21 22 21 148
21 22 22 114
21 22 23 5
21 23 22 12
21 23 23 2
22 20 17 14
22 20 18 7
22 20 19 1
22 20 20 1
22 21 15 1
22 21 18 8
22 21 19 3
22 21 20 5
22 21 21 3
22 22 14 1
22 22 20 1
22 22 21 28
22 22 22 81
22 22 23 12
22 23 22 386
22 23 23 128
22 23 24 2
22 24 23 14
22 24 24 6
22 25 23 1
23 20 16 3
23 20 17 25
23 20 18 4
23 21 17 27
23 21 18 41
23 21 19 5
23 22 15 1
23 22 19 10
23 22 20 6
23 22 21 1
23 22 22 6
23 23 22 25
23 23 23 140
23 23 24 13
23 24 23 148
23 24 24 154
23 24 25 11
23 25 24 14
23 25 25 13
24 21 17 6
24 21 18 2
24 21 19 1
24 22 18 1
24 22 19 7
24 22 20 27
24 23 15 1
24 23 20 6
24 23 21 7
24 23 22 1
24 24 20 1
24 24 21 1
24 24 22 7
24 24 23 7
24 24 24 108
24 24 25 8
24 25 24 152
24 25 25 294
24 25 26 9
24 26 25 10
24 26 26 7
25 23 20 5
25 23 21 23
25 23 22 4
25 24 13 1
25 24 16 1
25 24 18 1
25 24 19 1
25 24 21 2
25 24 22 16
25 24 23 6
25 24 24 4
25 25 13 1
25 25 14 1
25 25 23 2
25 25 24 9
25 25 25 126
25 25 26 10
25 26 24 1
25 26 25 40
25 26 26 76
25 26 27 2
25 27 26 3
25 27 27 3
25 28 27 1
26 24 22 41
26 24 23 3
26 24 24 2
26 25 22 9
26 25 23 22
26 25 24 6
26 25 25 4
26 25 26 1
26 26 15 1
26 26 17 3
26 26 19 1
26 26 24 2
26 26 25 7
26 26 26 47
26 26 27 15
26 27 26 20
26 27 27 52
26 27 28 14
26 28 27 1
26 28 28 5
27 25 15 1
27 25 23 23
27 25 24 3
27 26 17 1
27 26 18 1
27 26 20 1
27 26 23 6
27 26 24 12
27 26 25 4
27 26 26 2
27 26 27 1
27 27 17 1
27 27 20 1
27 27 22 1
27 27 26 3
27 27 27 31
27 27 28 8
27 28 27 6
27 28 28 36
27 28 29 5
27 29 29 2
28 26 23 1
28 26 24 9
28 27 22 1
28 27 24 2
28 27 25 1
28 27 26 3
28 27 27 3
28 27 28 1
28 28 26 1
28 28 27 4
28 28 28 18
28 28 29 11
28 29 27 1
28 29 28 6
28 29 29 65
28 29 30 29
28 30 29 1
29 27 24 1
29 27 25 2
29 28 19 1
29 28 25 4
29 28 26 4
29 28 28 5
29 29 19 1
29 29 25 1
29 29 26 1
29 29 27 2
29 29 28 5
29 29 29 28
29 29 30 47
29 30 22 1
29 30 29 21
29 30 30 230
29 30 31 5
29 31 30 2
29 31 31 1
30 28 26 2
30 29 26 4
30 29 27 6
30 29 29 3
30 29 30 2
30 30 22 1
30 30 27 3
30 30 28 15
30 30 29 16
30 30 30 573
30 30 31 55
30 31 29 13
30 31 30 278
30 31 31 77
31 30 28 2
31 30 29 3
31 30 30 4
31 30 31 1
31 31 28 1
31 31 29 1
