32
0 0 0 5
0 1 0 1
0 1 1 2
1 0 1 1
1 1 0 14
1 1 1 3
1 2 1 76
1 2 2 3
2 1 0 1
2 1 1 1
2 2 1 44
2 2 2 48
2 2 3 1
2 3 1 1
2 3 2 132
2 3 3 3
2 8 11 1
2 8 13 2
3 2 2 3
3 3 2 124
3 3 3 43
3 4 3 153
3 4 4 10
3 5 4 2
3 8 11 1
3 11 16 1
3 12 16 2
3 12 17 1
4 3 3 1
4 4 2 1
4 4 3 30
4 4 4 83
4 4 5 1
4 5 4 151
4 5 5 15
4 6 3 2
4 6 4 9
4 6 5 14
4 7 8 1
4 7 9 1
4 8 9 1
4 8 10 1
4 8 11 2
4 9 13 1
4 10 15 1
4 11 16 1
4 12 17 1
5 4 2 1
5 4 4 1
5 5 4 12
5 5 5 22
5 5 6 3
5 6 4 9
5 6 5 45
5 6 6 12
5 7 5 2
5 7 6 3
5 7 7 2
5 8 8 1
5 8 10 1
5 10 13 1
5 11 14 1
5 11 15 2
5 11 16 1
5 13 15 1
6 4 2 1
6 4 3 1
6 4 5 1
6 5 3 5
6 5 4 1
6 5 5 5
6 5 6 1
6 6 4 2
6 6 5 17
6 6 6 14
6 7 5 4
6 7 6 12
6 7 7 5
6 8 6 2
6 8 7 5
6 9 11 1
6 11 14 1
6 11 15 1
6 12 14 1
6 12 15 1
6 12 16 1
6 13 17 1
7 4 2 8
7 5 2 12
7 5 3 11
7 5 4 7
7 6 3 2
7 6 4 1
7 6 5 6
7 6 6 1
7 6 7 2
7 7 5 2
7 7 6 25
7 7 7 14
7 8 6 13
7 8 7 19
7 8 8 2
7 8 9 1
7 9 8 2
7 9 10 1
7 10 13 1
7 11 14 2
7 12 15 1
8 4 2 7
8 5 2 74
8 5 3 54
8 6 3 29
8 6 4 42
8 6 5 1
8 7 4 1
8 7 5 4
8 7 6 3
8 7 7 1
8 8 6 3
8 8 7 45
8 8 8 15
8 8 9 1
8 9 7 3
8 9 8 28
8 9 9 2
8 10 7 1
8 10 9 2
8 10 10 1
9 4 5 1
9 5 3 4
9 5 7 1
9 6 3 17
9 6 4 9
9 6 5 1
9 7 4 1
9 7 5 8
9 7 6 3
9 7 7 1
9 8 5 2
9 8 6 5
9 8 7 10
9 8 8 4
9 8 9 1
9 8 11 1
9 9 7 1
9 9 8 64
9 9 9 9
9 9 10 1
9 9 11 1
9 10 8 7
9 10 9 15
9 10 10 2
9 11 9 4
9 11 10 2
9 11 11 2
10 4 5 1
10 5 7 1
10 6 3 4
10 6 4 1
10 6 7 2
10 6 8 1
10 7 3 3
10 7 4 19
10 7 5 3
10 8 5 2
10 8 6 7
10 8 7 1
10 8 8 2
10 9 7 2
10 9 8 4
10 10 8 4
10 10 9 68
10 10 10 17
10 10 11 2
10 11 9 13
10 11 10 32
10 11 11 8
10 12 9 1
10 12 10 2
10 12 11 6
10 12 12 1
10 12 14 1
10 13 10 1
11 4 6 1
11 5 7 4
11 6 7 2
11 6 8 1
11 7 4 8
11 7 8 3
11 8 5 1
11 8 8 1
11 8 9 2
11 9 6 2
11 9 7 3
11 9 8 1
11 9 10 2
11 10 8 5
11 10 9 12
11 10 11 1
11 11 9 10
11 11 10 56
11 11 11 18
11 11 12 1
11 12 10 20
11 12 11 34
11 12 12 5
11 13 12 2
12 5 7 1
12 6 7 1
12 6 8 1
12 7 9 1
12 8 10 1
12 9 5 2
12 9 6 10
12 9 11 1
12 10 6 1
12 10 7 1
12 10 8 2
12 10 9 2
12 10 10 2
12 10 11 4
12 11 8 1
12 11 9 4
12 11 10 5
12 11 11 2
12 12 10 9
12 12 11 70
12 12 12 13
12 13 11 7
12 13 12 36
12 13 13 9
12 13 14 1
12 14 13 5
13 5 8 4
13 7 9 1
13 10 6 9
13 10 7 10
13 10 11 1
13 10 12 1
13 11 7 7
13 11 8 3
13 11 9 3
13 11 10 2
13 11 11 1
13 11 12 1
13 12 10 2
13 12 11 13
13 12 12 8
13 12 13 1
13 13 11 7
13 13 12 103
13 13 13 70
13 14 12 6
13 14 13 54
13 14 14 4
13 14 15 1
13 15 13 2
13 15 14 2
14 6 9 2
14 10 11 1
14 11 7 10
14 11 8 26
14 11 9 4
14 12 8 7
14 12 9 1
14 12 10 2
14 12 11 1
14 13 9 1
14 13 11 3
14 13 12 10
14 13 13 17
14 14 10 1
14 14 12 6
14 14 13 133
14 14 14 52
14 15 13 5
14 15 14 48
14 15 15 9
14 16 14 1
14 16 15 1
15 5 8 1
15 10 11 1
15 11 8 1
15 12 8 35
15 12 9 15
15 12 10 2
15 13 9 8
15 13 10 4
15 13 11 3
15 13 12 2
15 13 13 4
15 14 11 1
15 14 12 6
15 14 13 10
15 14 14 10
15 14 15 1
15 15 13 12
15 15 14 102
15 15 15 32
15 15 16 6
15 16 14 17
15 16 15 106
15 16 16 10
15 16 17 1
15 17 16 3
15 17 17 1
16 12 12 1
16 13 9 1
16 13 10 7
16 13 11 1
16 14 10 1
16 14 11 7
16 14 12 5
16 14 13 5
16 14 14 2
16 15 12 1
16 15 13 10
16 15 14 40
16 15 15 3
16 16 10 1
16 16 14 50
16 16 15 162
16 16 16 36
16 16 17 2
16 17 15 6
16 17 16 107
16 17 17 9
16 18 17 4
16 18 20 1
17 14 10 1
17 14 11 6
17 15 11 3
17 15 12 3
17 15 13 2
17 15 14 1
17 16 11 1
17 16 12 1
17 16 13 3
17 16 14 8
17 16 15 8
17 16 16 1
17 17 12 1
17 17 13 1
17 17 14 1
17 17 15 15
17 17 16 152
17 17 17 78
17 17 18 2
17 18 16 1
17 18 17 105
17 18 18 7
17 19 18 3
18 15 12 8
18 16 12 6
18 16 13 5
18 16 14 4
18 16 15 1
18 16 16 1
18 17 10 1
18 17 14 1
18 17 15 5
18 17 16 7
18 17 17 3
18 17 18 1
18 18 11 1
18 18 16 5
18 18 17 108
18 18 18 45
18 18 19 1
18 19 16 1
18 19 17 11
18 19 18 157
18 19 19 9
18 20 19 3
18 21 19 1
19 16 12 1
19 16 13 1
19 17 13 3
19 17 14 7
19 17 15 3
19 17 16 1
19 17 17 1
19 18 10 1
19 18 11 1
19 18 15 1
19 18 16 5
19 18 17 11
19 18 18 4
19 19 17 12
19 19 18 193
19 19 19 54
19 19 20 3
19 20 18 15
19 20 19 272
19 20 20 22
19 20 21 1
19 21 19 1
19 21 20 4
19 21 21 1
20 17 14 3
20 18 14 1
20 18 15 3
20 18 16 9
20 18 17 1
20 19 13 1
20 19 16 1
20 19 17 5
20 19 18 4
20 19 19 2
20 20 14 1
20 20 18 8
20 20 19 68
20 20 20 19
20 20 21 1
20 21 19 3
20 21 20 276
20 21 21 28
20 22 21 15
21 18 15 2
21 19 13 1
21 19 15 2
21 19 16 1
21 19 17 4
21 20 12 1
21 20 14 1
21 20 17 1
21 20 18 5
21 20 19 4
21 20 20 3
21 21 13 2
21 21 14 1
21 21 17 1
21 21 20 38
21 21 21 29
21 21 22 7
21 22 21 143
21 22 22 102
21 22 23 3
21 23 22 14
21 23 23 2
22 19 16 1
22 20 17 3
22 20 18 5
22 20 19 1
22 21 13 1
22 21 18 6
22 21 19 6
22 21 20 3
22 21 21 1
22 21 22 2
22 22 18 1
22 22 20 1
22 22 21 28
22 22 22 137
22 22 23 18
22 23 22 348
22 23 23 127
22 23 24 9
22 24 23 11
22 24 24 9
23 20 17 9
23 20 18 3
23 20 19 1
23 21 17 9
23 21 18 62
23 21 19 10
23 22 14 1
23 22 19 7
23 22 20 8
23 22 21 2
23 22 22 4
23 23 21 2
23 23 22 27
23 23 23 181
23 23 24 8
23 24 23 124
23 24 24 184
23 24 25 17
23 25 24 9
23 25 25 7
24 21 17 2
24 21 18 21
24 22 18 4
24 22 19 9
24 22 20 24
24 22 23 1
24 23 16 1
24 23 20 4
24 23 21 9
24 23 22 2
24 23 23 5
24 23 24 1
24 24 18 1
24 24 21 1
24 24 22 2
24 24 23 7
24 24 24 138
24 24 25 14
24 25 24 134
24 25 25 315
24 25 26 17
24 26 25 12
24 26 26 9
25 23 12 2
25 23 20 5
25 23 21 24
25 23 22 4
25 24 16 1
25 24 21 3
25 24 22 21
25 24 23 8
25 24 24 4
25 25 16 1
25 25 23 3
25 25 24 10
25 25 25 130
25 25 26 17
25 25 27 1
25 26 24 1
25 26 25 31
25 26 26 93
25 26 27 7
25 27 27 5
26 23 21 1
26 24 14 1
26 24 22 42
26 24 23 2
26 24 25 1
26 25 22 3
26 25 23 28
26 25 24 7
26 25 25 3
26 26 14 1
26 26 15 1
26 26 16 1
26 26 17 1
26 26 18 3
26 26 19 1
26 26 24 3
26 26 25 5
26 26 26 59
26 26 27 11
26 27 26 26
26 27 27 53
26 27 28 12
26 28 27 1
26 28 28 10
27 25 15 1
27 25 23 24
27 25 24 2
27 26 17 3
27 26 18 1
27 26 19 1
27 26 23 3
27 26 24 13
27 26 25 6
27 26 26 2
27 26 27 1
27 27 24 1
27 27 26 3
27 27 27 36
27 27 28 7
27 28 27 9
27 28 28 38
27 28 29 7
27 29 29 1
28 26 23 1
28 26 24 13
28 26 26 1
28 27 22 1
28 27 24 1
28 27 25 1
28 27 26 1
28 27 27 4
28 28 20 1
28 28 23 1
28 28 26 1
28 28 27 5
28 28 28 31
28 28 29 13
28 29 28 6
28 29 29 65
28 29 30 20
28 30 29 1
29 27 24 1
29 27 25 5
29 27 26 1
29 28 18 1
29 28 25 1
29 28 26 1
29 28 27 3
29 28 28 3
29 29 20 1
29 29 22 1
29 29 25 1
29 29 27 2
29 29 28 1
29 29 29 35
29 29 30 52
29 30 29 17
29 30 30 204
29 30 31 6
29 31 30 1
30 28 26 4
30 29 26 5
30 29 27 5
30 29 28 1
30 29 29 3
30 29 30 1
30 30 21 1
30 30 27 4
30 30 28 14
30 30 29 18
30 30 30 652
30 30 31 40
30 31 29 6
30 31 30 214
30 31 31 34
31 30 28 3
31 30 29 1
31 30 30 7
31 30 31 1
31 31 29 2
