32
0 0 0 6
0 1 0 3
1 1 0 18
1 1 1 14
1 1 2 1
1 2 1 63
1 2 2 1
2 2 1 33
2 2 2 51
2 3 2 116
2 3 3 2
2 8 12 2
3 2 1 1
3 2 2 7
3 3 2 108
3 3 3 66
3 4 3 132
3 4 4 10
3 5 4 1
3 7 11 1
3 8 12 1
3 10 14 1
3 11 16 2
3 11 17 1
3 12 16 1
3 12 17 1
4 3 2 3
4 3 3 1
4 4 3 37
4 4 4 71
4 5 3 1
4 5 4 157
4 5 5 12
4 6 3 2
4 6 4 4
4 6 5 10
4 6 6 1
4 8 10 1
4 8 11 2
4 9 13 1
4 10 13 2
4 10 14 1
4 11 15 1
4 12 15 1
5 4 2 1
5 4 3 1
5 4 4 1
5 5 4 18
5 5 5 33
5 5 6 2
5 6 4 4
5 6 5 44
5 6 6 18
5 7 4 2
5 7 5 4
5 7 6 4
5 7 7 1
5 7 9 1
5 8 8 1
5 8 9 1
5 8 10 1
5 11 14 3
5 12 15 2
5 12 16 2
5 12 17 1
6 4 3 3
6 5 3 1
6 5 4 2
6 5 5 3
6 5 6 4
6 6 4 1
6 6 5 18
6 6 6 11
6 7 5 3
6 7 6 15
6 7 7 3
6 8 6 1
6 8 7 1
6 9 11 1
6 9 12 1
6 11 13 1
6 11 15 2
7 4 2 5
7 5 2 13
7 5 3 13
7 5 4 4
7 6 3 3
7 6 4 1
7 6 5 2
7 6 6 1
7 6 7 1
7 7 5 4
7 7 6 24
7 7 7 16
7 7 8 1
7 8 6 9
7 8 7 20
7 8 8 3
7 9 7 1
7 9 8 1
7 9 11 1
7 10 13 1
7 11 13 1
7 11 14 2
8 4 2 2
8 4 3 1
8 5 2 78
8 5 3 62
8 5 4 1
8 5 6 2
8 6 3 27
8 6 4 38
8 6 5 2
8 7 4 1
8 7 5 6
8 7 6 3
8 8 6 9
8 8 7 47
8 8 8 23
8 8 9 1
8 9 7 7
8 9 8 35
8 9 9 2
8 9 12 1
8 10 7 2
8 10 8 1
8 10 9 4
8 10 10 1
8 11 13 1
8 11 14 1
9 4 6 1
9 5 3 6
9 5 6 1
9 6 3 18
9 6 4 4
9 6 7 1
9 6 8 1
9 7 5 8
9 7 6 3
9 8 5 3
9 8 6 5
9 8 7 8
9 8 8 1
9 8 9 1
9 9 7 2
9 9 8 54
9 9 9 11
9 9 10 2
9 10 8 10
9 10 9 25
9 10 10 9
9 11 9 1
9 11 10 5
9 11 11 1
10 5 7 1
10 6 3 5
10 6 7 5
10 7 3 1
10 7 4 24
10 7 5 1
10 7 8 2
10 8 4 1
10 8 5 3
10 8 6 7
10 8 7 8
10 9 6 2
10 9 7 3
10 9 8 4
10 9 10 1
10 10 8 3
10 10 9 49
10 10 10 15
10 10 11 1
10 11 9 14
10 11 10 33
10 11 11 7
10 12 9 1
10 12 11 2
11 4 6 1
11 5 6 1
11 5 7 3
11 6 7 2
11 6 8 2
11 7 4 7
11 7 8 3
11 8 4 4
11 8 5 2
11 8 6 2
11 8 8 1
11 9 5 2
11 9 6 1
11 9 7 6
11 9 8 2
11 9 10 1
11 10 8 7
11 10 9 12
11 10 10 3
11 10 11 2
11 11 9 14
11 11 10 53
11 11 11 16
11 11 12 2
11 12 10 8
11 12 11 37
11 12 12 5
11 12 13 1
11 13 11 1
11 13 12 2
12 5 7 1
12 5 8 1
12 6 8 1
12 8 5 1
12 8 10 1
12 9 6 5
12 9 7 1
12 9 11 2
12 10 6 1
12 10 7 1
12 10 8 2
12 10 9 1
12 10 10 1
12 10 11 1
12 11 9 1
12 11 10 7
12 11 11 1
12 11 12 1
12 12 10 8
12 12 11 64
12 12 12 12
12 13 11 13
12 13 12 41
12 13 13 11
12 14 13 4
13 5 8 2
13 6 8 1
13 9 10 1
13 10 6 10
13 10 7 11
13 11 7 10
13 11 8 3
13 11 9 2
13 11 11 1
13 11 12 1
13 12 9 2
13 12 10 3
13 12 11 7
13 12 12 9
13 12 13 1
13 13 10 1
13 13 11 8
13 13 12 80
13 13 13 83
13 13 14 1
13 14 12 6
13 14 13 45
13 14 14 6
13 15 13 2
13 15 14 3
13 15 15 1
14 9 9 1
14 10 8 1
14 11 7 7
14 11 8 20
14 11 9 1
14 11 11 1
14 12 8 7
14 12 9 7
14 12 10 1
14 12 12 1
14 13 8 1
14 13 10 1
14 13 11 7
14 13 12 8
14 13 13 14
14 14 10 1
14 14 11 1
14 14 12 2
14 14 13 131
14 14 14 50
14 14 15 5
14 15 13 10
14 15 14 54
14 15 15 11
14 16 15 1
15 5 8 1
15 10 11 1
15 11 8 4
15 12 8 23
15 12 9 25
15 12 10 2
15 13 9 7
15 13 10 8
15 13 12 6
15 13 13 1
15 13 14 1
15 14 10 1
15 14 11 2
15 14 12 6
15 14 13 14
15 14 14 8
15 14 15 1
15 15 12 1
15 15 13 9
15 15 14 104
15 15 15 32
15 15 16 1
15 16 14 22
15 16 15 96
15 16 16 12
15 17 15 1
15 17 16 1
15 17 17 1
15 18 19 1
16 5 9 1
16 13 9 4
16 13 10 8
16 14 10 3
16 14 11 5
16 14 12 5
16 14 13 3
16 14 14 3
16 15 11 1
16 15 12 3
16 15 13 7
16 15 14 32
16 15 15 7
16 15 16 1
16 16 13 1
16 16 14 48
16 16 15 145
16 16 16 24
16 16 17 3
16 17 15 11
16 17 16 130
16 17 17 9
16 18 17 1
17 14 10 3
17 14 11 5
17 15 11 3
17 15 12 3
17 15 13 5
17 15 14 3
17 15 15 3
17 16 13 2
17 16 14 9
17 16 15 9
17 16 16 4
17 17 7 1
17 17 12 2
17 17 15 9
17 17 16 128
17 17 17 51
17 17 18 2
17 18 16 5
17 18 17 92
17 18 18 11
17 19 18 4
18 15 12 4
18 16 12 6
18 16 13 7
18 16 14 5
18 17 12 1
18 17 14 2
18 17 15 6
18 17 16 5
18 17 17 3
18 17 18 2
18 18 12 1
18 18 16 5
18 18 17 121
18 18 18 39
18 18 19 2
18 19 17 17
18 19 18 140
18 19 19 11
18 20 19 3
19 16 13 1
19 16 15 2
19 16 18 1
19 17 13 3
19 17 14 7
19 17 15 2
19 17 16 2
19 18 10 1
19 18 12 2
19 18 14 1
19 18 16 3
19 18 17 5
19 18 18 6
19 18 19 1
19 19 17 16
19 19 18 176
19 19 19 50
19 19 20 2
19 20 18 10
19 20 19 269
19 20 20 16
19 21 19 1
19 21 20 2
19 21 21 2
20 17 14 2
20 18 15 4
20 18 16 4
20 18 17 2
20 19 12 1
20 19 17 6
20 19 18 3
20 20 13 1
20 20 16 1
20 20 18 7
20 20 19 66
20 20 20 25
20 20 21 5
20 21 19 7
20 21 20 253
20 21 21 38
20 22 21 12
21 18 15 3
21 19 16 4
21 19 17 1
21 20 12 1
21 20 14 1
21 20 17 1
21 20 18 5
21 20 19 2
21 20 20 3
21 20 21 2
21 21 19 1
21 21 20 35
21 21 21 30
21 21 22 14
21 22 20 2
21 22 21 135
21 22 22 113
21 22 23 1
21 23 22 7
22 20 17 3
22 20 18 5
22 20 19 2
22 21 13 2
22 21 15 1
22 21 17 1
22 21 18 8
22 21 19 5
22 21 20 6
22 21 21 2
22 22 19 1
22 22 20 1
22 22 21 29
22 22 22 118
22 22 23 13
22 23 21 1
22 23 22 332
22 23 23 143
22 23 24 6
22 24 23 24
22 24 24 4
23 20 17 17
23 20 18 4
23 21 17 10
23 21 18 61
23 21 19 5
23 21 20 2
23 22 14 2
23 22 16 1
23 22 19 8
23 22 20 4
23 22 21 1
23 22 22 2
23 23 16 1
23 23 22 16
23 23 23 172
23 23 24 13
23 24 20 1
23 24 22 1
23 24 23 140
23 24 24 186
23 24 25 11
23 25 24 10
23 25 25 13
24 21 17 8
24 21 18 11
24 22 16 1
24 22 19 7
24 22 20 22
24 22 21 1
24 22 22 1
24 23 20 9
24 23 21 8
24 23 22 5
24 23 23 3
24 23 24 1
24 24 19 1
24 24 22 1
24 24 23 6
24 24 24 112
24 24 25 12
24 25 23 1
24 25 24 110
24 25 25 308
24 25 26 16
24 26 25 7
24 26 26 8
25 22 20 2
25 23 12 1
25 23 13 1
25 23 20 3
25 23 21 22
25 23 22 6
25 23 23 1
25 24 13 2
25 24 16 1
25 24 18 1
25 24 21 1
25 24 22 20
25 24 23 7
25 24 24 2
25 24 25 1
25 25 23 4
25 25 24 9
25 25 25 143
25 25 26 13
25 26 25 33
25 26 26 98
25 26 27 4
25 27 26 1
25 27 27 6
26 24 21 1
26 24 22 39
26 24 23 7
26 25 15 1
26 25 16 3
26 25 22 3
26 25 23 23
26 25 24 7
26 25 25 1
26 26 15 1
26 26 16 1
26 26 17 1
26 26 18 2
26 26 19 1
26 26 24 4
26 26 25 8
26 26 26 52
26 26 27 21
26 27 26 34
26 27 27 59
26 27 28 10
26 28 27 2
26 28 28 11
26 28 29 1
27 25 23 31
27 25 24 6
27 26 15 1
27 26 17 2
27 26 18 2
27 26 23 3
27 26 24 12
27 26 25 3
27 26 26 3
27 27 25 1
27 27 26 8
27 27 27 46
27 27 28 6
27 28 27 10
27 28 28 36
27 28 29 6
27 29 29 1
28 26 22 1
28 26 24 9
28 27 23 1
28 27 24 3
28 27 25 5
28 27 26 3
28 27 27 3
28 27 28 3
28 28 19 1
28 28 26 2
28 28 27 5
28 28 28 34
28 28 29 15
28 29 28 8
28 29 29 61
28 29 30 27
29 27 24 1
29 27 25 6
29 28 26 1
29 28 27 2
29 29 20 1
29 29 21 1
29 29 27 3
29 29 28 1
29 29 29 36
29 29 30 50
29 30 29 19
29 30 30 227
29 30 31 5
29 31 30 1
30 28 25 1
30 29 26 6
30 29 27 7
30 29 28 1
30 29 29 3
30 29 30 2
30 30 22 1
30 30 27 3
30 30 28 13
30 30 29 17
30 30 30 634
30 30 31 37
30 31 29 9
30 31 30 199
30 31 31 36
31 30 28 1
31 30 29 5
31 30 30 3
