32
0 0 0 10
0 1 0 1
1 1 0 12
1 1 1 5
1 2 1 79
1 2 2 2
2 1 1 1
2 2 1 48
2 2 2 47
2 3 2 127
2 3 3 1
2 8 11 1
2 8 12 2
2 10 15 1
3 2 1 1
3 2 2 4
3 3 1 1
3 3 2 117
3 3 3 51
3 4 3 157
3 4 4 6
3 8 10 1
3 8 11 1
3 10 14 1
3 11 15 4
3 11 16 1
4 3 2 2
4 3 3 2
4 4 2 1
4 4 3 30
4 4 4 71
4 4 5 1
4 5 4 145
4 5 5 18
4 6 3 2
4 6 4 8
4 6 5 12
4 6 7 1
4 7 7 1
4 9 12 1
4 9 13 2
4 10 14 1
5 4 2 3
5 4 3 1
5 4 4 3
5 5 4 15
5 5 5 22
5 5 6 2
5 6 4 6
5 6 5 51
5 6 6 19
5 7 4 1
5 7 5 2
5 7 6 5
5 7 8 3
5 8 10 1
5 9 11 1
5 9 13 1
5 10 14 1
5 11 14 2
5 12 15 1
6 4 3 2
6 5 3 3
6 5 4 4
6 5 5 1
6 5 6 2
6 6 4 2
6 6 5 18
6 6 6 13
6 7 5 5
6 7 6 14
6 7 7 1
6 8 7 3
6 8 11 1
6 9 6 1
6 9 10 1
6 9 12 1
6 9 13 1
6 10 12 2
6 10 13 1
6 11 12 1
6 11 14 2
6 11 15 2
6 12 14 1
6 12 15 1
7 4 2 2
7 5 2 15
7 5 3 13
7 5 4 6
7 6 3 1
7 6 4 3
7 6 5 4
7 6 6 1
7 7 5 2
7 7 6 28
7 7 7 13
7 7 8 1
7 8 6 10
7 8 7 18
7 8 8 5
7 8 10 1
7 9 8 4
7 10 7 1
8 4 2 3
8 5 2 78
8 5 3 53
8 5 4 1
8 6 3 9
8 6 4 58
8 6 5 3
8 7 4 1
8 7 5 5
8 7 6 6
8 7 7 1
8 7 8 2
8 8 6 3
8 8 7 40
8 8 8 11
8 8 10 1
8 9 7 7
8 9 8 34
8 9 9 1
8 10 7 1
8 10 9 5
8 10 10 1
8 11 7 1
8 14 17 1
8 14 18 1
9 4 5 2
9 5 3 7
9 5 6 1
9 5 7 1
9 6 3 16
9 6 4 6
9 6 7 1
9 7 4 3
9 7 5 10
9 7 6 2
9 7 7 1
9 8 5 1
9 8 6 4
9 8 7 3
9 8 8 1
9 9 7 2
9 9 8 47
9 9 9 9
9 9 10 2
9 10 8 11
9 10 9 33
9 10 10 8
9 10 11 1
9 10 12 1
9 11 9 1
9 11 10 2
10 4 6 1
10 5 7 2
10 6 3 1
10 6 4 3
10 6 7 1
10 7 3 3
10 7 4 24
10 7 5 6
10 7 6 1
10 8 6 3
10 8 7 4
10 8 8 1
10 9 7 2
10 9 8 9
10 9 9 1
10 9 10 2
10 10 8 3
10 10 9 65
10 10 10 18
10 10 11 1
10 11 9 16
10 11 10 27
10 11 11 2
10 12 10 1
10 12 11 3
11 5 7 2
11 6 7 3
11 6 8 1
11 7 4 5
11 7 8 3
11 8 4 2
11 8 5 2
11 8 6 2
11 8 8 1
11 8 9 1
11 9 6 4
11 9 7 4
11 9 8 2
11 9 9 1
11 9 10 3
11 10 8 3
11 10 9 7
11 10 10 1
11 10 11 1
11 11 9 10
11 11 10 56
11 11 11 20
11 12 10 15
11 12 11 29
11 12 12 2
11 13 12 2
12 5 7 1
12 5 8 2
12 6 8 1
12 7 8 2
12 9 5 3
12 9 6 6
12 9 7 1
12 9 8 1
12 9 9 1
12 9 11 1
12 10 6 1
12 10 7 2
12 10 8 2
12 10 9 1
12 10 10 1
12 10 11 1
12 11 9 4
12 11 10 12
12 11 11 4
12 11 12 2
12 12 10 5
12 12 11 58
12 12 12 21
12 12 13 1
12 13 11 13
12 13 12 49
12 13 13 5
12 14 13 1
13 6 8 2
13 9 6 1
13 9 9 1
13 9 10 1
13 10 6 10
13 10 7 15
13 11 7 16
13 11 8 4
13 11 9 5
13 12 9 1
13 12 10 4
13 12 11 9
13 12 12 5
13 13 9 1
13 13 11 8
13 13 12 91
13 13 13 79
13 13 14 2
13 14 12 5
13 14 13 53
13 14 14 8
13 15 13 5
13 16 14 1
14 5 8 2
14 11 7 7
14 11 8 23
14 11 9 2
14 11 11 1
14 12 8 12
14 12 9 2
14 12 10 2
14 12 11 1
14 12 13 2
14 13 9 1
14 13 10 2
14 13 11 1
14 13 12 11
14 13 13 15
14 14 12 5
14 14 13 129
14 14 14 60
14 14 15 2
14 15 13 10
14 15 14 50
14 15 15 9
14 15 16 1
14 16 14 1
14 16 15 4
14 16 16 1
14 16 17 1
15 5 8 1
15 5 9 1
15 10 11 1
15 12 8 27
15 12 9 17
15 12 10 1
15 13 9 3
15 13 10 6
15 13 11 3
15 13 12 5
15 13 13 1
15 13 14 2
15 14 11 1
15 14 12 7
15 14 13 13
15 14 14 10
15 15 9 1
15 15 13 8
15 15 14 136
15 15 15 40
15 15 16 1
15 16 14 22
15 16 15 99
15 16 16 7
15 17 15 1
15 17 16 2
16 13 9 4
16 13 10 8
16 13 11 2
16 13 12 1
16 13 14 1
16 14 10 1
16 14 11 5
16 14 12 1
16 14 13 4
16 15 11 2
16 15 12 2
16 15 13 11
16 15 14 41
16 15 15 4
16 16 6 1
16 16 14 47
16 16 15 164
16 16 16 35
16 16 17 3
16 17 15 8
16 17 16 122
16 17 17 9
16 18 17 1
17 14 10 1
17 14 11 3
17 15 11 3
17 15 12 5
17 15 13 5
17 15 14 1
17 16 14 14
17 16 15 10
17 16 16 3
17 16 17 1
17 17 12 2
17 17 13 1
17 17 15 11
17 17 16 142
17 17 17 74
17 17 18 2
17 18 16 9
17 18 17 108
17 18 18 10
17 19 18 2
18 15 12 5
18 16 12 7
18 16 13 6
18 16 14 3
18 16 15 1
18 16 16 1
18 17 12 1
18 17 14 3
18 17 15 10
18 17 16 11
18 17 17 4
18 17 18 1
18 18 11 1
18 18 16 6
18 18 17 138
18 18 18 49
18 18 19 1
18 19 17 15
18 19 18 175
18 19 19 11
18 19 20 1
18 20 18 2
18 20 19 1
19 16 13 1
19 17 13 3
19 17 14 4
19 17 15 6
19 17 17 1
19 18 12 1
19 18 13 1
19 18 16 8
19 18 17 5
19 18 18 4
19 19 11 1
19 19 13 1
19 19 17 16
19 19 18 197
19 19 19 56
19 19 20 4
19 20 18 14
19 20 19 275
19 20 20 21
19 20 21 1
19 21 19 2
19 21 20 10
20 17 14 2
20 18 14 1
20 18 16 2
20 18 18 1
20 19 10 1
20 19 12 1
20 19 13 2
20 19 16 1
20 19 17 2
20 19 18 7
20 19 19 4
20 19 20 1
20 20 18 5
20 20 19 61
20 20 20 22
20 20 21 4
20 21 19 12
20 21 20 269
20 21 21 32
20 22 21 22
21 18 16 1
21 19 16 4
21 19 17 2
21 19 18 2
21 20 12 1
21 20 14 1
21 20 17 1
21 20 18 2
21 20 19 3
21 20 20 4
21 21 16 1
21 21 18 1
21 21 19 1
21 21 20 32
21 21 21 40
21 21 22 7
21 22 21 135
21 22 22 114
21 22 23 3
21 23 22 12
21 23 23 2
22 20 17 1
22 20 18 5
22 21 13 2
22 21 17 1
22 21 18 5
22 21 19 4
22 21 20 2
22 21 21 1
22 21 22 1
22 22 18 1
22 22 20 3
22 22 21 27
22 22 22 93
22 22 23 18
22 23 22 332
22 23 23 141
22 23 24 5
22 24 23 16
22 24 24 8
22 25 24 1
23 20 17 19
23 20 18 2
23 21 17 12
23 21 18 61
23 21 19 10
23 21 20 2
23 22 13 1
23 22 14 3
23 22 19 10
23 22 20 8
23 22 21 2
23 22 22 8
23 23 16 1
23 23 17 1
23 23 22 26
23 23 23 159
23 23 24 10
23 24 23 115
23 24 24 172
23 24 25 21
23 25 24 14
23 25 25 1
24 21 17 3
24 21 18 26
24 21 19 1
24 22 16 1
24 22 18 1
24 22 19 8
24 22 20 25
24 22 23 1
24 23 11 1
24 23 17 1
24 23 20 8
24 23 21 5
24 23 22 4
24 23 23 3
24 24 20 1
24 24 22 2
24 24 23 8
24 24 24 113
24 24 25 9
24 25 24 130
24 25 25 313
24 25 26 25
24 26 25 8
24 26 26 5
25 23 13 1
25 23 20 7
25 23 21 25
25 23 22 3
25 24 15 1
25 24 16 1
25 24 21 1
25 24 22 20
25 24 23 8
25 24 24 1
25 24 25 2
25 25 13 1
25 25 23 3
25 25 24 13
25 25 25 149
25 25 26 16
25 25 27 1
25 26 24 1
25 26 25 37
25 26 26 87
25 26 27 4
25 27 26 1
25 27 27 2
26 24 22 47
26 24 23 6
26 24 24 1
26 25 14 1
26 25 15 1
26 25 16 1
26 25 22 4
26 25 23 26
26 25 24 4
26 26 15 3
26 26 16 1
26 26 17 2
26 26 20 1
26 26 25 10
26 26 26 43
26 26 27 14
26 27 26 14
26 27 27 51
26 27 28 11
26 28 27 3
26 28 28 13
27 25 14 1
27 25 23 26
27 25 24 3
27 25 25 1
27 26 15 1
27 26 18 2
27 26 23 6
27 26 24 8
27 26 25 4
27 26 27 2
27 27 20 2
27 27 22 1
27 27 25 1
27 27 26 6
27 27 27 34
27 27 28 8
27 28 27 3
27 28 28 33
27 28 29 8
27 29 28 1
28 26 23 1
28 26 24 8
28 26 25 1
28 27 22 1
28 27 23 1
28 27 24 2
28 27 25 4
28 27 26 2
28 27 27 3
28 27 28 1
28 28 23 1
28 28 27 10
28 28 28 22
28 28 29 10
28 29 27 1
28 29 28 11
28 29 29 61
28 29 30 25
28 30 30 2
29 27 25 5
29 28 20 1
29 28 25 3
29 28 26 6
29 28 27 3
29 28 28 1
29 28 29 2
29 29 20 1
29 29 28 5
29 29 29 40
29 29 30 51
29 30 29 10
29 30 30 223
29 30 31 8
29 31 30 3
30 28 25 1
30 28 26 3
30 29 20 1
30 29 22 1
30 29 26 2
30 29 27 4
30 29 28 2
30 29 29 3
30 30 26 1
30 30 27 4
30 30 28 15
30 30 29 18
30 30 30 653
30 30 31 39
30 31 28 1
30 31 29 8
30 31 30 239
30 31 31 46
31 30 28 5
31 30 29 2
31 30 30 2
31 30 31 1
