32
0 0 0 12
0 1 1 2
1 1 0 22
1 1 1 5
1 2 1 79
2 2 0 1
2 2 1 28
2 2 2 55
2 2 3 2
2 3 1 1
2 3 2 141
2 3 3 5
2 8 12 1
2 8 13 3
3 2 1 1
3 2 2 2
3 3 1 2
3 3 2 95
3 3 3 61
3 4 3 141
3 4 4 6
3 5 3 1
3 5 4 5
3 8 11 1
3 10 15 1
3 11 16 2
3 12 17 1
4 3 3 1
4 3 4 1
4 4 2 1
4 4 3 36
4 4 4 85
4 4 5 3
4 5 3 1
4 5 4 145
4 5 5 10
4 6 3 2
4 6 4 11
4 6 5 23
4 7 6 1
4 7 8 1
4 7 9 1
4 8 12 1
4 9 11 1
4 9 12 1
4 9 13 1
4 10 14 1
4 11 16 2
4 12 17 1
5 4 2 4
5 4 3 1
5 4 4 2
5 5 4 15
5 5 5 24
5 5 6 3
5 6 4 3
5 6 5 53
5 6 6 20
5 7 4 4
5 7 5 2
5 7 6 5
5 8 7 1
5 8 9 1
5 11 14 2
5 11 15 3
5 12 16 1
6 4 2 1
6 4 3 1
6 5 3 2
6 5 4 3
6 5 5 5
6 5 6 1
6 6 4 2
6 6 5 28
6 6 6 15
6 6 7 2
6 7 5 2
6 7 6 15
6 7 7 3
6 8 6 2
6 8 7 1
6 8 11 2
6 9 10 1
6 11 14 1
6 12 15 1
7 4 2 2
7 5 2 18
7 5 3 12
7 5 4 3
7 6 4 2
7 6 5 1
7 6 7 1
7 7 5 3
7 7 6 25
7 7 7 15
7 7 8 1
7 8 6 4
7 8 7 16
7 8 8 4
7 9 7 1
7 9 8 2
7 10 9 1
7 11 14 3
7 11 15 1
7 12 14 1
7 13 16 1
8 4 2 2
8 5 2 83
8 5 3 68
8 5 4 2
8 5 5 1
8 6 3 12
8 6 4 62
8 6 5 1
8 7 4 4
8 7 5 2
8 7 6 4
8 7 7 2
8 8 6 3
8 8 7 36
8 8 8 19
8 8 11 1
8 9 7 8
8 9 8 38
8 9 9 3
8 10 8 2
8 11 7 1
8 11 14 1
8 13 15 1
8 13 16 1
9 5 3 4
9 5 6 1
9 6 3 21
9 6 4 2
9 6 5 1
9 7 5 5
9 7 6 2
9 7 8 2
9 8 5 2
9 8 6 8
9 8 7 7
9 8 8 1
9 8 9 1
9 9 7 4
9 9 8 44
9 9 9 18
9 9 10 2
9 10 8 12
9 10 9 27
9 10 10 6
9 10 11 3
9 11 9 2
9 11 10 2
9 12 10 1
9 14 17 1
10 4 6 1
10 5 6 1
10 5 7 3
10 6 3 5
10 6 4 1
10 6 7 2
10 7 3 3
10 7 4 21
10 7 5 1
10 8 5 1
10 8 6 7
10 8 7 6
10 8 8 3
10 8 9 1
10 9 8 6
10 9 9 5
10 9 11 1
10 10 8 1
10 10 9 52
10 10 10 16
10 11 9 12
10 11 10 39
10 11 11 5
10 12 9 1
10 12 11 1
10 13 10 1
11 4 6 1
11 5 7 2
11 6 7 4
11 6 8 2
11 7 4 4
11 7 8 3
11 8 4 3
11 8 5 2
11 8 6 1
11 8 8 1
11 8 10 1
11 9 5 1
11 9 6 2
11 9 7 8
11 9 8 6
11 9 9 1
11 9 10 1
11 10 7 1
11 10 8 6
11 10 9 7
11 10 10 3
11 10 11 1
11 11 9 6
11 11 10 51
11 11 11 17
11 11 12 3
11 12 10 11
11 12 11 31
11 12 12 5
11 13 11 2
11 13 12 1
12 6 8 3
12 7 9 1
12 9 5 2
12 9 6 8
12 9 7 3
12 9 11 1
12 10 6 2
12 10 7 1
12 10 8 3
12 10 12 1
12 11 9 1
12 11 10 16
12 11 11 4
12 11 12 2
12 12 10 10
12 12 11 54
12 12 12 14
12 12 13 2
12 13 11 5
12 13 12 46
12 13 13 3
12 14 13 2
13 5 8 3
13 6 8 1
13 9 6 1
13 10 6 14
13 10 7 21
13 10 8 1
13 10 12 2
13 11 7 13
13 11 8 2
13 11 9 3
13 11 10 2
13 11 11 3
13 12 9 1
13 12 10 1
13 12 11 6
13 12 12 7
13 12 13 2
13 13 11 7
13 13 12 95
13 13 13 82
13 13 14 2
13 14 13 54
13 14 14 6
13 14 15 1
13 15 13 2
13 15 14 2
14 7 9 1
14 9 9 1
14 10 7 1
14 11 7 12
14 11 8 12
14 11 11 1
14 11 13 1
14 12 8 10
14 12 9 11
14 12 10 4
14 12 11 1
14 12 13 1
14 13 11 5
14 13 12 7
14 13 13 8
14 13 14 3
14 14 9 2
14 14 12 3
14 14 13 125
14 14 14 49
14 14 15 1
14 15 13 5
14 15 14 42
14 15 15 8
14 15 16 1
14 16 13 1
14 16 15 2
14 16 16 1
14 17 16 1
15 5 9 1
15 12 8 33
15 12 9 22
15 12 10 1
15 12 12 1
15 13 8 1
15 13 9 11
15 13 10 8
15 13 11 3
15 13 12 2
15 14 11 7
15 14 12 4
15 14 13 9
15 14 14 4
15 14 15 2
15 15 13 7
15 15 14 106
15 15 15 40
15 15 16 5
15 16 14 12
15 16 15 106
15 16 16 9
15 17 15 1
15 17 16 2
16 6 9 1
16 13 10 4
16 14 10 1
16 14 12 4
16 14 13 3
16 14 14 3
16 15 12 2
16 15 13 8
16 15 14 29
16 15 15 5
16 16 11 1
16 16 13 1
16 16 14 34
16 16 15 145
16 16 16 30
16 17 15 9
16 17 16 123
16 17 17 7
16 18 17 2
16 19 20 1
17 14 11 3
17 15 12 3
17 15 13 5
17 15 14 3
17 15 15 2
17 16 13 1
17 16 14 10
17 16 15 9
17 16 16 5
17 16 17 1
17 17 12 3
17 17 14 1
17 17 15 6
17 17 16 116
17 17 17 69
17 17 18 7
17 18 16 5
17 18 17 108
17 18 18 8
17 19 17 1
18 15 12 6
18 16 12 1
18 16 13 2
18 16 14 4
18 16 15 1
18 16 17 1
18 17 14 1
18 17 15 3
18 17 16 7
18 17 17 5
18 17 18 1
18 18 12 1
18 18 15 1
18 18 16 7
18 18 17 95
18 18 18 44
18 18 19 3
18 19 17 11
18 19 18 156
18 19 19 10
18 20 19 7
18 20 20 1
19 16 13 1
19 16 14 1
19 17 13 4
19 17 14 5
19 17 15 2
19 17 17 1
19 18 12 1
19 18 14 1
19 18 15 1
19 18 16 5
19 18 17 8
19 18 18 7
19 19 13 2
19 19 17 9
19 19 18 147
19 19 19 57
19 19 20 2
19 20 18 16
19 20 19 262
19 20 20 15
19 20 21 1
19 21 19 3
19 21 20 5
20 17 14 2
20 18 15 3
20 18 16 2
20 18 17 4
20 18 18 1
20 19 11 2
20 19 12 1
20 19 16 3
20 19 17 2
20 19 18 6
20 19 19 1
20 19 20 1
20 20 13 1
20 20 16 1
20 20 18 8
20 20 19 53
20 20 20 28
20 20 21 6
20 21 19 4
20 21 20 264
20 21 21 32
20 21 22 2
20 22 21 6
20 22 22 4
21 18 15 1
21 19 15 1
21 19 16 4
21 19 17 1
21 19 19 1
21 20 11 1
21 20 15 1
21 20 16 1
21 20 17 1
21 20 18 3
21 20 19 4
21 20 20 3
21 21 19 1
21 21 20 29
21 21 21 35
21 21 22 8
21 22 20 1
21 22 21 170
21 22 22 106
21 23 21 1
21 23 22 7
21 23 23 1
22 20 14 1
22 20 17 3
22 20 18 4
22 20 20 1
22 21 13 1
22 21 18 6
22 21 19 4
22 21 20 4
22 21 21 3
22 22 21 23
22 22 22 109
22 22 23 16
22 23 22 350
22 23 23 137
22 23 24 10
22 24 23 13
22 24 24 9
23 20 17 13
23 20 18 5
23 21 17 12
23 21 18 81
23 21 19 19
23 21 20 2
23 22 13 2
23 22 19 11
23 22 20 3
23 22 21 2
23 22 22 2
23 23 18 1
23 23 22 24
23 23 23 190
23 23 24 14
23 24 23 120
23 24 24 205
23 24 25 18
23 25 24 7
23 25 25 5
24 21 17 3
24 21 18 18
24 22 19 9
24 22 20 21
24 23 12 1
24 23 15 1
24 23 16 1
24 23 20 8
24 23 21 6
24 23 22 1
24 23 23 4
24 23 24 3
24 24 20 1
24 24 22 2
24 24 23 7
24 24 24 137
24 24 25 6
24 25 23 1
24 25 24 120
24 25 25 315
24 25 26 21
24 26 25 8
24 26 26 11
25 23 13 1
25 23 20 3
25 23 21 27
25 23 22 4
25 23 24 1
25 24 13 1
25 24 16 1
25 24 21 2
25 24 22 20
25 24 23 8
25 24 24 1
25 24 25 1
25 25 16 1
25 25 23 3
25 25 24 7
25 25 25 157
25 25 26 14
25 25 27 1
25 26 25 40
25 26 26 98
25 26 27 4
25 27 26 1
25 27 27 7
26 24 22 44
26 24 23 6
26 24 24 1
26 25 14 1
26 25 16 1
26 25 22 4
26 25 23 23
26 25 24 7
26 25 25 3
26 25 26 1
26 26 16 2
26 26 18 1
26 26 19 1
26 26 25 6
26 26 26 42
26 26 27 11
26 27 26 17
26 27 27 53
26 27 28 10
26 28 28 16
27 25 23 30
27 25 24 5
27 26 17 2
27 26 19 1
27 26 23 6
27 26 24 12
27 26 25 3
27 26 26 5
27 26 27 1
27 27 17 2
27 27 26 2
27 27 27 28
27 27 28 11
27 28 27 6
27 28 28 36
27 28 29 10
28 26 24 13
28 26 25 3
28 27 19 1
28 27 23 1
28 27 24 1
28 27 25 5
28 27 26 5
28 27 27 2
28 28 22 1
28 28 24 1
28 28 27 6
28 28 28 24
28 28 29 9
28 29 28 7
28 29 29 65
28 29 30 21
28 30 30 1
29 27 25 4
29 27 26 2
29 28 25 3
29 28 26 7
29 28 27 2
29 28 28 4
29 29 21 1
29 29 27 1
29 29 28 8
29 29 29 47
29 29 30 43
29 30 22 1
29 30 29 15
29 30 30 233
29 30 31 7
29 31 30 1
30 28 26 1
30 29 26 2
30 29 27 6
30 29 29 1
30 30 26 1
30 30 27 2
30 30 28 11
30 30 29 12
30 30 30 635
30 30 31 43
30 31 29 5
30 31 30 273
30 31 31 41
31 30 28 1
31 30 29 4
31 30 30 2
31 31 31 2
