32
0 0 0 10
0 1 0 3
0 1 1 2
1 1 0 12
1 1 1 10
1 2 0 1
1 2 1 66
1 2 2 2
2 2 1 43
2 2 2 76
2 2 3 1
2 3 1 2
2 3 2 118
2 3 3 2
2 8 12 3
2 9 13 1
2 10 15 1
3 2 2 2
3 3 1 1
3 3 2 96
3 3 3 70
3 3 4 1
3 4 3 147
3 4 4 10
3 5 4 2
3 7 11 1
3 9 12 1
3 10 14 1
3 10 15 2
3 11 15 2
3 11 16 3
4 3 1 1
4 3 2 1
4 3 3 2
4 4 2 3
4 4 3 22
4 4 4 99
4 4 5 1
4 5 3 2
4 5 4 135
4 5 5 8
4 6 3 2
4 6 4 5
4 6 5 16
4 7 5 1
4 7 6 1
4 7 11 1
4 8 11 1
4 9 13 2
4 10 14 1
4 12 16 1
5 4 2 1
5 4 3 1
5 4 4 3
5 4 5 1
5 5 4 15
5 5 5 22
5 5 6 2
5 6 4 7
5 6 5 56
5 6 6 16
5 7 4 1
5 7 6 1
5 7 8 3
5 8 7 1
5 8 10 1
5 8 11 1
5 9 12 1
5 9 13 1
5 10 13 1
5 10 14 1
5 11 14 2
6 4 3 1
6 5 3 4
6 5 5 6
6 5 6 1
6 6 4 1
6 6 5 22
6 6 6 15
6 7 5 3
6 7 6 11
6 7 7 4
6 8 6 1
6 8 7 2
6 9 12 1
6 10 11 1
6 10 13 2
6 10 14 1
6 11 13 1
6 11 14 2
6 11 15 1
7 4 2 2
7 5 2 7
7 5 3 18
7 5 4 9
7 6 3 1
7 6 4 2
7 6 5 1
7 6 7 1
7 7 5 3
7 7 6 22
7 7 7 16
7 7 8 2
7 8 6 10
7 8 7 25
7 8 8 1
7 9 6 1
7 9 7 1
7 9 8 2
7 9 9 1
7 10 13 1
7 11 13 2
7 11 15 2
8 5 2 74
8 5 3 59
8 5 4 1
8 6 3 6
8 6 4 59
8 6 5 2
8 7 4 2
8 7 5 7
8 7 6 2
8 7 7 1
8 7 8 1
8 8 6 3
8 8 7 41
8 8 8 17
8 8 10 1
8 9 7 6
8 9 8 31
8 9 9 3
8 9 10 2
8 10 7 1
8 10 8 1
8 10 10 1
8 10 11 1
8 12 14 1
9 4 6 1
9 5 3 9
9 5 6 1
9 6 3 16
9 6 4 8
9 6 6 1
9 6 7 1
9 7 5 11
9 7 6 3
9 8 5 5
9 8 6 6
9 8 7 3
9 9 7 1
9 9 8 51
9 9 9 14
9 10 8 10
9 10 9 29
9 10 10 7
9 10 11 2
9 11 9 1
9 11 10 3
10 4 6 1
10 5 6 1
10 5 7 5
10 6 3 3
10 6 4 4
10 6 7 1
10 7 3 1
10 7 4 24
10 7 5 5
10 7 7 1
10 7 8 1
10 8 5 2
10 8 6 5
10 8 7 2
10 9 8 1
10 9 9 1
10 9 10 1
10 10 8 2
10 10 9 58
10 10 10 18
10 10 11 2
10 11 9 11
10 11 10 44
10 11 11 5
10 12 10 1
10 12 11 1
10 12 12 1
11 4 6 1
11 5 8 1
11 6 8 2
11 7 4 7
11 7 8 3
11 7 9 1
11 8 5 1
11 8 6 3
11 8 9 1
11 9 6 2
11 9 7 3
11 9 8 2
11 9 9 2
11 9 10 2
11 9 11 1
11 10 8 3
11 10 9 8
11 10 10 3
11 10 11 2
11 11 9 13
11 11 10 58
11 11 11 16
11 11 12 4
11 12 10 8
11 12 11 29
11 12 12 3
11 13 12 3
11 13 13 1
11 14 12 1
11 15 17 1
12 5 7 1
12 5 8 1
12 6 8 3
12 9 5 3
12 9 6 7
12 10 6 1
12 10 7 2
12 10 8 2
12 10 9 1
12 10 11 2
12 11 9 1
12 11 10 7
12 11 11 5
12 11 13 1
12 12 10 2
12 12 11 53
12 12 12 16
12 12 13 2
12 13 11 9
12 13 12 48
12 13 13 7
12 14 12 1
12 14 13 2
13 5 8 1
13 6 8 1
13 10 6 13
13 10 7 22
13 10 8 1
13 10 12 1
13 11 7 13
13 11 8 4
13 11 9 4
13 11 12 1
13 12 8 1
13 12 9 2
13 12 10 7
13 12 11 10
13 12 12 6
13 12 13 3
13 13 11 4
13 13 12 91
13 13 13 69
13 13 14 1
13 14 12 8
13 14 13 39
13 14 14 7
13 15 13 3
13 15 14 4
13 15 15 1
14 5 9 1
14 7 9 1
14 7 10 1
14 11 7 5
14 11 8 27
14 11 12 1
14 12 8 17
14 12 9 2
14 12 10 2
14 12 11 1
14 12 12 3
14 12 13 1
14 13 11 4
14 13 12 11
14 13 13 8
14 14 11 2
14 14 12 7
14 14 13 135
14 14 14 56
14 14 15 1
14 15 13 12
14 15 14 49
14 15 15 14
14 16 15 4
15 5 8 1
15 6 9 2
15 11 8 1
15 12 8 21
15 12 9 16
15 12 10 1
15 13 9 2
15 13 10 5
15 13 11 3
15 13 12 2
15 13 13 2
15 14 11 2
15 14 12 1
15 14 13 12
15 14 14 5
15 14 15 3
15 15 13 15
15 15 14 129
15 15 15 50
15 15 16 3
15 16 14 22
15 16 15 131
15 16 16 6
15 17 16 1
15 17 17 2
16 11 12 1
16 13 9 4
16 13 10 4
16 13 11 1
16 14 10 6
16 14 11 6
16 14 12 4
16 14 13 4
16 14 14 1
16 15 11 1
16 15 12 5
16 15 13 6
16 15 14 28
16 15 15 3
16 15 16 2
16 16 7 1
16 16 13 2
16 16 14 28
16 16 15 169
16 16 16 27
16 16 17 2
16 17 15 10
16 17 16 149
16 17 17 9
16 18 16 1
16 18 17 1
17 14 11 5
17 14 12 1
17 15 11 1
17 15 12 2
17 15 13 3
17 15 14 4
17 15 15 2
17 16 10 1
17 16 13 2
17 16 14 12
17 16 15 12
17 16 16 1
17 17 12 1
17 17 14 1
17 17 15 10
17 17 16 145
17 17 17 63
17 18 16 2
17 18 17 164
17 18 18 12
17 18 19 3
17 19 18 1
18 15 12 1
18 16 12 2
18 16 14 1
18 16 15 2
18 16 16 2
18 16 18 1
18 17 12 1
18 17 14 5
18 17 15 6
18 17 16 11
18 17 17 2
18 17 18 1
18 18 11 1
18 18 16 11
18 18 17 128
18 18 18 47
18 18 19 2
18 19 17 12
18 19 18 191
18 19 19 12
18 20 19 5
19 16 13 1
19 16 17 1
19 17 13 1
19 17 14 5
19 18 14 1
19 18 15 1
19 18 16 7
19 18 17 6
19 18 18 5
19 18 19 1
19 19 14 1
19 19 17 8
19 19 18 221
19 19 19 74
19 19 20 2
19 19 21 1
19 20 18 9
19 20 19 364
19 20 20 9
19 20 21 1
19 21 19 7
19 21 20 6
20 17 14 4
20 17 17 1
20 18 15 6
20 18 16 5
20 19 12 2
20 19 13 1
20 19 17 4
20 19 18 4
20 20 18 5
20 20 19 66
20 20 20 36
20 20 21 4
20 21 19 4
20 21 20 301
20 21 21 40
20 22 21 14
20 23 22 1
21 18 15 1
21 19 13 1
21 19 16 2
21 19 17 3
21 19 18 1
21 20 14 1
21 20 17 1
21 20 18 2
21 20 19 7
21 20 20 2
21 21 19 2
21 21 20 35
21 21 21 34
21 21 22 9
21 22 20 4
21 22 21 177
21 22 22 122
21 22 23 2
21 23 22 17
21 23 23 1
22 19 17 1
22 19 18 1
22 20 17 5
22 20 18 4
22 20 19 1
22 20 20 1
22 21 18 3
22 21 19 8
22 21 20 5
22 21 21 1
22 22 14 1
22 22 18 1
22 22 20 6
22 22 21 21
22 22 22 105
22 22 23 18
22 23 22 288
22 23 23 135
22 23 24 5
22 24 23 19
22 24 24 7
23 20 16 2
23 20 17 33
23 20 18 7
23 21 17 14
23 21 18 74
23 21 19 11
23 22 14 1
23 22 15 1
23 22 18 1
23 22 19 6
23 22 20 5
23 22 21 2
23 22 22 5
23 23 15 2
23 23 22 26
23 23 23 155
23 23 24 6
23 24 23 128
23 24 24 182
23 24 25 12
23 25 24 5
23 25 25 10
24 21 17 2
24 21 18 10
24 22 19 7
24 22 20 26
24 22 21 1
24 23 20 8
24 23 21 6
24 23 22 1
24 23 23 1
24 23 24 2
24 24 23 11
24 24 24 120
24 24 25 10
24 25 22 1
24 25 24 140
24 25 25 288
24 25 26 22
24 26 24 1
24 26 25 5
24 26 26 7
25 23 20 4
25 23 21 25
25 23 22 5
25 23 23 1
25 24 12 1
25 24 13 1
25 24 15 1
25 24 22 17
25 24 23 6
25 24 24 4
25 24 25 1
25 25 23 4
25 25 24 6
25 25 25 135
25 25 26 9
25 25 27 1
25 26 25 34
25 26 26 85
25 26 27 6
25 27 26 2
25 27 27 3
25 28 27 1
26 23 21 1
26 24 21 2
26 24 22 32
26 24 23 3
26 25 16 1
26 25 22 6
26 25 23 16
26 25 24 5
26 25 26 2
26 26 15 1
26 26 17 3
26 26 18 1
26 26 24 1
26 26 25 11
26 26 26 54
26 26 27 19
26 27 26 20
26 27 27 56
26 27 28 8
26 28 28 11
26 28 29 1
27 25 22 2
27 25 23 17
27 25 24 1
27 26 15 1
27 26 19 1
27 26 21 1
27 26 23 5
27 26 24 10
27 26 25 2
27 26 26 4
27 27 18 1
27 27 21 1
27 27 22 2
27 27 24 1
27 27 26 5
27 27 27 34
27 27 28 12
27 28 27 8
27 28 28 37
27 28 29 11
27 29 28 1
27 29 29 1
28 26 23 1
28 26 24 4
28 26 26 1
28 27 24 2
28 27 25 1
28 27 26 3
28 27 27 2
28 27 28 2
28 28 20 1
28 28 23 1
28 28 26 3
28 28 27 5
28 28 28 24
28 28 29 15
28 29 28 9
28 29 29 50
28 29 30 26
28 30 30 2
29 27 24 2
29 27 25 4
29 28 24 1
29 28 25 3
29 28 26 3
29 28 27 1
29 28 28 2
29 29 18 1
29 29 27 1
29 29 28 4
29 29 29 48
29 29 30 49
29 30 29 20
29 30 30 267
29 30 31 9
29 31 30 6
30 28 26 1
30 29 26 6
30 29 27 2
30 29 28 1
30 29 29 1
30 30 21 1
30 30 22 1
30 30 27 6
30 30 28 15
30 30 29 12
30 30 30 610
30 30 31 56
30 31 29 17
30 31 30 245
30 31 31 51
31 30 28 3
31 30 30 2
31 31 28 1
31 31 29 2
