32
0 0 0 6
0 1 0 3
0 1 1 1
1 0 0 2
1 1 0 8
1 1 1 8
1 2 1 70
1 2 2 1
2 1 1 1
2 2 1 37
2 2 2 64
2 3 2 125
2 4 3 1
2 8 12 2
2 10 14 1
2 10 15 1
2 10 16 1
3 2 2 7
3 3 1 1
3 3 2 94
3 3 3 60
3 4 3 147
3 4 4 10
3 5 4 2
3 8 10 1
3 8 11 1
3 9 13 1
3 10 15 1
3 11 15 2
3 11 16 2
4 2 2 1
4 3 2 3
4 3 3 2
4 3 4 1
4 4 1 1
4 4 2 2
4 4 3 30
4 4 4 77
4 4 5 3
4 5 3 2
4 5 4 149
4 5 5 8
4 6 3 3
4 6 4 4
4 6 5 15
4 6 8 1
4 7 5 1
4 7 7 1
4 7 9 1
4 9 11 1
4 9 12 1
4 9 13 1
4 10 14 1
4 12 16 1
5 4 2 1
5 4 3 1
5 4 4 1
5 4 5 1
5 5 4 14
5 5 5 24
5 5 6 2
5 6 4 6
5 6 5 49
5 6 6 20
5 7 5 1
5 7 6 2
5 7 7 2
5 7 8 1
5 8 10 1
5 9 12 2
5 10 12 1
5 10 13 2
5 11 14 2
6 4 2 1
6 5 3 2
6 5 5 4
6 5 6 2
6 6 5 23
6 6 6 14
6 6 7 2
6 7 5 3
6 7 6 18
6 7 7 7
6 8 5 1
6 8 7 1
6 8 8 1
6 9 7 1
6 9 10 1
6 9 12 2
6 10 13 1
6 11 14 5
6 11 15 2
6 13 16 1
7 4 2 2
7 5 2 6
7 5 3 19
7 5 4 4
7 6 3 1
7 6 4 4
7 6 5 1
7 6 6 2
7 6 7 1
7 7 5 4
7 7 6 26
7 7 7 8
7 8 6 5
7 8 7 20
7 8 8 2
7 9 9 2
7 10 7 1
7 11 14 1
8 4 2 2
8 5 2 73
8 5 3 55
8 5 4 2
8 6 3 12
8 6 4 50
8 6 5 4
8 6 6 1
8 7 4 2
8 7 5 5
8 7 6 3
8 7 7 4
8 8 6 6
8 8 7 38
8 8 8 24
8 8 9 1
8 8 10 1
8 9 7 6
8 9 8 29
8 9 9 2
8 9 10 1
8 10 7 1
8 10 9 3
8 10 10 1
8 10 11 1
8 10 14 1
9 4 6 2
9 5 3 7
9 5 6 1
9 6 3 17
9 6 4 4
9 6 5 1
9 6 7 1
9 7 4 3
9 7 5 12
9 7 6 3
9 7 7 1
9 7 8 1
9 8 5 2
9 8 6 7
9 8 7 4
9 8 8 1
9 9 7 4
9 9 8 55
9 9 9 15
9 9 10 2
9 10 8 12
9 10 9 31
9 10 10 7
9 11 9 2
9 11 10 4
9 11 11 1
10 4 7 1
10 5 6 1
10 5 7 2
10 6 3 3
10 6 4 2
10 6 7 1
10 7 3 4
10 7 4 22
10 7 5 4
10 7 8 1
10 8 5 1
10 8 6 5
10 8 7 2
10 8 8 1
10 9 8 9
10 9 9 1
10 9 10 1
10 10 8 3
10 10 9 55
10 10 10 16
10 11 9 12
10 11 10 34
10 11 11 10
10 12 10 2
10 12 11 5
10 12 12 1
10 13 10 2
11 4 6 1
11 5 7 1
11 6 7 2
11 7 4 6
11 7 8 5
11 8 4 2
11 8 5 4
11 8 7 1
11 9 6 3
11 9 7 5
11 9 8 1
11 9 9 2
11 10 8 5
11 10 9 8
11 10 10 6
11 10 11 1
11 11 9 7
11 11 10 56
11 11 11 20
11 11 12 1
11 12 10 4
11 12 11 34
11 12 12 8
11 13 11 1
11 13 12 3
11 14 17 1
12 4 7 1
12 5 7 1
12 5 8 2
12 6 8 1
12 9 5 4
12 9 6 5
12 9 7 1
12 9 11 1
12 10 6 3
12 10 8 4
12 10 10 1
12 10 11 3
12 10 12 1
12 11 10 10
12 11 11 3
12 11 12 2
12 12 10 5
12 12 11 44
12 12 12 17
12 12 13 1
12 13 11 5
12 13 12 38
12 13 13 8
12 14 12 1
12 14 13 1
13 5 8 2
13 6 8 2
13 9 11 2
13 10 6 11
13 10 7 17
13 11 7 12
13 11 8 4
13 11 9 3
13 11 10 1
13 11 12 1
13 11 13 1
13 12 8 1
13 12 9 4
13 12 10 4
13 12 11 12
13 12 12 4
13 13 11 7
13 13 12 82
13 13 13 77
13 13 14 3
13 14 12 2
13 14 13 41
13 14 14 8
13 14 15 1
13 15 13 3
13 15 14 2
14 5 9 1
14 11 7 14
14 11 8 27
14 11 9 2
14 12 8 7
14 12 9 2
14 12 10 2
14 12 11 1
14 12 12 1
14 13 10 2
14 13 11 2
14 13 12 14
14 13 13 8
14 14 11 2
14 14 12 3
14 14 13 134
14 14 14 64
14 14 15 3
14 15 13 7
14 15 14 62
14 15 15 5
14 15 16 1
14 16 15 2
15 6 9 1
15 11 8 2
15 12 8 25
15 12 9 21
15 12 10 2
15 12 13 1
15 13 9 4
15 13 10 5
15 13 11 4
15 13 12 3
15 13 13 1
15 14 11 3
15 14 12 9
15 14 13 10
15 14 14 9
15 15 12 1
15 15 13 7
15 15 14 132
15 15 15 43
15 15 16 1
15 16 14 13
15 16 15 124
15 16 16 4
15 17 16 1
15 17 17 2
15 18 16 1
16 13 9 2
16 13 10 8
16 14 10 3
16 14 11 3
16 14 12 6
16 14 13 4
16 14 14 3
16 15 12 4
16 15 13 11
16 15 14 28
16 15 15 4
16 16 14 31
16 16 15 176
16 16 16 36
16 16 17 3
16 17 15 7
16 17 16 129
16 17 17 15
17 14 10 1
17 14 12 2
17 15 11 2
17 15 12 3
17 15 13 5
17 15 14 3
17 16 13 1
17 16 14 7
17 16 15 10
17 17 13 1
17 17 14 2
17 17 15 7
17 17 16 153
17 17 17 69
17 17 18 4
17 18 16 3
17 18 17 138
17 18 18 7
17 18 19 1
17 19 17 3
17 19 18 1
18 15 12 1
18 15 15 1
18 16 12 6
18 16 13 3
18 16 14 4
18 16 15 2
18 17 14 3
18 17 15 9
18 17 16 5
18 17 17 1
18 18 12 1
18 18 16 8
18 18 17 126
18 18 18 48
18 18 19 3
18 19 17 7
18 19 18 179
18 19 19 10
18 20 19 2
18 20 20 2
19 16 13 3
19 17 13 1
19 17 14 2
19 17 15 2
19 17 16 2
19 17 17 1
19 18 11 1
19 18 12 1
19 18 15 1
19 18 16 6
19 18 17 7
19 18 18 3
19 18 19 1
19 19 13 1
19 19 17 11
19 19 18 225
19 19 19 69
19 19 20 1
19 20 18 8
19 20 19 305
19 20 20 11
19 21 19 2
19 21 20 7
19 22 20 1
20 17 14 2
20 18 15 3
20 18 16 4
20 18 17 3
20 19 17 3
20 19 18 2
20 19 19 2
20 19 20 1
20 20 13 1
20 20 16 1
20 20 18 9
20 20 19 71
20 20 20 31
20 20 21 3
20 21 19 5
20 21 20 275
20 21 21 31
20 21 22 1
20 22 20 2
20 22 21 19
21 18 15 1
21 19 13 1
21 19 16 4
21 19 17 2
21 20 12 1
21 20 13 1
21 20 19 1
21 20 20 2
21 20 21 1
21 21 13 1
21 21 18 1
21 21 19 2
21 21 20 34
21 21 21 32
21 21 22 10
21 22 20 3
21 22 21 159
21 22 22 128
21 22 23 1
21 23 22 9
21 23 23 1
22 20 17 5
22 20 18 9
22 20 19 2
22 20 20 1
22 21 13 2
22 21 18 7
22 21 19 5
22 21 20 1
22 21 21 6
22 22 20 4
22 22 21 26
22 22 22 103
22 22 23 13
22 23 22 347
22 23 23 121
22 23 24 10
22 24 23 19
22 24 24 11
23 20 16 1
23 20 17 31
23 20 18 2
23 21 17 25
23 21 18 58
23 21 19 9
23 21 20 1
23 22 16 1
23 22 19 10
23 22 20 5
23 22 21 4
23 22 22 10
23 23 17 2
23 23 19 1
23 23 21 1
23 23 22 24
23 23 23 170
23 23 24 6
23 24 23 141
23 24 24 186
23 24 25 17
23 25 24 14
23 25 25 6
24 21 17 7
24 21 18 5
24 22 19 6
24 22 20 22
24 22 21 1
24 23 15 1
24 23 20 3
24 23 21 8
24 23 23 6
24 23 24 1
24 24 21 1
24 24 22 4
24 24 23 4
24 24 24 119
24 24 25 13
24 25 23 1
24 25 24 133
24 25 25 302
24 25 26 15
24 26 25 6
24 26 26 7
25 23 11 1
25 23 20 6
25 23 21 19
25 23 22 5
25 24 13 1
25 24 21 5
25 24 22 20
25 24 23 7
25 24 24 1
25 24 25 3
25 25 14 1
25 25 23 4
25 25 24 12
25 25 25 126
25 25 26 9
25 26 25 49
25 26 26 91
25 26 27 5
25 27 26 2
25 27 27 4
26 24 21 1
26 24 22 36
26 24 23 2
26 25 17 1
26 25 22 5
26 25 23 23
26 25 24 6
26 25 25 1
26 26 14 1
26 26 16 1
26 26 17 2
26 26 18 2
26 26 24 3
26 26 25 11
26 26 26 43
26 26 27 19
26 27 26 22
26 27 27 61
26 27 28 11
26 28 27 1
26 28 28 12
26 29 28 1
27 25 15 1
27 25 22 1
27 25 23 21
27 25 24 4
27 26 18 1
27 26 23 2
27 26 24 12
27 26 25 2
27 26 26 4
27 26 27 1
27 27 17 1
27 27 26 2
27 27 27 37
27 27 28 8
27 28 27 7
27 28 28 37
27 28 29 10
27 29 29 1
28 26 23 2
28 26 24 4
28 26 26 1
28 27 22 3
28 27 24 3
28 27 25 6
28 27 26 2
28 27 27 2
28 27 28 2
28 28 23 2
28 28 27 3
28 28 28 24
28 28 29 10
28 29 28 6
28 29 29 68
28 29 30 21
28 30 29 2
28 30 30 3
29 27 25 2
29 28 21 1
29 28 23 1
29 28 26 1
29 28 27 1
29 28 28 2
29 29 19 2
29 29 23 1
29 29 25 1
29 29 26 1
29 29 28 7
29 29 29 41
29 29 30 43
29 30 28 1
29 30 29 16
29 30 30 244
29 30 31 9
29 31 30 4
30 28 25 2
30 28 26 3
30 29 26 5
30 29 27 6
30 29 28 2
30 29 29 3
30 29 30 1
30 30 22 1
30 30 27 7
30 30 28 9
30 30 29 15
30 30 30 636
30 30 31 51
30 31 29 16
30 31 30 256
30 31 31 59
31 30 28 4
31 30 31 1
31 31 29 2
