32
0 0 0 9
0 1 0 1
0 1 1 2
1 0 0 2
1 1 0 13
1 1 1 6
1 2 1 79
1 3 2 1
2 1 1 1
2 2 1 26
2 2 2 66
2 3 2 111
2 3 3 5
2 7 11 1
2 8 12 1
2 10 15 1
3 2 2 2
3 3 2 94
3 3 3 74
3 4 3 143
3 4 4 6
3 5 3 1
3 5 4 1
3 8 11 2
3 9 12 1
3 11 15 3
3 11 16 1
4 3 2 1
4 3 4 1
4 4 3 31
4 4 4 90
4 4 5 2
4 5 3 2
4 5 4 160
4 5 5 12
4 6 3 2
4 6 4 10
4 6 5 19
4 7 6 1
4 7 7 1
4 7 9 1
4 8 10 1
4 9 12 2
4 9 13 1
4 10 13 1
4 11 16 1
5 4 2 4
5 4 3 1
5 4 4 2
5 4 5 1
5 4 6 1
5 5 3 1
5 5 4 20
5 5 5 23
5 6 4 4
5 6 5 41
5 6 6 19
5 7 4 2
5 7 6 3
5 8 8 1
5 8 9 1
5 9 11 1
5 10 12 1
5 10 13 1
5 11 14 1
5 11 15 1
6 4 3 1
6 5 3 4
6 5 4 1
6 5 5 1
6 5 6 3
6 6 4 1
6 6 5 17
6 6 6 13
6 6 7 2
6 7 5 6
6 7 6 17
6 7 7 1
6 8 6 1
6 8 9 1
6 9 12 2
6 10 13 1
6 11 13 1
6 11 14 3
6 11 15 2
6 12 14 1
7 4 2 2
7 5 2 7
7 5 3 12
7 5 4 5
7 6 3 3
7 6 4 1
7 6 5 3
7 7 5 2
7 7 6 22
7 7 7 12
7 7 8 1
7 8 6 6
7 8 7 20
7 9 8 4
7 9 10 1
7 11 7 1
8 4 2 4
8 5 2 73
8 5 3 63
8 6 3 8
8 6 4 61
8 6 5 1
8 6 6 1
8 7 4 2
8 7 5 8
8 7 6 1
8 7 7 3
8 7 8 1
8 8 6 7
8 8 7 40
8 8 8 15
8 8 9 2
8 9 7 7
8 9 8 33
8 9 9 4
8 10 7 1
8 10 9 4
8 10 10 4
8 10 11 1
8 11 13 1
9 4 6 2
9 5 3 6
9 5 7 2
9 6 3 22
9 6 4 2
9 6 7 1
9 7 4 2
9 7 5 12
9 7 6 3
9 7 8 1
9 8 5 1
9 8 6 5
9 8 7 3
9 9 7 3
9 9 8 40
9 9 9 16
9 9 10 3
9 10 8 14
9 10 9 34
9 10 10 7
9 10 11 2
9 11 10 3
9 11 11 1
9 14 17 1
10 4 6 1
10 5 6 1
10 5 7 4
10 6 3 5
10 6 6 1
10 6 7 1
10 7 3 1
10 7 4 22
10 7 5 4
10 7 8 1
10 8 5 1
10 8 6 5
10 8 7 3
10 9 6 1
10 9 7 1
10 9 8 8
10 9 9 1
10 9 10 2
10 10 8 5
10 10 9 60
10 10 10 17
10 10 11 1
10 11 9 12
10 11 10 31
10 11 11 1
10 12 9 1
10 12 10 3
10 12 11 4
11 4 7 1
11 6 7 2
11 7 4 5
11 7 8 3
11 8 4 3
11 8 5 2
11 8 6 1
11 8 7 1
11 8 8 1
11 8 9 1
11 8 10 1
11 9 5 3
11 9 6 3
11 9 7 4
11 9 8 1
11 9 9 1
11 9 10 3
11 10 8 6
11 10 9 3
11 10 11 2
11 11 9 8
11 11 10 68
11 11 11 12
11 12 10 12
11 12 11 38
11 12 12 6
11 13 12 4
12 5 7 1
12 5 8 2
12 6 7 2
12 6 8 1
12 7 8 1
12 8 5 1
12 9 5 2
12 9 6 2
12 9 7 1
12 9 9 2
12 10 5 1
12 10 6 3
12 10 7 1
12 10 8 3
12 10 9 3
12 10 10 1
12 10 11 2
12 11 8 1
12 11 9 4
12 11 10 12
12 11 11 2
12 11 13 1
12 12 10 8
12 12 11 82
12 12 12 21
12 12 13 4
12 13 11 12
12 13 12 49
12 13 13 7
12 14 13 2
13 6 8 1
13 7 8 1
13 9 9 1
13 9 11 1
13 10 6 14
13 10 7 13
13 10 12 1
13 11 7 13
13 11 8 3
13 11 9 3
13 11 10 1
13 11 12 3
13 12 9 3
13 12 10 3
13 12 11 9
13 12 12 4
13 12 13 1
13 13 11 5
13 13 12 97
13 13 13 75
13 13 14 1
13 14 12 8
13 14 13 44
13 14 14 9
13 15 13 2
13 15 14 4
14 9 9 1
14 11 7 9
14 11 8 28
14 11 9 1
14 11 12 1
14 12 8 9
14 12 9 6
14 12 10 3
14 12 12 1
14 12 13 1
14 13 9 1
14 13 10 1
14 13 11 7
14 13 12 9
14 13 13 17
14 13 14 1
14 13 15 1
14 14 12 4
14 14 13 119
14 14 14 55
14 14 15 2
14 15 13 14
14 15 14 65
14 15 15 11
14 15 16 1
14 16 14 1
14 16 15 4
15 5 9 1
15 12 8 22
15 12 9 22
15 12 10 1
15 13 9 6
15 13 10 10
15 13 11 4
15 13 13 2
15 14 11 4
15 14 12 4
15 14 13 14
15 14 14 5
15 14 15 1
15 15 9 1
15 15 13 11
15 15 14 124
15 15 15 49
15 15 16 3
15 16 14 16
15 16 15 119
15 16 16 9
15 17 15 1
15 17 16 1
15 17 17 1
16 5 9 1
16 13 9 5
16 13 10 2
16 13 11 1
16 13 13 1
16 14 10 3
16 14 11 9
16 14 12 3
16 14 13 1
16 14 14 2
16 15 12 3
16 15 13 7
16 15 14 29
16 15 15 4
16 16 12 1
16 16 14 43
16 16 15 166
16 16 16 32
16 16 17 3
16 17 15 6
16 17 16 124
16 17 17 11
16 18 17 2
17 14 10 3
17 14 11 3
17 14 16 1
17 15 11 3
17 15 12 3
17 15 13 3
17 15 14 2
17 15 15 1
17 16 13 2
17 16 14 10
17 16 15 7
17 16 16 1
17 16 17 1
17 17 15 11
17 17 16 144
17 17 17 70
17 17 18 3
17 18 16 2
17 18 17 120
17 18 18 10
17 19 17 1
17 19 18 3
17 20 19 1
18 15 12 5
18 16 12 3
18 16 13 4
18 16 14 4
18 16 15 1
18 16 17 1
18 17 13 1
18 17 14 3
18 17 15 3
18 17 16 9
18 17 17 5
18 18 11 1
18 18 13 1
18 18 16 6
18 18 17 130
18 18 18 50
18 18 19 3
18 19 17 13
18 19 18 206
18 19 19 10
18 20 19 4
19 16 13 3
19 17 14 6
19 17 15 4
19 17 16 1
19 18 10 1
19 18 11 2
19 18 15 1
19 18 16 3
19 18 17 9
19 18 18 6
19 18 19 1
19 18 20 1
19 19 17 9
19 19 18 211
19 19 19 63
19 19 20 2
19 20 18 14
19 20 19 336
19 20 20 16
19 20 21 1
19 21 20 5
19 21 21 1
19 22 21 1
20 18 15 3
20 18 16 7
20 18 17 1
20 19 10 1
20 19 13 1
20 19 16 2
20 19 18 5
20 19 19 5
20 20 13 1
20 20 18 6
20 20 19 72
20 20 20 26
20 20 21 1
20 21 19 11
20 21 20 267
20 21 21 38
20 22 21 14
21 18 15 1
21 19 11 1
21 19 14 1
21 19 15 1
21 19 16 1
21 19 17 2
21 19 18 1
21 20 11 1
21 20 18 4
21 20 20 3
21 20 21 1
21 21 13 2
21 21 17 1
21 21 18 1
21 21 20 36
21 21 21 32
21 21 22 5
21 22 20 2
21 22 21 153
21 22 22 140
21 22 23 2
21 23 22 8
21 23 23 1
22 19 16 1
22 20 14 1
22 20 16 1
22 20 17 8
22 20 18 4
22 20 19 1
22 21 11 1
22 21 13 2
22 21 17 1
22 21 18 4
22 21 19 2
22 21 20 6
22 21 21 3
22 21 22 1
22 22 21 22
22 22 22 104
22 22 23 14
22 23 22 366
22 23 23 142
22 23 24 4
22 24 23 22
22 24 24 9
23 20 17 24
23 20 18 4
23 21 17 26
23 21 18 62
23 21 19 3
23 21 20 1
23 21 21 1
23 22 16 1
23 22 18 1
23 22 19 7
23 22 20 6
23 22 21 3
23 22 22 4
23 23 22 26
23 23 23 153
23 23 24 7
23 24 22 1
23 24 23 142
23 24 24 194
23 24 25 13
23 25 24 9
23 25 25 14
24 21 12 1
24 21 17 5
24 21 18 4
24 22 11 1
24 22 13 1
24 22 18 1
24 22 19 9
24 22 20 21
24 22 21 1
24 22 22 1
24 23 11 1
24 23 13 1
24 23 15 1
24 23 16 1
24 23 20 5
24 23 21 7
24 23 22 2
24 23 23 2
24 24 18 1
24 24 19 1
24 24 22 3
24 24 23 11
24 24 24 111
24 24 25 8
24 24 26 1
24 25 24 135
24 25 25 307
24 25 26 13
24 26 25 9
24 26 26 10
25 23 13 1
25 23 20 11
25 23 21 23
25 23 22 2
25 24 13 1
25 24 14 3
25 24 16 2
25 24 21 2
25 24 22 20
25 24 23 8
25 24 24 3
25 25 14 1
25 25 22 1
25 25 23 1
25 25 24 4
25 25 25 134
25 25 26 13
25 25 27 1
25 26 25 37
25 26 26 89
25 27 26 1
25 27 27 6
26 23 21 1
26 24 22 38
26 24 23 4
26 25 14 2
26 25 15 1
26 25 22 4
26 25 23 21
26 25 24 6
26 25 25 5
26 25 26 2
26 26 14 1
26 26 15 1
26 26 17 3
26 26 19 1
26 26 23 1
26 26 24 3
26 26 25 10
26 26 26 44
26 26 27 14
26 27 26 18
26 27 27 61
26 27 28 11
26 28 27 1
26 28 28 11
27 25 13 1
27 25 15 1
27 25 23 17
27 25 24 2
27 26 16 2
27 26 18 1
27 26 19 2
27 26 23 6
27 26 24 12
27 26 25 3
27 26 26 3
27 26 27 2
27 27 18 1
27 27 22 2
27 27 26 5
27 27 27 23
27 27 28 11
27 28 27 4
27 28 28 29
27 28 29 5
27 29 29 1
28 26 23 3
28 26 24 11
28 27 24 2
28 27 25 2
28 27 26 2
28 28 22 1
28 28 24 1
28 28 26 1
28 28 27 9
28 28 28 31
28 28 29 9
28 29 28 5
28 29 29 58
28 29 30 23
28 30 29 2
28 30 30 1
29 27 24 1
29 27 25 3
29 27 26 1
29 28 19 1
29 28 25 2
29 28 26 4
29 28 27 2
29 28 28 2
29 29 19 1
29 29 27 1
29 29 28 4
29 29 29 43
29 29 30 47
29 30 22 1
29 30 29 14
29 30 30 257
29 30 31 5
29 31 30 4
29 31 31 1
30 28 25 1
30 28 26 3
30 29 26 6
30 29 27 3
30 29 28 1
30 29 29 2
30 29 30 3
30 30 21 1
30 30 22 1
30 30 27 6
30 30 28 12
30 30 29 23
30 30 30 605
30 30 31 44
30 31 29 11
30 31 30 272
30 31 31 59
31 30 28 1
31 30 29 3
31 30 30 2
31 31 29 2
