32
0 0 0 10
0 1 0 3
1 0 1 1
1 1 0 11
1 1 1 11
1 1 2 1
1 2 0 1
1 2 1 75
1 2 2 1
2 2 1 43
2 2 2 54
2 3 2 135
2 3 3 1
2 4 2 1
2 8 12 1
3 2 1 1
3 2 2 3
3 3 1 1
3 3 2 102
3 3 3 63
3 4 3 140
3 4 4 12
3 5 4 3
3 8 11 2
3 9 12 1
3 11 15 2
3 11 16 3
4 3 2 3
4 3 3 1
4 3 4 1
4 4 3 30
4 4 4 63
4 4 5 2
4 5 3 1
4 5 4 153
4 5 5 16
4 6 3 2
4 6 4 6
4 6 5 12
4 6 6 1
4 7 6 1
4 8 10 1
4 8 11 2
4 9 13 1
4 10 15 1
4 11 14 1
4 11 15 1
5 4 2 2
5 4 3 2
5 4 4 1
5 4 5 1
5 5 4 18
5 5 5 28
5 6 4 7
5 6 5 41
5 6 6 19
5 7 5 3
5 7 6 4
5 7 7 2
5 7 8 2
5 8 6 1
5 8 10 1
5 10 12 1
5 10 14 1
5 11 13 2
5 11 14 1
5 11 15 1
6 4 3 2
6 5 3 2
6 5 4 1
6 5 5 2
6 5 6 2
6 6 5 23
6 6 6 6
6 6 7 1
6 7 5 3
6 7 6 15
6 7 7 6
6 7 8 1
6 8 6 1
6 8 7 3
6 8 8 1
6 9 11 1
6 9 12 2
6 10 13 1
6 11 14 2
6 11 15 1
6 12 15 1
7 4 2 6
7 5 2 8
7 5 3 12
7 5 4 7
7 6 3 1
7 6 4 3
7 6 5 4
7 6 7 4
7 7 5 1
7 7 6 23
7 7 7 8
7 7 8 1
7 8 6 8
7 8 7 14
7 8 8 3
7 8 11 1
7 9 8 1
7 10 8 1
7 10 10 1
7 10 14 1
7 12 14 1
7 14 17 1
8 4 2 2
8 4 5 1
8 5 2 75
8 5 3 54
8 5 4 1
8 6 3 14
8 6 4 52
8 6 6 1
8 7 4 1
8 7 5 5
8 7 6 5
8 7 7 2
8 7 8 1
8 8 6 5
8 8 7 53
8 8 8 18
8 8 9 2
8 8 11 1
8 9 7 8
8 9 8 28
8 9 9 1
8 10 7 1
8 10 8 1
8 10 9 3
8 10 10 1
9 4 6 1
9 5 3 5
9 5 6 1
9 6 3 19
9 6 4 9
9 6 7 1
9 7 4 4
9 7 5 6
9 7 6 3
9 7 8 1
9 8 5 1
9 8 6 7
9 8 7 1
9 8 8 1
9 9 7 3
9 9 8 60
9 9 9 11
9 9 10 1
9 10 8 11
9 10 9 31
9 10 10 7
9 10 11 1
9 11 10 6
10 4 6 1
10 5 6 1
10 5 7 2
10 6 3 3
10 6 4 2
10 6 6 1
10 6 7 3
10 7 3 3
10 7 4 22
10 7 5 4
10 8 5 1
10 8 6 4
10 8 7 4
10 8 8 2
10 9 7 4
10 9 8 13
10 9 9 2
10 10 8 3
10 10 9 62
10 10 10 11
10 10 11 2
10 11 9 12
10 11 10 33
10 11 11 5
10 11 12 2
10 12 10 1
10 12 11 3
11 5 7 1
11 6 7 3
11 6 8 1
11 7 4 7
11 7 8 1
11 8 4 2
11 8 5 3
11 8 6 1
11 8 8 1
11 8 9 1
11 9 5 3
11 9 6 2
11 9 7 4
11 9 8 3
11 9 9 1
11 10 8 1
11 10 9 8
11 10 10 3
11 11 8 1
11 11 9 13
11 11 10 71
11 11 11 25
11 11 12 1
11 12 10 14
11 12 11 25
11 12 12 7
11 13 11 4
11 13 12 3
12 4 7 1
12 5 7 2
12 5 8 2
12 6 8 2
12 7 8 1
12 9 5 3
12 9 6 2
12 9 7 4
12 9 11 2
12 10 6 1
12 10 7 1
12 10 8 2
12 10 9 2
12 10 10 2
12 10 11 3
12 11 8 1
12 11 9 2
12 11 10 8
12 11 11 5
12 11 12 2
12 12 10 12
12 12 11 72
12 12 12 18
12 12 13 1
12 13 11 16
12 13 12 46
12 13 13 9
12 14 13 3
12 15 17 1
13 6 9 1
13 9 10 1
13 9 11 1
13 10 6 7
13 10 7 12
13 10 8 1
13 10 9 1
13 11 7 15
13 11 8 7
13 11 9 4
13 11 10 2
13 11 11 1
13 12 10 5
13 12 11 9
13 12 12 7
13 12 13 2
13 13 11 3
13 13 12 101
13 13 13 71
13 13 14 2
13 14 12 2
13 14 13 52
13 14 14 5
13 15 13 1
13 15 14 4
14 9 9 1
14 11 7 9
14 11 8 24
14 11 9 1
14 12 8 7
14 12 9 5
14 12 11 1
14 12 12 1
14 12 13 1
14 13 10 1
14 13 11 4
14 13 12 15
14 13 13 15
14 13 14 1
14 14 12 3
14 14 13 130
14 14 14 58
14 14 15 2
14 15 13 8
14 15 14 62
14 15 15 7
14 16 15 1
15 5 9 1
15 10 11 1
15 12 8 25
15 12 9 22
15 12 10 1
15 13 9 7
15 13 10 12
15 13 11 3
15 13 12 2
15 13 13 1
15 13 14 1
15 14 11 1
15 14 12 7
15 14 13 16
15 14 14 6
15 14 15 1
15 15 9 1
15 15 12 2
15 15 13 11
15 15 14 127
15 15 15 45
15 15 16 3
15 16 14 18
15 16 15 108
15 16 16 8
15 16 17 1
15 17 15 1
15 17 16 2
16 13 9 6
16 13 10 8
16 13 13 1
16 13 14 1
16 14 10 3
16 14 11 6
16 14 12 4
16 14 13 4
16 14 14 3
16 15 7 1
16 15 11 1
16 15 13 9
16 15 14 42
16 15 15 5
16 16 11 1
16 16 14 53
16 16 15 150
16 16 16 24
16 16 17 3
16 17 15 8
16 17 16 126
16 17 17 7
16 18 17 1
17 14 10 1
17 15 11 3
17 15 12 4
17 15 13 3
17 15 14 3
17 15 15 2
17 16 13 3
17 16 14 7
17 16 15 6
17 16 16 1
17 17 12 2
17 17 14 1
17 17 15 14
17 17 16 151
17 17 17 71
17 17 18 2
17 18 16 3
17 18 17 136
17 18 18 12
17 19 17 1
17 19 18 2
18 15 12 3
18 16 12 4
18 16 13 1
18 16 14 2
18 16 15 2
18 17 11 1
18 17 12 1
18 17 14 2
18 17 15 6
18 17 16 4
18 17 18 1
18 18 11 1
18 18 16 9
18 18 17 128
18 18 18 59
18 18 19 1
18 19 17 5
18 19 18 169
18 19 19 9
18 19 20 2
18 20 18 2
18 20 19 1
19 16 13 4
19 16 14 1
19 17 13 3
19 17 14 5
19 17 15 7
19 17 16 3
19 18 10 1
19 18 13 1
19 18 15 2
19 18 16 7
19 18 17 12
19 18 18 6
19 18 19 1
19 19 16 1
19 19 17 9
19 19 18 212
19 19 19 53
19 19 20 5
19 20 18 10
19 20 19 295
19 20 20 14
19 21 19 1
19 21 20 2
20 17 14 2
20 18 15 4
20 18 16 6
20 18 17 1
20 18 18 1
20 19 12 1
20 19 15 1
20 19 17 3
20 19 18 2
20 19 19 1
20 19 20 1
20 20 13 1
20 20 16 1
20 20 18 9
20 20 19 69
20 20 20 34
20 20 21 1
20 21 19 5
20 21 20 250
20 21 21 41
20 22 21 15
20 22 22 1
21 18 15 2
21 18 18 1
21 19 15 1
21 19 16 2
21 20 12 1
21 20 13 2
21 20 14 1
21 20 18 2
21 20 20 5
21 21 13 1
21 21 20 39
21 21 21 26
21 21 22 9
21 22 21 130
21 22 22 123
21 23 22 7
21 23 23 1
21 24 23 1
22 19 18 1
22 20 17 5
22 20 18 3
22 20 19 3
22 21 13 2
22 21 18 3
22 21 19 6
22 21 20 1
22 21 21 1
22 21 22 1
22 22 20 1
22 22 21 24
22 22 22 108
22 22 23 15
22 23 22 331
22 23 23 137
22 23 24 5
22 24 23 14
22 24 24 8
23 20 16 1
23 20 17 18
23 20 18 2
23 21 17 16
23 21 18 63
23 21 19 15
23 21 20 1
23 21 22 1
23 22 14 1
23 22 16 1
23 22 19 7
23 22 20 4
23 22 21 4
23 22 22 5
23 22 23 1
23 23 13 1
23 23 19 1
23 23 22 24
23 23 23 178
23 23 24 13
23 24 23 118
23 24 24 210
23 24 25 13
23 25 24 10
23 25 25 14
23 26 24 1
24 21 17 8
24 21 18 25
24 21 19 1
24 22 16 1
24 22 18 1
24 22 19 9
24 22 20 20
24 22 22 1
24 23 20 5
24 23 21 7
24 23 22 3
24 23 23 3
24 23 24 1
24 24 22 2
24 24 23 9
24 24 24 113
24 24 25 15
24 25 23 1
24 25 24 121
24 25 25 320
24 25 26 20
24 26 25 10
24 26 26 8
25 23 13 1
25 23 20 7
25 23 21 28
25 23 22 6
25 23 23 1
25 24 12 1
25 24 14 1
25 24 15 1
25 24 16 1
25 24 19 1
25 24 20 1
25 24 21 1
25 24 22 23
25 24 23 6
25 24 24 2
25 24 25 1
25 25 16 1
25 25 22 1
25 25 23 4
25 25 24 10
25 25 25 138
25 25 26 16
25 26 25 39
25 26 26 106
25 26 27 4
25 27 26 1
25 27 27 4
26 24 22 38
26 24 23 7
26 25 14 1
26 25 16 1
26 25 22 6
26 25 23 26
26 25 24 7
26 25 25 1
26 26 15 1
26 26 16 1
26 26 17 2
26 26 25 5
26 26 26 51
26 26 27 15
26 27 26 35
26 27 27 53
26 27 28 16
26 28 28 9
27 25 22 1
27 25 23 24
27 25 24 4
27 26 17 2
27 26 18 1
27 26 23 5
27 26 24 12
27 26 25 2
27 26 26 2
27 26 27 1
27 27 20 1
27 27 21 1
27 27 24 1
27 27 25 1
27 27 26 8
27 27 27 40
27 27 28 12
27 28 27 7
27 28 28 43
27 28 29 7
28 26 24 12
28 26 25 1
28 27 25 1
28 27 26 1
28 27 27 2
28 28 18 1
28 28 24 2
28 28 26 2
28 28 27 1
28 28 28 35
28 28 29 12
28 29 27 1
28 29 28 8
28 29 29 58
28 29 30 14
29 27 25 7
29 27 28 1
29 28 19 1
29 28 25 2
29 28 26 5
29 28 28 3
29 28 29 2
29 29 20 1
29 29 25 1
29 29 27 1
29 29 28 4
29 29 29 41
29 29 30 61
29 30 22 1
29 30 29 10
29 30 30 219
29 30 31 1
29 31 30 5
30 28 26 2
30 29 25 1
30 29 26 6
30 29 27 3
30 29 28 2
30 29 30 3
30 30 22 1
30 30 27 5
30 30 28 17
30 30 29 19
30 30 30 653
30 30 31 38
30 31 29 5
30 31 30 197
30 31 31 41
31 30 28 1
31 30 29 1
31 30 30 4
31 30 31 1
31 31 29 1
