32
0 0 0 7
0 1 0 1
0 1 1 2
1 0 0 1
1 1 0 11
1 1 1 9
1 2 1 70
1 2 2 2
2 2 1 30
2 2 2 55
2 2 3 1
2 3 1 1
2 3 2 123
2 3 3 3
2 8 12 1
3 2 2 2
3 2 3 1
3 3 2 110
3 3 3 63
3 3 4 1
3 4 3 140
3 4 4 6
3 8 12 1
3 11 16 1
3 11 17 1
3 12 16 1
3 12 17 1
4 3 2 1
4 3 3 1
4 3 4 1
4 4 2 1
4 4 3 38
4 4 4 82
4 4 5 1
4 5 3 1
4 5 4 141
4 5 5 12
4 6 3 2
4 6 4 15
4 6 5 15
4 7 6 1
4 7 7 2
4 7 9 2
4 8 12 1
4 9 11 1
4 9 12 1
4 9 13 1
4 10 13 1
4 11 16 2
4 12 16 1
5 4 2 4
5 4 3 1
5 5 4 14
5 5 5 12
5 5 6 1
5 6 4 5
5 6 5 47
5 6 6 15
5 7 4 1
5 7 5 2
5 7 6 8
5 8 9 1
5 8 10 1
5 9 11 1
5 10 15 1
5 11 14 1
5 11 16 1
5 12 16 1
6 4 3 3
6 5 3 3
6 5 5 5
6 5 6 2
6 6 4 1
6 6 5 34
6 6 6 12
6 6 7 3
6 7 5 3
6 7 6 17
6 7 7 7
6 9 11 1
6 11 14 1
6 11 15 1
6 12 14 1
6 12 15 1
6 12 16 1
7 4 2 3
7 5 2 7
7 5 3 15
7 5 4 3
7 5 6 1
7 6 4 3
7 6 5 5
7 6 6 1
7 6 7 1
7 7 5 4
7 7 6 24
7 7 7 13
7 7 8 2
7 8 6 6
7 8 7 21
7 8 8 4
7 9 7 1
7 9 8 3
7 11 14 3
7 12 15 1
7 13 17 1
8 4 2 7
8 5 2 77
8 5 3 70
8 5 6 1
8 6 3 10
8 6 4 62
8 7 4 1
8 7 5 7
8 7 6 2
8 7 7 2
8 8 6 6
8 8 7 36
8 8 8 25
8 8 9 2
8 9 7 2
8 9 8 32
8 9 9 6
8 9 12 1
8 10 9 5
8 11 14 1
8 12 14 1
9 4 5 1
9 5 3 7
9 5 7 1
9 6 3 18
9 6 4 2
9 6 7 2
9 7 4 1
9 7 5 9
9 7 6 4
9 7 9 1
9 8 6 4
9 8 7 2
9 8 8 3
9 9 7 2
9 9 8 49
9 9 9 17
9 9 10 2
9 10 8 1
9 10 9 34
9 10 10 6
9 10 12 1
9 11 9 1
9 11 10 2
9 11 11 1
9 12 10 1
10 4 6 2
10 6 3 3
10 6 4 3
10 6 7 2
10 6 8 1
10 7 4 25
10 7 5 1
10 8 5 2
10 8 6 5
10 8 9 1
10 9 7 2
10 9 8 11
10 9 9 2
10 9 10 1
10 10 8 1
10 10 9 57
10 10 10 18
10 10 11 2
10 11 9 16
10 11 10 40
10 11 11 6
10 12 11 3
10 13 10 1
11 5 7 2
11 6 7 3
11 6 8 4
11 7 4 6
11 7 8 5
11 7 9 1
11 8 4 2
11 8 5 3
11 8 6 1
11 8 7 1
11 8 8 1
11 8 9 2
11 9 6 2
11 9 7 6
11 9 8 6
11 10 8 3
11 10 9 8
11 10 10 2
11 10 11 2
11 11 9 3
11 11 10 66
11 11 11 25
11 12 10 8
11 12 11 30
11 12 12 5
11 13 10 1
11 13 11 1
11 13 12 4
12 7 8 1
12 9 5 3
12 9 6 9
12 10 6 6
12 10 7 2
12 10 8 3
12 10 9 2
12 10 11 2
12 10 12 1
12 11 8 1
12 11 9 6
12 11 10 10
12 11 11 4
12 12 9 1
12 12 10 9
12 12 11 61
12 12 12 14
12 12 13 3
12 13 11 9
12 13 12 39
12 13 13 5
12 14 12 1
12 14 13 2
13 5 8 2
13 9 6 1
13 9 11 1
13 10 6 13
13 10 7 18
13 10 8 2
13 10 12 2
13 11 6 1
13 11 7 13
13 11 8 6
13 11 9 4
13 11 10 2
13 11 11 3
13 12 9 2
13 12 10 4
13 12 11 12
13 12 12 6
13 13 11 7
13 13 12 93
13 13 13 69
13 13 14 2
13 14 12 2
13 14 13 57
13 14 14 13
13 15 13 2
13 15 14 3
13 15 15 1
14 10 10 1
14 11 7 11
14 11 8 13
14 11 9 1
14 11 11 1
14 12 8 9
14 12 9 10
14 12 10 4
14 12 12 2
14 12 13 1
14 13 9 1
14 13 11 2
14 13 12 10
14 13 13 17
14 13 14 2
14 14 12 2
14 14 13 116
14 14 14 45
14 14 15 3
14 15 13 4
14 15 14 56
14 15 15 10
14 15 16 1
14 17 19 1
15 6 9 1
15 12 8 32
15 12 9 24
15 12 10 3
15 13 9 7
15 13 10 9
15 13 11 1
15 13 12 3
15 13 14 1
15 14 10 1
15 14 11 4
15 14 12 6
15 14 13 10
15 14 14 7
15 14 15 1
15 15 13 8
15 15 14 113
15 15 15 40
15 15 16 1
15 16 14 9
15 16 15 113
15 16 16 8
15 17 16 2
16 12 10 1
16 13 9 4
16 13 10 4
16 13 11 1
16 13 12 1
16 14 10 3
16 14 11 1
16 14 12 6
16 14 13 4
16 14 14 4
16 15 11 1
16 15 12 3
16 15 13 10
16 15 14 28
16 15 15 7
16 15 16 1
16 16 5 1
16 16 11 2
16 16 13 2
16 16 14 30
16 16 15 141
16 16 16 39
16 16 17 6
16 17 15 4
16 17 16 109
16 17 17 8
16 18 17 3
17 14 10 1
17 14 11 6
17 15 12 2
17 15 13 3
17 15 14 2
17 15 15 2
17 16 13 3
17 16 14 10
17 16 15 7
17 16 16 2
17 16 17 1
17 17 12 1
17 17 13 1
17 17 14 1
17 17 15 11
17 17 16 119
17 17 17 73
17 17 18 4
17 18 16 2
17 18 17 119
17 18 18 8
17 19 17 2
17 19 18 2
18 15 12 2
18 15 13 1
18 16 12 2
18 16 13 2
18 16 14 3
18 16 16 1
18 17 11 1
18 17 14 1
18 17 15 6
18 17 16 8
18 17 17 3
18 18 13 1
18 18 16 5
18 18 17 99
18 18 18 41
18 18 19 1
18 19 17 13
18 19 18 151
18 19 19 10
18 19 20 1
18 20 19 6
19 16 12 1
19 17 14 1
19 17 15 4
19 17 16 2
19 18 9 2
19 18 12 1
19 18 14 1
19 18 16 7
19 18 17 4
19 18 18 7
19 18 19 1
19 19 12 2
19 19 17 11
19 19 18 158
19 19 19 58
19 19 20 2
19 20 18 12
19 20 19 275
19 20 20 13
19 21 19 1
19 21 20 8
20 18 15 3
20 18 16 1
20 18 17 1
20 19 11 2
20 19 12 1
20 19 16 1
20 19 17 2
20 19 18 5
20 19 19 3
20 19 20 1
20 20 16 1
20 20 18 6
20 20 19 63
20 20 20 25
20 20 21 4
20 21 19 9
20 21 20 261
20 21 21 41
20 21 22 1
20 22 21 12
21 18 15 1
21 19 16 3
21 19 17 4
21 19 19 1
21 20 11 2
21 20 13 2
21 20 14 1
21 20 18 1
21 20 19 2
21 21 11 1
21 21 16 1
21 21 19 1
21 21 20 23
21 21 21 20
21 21 22 9
21 22 21 181
21 22 22 121
21 22 23 3
21 23 22 13
22 20 9 1
22 20 17 4
22 20 18 5
22 20 19 3
22 21 12 1
22 21 18 5
22 21 19 4
22 21 20 3
22 21 21 2
22 22 14 1
22 22 15 1
22 22 20 1
22 22 21 23
22 22 22 113
22 22 23 16
22 23 22 345
22 23 23 171
22 23 24 7
22 24 23 20
22 24 24 3
23 20 17 29
23 20 18 4
23 21 17 23
23 21 18 75
23 21 19 14
23 22 12 1
23 22 13 1
23 22 14 1
23 22 15 1
23 22 19 9
23 22 20 2
23 22 22 4
23 23 14 1
23 23 22 21
23 23 23 180
23 23 24 12
23 24 23 138
23 24 24 213
23 24 25 16
23 25 24 11
23 25 25 10
23 26 25 1
24 21 17 6
24 21 18 10
24 21 19 1
24 22 19 11
24 22 20 22
24 22 21 2
24 23 11 1
24 23 14 1
24 23 20 8
24 23 21 4
24 23 22 2
24 23 23 3
24 23 24 1
24 24 16 1
24 24 22 7
24 24 23 5
24 24 24 115
24 24 25 10
24 25 24 120
24 25 25 327
24 25 26 17
24 26 25 9
24 26 26 11
25 23 12 1
25 23 13 1
25 23 20 6
25 23 21 23
25 23 22 5
25 23 24 1
25 24 15 1
25 24 21 3
25 24 22 20
25 24 23 6
25 24 24 3
25 24 25 2
25 25 13 2
25 25 16 1
25 25 21 1
25 25 23 1
25 25 24 9
25 25 25 164
25 25 26 21
25 26 25 44
25 26 26 105
25 26 27 4
25 27 27 5
26 17 18 1
26 21 15 1
26 24 12 2
26 24 21 1
26 24 22 42
26 24 23 3
26 24 24 1
26 25 14 2
26 25 15 1
26 25 17 1
26 25 22 7
26 25 23 22
26 25 24 9
26 25 25 1
26 26 16 1
26 26 17 2
26 26 18 2
26 26 19 1
26 26 24 1
26 26 25 3
26 26 26 44
26 26 27 15
26 27 26 13
26 27 27 52
26 27 28 9
26 28 28 17
27 25 14 1
27 25 23 24
27 25 24 4
27 26 15 1
27 26 16 1
27 26 17 1
27 26 18 2
27 26 20 1
27 26 23 4
27 26 24 13
27 26 25 6
27 26 26 4
27 26 27 3
27 27 21 1
27 27 26 10
27 27 27 29
27 27 28 9
27 28 27 5
27 28 28 32
27 28 29 7
27 29 28 2
27 29 29 4
28 26 24 6
28 26 25 3
28 27 22 1
28 27 24 1
28 27 25 2
28 27 26 4
28 27 27 9
28 27 28 2
28 28 20 1
28 28 24 1
28 28 27 7
28 28 28 34
28 28 29 15
28 29 28 10
28 29 29 59
28 29 30 23
28 30 29 1
28 30 30 1
29 27 25 6
29 28 25 4
29 28 26 8
29 28 27 1
29 28 28 1
29 29 19 1
29 29 20 1
29 29 26 1
29 29 27 1
29 29 28 5
29 29 29 44
29 29 30 50
29 30 29 12
29 30 30 238
29 30 31 6
29 31 30 5
29 31 31 1
30 28 26 1
30 29 22 1
30 29 26 2
30 29 27 3
30 29 29 3
30 29 30 1
30 30 25 1
30 30 27 5
30 30 28 8
30 30 29 13
30 30 30 573
30 30 31 42
30 31 29 3
30 31 30 245
30 31 31 61
31 30 28 1
31 30 29 2
31 30 30 4
