32
0 0 0 6
1 0 0 6
1 1 0 5
1 1 1 3
1 2 1 25
2 1 0 2
2 1 1 1
2 1 2 2
2 2 0 3
2 2 1 31
2 2 2 14
2 3 1 5
2 3 2 111
2 3 3 1
2 4 3 1
3 2 1 5
3 2 2 5
3 2 3 1
3 3 1 3
3 3 2 156
3 3 3 44
3 4 2 11
3 4 3 135
3 4 4 3
3 5 3 2
3 5 7 2
3 10 14 1
3 10 15 1
3 11 17 1
3 12 18 1
4 3 2 1
4 3 3 2
4 4 2 5
4 4 3 47
4 4 4 67
4 4 5 2
4 5 3 1
4 5 4 167
4 5 5 23
4 6 4 5
4 6 5 6
4 10 14 1
4 11 16 2
5 4 3 2
5 4 4 2
5 4 5 2
5 5 3 4
5 5 4 20
5 5 5 17
5 5 6 5
5 6 4 1
5 6 5 24
5 6 6 8
5 7 5 1
5 7 6 1
5 7 7 1
5 9 11 1
5 10 15 1
5 11 16 1
5 12 17 1
6 5 4 1
6 5 5 4
6 5 6 1
6 6 4 2
6 6 5 4
6 6 6 3
6 6 7 3
6 7 6 5
6 7 7 3
6 7 8 1
6 8 4 1
6 8 7 2
6 10 15 1
6 11 14 1
6 11 15 1
6 12 15 1
7 5 3 1
7 6 4 1
7 6 5 2
7 6 6 2
7 6 7 1
7 7 5 5
7 7 6 5
7 7 7 3
7 7 8 1
7 8 7 7
7 8 8 2
7 9 4 1
7 9 6 1
7 9 8 3
7 10 12 2
7 10 13 1
7 11 14 1
7 11 15 1
7 12 14 1
7 14 18 1
8 6 3 2
8 6 4 1
8 7 5 8
8 7 6 2
8 7 7 2
8 7 8 1
8 8 5 4
8 8 6 9
8 8 7 3
8 8 8 9
8 8 9 1
8 9 7 2
8 9 8 2
8 9 9 4
8 9 11 1
8 9 13 1
8 10 5 1
8 10 7 1
8 10 9 2
8 11 7 1
8 11 12 1
8 11 14 3
8 12 14 1
8 12 15 1
8 12 16 1
8 13 17 1
8 14 17 1
9 6 4 1
9 8 5 1
9 8 6 9
9 8 7 6
9 8 8 3
9 8 9 1
9 8 10 1
9 9 6 4
9 9 7 7
9 9 8 13
9 9 9 7
9 9 10 2
9 9 12 1
9 10 5 1
9 10 6 3
9 10 9 2
9 10 10 7
9 11 5 1
9 11 8 1
9 11 10 5
9 11 11 1
9 11 13 1
9 12 8 1
9 12 15 1
9 13 16 1
9 13 18 1
10 7 3 1
10 8 4 1
10 9 7 5
10 9 8 3
10 9 9 1
10 9 10 1
10 10 7 3
10 10 8 5
10 10 9 4
10 10 10 10
10 10 11 2
10 11 9 2
10 11 10 4
10 12 10 1
10 12 11 1
10 13 16 1
11 8 4 1
11 9 7 1
11 9 9 1
11 10 7 1
11 10 8 7
11 10 9 5
11 10 10 6
11 10 11 1
11 11 8 3
11 11 9 15
11 11 10 19
11 11 11 11
11 11 12 3
11 12 10 1
11 12 11 8
11 12 12 4
11 12 13 1
11 13 13 1
11 14 13 1
12 6 7 2
12 8 4 2
12 8 8 1
12 9 4 1
12 9 5 3
12 9 6 1
12 9 9 1
12 10 7 1
12 10 9 3
12 10 10 1
12 10 11 1
12 11 8 1
12 11 9 10
12 11 10 6
12 11 11 5
12 12 9 8
12 12 10 9
12 12 11 16
12 12 12 13
12 13 9 1
12 13 11 3
12 13 12 21
12 13 13 5
12 14 12 2
12 14 13 1
12 14 16 1
13 6 8 1
13 8 8 2
13 8 9 2
13 9 5 2
13 9 9 2
13 10 5 1
13 10 6 1
13 10 9 3
13 10 10 1
13 10 11 1
13 11 6 1
13 11 7 1
13 11 8 4
13 11 9 4
13 11 10 1
13 11 11 1
13 11 12 1
13 12 10 12
13 12 11 7
13 12 12 8
13 12 13 1
13 13 10 5
13 13 11 18
13 13 12 26
13 13 13 33
13 13 14 1
13 14 11 2
13 14 12 6
13 14 13 13
13 14 14 4
13 14 15 2
13 15 12 1
13 15 13 1
13 15 14 3
13 15 17 2
13 16 18 2
13 16 19 1
14 8 9 1
14 9 9 1
14 9 10 2
14 9 11 1
14 10 4 2
14 10 6 1
14 10 7 2
14 10 9 1
14 10 10 4
14 11 6 3
14 11 7 6
14 11 8 3
14 11 9 3
14 11 11 2
14 11 12 1
14 12 7 3
14 12 8 2
14 12 9 5
14 12 10 3
14 12 11 4
14 12 12 1
14 12 13 1
14 12 14 1
14 13 10 4
14 13 11 14
14 13 12 12
14 13 13 6
14 13 14 1
14 13 15 2
14 14 9 1
14 14 11 2
14 14 12 18
14 14 13 32
14 14 14 18
14 14 15 2
14 15 12 1
14 15 13 4
14 15 14 16
14 15 15 4
14 15 16 3
14 15 17 1
14 16 14 2
14 16 16 1
14 16 17 1
15 8 10 2
15 9 3 1
15 9 4 1
15 10 3 12
15 10 4 105
15 10 5 2
15 10 11 1
15 10 12 1
15 11 5 7
15 11 6 41
15 11 7 4
15 11 8 1
15 12 6 12
15 12 7 12
15 12 8 76
15 12 9 24
15 12 10 1
15 12 13 2
15 13 8 3
15 13 9 11
15 13 10 16
15 13 11 6
15 13 12 21
15 14 11 3
15 14 12 36
15 14 13 21
15 14 14 1
15 14 15 2
15 14 17 1
15 15 12 1
15 15 13 12
15 15 14 20
15 15 15 19
15 15 16 2
15 16 12 1
15 16 14 3
15 16 15 13
15 16 16 4
15 16 17 1
15 17 14 1
15 17 15 1
15 17 18 1
15 17 19 1
15 18 20 5
15 18 21 2
16 7 9 1
16 9 10 1
16 10 3 1
16 10 4 34
16 11 4 54
16 11 5 17
16 11 6 6
16 11 7 1
16 12 5 1
16 12 6 20
16 12 7 7
16 12 8 1
16 13 7 1
16 13 8 2
16 13 9 6
16 13 10 12
16 13 11 2
16 13 13 1
16 14 11 7
16 14 12 28
16 14 13 35
16 14 14 1
16 14 15 2
16 15 11 1
16 15 12 5
16 15 13 21
16 15 14 14
16 15 15 6
16 16 12 1
16 16 13 6
16 16 14 16
16 16 15 43
16 16 16 13
16 16 17 1
16 16 18 1
16 17 15 3
16 17 16 17
16 17 17 7
16 17 18 1
16 18 17 1
16 18 18 1
16 18 19 1
16 18 20 3
16 19 21 1
16 19 22 1
17 8 10 1
17 11 4 1
17 11 5 4
17 12 5 2
17 12 6 7
17 12 7 8
17 13 7 2
17 13 8 4
17 13 9 2
17 14 9 1
17 14 10 2
17 14 11 2
17 15 11 3
17 15 12 6
17 15 13 6
17 15 14 3
17 16 12 2
17 16 13 5
17 16 14 10
17 16 15 25
17 16 16 12
17 16 17 2
17 16 18 1
17 17 13 1
17 17 14 8
17 17 15 30
17 17 16 20
17 17 17 25
17 17 18 3
17 17 19 1
17 18 14 1
17 18 15 1
17 18 16 1
17 18 17 15
17 18 18 10
17 18 20 1
17 19 18 1
17 19 20 1
17 19 21 1
17 20 22 2
18 14 9 2
18 14 10 2
18 15 10 3
18 15 11 2
18 15 12 1
18 15 15 1
18 16 12 3
18 16 13 2
18 16 14 5
18 16 15 1
18 16 16 1
18 16 17 1
18 17 14 2
18 17 15 26
18 17 16 13
18 17 17 3
18 17 18 2
18 18 14 1
18 18 15 4
18 18 16 17
18 18 17 19
18 18 18 9
18 18 19 2
18 19 17 1
18 19 18 20
18 19 19 7
18 19 20 4
18 19 21 1
18 20 19 3
18 20 20 1
18 20 21 3
18 20 22 1
19 7 10 1
19 8 12 1
19 15 10 1
19 15 11 3
19 15 12 1
19 16 11 3
19 16 12 4
19 16 13 2
19 17 14 5
19 17 15 4
19 17 16 2
19 17 18 1
19 18 12 3
19 18 15 4
19 18 16 27
19 18 17 12
19 18 18 5
19 18 19 2
19 19 12 1
19 19 16 7
19 19 17 13
19 19 18 10
19 19 19 11
19 19 20 3
19 19 21 2
19 20 16 1
19 20 17 2
19 20 18 1
19 20 19 17
19 20 20 8
19 20 21 4
19 21 20 1
19 21 22 1
20 16 11 1
20 17 13 7
20 17 14 7
20 17 15 1
20 17 16 1
20 17 17 1
20 18 14 4
20 18 15 6
20 18 16 7
20 18 17 4
20 19 11 1
20 19 13 1
20 19 15 1
20 19 16 9
20 19 17 26
20 19 18 7
20 19 19 4
20 19 20 1
20 19 21 1
20 20 16 1
20 20 17 15
20 20 18 14
20 20 19 14
20 20 20 9
20 20 21 3
20 20 22 2
20 21 20 10
20 21 21 20
20 21 22 2
20 22 20 1
20 22 21 2
20 22 22 1
20 22 24 1
20 22 25 1
20 23 26 2
21 17 17 1
21 18 14 1
21 19 10 1
21 19 15 1
21 19 16 7
21 19 17 9
21 19 18 4
21 20 12 1
21 20 13 2
21 20 17 22
21 20 18 52
21 20 19 9
21 20 20 2
21 21 16 1
21 21 17 2
21 21 18 23
21 21 19 31
21 21 20 17
21 21 21 12
21 21 22 4
21 22 18 1
21 22 20 4
21 22 21 21
21 22 22 24
21 22 23 4
21 23 22 2
21 23 24 2
21 23 26 1
21 24 26 2
22 15 15 1
22 19 15 1
22 19 16 1
22 20 11 1
22 20 16 1
22 20 17 12
22 20 18 6
22 20 19 3
22 21 10 1
22 21 11 1
22 21 12 2
22 21 13 1
22 21 17 3
22 21 18 30
22 21 19 47
22 21 20 13
22 21 21 3
22 21 23 1
22 22 18 1
22 22 19 9
22 22 20 26
22 22 21 29
22 22 22 35
22 22 23 8
22 22 24 3
22 23 22 50
22 23 23 26
22 23 24 11
22 23 25 2
22 24 23 2
22 24 24 5
22 24 25 1
22 24 26 4
22 25 27 5
22 26 28 2
23 21 18 6
23 21 19 12
23 21 20 3
23 22 13 2
23 22 15 2
23 22 18 1
23 22 19 20
23 22 20 33
23 22 21 10
23 22 22 2
23 22 23 1
23 23 14 1
23 23 18 1
23 23 20 8
23 23 21 36
23 23 22 51
23 23 23 96
23 23 24 8
23 23 25 1
23 24 22 1
23 24 23 156
23 24 24 137
23 24 25 37
23 24 26 5
23 24 27 1
23 25 24 10
23 25 25 64
23 25 26 4
23 25 27 22
23 25 28 14
23 26 25 1
23 26 28 58
23 26 29 41
23 27 29 9
23 27 30 8
24 22 14 1
24 22 19 6
24 22 20 27
24 22 21 4
24 23 11 1
24 23 14 1
24 23 20 17
24 23 21 132
24 23 22 40
24 23 23 7
24 24 21 19
24 24 22 85
24 24 23 140
24 24 24 83
24 24 25 25
24 25 23 7
24 25 24 117
24 25 25 103
24 25 26 30
24 25 27 4
24 25 28 1
24 26 25 3
24 26 26 28
24 26 27 24
24 26 28 74
24 26 29 19
24 27 28 1
24 27 29 25
24 27 30 29
24 28 30 2
25 20 20 1
25 22 22 1
25 23 21 37
25 23 22 17
25 23 23 1
25 24 13 2
25 24 16 1
25 24 20 4
25 24 21 26
25 24 22 316
25 24 23 65
25 24 24 8
25 24 25 1
25 25 14 2
25 25 15 1
25 25 16 1
25 25 17 1
25 25 18 1
25 25 22 19
25 25 23 115
25 25 24 341
25 25 25 150
25 25 26 7
25 26 24 1
25 26 25 308
25 26 26 73
25 26 27 38
25 26 28 19
25 27 27 23
25 27 28 78
25 27 29 187
25 28 29 6
25 28 30 11
26 22 20 1
26 24 22 33
26 24 23 10
26 25 15 1
26 25 16 1
26 25 17 1
26 25 22 13
26 25 23 204
26 25 24 25
26 25 25 7
26 25 26 1
26 26 15 1
26 26 16 1
26 26 17 1
26 26 18 2
26 26 19 2
26 26 22 1
26 26 23 11
26 26 24 165
26 26 25 69
26 26 26 69
26 26 27 9
26 27 26 15
26 27 27 38
26 27 28 6
26 27 29 12
26 28 27 1
26 28 28 5
26 28 29 6
26 28 30 4
27 25 23 9
27 25 24 3
27 26 22 1
27 26 23 2
27 26 24 107
27 26 25 72
27 26 26 13
27 27 25 213
27 27 26 47
27 27 27 17
27 27 28 15
27 27 29 1
27 28 27 2
27 28 28 23
27 28 29 12
27 29 29 19
27 30 30 3
28 26 24 1
28 26 25 2
28 27 19 1
28 27 24 1
28 27 25 73
28 27 26 90
28 27 27 6
28 27 28 1
28 28 19 2
28 28 25 3
28 28 26 231
28 28 27 41
28 28 28 17
28 28 29 29
28 29 28 1
28 29 29 114
28 29 30 51
28 30 30 19
29 27 25 6
29 27 26 1
29 28 26 39
29 28 27 51
29 28 29 2
29 29 21 1
29 29 26 2
29 29 27 58
29 29 28 8
29 29 29 8
29 29 30 9
29 30 29 1
29 30 30 41
29 30 31 1
29 31 30 1
29 31 31 14
30 29 26 2
30 29 27 8
30 29 28 10
30 29 29 2
30 30 27 8
30 30 28 14
30 30 29 19
30 30 30 242
30 30 31 8
30 31 29 22
30 31 30 65
30 31 31 6
31 30 28 3
31 30 29 4
31 30 30 6
31 30 31 2
31 31 29 2
