32
0 0 0 2
0 1 0 1
1 0 0 2
1 1 0 7
1 1 1 12
1 2 1 62
1 2 2 2
2 2 1 29
2 2 2 54
2 2 3 1
2 3 1 1
2 3 2 139
2 3 3 4
2 8 12 2
3 2 2 2
3 3 2 106
3 3 3 61
3 4 3 152
3 4 4 5
3 5 3 1
3 5 4 2
3 8 11 1
3 10 14 1
3 10 15 1
3 11 15 4
4 3 2 2
4 3 3 2
4 3 4 1
4 4 2 1
4 4 3 34
4 4 4 92
4 4 5 2
4 5 4 156
4 5 5 9
4 6 3 2
4 6 4 9
4 6 5 11
4 6 6 1
4 7 7 1
4 7 10 1
4 7 11 1
4 8 11 1
4 9 11 1
5 4 2 1
5 4 3 1
5 4 4 4
5 4 5 3
5 5 3 1
5 5 4 10
5 5 5 25
5 5 6 4
5 6 4 4
5 6 5 48
5 6 6 18
5 7 4 2
5 7 6 1
5 7 8 2
5 8 10 1
5 8 11 1
5 9 11 1
5 9 13 1
5 10 13 4
5 11 14 2
5 11 15 2
6 4 3 1
6 5 3 1
6 5 5 5
6 5 6 2
6 6 4 1
6 6 5 15
6 6 6 24
6 7 5 8
6 7 6 14
6 7 7 1
6 8 6 2
6 8 8 1
6 9 12 1
6 10 13 3
6 11 13 2
6 11 14 3
6 12 15 1
7 4 2 2
7 5 2 7
7 5 3 11
7 5 4 8
7 6 4 4
7 6 5 1
7 6 6 2
7 7 5 2
7 7 6 28
7 7 7 8
7 8 6 6
7 8 7 29
7 8 8 2
7 9 6 1
7 9 8 3
7 9 9 1
7 10 6 1
7 10 12 1
7 10 14 1
7 11 14 1
7 13 16 1
8 4 2 1
8 5 2 71
8 5 3 65
8 5 4 1
8 6 3 8
8 6 4 50
8 6 5 5
8 7 4 2
8 7 5 8
8 8 6 3
8 8 7 57
8 8 8 22
8 9 7 4
8 9 8 40
8 9 9 2
8 9 10 1
8 10 9 3
8 10 10 2
8 11 8 1
9 4 6 2
9 5 3 5
9 6 3 23
9 6 4 3
9 6 7 1
9 7 4 8
9 7 5 15
9 7 7 2
9 8 5 1
9 8 6 2
9 8 7 4
9 8 8 1
9 8 10 1
9 9 8 46
9 9 9 16
9 10 8 9
9 10 9 32
9 10 10 9
9 10 11 1
9 11 9 1
9 11 10 4
9 11 11 2
9 14 16 1
10 4 6 1
10 5 7 3
10 6 3 4
10 6 4 4
10 6 7 3
10 6 8 1
10 7 3 3
10 7 4 20
10 7 5 2
10 7 8 1
10 8 5 3
10 8 6 4
10 8 7 4
10 8 8 1
10 9 7 1
10 9 8 8
10 9 9 2
10 9 10 1
10 10 8 3
10 10 9 60
10 10 10 9
10 10 11 3
10 11 9 14
10 11 10 28
10 11 11 5
10 12 9 1
10 12 10 2
10 12 11 2
10 12 12 1
11 4 7 2
11 6 7 1
11 6 8 2
11 7 4 5
11 7 8 2
11 8 4 3
11 8 5 3
11 8 6 3
11 9 5 1
11 9 6 3
11 9 7 3
11 9 8 4
11 9 9 2
11 10 8 4
11 10 9 4
11 10 10 5
11 11 9 11
11 11 10 74
11 11 11 17
11 11 12 3
11 12 10 18
11 12 11 35
11 12 12 5
11 13 12 2
11 14 12 1
12 5 8 1
12 8 5 1
12 8 9 1
12 8 10 1
12 9 5 2
12 9 6 3
12 9 7 2
12 9 11 2
12 10 6 1
12 10 8 1
12 10 9 2
12 10 10 1
12 10 11 3
12 11 8 1
12 11 9 1
12 11 10 7
12 11 11 3
12 11 12 2
12 11 13 1
12 12 10 8
12 12 11 83
12 12 12 15
12 12 13 1
12 13 11 14
12 13 12 54
12 13 13 6
12 14 12 3
12 14 13 1
12 14 14 1
13 5 8 1
13 6 9 1
13 9 6 1
13 10 6 10
13 10 7 15
13 10 8 1
13 11 7 13
13 11 8 4
13 11 9 4
13 11 11 2
13 11 12 1
13 12 9 1
13 12 10 1
13 12 11 8
13 12 12 6
13 12 13 1
13 13 7 1
13 13 11 4
13 13 12 105
13 13 13 74
13 13 14 3
13 14 12 5
13 14 13 55
13 14 14 7
13 15 14 3
14 11 7 8
14 11 8 22
14 11 9 1
14 11 12 1
14 12 8 11
14 12 9 3
14 12 10 2
14 12 13 1
14 13 11 4
14 13 12 5
14 13 13 9
14 13 14 1
14 14 12 4
14 14 13 109
14 14 14 54
14 14 15 2
14 15 13 15
14 15 14 62
14 15 15 10
14 16 15 1
14 17 17 1
15 6 9 1
15 11 8 2
15 12 8 28
15 12 9 22
15 12 10 1
15 12 12 2
15 12 13 1
15 13 9 7
15 13 10 9
15 13 11 7
15 13 12 2
15 13 13 2
15 14 12 7
15 14 13 11
15 14 14 8
15 15 12 1
15 15 13 7
15 15 14 127
15 15 15 41
15 15 16 2
15 16 14 13
15 16 15 117
15 16 16 13
15 17 16 1
16 13 9 2
16 13 10 6
16 13 13 1
16 14 10 2
16 14 11 3
16 14 12 3
16 14 13 4
16 14 14 5
16 15 13 12
16 15 14 23
16 15 15 2
16 16 7 1
16 16 11 1
16 16 14 36
16 16 15 186
16 16 16 30
16 16 17 4
16 17 15 13
16 17 16 155
16 17 17 19
16 18 17 2
16 18 18 1
16 19 20 1
17 14 10 3
17 14 11 3
17 14 12 1
17 15 11 1
17 15 12 4
17 15 13 6
17 15 14 1
17 16 12 1
17 16 13 4
17 16 14 8
17 16 15 10
17 16 16 3
17 17 13 1
17 17 15 6
17 17 16 145
17 17 17 76
17 17 18 3
17 18 16 5
17 18 17 155
17 18 18 9
17 19 18 2
18 15 12 2
18 15 14 1
18 16 12 6
18 16 13 6
18 16 14 3
18 16 15 1
18 16 16 1
18 17 14 5
18 17 15 11
18 17 16 12
18 17 17 4
18 17 18 1
18 18 12 1
18 18 14 1
18 18 16 9
18 18 17 124
18 18 18 43
18 18 19 1
18 19 17 9
18 19 18 222
18 19 19 10
18 20 19 3
19 16 13 3
19 16 14 1
19 16 16 1
19 17 14 4
19 17 15 2
19 17 16 2
19 18 11 1
19 18 15 2
19 18 16 5
19 18 17 6
19 18 18 5
19 18 19 1
19 19 10 1
19 19 13 1
19 19 14 1
19 19 17 12
19 19 18 220
19 19 19 63
19 19 20 5
19 20 18 8
19 20 19 340
19 20 20 18
19 21 19 3
19 21 20 5
20 17 14 2
20 18 14 2
20 18 15 5
20 18 16 3
20 18 17 1
20 19 12 1
20 19 17 5
20 19 18 1
20 19 19 2
20 19 20 1
20 20 16 2
20 20 18 6
20 20 19 80
20 20 20 19
20 20 21 1
20 21 19 11
20 21 20 284
20 21 21 33
20 21 22 1
20 22 20 1
20 22 21 17
21 18 15 1
21 19 10 1
21 19 16 3
21 19 17 1
21 19 18 1
21 20 11 2
21 20 17 2
21 20 18 5
21 20 19 1
21 20 20 1
21 20 21 1
21 21 17 1
21 21 19 1
21 21 20 34
21 21 21 33
21 21 22 8
21 22 20 3
21 22 21 175
21 22 22 100
21 22 23 1
21 23 22 8
21 23 23 2
22 20 14 1
22 20 17 5
22 20 18 11
22 20 19 1
22 20 20 2
22 20 21 1
22 21 13 2
22 21 18 3
22 21 19 4
22 21 20 3
22 21 21 6
22 22 13 1
22 22 16 2
22 22 20 3
22 22 21 22
22 22 22 108
22 22 23 18
22 23 22 350
22 23 23 143
22 23 24 6
22 24 23 18
22 24 24 4
23 20 17 28
23 21 17 19
23 21 18 53
23 21 19 10
23 22 12 1
23 22 19 6
23 22 20 3
23 22 21 3
23 22 22 6
23 22 23 1
23 23 14 1
23 23 22 33
23 23 23 176
23 23 24 6
23 24 23 123
23 24 24 175
23 24 25 20
23 25 24 13
23 25 25 14
24 21 17 4
24 21 18 10
24 22 11 1
24 22 19 9
24 22 20 19
24 22 21 1
24 23 11 1
24 23 13 1
24 23 14 1
24 23 15 2
24 23 20 7
24 23 21 4
24 23 22 4
24 23 23 4
24 24 22 1
24 24 23 7
24 24 24 118
24 24 25 10
24 25 24 124
24 25 25 281
24 25 26 14
24 26 25 9
24 26 26 9
25 22 12 1
25 23 12 1
25 23 13 1
25 23 20 6
25 23 21 23
25 23 22 1
25 24 13 1
25 24 14 1
25 24 16 1
25 24 21 1
25 24 22 18
25 24 23 9
25 24 24 1
25 25 23 4
25 25 24 6
25 25 25 144
25 25 26 13
25 26 23 1
25 26 25 38
25 26 26 96
25 26 27 4
25 27 26 2
25 27 27 7
25 28 27 1
26 23 22 1
26 24 21 1
26 24 22 39
26 24 23 4
26 25 14 1
26 25 15 1
26 25 16 2
26 25 22 5
26 25 23 27
26 25 24 6
26 25 25 2
26 25 26 2
26 26 14 1
26 26 15 1
26 26 17 2
26 26 18 1
26 26 24 2
26 26 25 11
26 26 26 49
26 26 27 14
26 27 26 29
26 27 27 41
26 27 28 11
26 28 27 2
26 28 28 10
27 25 13 1
27 25 14 1
27 25 23 20
27 25 24 3
27 26 15 1
27 26 17 1
27 26 18 1
27 26 19 1
27 26 20 1
27 26 23 4
27 26 24 10
27 26 25 3
27 26 26 3
27 26 27 1
27 27 20 1
27 27 21 1
27 27 22 1
27 27 26 4
27 27 27 37
27 27 28 16
27 28 27 8
27 28 28 39
27 28 29 6
27 29 28 2
27 29 29 3
27 30 29 1
28 26 24 10
28 27 23 1
28 27 24 1
28 27 25 5
28 27 26 3
28 27 27 1
28 27 28 1
28 28 25 1
28 28 27 5
28 28 28 19
28 28 29 13
28 29 28 3
28 29 29 59
28 29 30 26
28 30 29 1
28 30 30 1
29 27 24 1
29 27 25 3
29 27 26 1
29 28 19 1
29 28 25 2
29 28 26 2
29 28 27 1
29 28 29 1
29 29 19 1
29 29 24 1
29 29 25 1
29 29 28 7
29 29 29 35
29 29 30 48
29 30 28 1
29 30 29 18
29 30 30 256
29 30 31 10
29 31 30 5
29 31 31 1
30 28 25 1
30 29 21 1
30 29 26 8
30 29 27 6
30 29 28 1
30 29 29 2
30 29 30 1
30 30 22 1
30 30 27 4
30 30 28 13
30 30 29 17
30 30 30 607
30 30 31 41
30 31 29 13
30 31 30 250
30 31 31 54
31 30 28 2
31 30 29 1
31 30 30 5
31 30 31 1
31 31 29 2
31 31 31 1
