32
0 0 0 7
0 1 0 2
1 1 0 13
1 1 1 9
1 2 1 68
2 2 1 38
2 2 2 62
2 3 2 128
2 3 3 1
2 7 11 1
2 8 12 1
2 10 15 1
3 2 2 5
3 3 1 1
3 3 2 98
3 3 3 68
3 3 4 1
3 4 3 131
3 4 4 8
3 5 4 2
3 8 11 1
3 9 13 1
3 10 14 1
3 11 15 2
3 11 16 1
4 3 2 1
4 3 3 3
4 4 2 2
4 4 3 31
4 4 4 84
4 4 5 2
4 5 3 2
4 5 4 140
4 5 5 12
4 6 3 3
4 6 4 5
4 6 5 8
4 6 6 1
4 7 6 1
4 7 8 2
4 8 10 1
4 8 11 1
4 9 13 3
4 10 14 1
5 4 2 3
5 4 3 1
5 4 4 2
5 4 5 3
5 5 4 23
5 5 5 33
5 5 6 4
5 6 4 5
5 6 5 46
5 6 6 11
5 7 4 2
5 7 5 2
5 7 6 1
5 7 8 1
5 8 6 1
5 8 9 1
5 9 11 2
5 10 11 1
5 10 13 1
5 11 14 1
5 11 15 1
5 12 15 1
6 4 3 2
6 4 5 1
6 5 4 1
6 5 5 2
6 5 6 3
6 6 4 1
6 6 5 17
6 6 6 12
6 6 7 2
6 7 5 4
6 7 6 24
6 7 7 3
6 8 8 1
6 8 10 1
6 9 10 1
6 10 11 1
6 10 12 1
6 10 13 1
6 11 12 1
6 11 13 1
6 11 14 1
6 11 15 2
6 12 15 1
6 12 16 1
7 4 2 1
7 5 2 6
7 5 3 8
7 5 4 11
7 6 3 1
7 6 4 1
7 6 5 2
7 6 7 1
7 7 5 1
7 7 6 26
7 7 7 13
7 8 6 9
7 8 7 22
7 8 8 3
7 9 8 2
7 9 9 1
7 9 12 1
7 10 13 1
7 12 15 1
7 14 17 1
8 4 2 3
8 5 2 75
8 5 3 59
8 5 4 6
8 6 3 9
8 6 4 55
8 6 5 2
8 6 6 1
8 7 4 3
8 7 5 7
8 7 6 3
8 7 7 1
8 8 6 4
8 8 7 50
8 8 8 18
8 8 9 1
8 9 7 5
8 9 8 37
8 9 9 5
8 9 11 1
8 10 7 1
8 10 9 3
8 10 10 2
8 11 14 1
9 4 5 2
9 5 3 8
9 5 6 1
9 5 7 1
9 6 3 21
9 6 4 8
9 6 5 1
9 6 7 1
9 7 4 3
9 7 5 19
9 7 6 3
9 8 5 1
9 8 6 3
9 8 8 2
9 8 9 1
9 9 7 3
9 9 8 46
9 9 9 19
9 9 10 1
9 10 8 14
9 10 9 31
9 10 10 2
9 11 9 1
9 11 10 2
9 11 11 2
10 4 6 1
10 5 6 2
10 6 3 3
10 6 4 2
10 6 7 3
10 6 8 1
10 7 4 23
10 7 5 2
10 7 9 1
10 8 6 6
10 8 7 1
10 8 10 1
10 9 7 4
10 9 8 5
10 9 9 2
10 10 8 6
10 10 9 60
10 10 10 14
10 10 11 2
10 11 9 13
10 11 10 32
10 11 11 6
10 11 12 2
10 12 11 2
10 12 14 1
11 4 6 1
11 5 7 2
11 6 7 5
11 7 4 7
11 7 8 5
11 8 4 2
11 8 5 3
11 8 6 1
11 8 8 2
11 9 5 2
11 9 6 2
11 9 7 1
11 9 8 5
11 9 10 2
11 10 8 4
11 10 9 11
11 10 10 4
11 11 9 8
11 11 10 75
11 11 11 21
11 11 12 4
11 12 10 12
11 12 11 36
11 12 12 4
11 12 13 1
11 13 10 1
11 13 11 1
11 13 12 2
11 13 13 1
12 5 7 1
12 5 8 1
12 6 8 1
12 7 8 1
12 9 5 3
12 9 6 3
12 9 7 1
12 10 6 2
12 10 7 2
12 10 8 2
12 10 9 1
12 10 10 1
12 10 11 2
12 11 9 1
12 11 10 9
12 11 11 3
12 11 12 2
12 12 10 6
12 12 11 81
12 12 12 26
12 13 11 11
12 13 12 59
12 13 13 6
12 14 13 3
12 14 14 1
13 5 8 1
13 6 8 1
13 6 9 1
13 9 6 1
13 10 6 11
13 10 7 18
13 10 8 1
13 11 7 14
13 11 8 3
13 11 9 3
13 11 10 1
13 11 11 2
13 11 12 1
13 12 9 4
13 12 10 7
13 12 11 9
13 12 12 8
13 13 11 5
13 13 12 96
13 13 13 79
13 13 14 1
13 14 12 4
13 14 13 55
13 14 14 3
13 15 13 2
13 15 14 3
14 5 8 1
14 7 10 1
14 11 7 7
14 11 8 23
14 11 12 1
14 12 8 12
14 12 9 2
14 12 10 2
14 12 11 1
14 13 9 1
14 13 10 1
14 13 11 4
14 13 12 14
14 13 13 11
14 14 10 1
14 14 11 1
14 14 12 3
14 14 13 138
14 14 14 65
14 14 15 2
14 15 13 8
14 15 14 57
14 15 15 10
14 15 16 1
14 16 14 1
14 16 16 2
14 16 17 1
15 12 8 29
15 12 9 14
15 13 9 9
15 13 10 6
15 13 11 3
15 13 12 1
15 13 13 2
15 13 14 1
15 14 12 5
15 14 13 15
15 14 14 9
15 14 15 1
15 15 13 13
15 15 14 112
15 15 15 56
15 15 16 3
15 16 14 11
15 16 15 118
15 16 16 5
15 17 15 1
15 17 16 3
16 11 12 1
16 13 10 8
16 13 13 1
16 14 10 7
16 14 11 3
16 14 12 6
16 14 13 4
16 14 14 1
16 14 15 2
16 15 12 4
16 15 13 9
16 15 14 33
16 15 15 5
16 16 6 1
16 16 12 1
16 16 14 30
16 16 15 183
16 16 16 37
16 16 17 2
16 17 15 5
16 17 16 139
16 17 17 9
16 18 17 2
17 14 10 1
17 14 11 5
17 14 13 1
17 15 11 1
17 15 12 6
17 15 13 1
17 15 14 2
17 16 12 1
17 16 13 2
17 16 14 10
17 16 15 13
17 16 16 2
17 17 12 1
17 17 14 1
17 17 15 11
17 17 16 146
17 17 17 66
17 17 18 5
17 18 16 1
17 18 17 140
17 18 18 4
17 19 18 1
17 19 19 1
18 15 12 4
18 16 12 2
18 16 13 1
18 16 14 1
18 16 15 2
18 17 12 1
18 17 14 2
18 17 15 6
18 17 16 9
18 17 17 1
18 18 12 1
18 18 16 5
18 18 17 126
18 18 18 53
18 18 19 4
18 19 17 16
18 19 18 217
18 19 19 16
18 20 19 7
19 16 13 1
19 17 14 4
19 17 15 2
19 17 16 2
19 17 17 1
19 18 10 2
19 18 12 1
19 18 15 1
19 18 16 6
19 18 17 9
19 18 18 4
19 19 17 11
19 19 18 213
19 19 19 79
19 19 20 3
19 20 18 11
19 20 19 335
19 20 20 16
19 21 19 1
19 21 20 2
20 17 14 2
20 17 17 1
20 18 15 2
20 18 16 2
20 18 17 1
20 19 12 3
20 19 15 1
20 19 16 2
20 19 17 4
20 19 18 3
20 19 19 4
20 20 16 2
20 20 17 2
20 20 18 5
20 20 19 74
20 20 20 24
20 20 21 3
20 21 19 13
20 21 20 298
20 21 21 37
20 22 20 1
20 22 21 17
20 22 22 3
21 19 16 4
21 19 17 1
21 19 18 1
21 19 19 1
21 20 13 1
21 20 15 1
21 20 17 1
21 20 18 1
21 20 20 4
21 20 21 1
21 21 20 33
21 21 21 30
21 21 22 10
21 22 20 2
21 22 21 165
21 22 22 129
21 22 23 3
21 23 22 9
22 19 16 1
22 19 19 1
22 20 14 1
22 20 17 5
22 20 18 5
22 20 19 3
22 21 13 1
22 21 18 6
22 21 19 2
22 21 20 7
22 21 21 4
22 22 14 1
22 22 16 1
22 22 20 1
22 22 21 24
22 22 22 122
22 22 23 18
22 23 22 375
22 23 23 128
22 23 24 10
22 24 23 22
22 24 24 4
23 20 17 30
23 20 18 5
23 21 17 17
23 21 18 58
23 21 19 16
23 21 20 1
23 22 14 1
23 22 15 1
23 22 18 1
23 22 19 5
23 22 20 4
23 22 21 4
23 22 22 1
23 22 23 1
23 23 15 1
23 23 22 29
23 23 23 170
23 23 24 7
23 24 23 121
23 24 24 206
23 24 25 11
23 25 24 14
23 25 25 13
24 21 17 4
24 21 18 8
24 22 18 1
24 22 19 9
24 22 20 22
24 22 21 1
24 23 12 1
24 23 20 8
24 23 21 4
24 23 22 1
24 23 23 2
24 23 24 1
24 24 15 1
24 24 22 4
24 24 23 11
24 24 24 112
24 24 25 9
24 25 24 136
24 25 25 297
24 25 26 10
24 26 25 5
24 26 26 3
25 23 13 1
25 23 20 5
25 23 21 25
25 23 22 4
25 23 23 2
25 24 21 5
25 24 22 14
25 24 23 9
25 24 24 2
25 24 25 1
25 25 23 3
25 25 24 3
25 25 25 142
25 25 26 14
25 26 25 33
25 26 26 93
25 26 27 3
25 27 27 4
26 24 22 39
26 24 23 2
26 24 25 1
26 25 14 1
26 25 15 1
26 25 17 2
26 25 18 1
26 25 22 4
26 25 23 22
26 25 24 3
26 25 25 3
26 25 26 1
26 26 14 1
26 26 15 1
26 26 16 1
26 26 17 1
26 26 23 1
26 26 24 2
26 26 25 6
26 26 26 46
26 26 27 18
26 27 26 22
26 27 27 61
26 27 28 9
26 28 28 11
27 25 22 2
27 25 23 24
27 25 24 4
27 26 17 1
27 26 18 1
27 26 19 1
27 26 20 1
27 26 21 1
27 26 23 3
27 26 24 5
27 26 25 6
27 26 26 4
27 26 27 1
27 27 21 2
27 27 22 1
27 27 26 7
27 27 27 39
27 27 28 9
27 28 27 13
27 28 28 33
27 28 29 7
27 29 28 1
27 29 29 1
28 26 24 9
28 27 22 1
28 27 25 3
28 27 26 2
28 27 28 2
28 28 26 2
28 28 27 1
28 28 28 26
28 28 29 9
28 29 28 7
28 29 29 61
28 29 30 26
28 30 30 1
29 27 24 1
29 27 25 9
29 28 20 1
29 28 23 1
29 28 25 1
29 28 26 1
29 28 27 1
29 28 28 2
29 28 29 1
29 29 20 1
29 29 21 1
29 29 26 2
29 29 27 2
29 29 28 5
29 29 29 49
29 29 30 44
29 30 29 17
29 30 30 236
29 30 31 8
29 31 30 4
29 31 31 2
30 28 25 1
30 29 26 6
30 29 27 6
30 29 29 3
30 29 30 2
30 30 22 1
30 30 27 5
30 30 28 14
30 30 29 19
30 30 30 626
30 30 31 37
30 31 29 17
30 31 30 253
30 31 31 49
31 30 28 2
31 30 30 6
31 31 31 1
