32
0 0 0 7
0 1 0 2
0 1 1 1
1 1 0 16
1 1 1 13
1 1 2 1
1 2 0 1
1 2 1 69
1 2 2 2
2 2 1 34
2 2 2 62
2 2 3 1
2 3 2 106
2 3 3 2
2 8 13 2
3 2 1 1
3 2 2 7
3 3 1 1
3 3 2 103
3 3 3 57
3 3 4 1
3 4 3 142
3 4 4 7
3 5 4 3
3 8 12 2
3 10 15 1
3 11 16 2
3 11 17 1
3 12 16 1
4 3 3 2
4 4 3 26
4 4 4 74
4 5 3 1
4 5 4 157
4 5 5 11
4 6 3 2
4 6 4 6
4 6 5 20
4 6 6 1
4 7 6 1
4 8 10 1
4 8 11 1
4 10 14 3
4 11 16 1
4 12 17 1
5 4 2 2
5 4 4 3
5 5 4 12
5 5 5 23
5 5 6 1
5 6 4 5
5 6 5 41
5 6 6 19
5 7 4 2
5 7 6 4
5 7 8 2
5 8 8 1
5 8 11 2
5 10 13 2
5 11 14 1
5 11 15 1
5 12 15 1
6 4 3 1
6 5 3 4
6 5 4 3
6 5 5 7
6 5 6 1
6 6 4 3
6 6 5 21
6 6 6 12
6 6 7 1
6 7 5 7
6 7 6 20
6 7 7 1
6 8 8 1
6 8 9 1
6 10 13 1
6 11 13 1
6 12 15 2
7 4 2 1
7 5 2 16
7 5 3 12
7 5 4 6
7 6 3 3
7 6 4 2
7 6 5 4
7 6 6 2
7 7 5 3
7 7 6 19
7 7 7 15
7 8 6 15
7 8 7 17
7 8 8 7
7 9 6 1
7 9 8 1
7 10 13 2
7 11 13 1
7 11 14 1
7 13 17 2
8 4 2 1
8 4 3 1
8 5 2 74
8 5 3 58
8 5 4 2
8 6 3 9
8 6 4 61
8 6 5 1
8 7 4 1
8 7 5 6
8 7 6 3
8 7 7 3
8 8 6 1
8 8 7 33
8 8 8 14
8 8 9 2
8 9 7 9
8 9 8 35
8 9 9 2
8 9 11 1
8 10 7 1
8 10 8 1
8 10 9 2
8 10 10 2
8 10 13 1
8 13 16 1
9 4 5 1
9 4 6 1
9 5 3 6
9 6 3 18
9 6 4 2
9 6 7 1
9 7 4 6
9 7 5 7
9 7 6 5
9 7 7 1
9 8 5 2
9 8 6 8
9 8 7 3
9 8 8 1
9 9 7 2
9 9 8 61
9 9 9 5
9 9 10 1
9 10 8 10
9 10 9 36
9 10 10 9
9 10 11 1
9 11 10 4
10 5 6 1
10 5 7 2
10 6 3 3
10 6 4 2
10 6 7 2
10 6 8 1
10 7 3 1
10 7 4 20
10 7 5 3
10 7 7 1
10 7 8 2
10 8 6 11
10 8 7 2
10 9 7 2
10 9 8 6
10 9 9 1
10 9 10 1
10 10 8 4
10 10 9 47
10 10 10 12
10 10 11 2
10 11 9 12
10 11 10 29
10 11 11 10
10 12 10 1
10 12 11 3
10 13 11 1
11 4 7 1
11 5 7 1
11 6 7 3
11 6 8 1
11 7 4 9
11 7 8 2
11 7 9 1
11 8 4 2
11 8 5 1
11 8 6 3
11 8 8 1
11 9 5 1
11 9 6 1
11 9 7 1
11 9 8 2
11 9 9 2
11 10 8 6
11 10 9 9
11 10 10 2
11 11 9 10
11 11 10 51
11 11 11 15
11 11 12 1
11 12 10 13
11 12 11 33
11 12 12 5
11 13 10 1
11 13 12 1
12 5 7 1
12 7 9 1
12 8 5 1
12 8 10 1
12 9 5 7
12 9 6 3
12 9 7 3
12 9 9 1
12 10 6 1
12 10 7 3
12 10 8 5
12 10 9 1
12 10 10 2
12 11 9 2
12 11 10 11
12 11 11 6
12 11 12 1
12 12 9 1
12 12 10 4
12 12 11 56
12 12 12 26
12 13 11 11
12 13 12 43
12 13 13 8
12 14 13 1
13 5 8 3
13 6 8 2
13 9 7 1
13 9 8 1
13 9 10 2
13 10 6 5
13 10 7 12
13 10 10 1
13 10 12 1
13 11 6 1
13 11 7 10
13 11 8 2
13 11 9 4
13 11 10 2
13 11 11 1
13 11 12 2
13 12 10 4
13 12 11 8
13 12 12 4
13 12 13 2
13 13 7 1
13 13 11 9
13 13 12 85
13 13 13 69
13 13 14 2
13 14 12 3
13 14 13 47
13 14 14 7
13 15 13 1
13 15 14 1
13 16 14 1
14 6 8 1
14 10 7 1
14 11 7 9
14 11 8 26
14 11 9 1
14 12 8 7
14 12 9 2
14 12 10 3
14 13 10 1
14 13 11 3
14 13 12 17
14 13 13 21
14 13 14 1
14 14 9 1
14 14 12 5
14 14 13 139
14 14 14 51
14 14 15 3
14 15 13 6
14 15 14 57
14 15 15 7
14 16 14 2
14 16 15 1
14 16 16 2
14 17 19 1
15 10 11 1
15 11 8 1
15 12 8 31
15 12 9 19
15 12 10 1
15 12 12 2
15 13 9 7
15 13 10 8
15 13 11 3
15 13 12 5
15 13 13 2
15 13 14 2
15 14 10 1
15 14 11 4
15 14 12 5
15 14 13 13
15 14 14 9
15 15 13 8
15 15 14 111
15 15 15 41
15 15 16 1
15 16 14 18
15 16 15 102
15 16 16 10
15 17 16 1
16 5 9 1
16 6 10 1
16 13 9 2
16 13 10 6
16 13 11 1
16 14 10 6
16 14 11 5
16 14 12 3
16 14 13 5
16 14 14 2
16 15 12 3
16 15 13 4
16 15 14 42
16 15 15 7
16 15 16 2
16 16 12 1
16 16 13 2
16 16 14 46
16 16 15 171
16 16 16 41
16 16 17 4
16 17 15 7
16 17 16 118
16 17 17 8
16 18 17 3
17 14 10 1
17 14 11 5
17 15 11 1
17 15 12 5
17 15 13 3
17 15 14 1
17 15 15 2
17 16 12 1
17 16 13 2
17 16 14 11
17 16 15 10
17 16 16 2
17 16 17 1
17 17 12 1
17 17 15 10
17 17 16 150
17 17 17 80
17 17 18 2
17 18 16 4
17 18 17 122
17 18 18 5
17 19 18 1
17 20 19 1
18 15 12 4
18 16 12 5
18 16 13 1
18 16 14 3
18 16 16 1
18 17 12 1
18 17 13 1
18 17 14 3
18 17 15 9
18 17 16 8
18 17 17 4
18 18 11 1
18 18 16 7
18 18 17 95
18 18 18 42
18 18 19 2
18 19 17 16
18 19 18 180
18 19 19 12
18 20 19 7
19 16 13 4
19 16 15 1
19 17 13 1
19 17 14 7
19 17 15 3
19 17 16 3
19 18 10 1
19 18 11 1
19 18 12 1
19 18 16 2
19 18 17 4
19 18 18 6
19 19 11 1
19 19 17 9
19 19 18 185
19 19 19 64
19 19 20 2
19 20 18 11
19 20 19 282
19 20 20 14
19 21 20 3
20 17 14 3
20 18 14 1
20 18 15 2
20 18 16 6
20 18 17 2
20 19 13 2
20 19 16 2
20 19 17 6
20 19 18 4
20 19 19 1
20 19 20 1
20 20 14 1
20 20 16 1
20 20 18 10
20 20 19 61
20 20 20 21
20 20 21 6
20 21 17 2
20 21 19 12
20 21 20 273
20 21 21 37
20 21 22 2
20 22 21 18
21 18 15 1
21 18 16 1
21 19 16 4
21 19 17 2
21 19 18 2
21 20 12 1
21 20 14 1
21 20 17 1
21 20 19 4
21 20 20 2
21 20 21 1
21 21 12 1
21 21 13 1
21 21 16 1
21 21 20 31
21 21 21 29
21 21 22 9
21 22 20 1
21 22 21 140
21 22 22 110
21 22 23 2
21 23 22 3
21 23 23 1
21 24 23 1
22 20 18 6
22 20 19 2
22 20 21 1
22 21 12 1
22 21 14 1
22 21 17 1
22 21 18 6
22 21 19 3
22 21 20 3
22 21 21 3
22 21 22 1
22 22 21 22
22 22 22 112
22 22 23 22
22 23 22 340
22 23 23 119
22 23 24 12
22 24 23 12
22 24 24 8
23 20 17 12
23 20 18 2
23 21 17 10
23 21 18 60
23 21 19 12
23 22 14 1
23 22 19 8
23 22 20 3
23 22 21 1
23 22 22 6
23 23 21 2
23 23 22 28
23 23 23 142
23 23 24 11
23 24 23 129
23 24 24 184
23 24 25 17
23 25 24 11
23 25 25 8
23 26 25 1
24 21 17 7
24 21 18 24
24 22 18 4
24 22 19 10
24 22 20 17
24 22 21 2
24 22 22 1
24 23 11 1
24 23 14 1
24 23 16 1
24 23 20 6
24 23 21 4
24 23 22 3
24 23 23 1
24 24 16 1
24 24 22 4
24 24 23 9
24 24 24 116
24 24 25 9
24 25 23 2
24 25 24 111
24 25 25 307
24 25 26 22
24 26 25 5
24 26 26 11
25 22 13 1
25 22 20 1
25 23 20 4
25 23 21 30
25 23 22 6
25 23 24 1
25 24 13 3
25 24 16 1
25 24 21 1
25 24 22 18
25 24 23 9
25 24 24 2
25 24 25 1
25 25 23 5
25 25 24 14
25 25 25 157
25 25 26 13
25 26 25 42
25 26 26 96
25 26 27 2
25 27 26 2
25 27 27 7
26 24 22 39
26 24 23 3
26 24 24 1
26 25 15 1
26 25 22 2
26 25 23 28
26 25 24 5
26 25 25 4
26 26 16 1
26 26 17 2
26 26 18 1
26 26 19 1
26 26 24 3
26 26 25 11
26 26 26 48
26 26 27 19
26 27 26 18
26 27 27 54
26 27 28 12
26 28 27 2
26 28 28 11
27 25 23 27
27 25 24 3
27 26 15 1
27 26 17 1
27 26 18 1
27 26 19 2
27 26 23 4
27 26 24 14
27 26 25 2
27 26 26 2
27 27 21 1
27 27 22 1
27 27 25 1
27 27 26 5
27 27 27 29
27 27 28 11
27 28 27 5
27 28 28 30
27 28 29 9
27 29 29 2
28 26 23 1
28 26 24 13
28 26 25 2
28 27 23 1
28 27 24 1
28 27 25 3
28 27 26 3
28 27 27 1
28 28 20 1
28 28 25 1
28 28 26 1
28 28 27 4
28 28 28 29
28 28 29 13
28 29 28 11
28 29 29 61
28 29 30 27
28 30 30 3
29 27 25 6
29 28 18 1
29 28 25 2
29 28 26 2
29 28 28 3
29 28 29 1
29 29 20 1
29 29 25 1
29 29 26 1
29 29 27 2
29 29 28 4
29 29 29 41
29 29 30 49
29 30 29 15
29 30 30 215
29 30 31 2
29 31 30 4
29 31 31 1
30 28 25 2
30 28 26 1
30 29 24 1
30 29 26 5
30 29 27 6
30 29 28 2
30 29 29 1
30 29 30 1
30 30 22 1
30 30 27 5
30 30 28 12
30 30 29 22
30 30 30 644
30 30 31 40
30 31 29 7
30 31 30 237
30 31 31 41
31 30 29 1
31 30 30 2
31 30 31 3
