32
0 0 0 7
0 1 0 1
0 1 1 1
1 0 0 2
1 1 0 5
1 1 1 4
1 2 0 1
1 2 1 24
1 2 2 1
2 1 0 3
2 1 1 1
2 1 2 1
2 2 0 2
2 2 1 34
2 2 2 18
2 3 1 4
2 3 2 122
2 4 3 2
2 4 5 1
3 2 0 2
3 2 1 6
3 2 2 4
3 3 1 1
3 3 2 162
3 3 3 31
3 3 4 1
3 4 2 16
3 4 3 125
3 4 4 12
3 5 4 2
3 5 6 1
3 10 14 1
3 10 15 1
3 11 17 1
3 12 18 1
4 3 1 1
4 3 3 1
4 4 2 3
4 4 3 65
4 4 4 57
4 4 5 1
4 5 3 2
4 5 4 181
4 5 5 14
4 6 5 19
4 10 15 1
4 11 16 2
4 11 17 1
5 4 2 1
5 4 3 1
5 4 4 2
5 5 4 19
5 5 5 17
5 5 6 3
5 6 4 1
5 6 5 19
5 6 6 14
5 7 5 1
5 7 6 1
5 7 8 1
5 10 14 1
5 11 15 1
5 11 16 1
6 4 2 1
6 5 1 1
6 5 4 1
6 5 5 6
6 6 4 4
6 6 5 6
6 6 6 8
6 6 7 2
6 7 5 1
6 7 6 3
6 7 7 4
6 8 7 5
6 8 9 1
6 9 11 1
6 10 13 2
6 10 14 1
6 11 15 1
7 6 2 1
7 6 5 2
7 6 6 3
7 7 4 1
7 7 5 5
7 7 6 5
7 7 7 4
7 7 8 1
7 8 5 1
7 8 7 6
7 8 8 2
7 8 9 1
7 9 4 1
7 9 8 3
7 10 14 1
7 11 14 1
7 11 15 1
7 12 16 2
7 13 17 1
7 13 18 1
8 7 5 4
8 7 6 2
8 7 7 1
8 7 8 1
8 7 9 1
8 8 5 6
8 8 6 14
8 8 7 6
8 8 8 6
8 8 9 3
8 9 8 4
8 9 9 5
8 9 10 1
8 10 7 1
8 10 9 3
8 10 13 1
8 11 7 1
8 11 13 1
8 11 14 1
8 11 15 1
8 12 14 1
8 12 15 1
9 6 3 2
9 7 4 2
9 8 6 8
9 8 7 4
9 8 8 2
9 8 9 1
9 9 6 2
9 9 7 12
9 9 8 6
9 9 9 9
9 9 10 2
9 9 11 1
9 9 12 1
9 10 5 2
9 10 6 1
9 10 7 1
9 10 9 8
9 10 10 3
9 10 11 1
9 11 6 2
9 11 10 4
9 11 11 1
9 11 12 1
9 12 15 1
9 14 17 1
10 7 3 1
10 7 4 1
10 8 4 2
10 9 6 1
10 9 7 4
10 9 8 4
10 9 9 1
10 9 10 1
10 10 7 1
10 10 8 6
10 10 9 6
10 10 10 7
10 10 11 3
10 11 6 1
10 11 8 1
10 11 10 6
10 11 11 6
10 12 8 1
10 12 11 2
10 12 14 1
10 15 19 1
11 7 8 1
11 8 3 1
11 8 4 4
11 9 6 1
11 9 8 1
11 10 8 8
11 10 9 6
11 10 10 4
11 10 12 1
11 11 8 5
11 11 9 13
11 11 10 18
11 11 11 12
11 11 12 1
11 12 11 11
11 12 12 2
11 12 13 2
11 13 10 2
11 13 13 1
11 13 14 1
11 14 16 1
12 6 8 1
12 7 8 1
12 8 4 1
12 9 4 2
12 9 5 1
12 9 6 1
12 10 6 1
12 10 7 1
12 10 8 4
12 10 9 2
12 10 10 1
12 11 8 2
12 11 9 12
12 11 10 6
12 11 11 2
12 11 12 1
12 12 8 1
12 12 9 3
12 12 10 9
12 12 11 12
12 12 12 5
12 12 13 1
12 13 10 1
12 13 11 1
12 13 12 21
12 13 13 1
12 14 13 1
12 15 15 1
12 15 16 1
13 8 8 2
13 8 9 1
13 9 9 3
13 9 10 2
13 10 5 2
13 10 9 2
13 10 11 1
13 11 7 1
13 11 8 3
13 11 9 3
13 11 10 3
13 11 11 1
13 11 12 1
13 12 9 1
13 12 10 14
13 12 11 7
13 12 12 14
13 12 13 4
13 12 14 1
13 13 10 10
13 13 11 20
13 13 12 19
13 13 13 25
13 13 14 3
13 14 11 3
13 14 12 3
13 14 13 16
13 14 14 4
13 14 15 3
13 14 16 1
13 15 12 1
13 15 14 2
13 15 15 1
13 15 17 3
13 16 18 2
14 6 8 1
14 8 9 1
14 8 10 1
14 9 10 1
14 10 7 2
14 10 9 2
14 10 10 5
14 11 6 5
14 11 7 24
14 11 8 2
14 11 9 3
14 11 10 1
14 11 11 1
14 11 12 2
14 12 7 2
14 12 8 3
14 12 9 3
14 12 11 1
14 12 12 2
14 12 13 1
14 13 8 1
14 13 9 1
14 13 10 3
14 13 11 13
14 13 12 16
14 13 13 5
14 13 14 2
14 14 11 3
14 14 12 10
14 14 13 31
14 14 14 20
14 14 15 1
14 15 13 2
14 15 14 18
14 15 15 2
14 16 14 1
14 16 19 1
14 17 19 1
15 9 3 1
15 10 3 5
15 10 4 83
15 10 5 2
15 10 10 1
15 10 12 1
15 11 5 3
15 11 6 46
15 11 7 16
15 11 8 2
15 12 6 8
15 12 7 21
15 12 8 78
15 12 9 19
15 12 11 1
15 12 13 1
15 12 14 1
15 13 8 1
15 13 9 3
15 13 10 6
15 13 11 6
15 13 12 19
15 13 13 6
15 13 14 2
15 14 11 4
15 14 12 50
15 14 13 39
15 14 14 6
15 14 15 1
15 15 13 18
15 15 14 23
15 15 15 12
15 15 16 3
15 15 17 1
15 16 13 1
15 16 14 5
15 16 15 18
15 16 16 3
15 17 16 1
15 17 20 1
15 18 20 2
16 7 9 1
16 8 10 2
16 9 10 1
16 10 3 1
16 10 4 54
16 11 4 56
16 11 5 14
16 11 6 7
16 12 5 2
16 12 6 28
16 12 7 11
16 12 8 2
16 12 12 1
16 13 8 4
16 13 9 9
16 13 10 9
16 14 10 5
16 14 11 7
16 14 12 29
16 14 13 35
16 14 14 1
16 15 12 2
16 15 13 21
16 15 14 15
16 15 15 6
16 16 12 1
16 16 13 9
16 16 14 10
16 16 15 41
16 16 16 23
16 16 17 1
16 17 14 1
16 17 15 2
16 17 16 10
16 17 17 3
16 17 18 2
16 18 17 1
16 18 19 1
16 18 20 2
16 19 21 1
16 19 22 1
17 11 4 2
17 11 5 4
17 12 5 6
17 12 6 6
17 12 7 4
17 13 7 1
17 13 8 8
17 13 9 4
17 13 16 1
17 14 10 1
17 14 11 1
17 14 12 1
17 14 13 2
17 15 12 5
17 15 13 7
17 15 14 1
17 16 13 5
17 16 14 11
17 16 15 25
17 16 16 10
17 16 17 3
17 17 13 1
17 17 14 5
17 17 15 20
17 17 16 21
17 17 17 22
17 17 18 9
17 18 14 2
17 18 17 22
17 18 18 7
17 18 19 3
17 19 18 5
17 19 19 1
17 19 20 1
17 19 21 1
17 19 22 1
17 20 22 1
17 20 23 1
18 8 11 1
18 14 9 1
18 14 10 3
18 15 10 2
18 15 11 4
18 15 12 2
18 16 12 2
18 16 13 8
18 16 14 4
18 16 15 2
18 16 16 1
18 17 14 3
18 17 15 22
18 17 16 15
18 17 17 6
18 17 18 2
18 18 15 9
18 18 16 23
18 18 17 15
18 18 18 15
18 18 19 1
18 18 20 1
18 19 15 1
18 19 17 3
18 19 18 16
18 19 19 6
18 19 20 1
18 20 19 2
18 20 22 3
18 20 23 1
18 21 23 3
19 9 12 1
19 15 10 1
19 15 11 5
19 15 12 2
19 16 11 1
19 16 12 4
19 16 13 2
19 17 13 1
19 17 14 4
19 17 15 3
19 17 16 1
19 17 17 1
19 17 18 1
19 17 19 1
19 18 13 1
19 18 14 1
19 18 15 4
19 18 16 28
19 18 17 9
19 18 18 6
19 18 19 4
19 18 20 1
19 19 12 1
19 19 16 8
19 19 17 14
19 19 18 10
19 19 19 12
19 19 20 4
19 19 21 1
19 20 17 1
19 20 18 2
19 20 19 7
19 20 20 9
19 20 21 1
19 21 19 1
19 21 20 4
19 21 21 3
19 21 22 1
19 21 23 2
19 22 24 1
19 22 25 1
20 17 13 3
20 17 14 1
20 17 16 1
20 18 14 2
20 18 15 5
20 18 16 4
20 18 17 3
20 19 9 1
20 19 11 1
20 19 14 1
20 19 16 16
20 19 17 37
20 19 18 8
20 19 19 3
20 19 20 4
20 20 13 2
20 20 17 11
20 20 18 16
20 20 19 9
20 20 20 9
20 20 21 4
20 20 22 2
20 21 19 5
20 21 20 17
20 21 21 14
20 21 22 2
20 22 21 3
20 22 24 4
20 22 25 1
20 23 25 1
20 23 26 1
21 18 13 2
21 18 14 1
21 18 15 3
21 19 9 1
21 19 12 1
21 19 16 8
21 19 17 7
21 19 18 3
21 19 19 1
21 20 12 2
21 20 13 2
21 20 16 2
21 20 17 21
21 20 18 44
21 20 19 3
21 20 20 2
21 20 21 1
21 21 16 1
21 21 18 17
21 21 19 25
21 21 20 5
21 21 21 8
21 21 22 1
21 21 23 3
21 22 18 1
21 22 20 2
21 22 21 15
21 22 22 20
21 22 23 4
21 22 24 1
21 23 24 1
21 23 25 2
21 24 23 1
21 24 27 1
22 18 14 1
22 19 16 2
22 19 17 4
22 20 10 2
22 20 11 2
22 20 12 1
22 20 16 1
22 20 17 12
22 20 18 12
22 20 19 2
22 20 22 1
22 21 12 1
22 21 13 2
22 21 17 1
22 21 18 40
22 21 19 39
22 21 20 16
22 21 21 5
22 21 22 1
22 21 24 1
22 22 12 2
22 22 16 1
22 22 18 1
22 22 19 9
22 22 20 28
22 22 21 38
22 22 22 40
22 22 23 5
22 22 24 1
22 23 21 1
22 23 22 43
22 23 23 30
22 23 24 7
22 23 25 3
22 23 26 1
22 24 23 1
22 24 24 2
22 24 26 3
22 24 27 1
22 25 27 3
22 25 28 3
23 16 16 1
23 21 9 1
23 21 10 1
23 21 18 8
23 21 19 9
23 22 11 1
23 22 12 2
23 22 13 1
23 22 14 1
23 22 16 1
23 22 19 16
23 22 20 27
23 22 21 11
23 22 22 4
23 22 25 1
23 23 20 11
23 23 21 47
23 23 22 70
23 23 23 92
23 23 24 9
23 23 25 2
23 24 22 2
23 24 23 163
23 24 24 131
23 24 25 34
23 24 26 3
23 24 27 1
23 25 24 11
23 25 25 52
23 25 26 1
23 25 27 19
23 25 28 15
23 26 27 1
23 26 28 62
23 26 29 39
23 27 29 11
23 27 30 15
24 17 14 1
24 19 19 1
24 22 10 1
24 22 12 1
24 22 13 1
24 22 19 10
24 22 20 19
24 22 21 3
24 22 22 1
24 23 14 1
24 23 15 1
24 23 20 21
24 23 21 126
24 23 22 41
24 23 23 7
24 23 24 1
24 24 17 1
24 24 21 17
24 24 22 84
24 24 23 126
24 24 24 85
24 24 25 34
24 24 26 1
24 25 23 5
24 25 24 119
24 25 25 101
24 25 26 30
24 25 27 11
24 25 28 2
24 26 25 2
24 26 26 24
24 26 27 27
24 26 28 59
24 26 29 32
24 27 25 1
24 27 28 2
24 27 29 24
24 27 30 35
24 28 30 3
25 21 13 1
25 21 20 1
25 22 22 1
25 23 12 2
25 23 21 35
25 23 22 18
25 23 23 1
25 24 12 1
25 24 13 3
25 24 14 1
25 24 15 1
25 24 20 3
25 24 21 34
25 24 22 298
25 24 23 64
25 24 24 3
25 25 12 1
25 25 15 1
25 25 16 1
25 25 17 1
25 25 22 19
25 25 23 137
25 25 24 377
25 25 25 141
25 25 26 6
25 25 27 2
25 25 28 2
25 26 24 4
25 26 25 281
25 26 26 46
25 26 27 26
25 26 28 20
25 26 29 1
25 27 27 30
25 27 28 107
25 27 29 200
25 27 30 4
25 28 30 12
26 21 19 1
26 22 21 1
26 23 22 1
26 24 22 27
26 24 23 13
26 25 14 3
26 25 22 19
26 25 23 207
26 25 24 39
26 25 25 10
26 25 26 2
26 26 15 1
26 26 16 1
26 26 17 2
26 26 18 2
26 26 19 1
26 26 20 1
26 26 23 17
26 26 24 143
26 26 25 93
26 26 26 85
26 26 27 15
26 26 28 1
26 27 26 5
26 27 27 29
26 27 28 6
26 27 29 23
26 28 28 5
26 28 29 6
26 28 30 1
26 29 29 1
27 25 23 8
27 25 24 2
27 26 20 1
27 26 23 4
27 26 24 127
27 26 25 66
27 26 26 12
27 27 19 1
27 27 22 2
27 27 24 1
27 27 25 198
27 27 26 36
27 27 27 21
27 27 28 9
27 27 29 1
27 28 27 1
27 28 28 19
27 28 29 13
27 29 29 15
27 29 30 1
28 26 25 1
28 27 22 1
28 27 25 79
28 27 26 88
28 27 27 8
28 28 19 2
28 28 20 1
28 28 25 1
28 28 26 244
28 28 27 25
28 28 28 12
28 28 29 35
28 29 26 1
28 29 28 2
28 29 29 111
28 29 30 45
28 30 30 28
29 27 25 3
29 27 26 1
29 28 25 3
29 28 26 39
29 28 27 56
29 28 28 4
29 29 25 1
29 29 27 58
29 29 28 10
29 29 29 8
29 29 30 8
29 30 27 1
29 30 28 1
29 30 30 41
29 31 30 3
29 31 31 12
30 29 26 3
30 29 27 11
30 29 28 10
30 29 29 1
30 30 27 4
30 30 28 15
30 30 29 15
30 30 30 246
30 30 31 11
30 31 29 12
30 31 30 73
30 31 31 4
31 30 28 2
31 30 29 7
31 30 30 3
31 31 28 1
31 31 29 1
