32
0 0 0 3
0 0 1 1
0 1 0 3
1 1 0 13
1 1 1 6
1 2 0 1
1 2 1 79
1 2 2 4
2 2 1 41
2 2 2 57
2 3 1 1
2 3 2 144
2 3 3 1
2 7 11 1
2 8 12 2
3 2 2 5
3 3 1 1
3 3 2 88
3 3 3 57
3 4 2 1
3 4 3 150
3 4 4 6
3 5 4 4
3 8 11 2
3 11 15 2
3 11 16 2
4 3 1 1
4 3 2 2
4 3 3 2
4 3 4 1
4 4 2 1
4 4 3 24
4 4 4 85
4 4 5 2
4 5 3 2
4 5 4 129
4 5 5 14
4 6 3 1
4 6 4 9
4 6 5 19
4 6 6 1
4 6 7 1
4 7 6 1
4 8 11 1
4 9 11 1
4 9 13 1
4 10 14 1
4 10 15 1
4 11 15 1
5 4 2 2
5 4 4 2
5 4 5 2
5 5 4 21
5 5 5 26
5 5 6 2
5 6 4 6
5 6 5 49
5 6 6 13
5 7 4 1
5 7 5 1
5 7 6 1
5 7 7 2
5 7 8 1
5 8 11 1
5 10 13 2
5 11 13 1
5 11 14 1
5 11 15 2
6 5 3 3
6 5 4 2
6 5 5 3
6 5 6 1
6 6 4 3
6 6 5 24
6 6 6 21
6 6 7 2
6 7 5 6
6 7 6 10
6 7 7 3
6 8 6 1
6 8 7 2
6 9 6 1
6 9 12 3
6 10 12 1
6 11 14 2
6 11 15 1
6 12 13 1
6 12 15 1
7 4 2 3
7 5 2 9
7 5 3 13
7 5 4 8
7 6 3 2
7 6 4 3
7 6 5 1
7 7 5 3
7 7 6 21
7 7 7 17
7 7 8 1
7 8 6 8
7 8 7 14
7 8 8 8
7 9 8 1
7 10 6 1
7 10 7 1
7 10 13 1
7 11 13 1
7 11 14 1
7 13 17 1
7 14 17 1
8 4 2 4
8 5 2 77
8 5 3 53
8 6 3 17
8 6 4 46
8 6 5 1
8 7 4 2
8 7 5 6
8 7 6 1
8 7 7 2
8 8 6 1
8 8 7 54
8 8 8 15
8 8 9 5
8 9 7 5
8 9 8 30
8 9 9 5
8 10 8 1
8 10 9 3
8 10 10 1
8 11 11 1
8 11 13 1
9 4 5 1
9 4 6 1
9 5 3 8
9 5 6 1
9 6 3 16
9 6 4 5
9 6 6 1
9 7 4 3
9 7 5 12
9 7 6 1
9 8 6 4
9 8 7 3
9 8 8 1
9 9 7 3
9 9 8 52
9 9 9 11
9 9 10 1
9 10 8 10
9 10 9 29
9 10 10 5
9 10 11 1
9 11 8 1
9 11 9 1
9 11 10 1
9 11 11 2
10 4 6 1
10 5 6 1
10 5 7 3
10 6 3 4
10 6 4 2
10 6 7 1
10 7 3 1
10 7 4 23
10 7 5 2
10 7 8 1
10 8 5 2
10 8 6 5
10 8 7 1
10 8 8 1
10 8 9 2
10 9 7 5
10 9 8 8
10 9 9 3
10 9 10 1
10 10 8 2
10 10 9 54
10 10 10 14
10 10 11 2
10 11 9 15
10 11 10 31
10 11 11 1
10 12 8 1
10 12 10 1
10 12 11 5
10 12 12 1
10 13 12 1
11 5 7 3
11 6 7 5
11 7 4 6
11 7 5 1
11 7 8 3
11 8 4 3
11 8 5 3
11 8 6 2
11 8 8 1
11 9 5 1
11 9 6 2
11 9 7 3
11 9 8 4
11 9 9 1
11 9 10 2
11 10 7 1
11 10 8 4
11 10 9 8
11 10 10 4
11 10 11 2
11 11 9 9
11 11 10 70
11 11 11 16
11 12 10 12
11 12 11 29
11 12 12 7
11 13 12 1
11 13 13 1
12 4 7 1
12 5 8 3
12 6 8 1
12 9 5 5
12 9 6 5
12 9 8 3
12 9 10 1
12 9 11 2
12 10 6 4
12 10 7 2
12 10 8 3
12 10 9 1
12 11 9 4
12 11 10 8
12 11 11 8
12 12 10 10
12 12 11 78
12 12 12 10
12 13 11 17
12 13 12 56
12 13 13 7
12 14 12 1
12 14 13 1
13 6 8 1
13 7 9 1
13 10 6 10
13 10 7 9
13 10 11 2
13 11 7 13
13 11 8 5
13 11 10 2
13 11 11 1
13 12 9 1
13 12 10 2
13 12 11 10
13 12 12 5
13 12 13 2
13 13 11 3
13 13 12 101
13 13 13 74
13 13 14 2
13 13 15 1
13 14 12 2
13 14 13 49
13 14 14 8
13 14 15 1
13 15 13 2
13 15 14 5
14 11 7 12
14 11 8 18
14 12 8 19
14 12 9 2
14 12 10 3
14 12 11 2
14 13 10 3
14 13 11 6
14 13 12 8
14 13 13 21
14 14 12 5
14 14 13 114
14 14 14 58
14 14 15 1
14 15 13 9
14 15 14 55
14 15 15 6
14 16 14 2
14 16 15 1
14 16 16 1
14 17 16 1
15 5 8 1
15 5 9 1
15 11 8 1
15 12 8 27
15 12 9 17
15 12 10 1
15 12 13 1
15 13 9 2
15 13 10 10
15 13 11 5
15 13 12 1
15 13 13 3
15 13 14 1
15 14 11 3
15 14 12 10
15 14 13 24
15 14 14 7
15 14 15 1
15 15 11 1
15 15 13 13
15 15 14 115
15 15 15 44
15 15 16 1
15 16 14 22
15 16 15 104
15 16 16 3
15 17 16 3
16 12 12 1
16 13 9 2
16 13 10 7
16 14 10 3
16 14 11 2
16 14 12 4
16 14 13 2
16 14 14 2
16 14 15 1
16 15 12 1
16 15 13 8
16 15 14 47
16 15 15 6
16 16 10 1
16 16 14 53
16 16 15 166
16 16 16 36
16 16 17 2
16 17 15 9
16 17 16 119
16 17 17 12
16 18 17 4
17 14 10 1
17 14 11 3
17 15 12 8
17 15 13 5
17 16 13 2
17 16 14 10
17 16 15 6
17 16 16 1
17 17 14 2
17 17 15 10
17 17 16 152
17 17 17 61
17 18 16 4
17 18 17 130
17 18 18 12
17 19 17 1
17 19 18 1
18 15 12 4
18 16 12 6
18 16 13 2
18 16 14 5
18 16 15 2
18 17 12 2
18 17 13 1
18 17 14 4
18 17 15 6
18 17 16 8
18 18 16 7
18 18 17 130
18 18 18 51
18 18 19 2
18 19 17 11
18 19 18 164
18 19 19 12
18 20 19 1
18 21 20 1
19 16 13 4
19 16 16 2
19 17 13 2
19 17 14 5
19 17 15 2
19 17 16 1
19 17 17 1
19 18 10 1
19 18 12 1
19 18 15 1
19 18 16 2
19 18 17 7
19 18 18 7
19 18 19 2
19 19 14 1
19 19 17 6
19 19 18 213
19 19 19 63
19 19 20 4
19 20 18 11
19 20 19 303
19 20 20 17
19 21 19 1
19 21 20 6
20 17 14 3
20 18 14 1
20 18 15 1
20 18 18 1
20 19 11 2
20 19 13 1
20 19 16 2
20 19 17 5
20 19 18 2
20 19 19 2
20 19 20 2
20 20 18 10
20 20 19 73
20 20 20 21
20 20 21 5
20 21 19 9
20 21 20 259
20 21 21 33
20 21 22 1
20 22 21 15
20 22 22 3
21 18 15 1
21 19 17 2
21 19 18 2
21 20 11 1
21 20 14 1
21 20 17 2
21 20 18 5
21 20 19 6
21 20 21 1
21 21 13 1
21 21 14 1
21 21 17 1
21 21 18 1
21 21 19 1
21 21 20 29
21 21 21 26
21 21 22 9
21 22 20 1
21 22 21 148
21 22 22 110
21 22 23 2
21 23 22 5
22 19 16 2
22 19 17 1
22 20 16 1
22 20 17 2
22 20 18 5
22 20 20 1
22 20 21 1
22 21 13 3
22 21 16 1
22 21 17 4
22 21 18 2
22 21 19 3
22 21 20 1
22 21 21 2
22 22 20 2
22 22 21 36
22 22 22 112
22 22 23 14
22 23 22 307
22 23 23 129
22 23 24 13
22 24 23 10
22 24 24 9
23 20 17 17
23 20 18 2
23 21 17 11
23 21 18 54
23 21 19 14
23 22 19 8
23 22 20 3
23 22 21 3
23 22 22 3
23 23 17 1
23 23 22 31
23 23 23 169
23 23 24 6
23 24 22 1
23 24 23 116
23 24 24 203
23 24 25 14
23 25 24 11
23 25 25 12
24 21 17 8
24 21 18 22
24 22 18 1
24 22 19 9
24 22 20 20
24 22 21 1
24 22 22 1
24 23 11 1
24 23 15 1
24 23 20 7
24 23 21 3
24 23 22 4
24 23 23 2
24 23 24 1
24 24 22 3
24 24 23 11
24 24 24 106
24 24 25 22
24 25 22 1
24 25 24 103
24 25 25 303
24 25 26 20
24 25 27 1
24 26 25 11
24 26 26 12
25 23 20 3
25 23 21 26
25 23 22 2
25 24 16 2
25 24 21 3
25 24 22 17
25 24 23 8
25 24 24 3
25 24 25 1
25 25 23 4
25 25 24 12
25 25 25 138
25 25 26 20
25 26 25 37
25 26 26 95
25 26 27 7
25 27 27 4
26 24 13 1
26 24 22 42
26 24 23 4
26 25 14 1
26 25 15 1
26 25 16 1
26 25 17 1
26 25 22 6
26 25 23 24
26 25 24 7
26 25 25 4
26 26 14 1
26 26 16 1
26 26 17 1
26 26 24 1
26 26 25 15
26 26 26 50
26 26 27 17
26 27 26 27
26 27 27 60
26 27 28 13
26 28 27 3
26 28 28 12
26 29 28 1
27 25 22 1
27 25 23 28
27 25 24 5
27 26 15 2
27 26 17 1
27 26 18 1
27 26 19 1
27 26 20 1
27 26 23 4
27 26 24 12
27 26 25 3
27 26 26 4
27 26 27 1
27 27 25 1
27 27 26 3
27 27 27 38
27 27 28 14
27 28 27 10
27 28 28 31
27 28 29 7
27 29 29 2
28 26 23 1
28 26 24 9
28 26 25 2
28 27 21 1
28 27 22 3
28 27 23 2
28 27 24 1
28 27 25 1
28 27 26 4
28 27 27 3
28 27 28 1
28 28 19 1
28 28 27 5
28 28 28 26
28 28 29 12
28 29 28 7
28 29 29 55
28 29 30 21
29 27 25 6
29 28 25 2
29 28 26 4
29 28 27 1
29 28 28 2
29 28 29 2
29 29 21 2
29 29 27 1
29 29 28 2
29 29 29 32
29 29 30 46
29 30 29 19
29 30 30 223
29 30 31 2
29 31 30 4
30 28 26 3
30 28 29 1
30 29 22 1
30 29 25 1
30 29 26 4
30 29 27 2
30 29 28 1
30 29 29 2
30 29 30 2
30 30 22 1
30 30 24 1
30 30 26 1
30 30 27 7
30 30 28 13
30 30 29 19
30 30 30 678
30 30 31 33
30 31 28 1
30 31 29 7
30 31 30 212
30 31 31 43
31 30 28 2
31 30 29 1
31 30 30 5
31 31 29 1
