32
0 0 0 13
0 1 0 2
0 1 1 1
1 1 0 16
1 1 1 10
1 2 1 70
1 2 2 2
2 2 0 1
2 2 1 40
2 2 2 55
2 3 2 153
2 8 12 2
3 2 1 1
3 2 2 7
3 2 3 2
3 3 2 104
3 3 3 60
3 4 3 151
3 4 4 9
3 5 3 1
3 5 4 1
3 8 11 1
3 11 15 4
3 11 16 2
4 3 2 1
4 3 3 2
4 4 2 1
4 4 3 27
4 4 4 84
4 4 5 2
4 5 3 1
4 5 4 159
4 5 5 17
4 6 3 2
4 6 4 6
4 6 5 10
4 6 6 1
4 7 6 1
4 7 8 1
4 8 10 1
4 8 11 1
4 9 13 1
4 10 12 1
4 10 13 1
4 10 15 1
4 11 15 1
5 4 3 2
5 4 4 3
5 4 5 2
5 5 4 18
5 5 5 18
5 5 6 1
5 6 4 10
5 6 5 41
5 6 6 16
5 7 5 2
5 7 9 1
5 8 11 2
5 9 11 1
5 10 12 1
5 10 13 1
5 10 14 1
5 11 14 1
5 12 13 1
5 12 16 1
6 4 3 2
6 5 3 5
6 5 5 3
6 5 6 2
6 6 4 3
6 6 5 19
6 6 6 14
6 6 7 2
6 7 5 3
6 7 6 21
6 7 7 3
6 7 9 1
6 8 6 2
6 8 7 3
6 10 12 1
6 10 13 1
6 11 14 1
6 11 15 1
6 12 15 2
7 4 2 6
7 4 3 1
7 5 2 3
7 5 3 12
7 5 4 8
7 6 4 3
7 6 5 2
7 7 5 2
7 7 6 29
7 7 7 15
7 7 8 4
7 8 6 11
7 8 7 25
7 8 8 5
7 8 11 1
7 9 7 1
7 9 8 4
7 10 6 2
7 10 7 1
7 10 13 1
7 11 14 2
8 4 2 4
8 4 3 1
8 5 2 76
8 5 3 65
8 6 3 13
8 6 4 54
8 6 7 1
8 7 4 1
8 7 5 8
8 7 6 4
8 7 7 4
8 7 8 1
8 8 6 4
8 8 7 41
8 8 8 19
8 8 9 2
8 9 7 7
8 9 8 32
8 9 9 3
8 9 10 2
8 10 8 1
8 10 9 6
8 10 10 1
8 13 16 1
9 4 5 1
9 5 3 7
9 5 7 1
9 6 3 18
9 6 4 2
9 6 7 1
9 7 4 1
9 7 5 12
9 7 6 2
9 8 5 2
9 8 6 5
9 8 7 5
9 8 8 4
9 9 7 4
9 9 8 55
9 9 9 19
9 9 10 2
9 10 8 7
9 10 9 27
9 10 10 5
9 10 11 1
9 11 9 2
9 11 10 3
9 11 11 2
10 4 6 1
10 4 7 1
10 5 6 1
10 5 7 2
10 6 3 3
10 6 4 1
10 6 6 1
10 6 7 3
10 7 3 2
10 7 4 23
10 7 5 7
10 7 8 2
10 7 9 1
10 8 6 8
10 8 8 1
10 9 7 3
10 9 8 9
10 9 9 1
10 10 8 3
10 10 9 58
10 10 10 14
10 10 11 2
10 11 9 15
10 11 10 43
10 11 11 4
10 11 12 1
10 12 10 1
10 12 11 5
10 12 14 1
11 5 7 2
11 6 7 4
11 7 4 4
11 7 8 3
11 7 9 1
11 8 4 3
11 8 6 3
11 9 5 1
11 9 6 1
11 9 7 1
11 9 8 5
11 9 10 1
11 10 7 2
11 10 8 6
11 10 9 6
11 10 10 4
11 10 11 1
11 11 9 7
11 11 10 48
11 11 11 13
11 11 12 3
11 12 10 16
11 12 11 33
11 12 12 3
11 13 10 1
11 13 12 5
12 4 7 1
12 6 8 2
12 7 9 1
12 9 5 4
12 9 6 5
12 9 7 2
12 9 11 2
12 10 6 4
12 10 7 4
12 10 8 6
12 10 9 1
12 10 11 2
12 11 10 15
12 11 11 3
12 12 7 1
12 12 10 8
12 12 11 67
12 12 12 12
12 12 13 1
12 13 11 6
12 13 12 38
12 13 13 5
12 13 14 1
12 14 14 1
12 16 18 1
13 9 10 1
13 10 6 7
13 10 7 18
13 11 7 17
13 11 8 5
13 11 9 3
13 11 10 2
13 11 11 2
13 12 9 1
13 12 10 2
13 12 11 12
13 12 12 6
13 12 13 1
13 13 11 7
13 13 12 93
13 13 13 81
13 13 14 2
13 14 12 2
13 14 13 54
13 14 14 8
13 15 13 3
13 15 14 3
14 5 8 1
14 10 7 1
14 11 7 8
14 11 8 26
14 12 8 8
14 12 9 6
14 12 10 4
14 12 12 1
14 13 10 4
14 13 11 2
14 13 12 16
14 13 13 17
14 14 12 3
14 14 13 126
14 14 14 58
14 14 15 1
14 15 13 5
14 15 14 53
14 15 15 12
14 16 14 2
14 16 16 1
14 17 16 1
15 10 11 1
15 12 8 33
15 12 9 15
15 12 10 1
15 13 9 7
15 13 10 8
15 13 11 3
15 13 12 2
15 13 13 2
15 14 11 1
15 14 12 5
15 14 13 18
15 14 14 7
15 14 15 3
15 14 16 1
15 15 13 6
15 15 14 133
15 15 15 47
15 15 16 1
15 16 14 22
15 16 15 104
15 16 16 4
15 16 17 1
15 17 17 3
16 12 9 1
16 13 9 1
16 13 10 5
16 13 11 1
16 13 13 1
16 14 10 4
16 14 11 1
16 14 12 8
16 14 13 3
16 14 14 2
16 15 12 3
16 15 13 9
16 15 14 33
16 15 15 5
16 15 16 1
16 16 11 1
16 16 14 45
16 16 15 157
16 16 16 32
16 16 17 1
16 17 15 13
16 17 16 120
16 17 17 15
16 18 17 1
17 14 12 1
17 15 11 2
17 15 12 2
17 15 13 3
17 15 14 1
17 15 15 1
17 16 13 2
17 16 14 13
17 16 15 7
17 16 16 1
17 17 15 8
17 17 16 134
17 17 17 69
17 17 18 1
17 18 16 6
17 18 17 106
17 18 18 9
17 19 18 2
18 15 11 1
18 15 12 4
18 16 12 2
18 16 13 3
18 16 14 6
18 16 15 2
18 17 12 1
18 17 13 1
18 17 14 4
18 17 15 7
18 17 16 8
18 17 17 2
18 18 16 9
18 18 17 128
18 18 18 43
18 18 19 2
18 19 17 12
18 19 18 162
18 19 19 13
18 19 20 1
18 20 19 2
19 16 13 1
19 17 13 2
19 17 14 3
19 17 15 3
19 17 16 1
19 17 17 1
19 17 18 1
19 18 11 1
19 18 13 1
19 18 16 11
19 18 17 6
19 18 18 5
19 19 11 1
19 19 17 11
19 19 18 207
19 19 19 54
19 20 18 10
19 20 19 295
19 20 20 17
19 21 19 1
19 21 20 4
19 21 21 1
19 22 21 1
20 17 14 3
20 18 15 1
20 18 16 2
20 18 17 2
20 18 18 1
20 19 10 1
20 19 11 2
20 19 13 1
20 19 16 1
20 19 17 5
20 19 18 2
20 20 12 1
20 20 13 1
20 20 16 1
20 20 18 10
20 20 19 56
20 20 20 26
20 20 21 2
20 21 19 9
20 21 20 257
20 21 21 41
20 22 21 18
21 18 15 1
21 19 15 1
21 19 16 3
21 19 17 1
21 20 18 2
21 20 19 2
21 20 20 4
21 20 21 1
21 21 13 2
21 21 19 1
21 21 20 30
21 21 21 34
21 21 22 7
21 22 20 2
21 22 21 152
21 22 22 127
21 22 23 1
21 23 22 9
21 23 23 2
22 20 13 1
22 20 14 1
22 20 17 2
22 20 18 4
22 20 19 1
22 20 20 1
22 21 17 2
22 21 18 6
22 21 19 4
22 21 20 2
22 21 21 2
22 22 20 1
22 22 21 35
22 22 22 108
22 22 23 16
22 23 21 1
22 23 22 351
22 23 23 126
22 23 24 6
22 24 23 17
22 24 24 7
23 20 17 16
23 20 18 2
23 20 19 1
23 21 17 15
23 21 18 64
23 21 19 17
23 21 20 1
23 22 12 1
23 22 14 1
23 22 16 1
23 22 19 8
23 22 20 6
23 22 21 2
23 22 22 8
23 22 23 1
23 23 13 1
23 23 22 27
23 23 23 143
23 23 24 7
23 24 23 119
23 24 24 183
23 24 25 21
23 25 24 10
23 25 25 9
23 26 25 1
24 21 17 10
24 21 18 25
24 22 18 3
24 22 19 8
24 22 20 21
24 22 22 1
24 23 11 1
24 23 15 1
24 23 16 1
24 23 20 7
24 23 21 4
24 23 22 3
24 23 23 6
24 24 22 1
24 24 23 6
24 24 24 114
24 24 25 12
24 25 24 128
24 25 25 294
24 25 26 23
24 26 24 1
24 26 25 10
24 26 26 10
25 22 20 1
25 23 13 1
25 23 20 5
25 23 21 26
25 23 22 2
25 24 14 1
25 24 16 1
25 24 21 1
25 24 22 18
25 24 23 8
25 24 24 2
25 24 25 1
25 25 22 1
25 25 23 3
25 25 24 11
25 25 25 131
25 25 26 16
25 26 25 32
25 26 26 98
25 26 27 7
25 27 27 5
25 28 27 1
26 24 22 35
26 24 23 5
26 25 15 1
26 25 16 2
26 25 17 1
26 25 22 5
26 25 23 32
26 25 24 4
26 25 25 3
26 25 26 2
26 26 14 1
26 26 17 1
26 26 18 1
26 26 24 1
26 26 25 7
26 26 26 52
26 26 27 14
26 27 26 19
26 27 27 45
26 27 28 12
26 28 28 13
27 24 22 1
27 25 13 2
27 25 23 18
27 25 24 5
27 26 15 2
27 26 16 1
27 26 17 1
27 26 18 1
27 26 19 1
27 26 23 5
27 26 24 7
27 26 25 2
27 26 26 7
27 26 27 3
27 27 20 1
27 27 21 1
27 27 22 1
27 27 25 1
27 27 26 10
27 27 27 39
27 27 28 11
27 28 27 5
27 28 28 34
27 28 29 10
27 29 29 1
28 26 23 1
28 26 24 11
28 26 25 1
28 27 20 1
28 27 22 1
28 27 24 2
28 27 25 3
28 27 26 1
28 27 27 4
28 28 19 1
28 28 24 1
28 28 27 5
28 28 28 25
28 28 29 11
28 29 28 4
28 29 29 51
28 29 30 23
29 27 24 2
29 27 25 6
29 28 25 3
29 28 26 5
29 28 27 1
29 28 28 1
29 28 29 1
29 29 20 2
29 29 27 1
29 29 28 7
29 29 29 39
29 29 30 53
29 30 29 24
29 30 30 220
29 30 31 5
29 31 30 4
29 31 31 1
30 28 25 1
30 28 26 2
30 29 26 3
30 29 27 2
30 29 28 2
30 29 29 3
30 29 30 1
30 30 22 1
30 30 26 1
30 30 27 7
30 30 28 12
30 30 29 20
30 30 30 652
30 30 31 39
30 31 28 1
30 31 29 8
30 31 30 237
30 31 31 32
31 30 28 4
31 30 29 3
31 30 30 6
