32
0 0 0 7
0 0 1 1
0 1 0 2
0 1 1 1
1 1 0 7
1 1 1 10
1 2 1 59
1 2 2 2
2 2 1 35
2 2 2 72
2 2 3 2
2 3 2 110
2 8 12 3
2 10 15 2
2 11 16 1
3 2 2 4
3 3 1 1
3 3 2 116
3 3 3 62
3 4 3 147
3 4 4 9
3 5 4 1
3 7 11 1
3 8 11 1
3 10 14 1
3 10 15 1
3 11 15 1
3 11 16 1
4 3 1 1
4 3 2 1
4 3 3 2
4 4 3 32
4 4 4 94
4 5 3 1
4 5 4 164
4 5 5 17
4 6 3 3
4 6 4 5
4 6 5 7
4 6 7 1
4 8 10 1
4 9 11 1
4 11 15 1
5 3 4 1
5 4 2 2
5 4 4 3
5 5 4 20
5 5 5 26
5 5 6 2
5 6 4 6
5 6 5 68
5 6 6 10
5 7 4 2
5 7 6 1
5 7 7 2
5 7 8 1
5 7 9 1
5 8 10 1
5 9 11 1
5 9 13 1
5 10 12 1
5 10 13 3
5 11 12 1
5 11 14 3
5 12 14 1
6 4 2 1
6 4 3 1
6 5 3 5
6 5 4 2
6 5 5 4
6 5 6 3
6 6 4 1
6 6 5 19
6 6 6 7
6 6 7 2
6 7 5 5
6 7 6 10
6 7 7 2
6 8 7 1
6 9 11 1
6 9 12 1
6 10 13 2
6 11 13 1
6 11 14 1
6 11 15 1
6 12 15 1
7 4 2 4
7 5 2 10
7 5 3 17
7 5 4 6
7 6 4 2
7 6 5 1
7 6 6 2
7 7 5 4
7 7 6 26
7 7 7 10
7 8 6 12
7 8 7 21
7 8 8 6
7 8 9 1
7 9 7 1
7 9 8 2
7 10 10 1
7 10 11 2
7 10 13 1
7 11 14 1
7 14 17 1
8 4 2 2
8 5 2 73
8 5 3 56
8 6 3 23
8 6 4 48
8 7 4 2
8 7 5 7
8 7 6 2
8 7 7 2
8 8 6 1
8 8 7 45
8 8 8 20
8 8 9 1
8 8 10 1
8 9 7 10
8 9 8 37
8 9 9 6
8 10 7 2
8 10 8 1
8 10 9 2
8 10 10 3
8 10 11 1
8 12 16 1
9 4 5 1
9 5 3 8
9 5 7 1
9 6 3 17
9 6 4 3
9 6 7 2
9 7 4 6
9 7 5 7
9 8 5 3
9 8 6 3
9 8 7 3
9 8 8 2
9 9 7 2
9 9 8 42
9 9 9 13
9 10 8 17
9 10 9 33
9 10 10 12
9 11 9 3
9 11 10 5
9 11 11 2
10 5 6 1
10 5 7 3
10 6 3 5
10 6 7 3
10 7 3 1
10 7 4 23
10 7 5 5
10 8 5 2
10 8 6 7
10 8 8 2
10 9 6 1
10 9 7 4
10 9 8 8
10 9 10 1
10 10 8 2
10 10 9 53
10 10 10 16
10 10 11 4
10 11 9 13
10 11 10 34
10 11 11 2
10 12 9 1
10 12 11 2
11 4 6 1
11 5 7 1
11 6 7 4
11 6 8 1
11 7 4 6
11 7 8 5
11 8 4 1
11 8 5 1
11 8 6 1
11 8 8 1
11 9 5 1
11 9 6 2
11 9 7 1
11 9 8 4
11 9 9 2
11 9 10 2
11 10 8 3
11 10 9 4
11 10 10 5
11 11 9 13
11 11 10 46
11 11 11 26
11 12 10 12
11 12 11 45
11 12 12 2
11 13 12 2
12 5 7 2
12 5 8 1
12 8 10 1
12 9 5 3
12 9 6 2
12 9 7 2
12 9 11 1
12 10 6 3
12 10 7 2
12 10 8 3
12 10 9 3
12 10 10 1
12 10 11 1
12 11 8 1
12 11 9 1
12 11 10 12
12 11 11 5
12 11 13 1
12 12 9 1
12 12 10 1
12 12 11 54
12 12 12 18
12 12 13 3
12 13 11 11
12 13 12 49
12 13 13 5
12 13 14 1
13 5 8 3
13 6 8 2
13 9 6 1
13 10 6 12
13 10 7 13
13 10 8 1
13 10 12 1
13 11 7 14
13 11 8 3
13 11 9 3
13 11 10 3
13 12 9 3
13 12 10 1
13 12 11 14
13 12 12 3
13 12 13 1
13 13 8 1
13 13 11 2
13 13 12 86
13 13 13 81
13 13 14 4
13 14 12 2
13 14 13 47
13 14 14 8
13 14 15 1
13 15 13 2
13 15 14 3
13 15 15 2
13 16 14 1
13 16 17 1
14 5 9 1
14 11 7 8
14 11 8 26
14 11 9 1
14 11 11 1
14 12 8 17
14 12 9 3
14 12 10 1
14 12 11 1
14 13 11 1
14 13 12 8
14 13 13 13
14 14 12 7
14 14 13 155
14 14 14 43
14 14 15 1
14 15 13 13
14 15 14 57
14 15 15 5
14 16 15 1
14 16 16 1
15 12 8 24
15 12 9 20
15 12 10 2
15 12 13 1
15 13 9 8
15 13 10 9
15 13 11 3
15 13 12 1
15 13 14 1
15 14 12 4
15 14 13 5
15 14 14 5
15 15 8 1
15 15 13 9
15 15 14 131
15 15 15 42
15 16 14 24
15 16 15 123
15 16 16 6
15 17 15 1
16 12 12 1
16 13 9 2
16 13 10 6
16 13 11 1
16 13 13 1
16 14 10 4
16 14 11 7
16 14 12 1
16 14 13 4
16 14 14 1
16 14 15 1
16 15 12 2
16 15 13 13
16 15 14 40
16 15 15 4
16 15 16 1
16 16 12 1
16 16 13 1
16 16 14 42
16 16 15 160
16 16 16 34
16 16 17 4
16 17 15 5
16 17 16 151
16 17 17 8
16 18 17 2
17 14 10 2
17 14 11 3
17 15 11 2
17 15 12 6
17 15 13 1
17 15 14 6
17 15 15 1
17 15 16 1
17 16 12 1
17 16 13 3
17 16 14 8
17 16 15 9
17 16 16 1
17 17 12 1
17 17 13 1
17 17 15 4
17 17 16 142
17 17 17 81
17 17 18 4
17 18 16 5
17 18 17 130
17 18 18 11
17 19 18 3
17 19 19 1
18 15 12 4
18 16 12 2
18 16 13 4
18 16 14 3
18 16 15 3
18 17 11 1
18 17 12 1
18 17 14 2
18 17 15 8
18 17 16 9
18 17 17 2
18 18 14 1
18 18 16 6
18 18 17 115
18 18 18 51
18 18 19 3
18 19 17 12
18 19 18 210
18 19 19 10
18 20 19 3
18 20 20 1
19 16 13 1
19 16 17 1
19 17 13 2
19 17 14 5
19 17 15 2
19 17 16 2
19 17 17 1
19 18 10 1
19 18 13 1
19 18 15 1
19 18 16 6
19 18 17 9
19 18 18 1
19 18 19 1
19 19 17 9
19 19 18 188
19 19 19 60
19 19 20 4
19 20 18 12
19 20 19 295
19 20 20 14
19 21 19 7
19 21 20 10
19 22 20 1
20 17 14 1
20 18 14 2
20 18 15 3
20 18 16 4
20 18 18 2
20 19 11 1
20 19 13 1
20 19 15 1
20 19 16 2
20 19 18 6
20 19 19 1
20 19 20 2
20 20 18 5
20 20 19 63
20 20 20 27
20 20 21 1
20 21 19 9
20 21 20 260
20 21 21 29
20 22 21 19
20 22 22 1
21 18 15 2
21 19 16 4
21 19 17 1
21 20 12 1
21 20 14 1
21 20 15 1
21 20 17 1
21 20 18 1
21 20 19 4
21 21 13 1
21 21 19 5
21 21 20 41
21 21 21 26
21 21 22 9
21 22 20 1
21 22 21 165
21 22 22 118
21 22 23 5
21 23 22 9
21 23 23 2
22 19 17 1
22 20 17 8
22 20 18 8
22 21 12 1
22 21 17 1
22 21 18 7
22 21 19 5
22 21 20 1
22 21 21 4
22 22 14 1
22 22 15 1
22 22 20 3
22 22 21 27
22 22 22 98
22 22 23 12
22 23 22 340
22 23 23 135
22 23 24 5
22 24 23 16
22 24 24 5
23 20 16 2
23 20 17 28
23 20 18 2
23 20 19 1
23 21 17 33
23 21 18 46
23 21 19 5
23 22 15 1
23 22 18 1
23 22 19 7
23 22 20 6
23 22 21 2
23 22 22 8
23 23 17 1
23 23 18 1
23 23 21 1
23 23 22 24
23 23 23 148
23 23 24 9
23 24 22 1
23 24 23 116
23 24 24 160
23 24 25 18
23 25 24 6
23 25 25 9
23 26 25 1
24 21 17 8
24 21 18 5
24 22 19 8
24 22 20 19
24 22 21 3
24 23 12 1
24 23 13 1
24 23 20 8
24 23 21 6
24 23 22 5
24 23 23 2
24 24 15 1
24 24 22 1
24 24 23 10
24 24 24 123
24 24 25 11
24 25 24 138
24 25 25 318
24 25 26 9
24 26 25 9
24 26 26 11
25 22 20 1
25 23 12 1
25 23 20 4
25 23 21 23
25 23 22 4
25 24 14 1
25 24 21 3
25 24 22 18
25 24 23 7
25 24 24 1
25 24 25 1
25 25 14 1
25 25 22 1
25 25 23 1
25 25 24 10
25 25 25 131
25 25 26 11
25 26 25 43
25 26 26 92
25 26 27 5
25 27 26 1
25 27 27 5
26 24 22 44
26 24 23 1
26 25 17 1
26 25 22 7
26 25 23 22
26 25 24 7
26 25 25 1
26 25 26 1
26 26 15 2
26 26 17 3
26 26 18 1
26 26 19 1
26 26 24 2
26 26 25 7
26 26 26 48
26 26 27 18
26 27 26 31
26 27 27 54
26 27 28 7
26 28 28 11
27 25 22 2
27 25 23 24
27 25 24 2
27 26 15 1
27 26 17 1
27 26 18 1
27 26 19 2
27 26 23 4
27 26 24 11
27 26 25 1
27 26 26 1
27 26 27 2
27 27 25 1
27 27 26 7
27 27 27 25
27 27 28 8
27 28 26 1
27 28 27 5
27 28 28 41
27 28 29 6
27 29 29 2
28 26 24 14
28 27 19 1
28 27 24 3
28 27 25 2
28 27 26 1
28 27 27 2
28 28 23 1
28 28 26 1
28 28 27 5
28 28 28 32
28 28 29 11
28 29 27 1
28 29 28 14
28 29 29 59
28 29 30 29
28 30 29 1
28 30 30 1
29 27 25 5
29 28 23 1
29 28 25 3
29 28 26 3
29 28 27 3
29 28 28 4
29 28 29 1
29 29 20 1
29 29 26 1
29 29 27 1
29 29 28 2
29 29 29 36
29 29 30 51
29 30 28 2
29 30 29 21
29 30 30 238
29 30 31 4
29 31 30 1
30 28 26 1
30 29 21 1
30 29 26 6
30 29 27 2
30 29 28 2
30 29 29 2
30 29 30 1
30 30 22 1
30 30 27 5
30 30 28 16
30 30 29 16
30 30 30 579
30 30 31 40
30 31 29 13
30 31 30 240
30 31 31 78
31 30 28 1
31 30 29 4
31 30 30 2
31 30 31 1
31 31 28 1
31 31 29 1
