32
0 0 0 4
1 0 0 1
1 1 0 4
1 1 1 4
1 2 1 29
2 1 0 5
2 1 1 1
2 2 0 3
2 2 1 33
2 2 2 13
2 3 1 3
2 3 2 112
2 3 3 1
3 2 0 2
3 2 1 7
3 2 2 3
3 3 1 7
3 3 2 173
3 3 3 25
3 4 2 6
3 4 3 124
3 4 4 7
3 5 6 2
3 9 14 1
3 11 16 1
3 12 18 1
4 3 2 1
4 3 3 5
4 4 2 3
4 4 3 57
4 4 4 71
4 4 5 1
4 5 3 3
4 5 4 195
4 5 5 14
4 5 6 1
4 6 4 3
4 6 5 7
4 6 6 1
4 6 7 1
4 10 14 1
4 10 15 1
4 11 16 2
4 11 17 1
5 4 2 1
5 4 3 1
5 4 4 4
5 5 3 3
5 5 4 20
5 5 5 16
5 5 6 1
5 6 4 2
5 6 5 31
5 6 6 7
5 6 8 1
5 7 6 2
5 10 13 1
5 12 16 1
6 5 2 1
6 5 3 1
6 5 4 2
6 5 5 6
6 6 4 2
6 6 5 6
6 6 6 8
6 6 7 1
6 7 6 4
6 7 7 2
6 8 7 2
6 10 12 1
6 10 13 1
6 10 15 1
6 11 15 1
6 13 18 1
7 6 4 1
7 6 6 1
7 6 7 1
7 7 4 1
7 7 5 3
7 7 6 2
7 7 7 7
7 7 8 2
7 8 4 1
7 8 6 1
7 8 7 3
7 8 8 3
7 8 10 1
7 9 4 1
7 9 6 1
7 9 8 1
7 9 9 1
7 10 12 1
7 11 14 1
7 11 15 1
7 12 16 1
7 12 17 1
7 14 18 1
8 7 4 1
8 7 5 3
8 7 6 2
8 8 5 10
8 8 6 10
8 8 7 7
8 8 8 4
8 8 9 4
8 9 7 1
8 9 8 4
8 9 9 7
8 10 9 1
8 10 10 1
8 10 11 1
8 10 14 1
8 11 11 1
8 11 12 1
8 11 13 1
8 11 15 1
8 12 14 1
8 12 15 1
8 12 16 1
8 13 17 1
9 8 5 1
9 8 6 5
9 8 8 3
9 8 9 1
9 8 10 1
9 9 6 2
9 9 7 13
9 9 8 13
9 9 9 5
9 9 10 3
9 10 5 2
9 10 6 2
9 10 9 2
9 10 10 5
9 11 6 1
9 11 8 3
9 11 10 2
9 11 11 2
9 11 15 1
9 12 15 1
9 13 15 1
9 13 16 1
10 8 4 2
10 8 6 1
10 9 6 1
10 9 7 2
10 9 8 5
10 9 9 6
10 9 11 2
10 10 8 9
10 10 9 7
10 10 10 4
10 10 11 6
10 10 12 1
10 11 6 1
10 11 10 3
10 11 11 2
10 12 11 2
10 12 12 1
11 6 7 1
11 8 3 1
11 8 4 2
11 9 7 1
11 9 8 1
11 9 9 1
11 10 7 1
11 10 8 12
11 10 9 7
11 10 10 6
11 11 8 2
11 11 9 15
11 11 10 13
11 11 11 9
11 11 12 1
11 12 11 7
11 12 12 4
11 12 13 1
11 13 9 1
11 13 10 1
11 13 11 2
11 13 14 1
12 6 7 1
12 8 4 3
12 9 4 1
12 9 5 1
12 10 8 2
12 10 9 2
12 10 12 1
12 10 13 1
12 11 8 2
12 11 9 10
12 11 10 4
12 11 11 4
12 11 12 2
12 12 9 2
12 12 10 9
12 12 11 23
12 12 12 17
12 12 13 1
12 13 10 1
12 13 11 3
12 13 12 15
12 13 13 2
12 13 14 1
12 14 12 1
12 14 13 2
12 14 14 1
12 14 16 1
13 6 8 1
13 7 8 1
13 8 8 1
13 8 9 2
13 9 4 1
13 9 5 2
13 9 9 3
13 10 5 2
13 10 7 1
13 10 9 2
13 10 10 2
13 10 11 1
13 11 9 3
13 12 9 1
13 12 10 12
13 12 11 9
13 12 12 8
13 13 10 8
13 13 11 23
13 13 12 17
13 13 13 29
13 13 14 1
13 13 15 1
13 14 11 1
13 14 12 3
13 14 13 16
13 14 14 8
13 14 16 1
13 15 14 1
13 15 16 1
13 15 17 2
13 15 18 1
14 9 9 1
14 9 10 2
14 9 11 1
14 10 4 1
14 10 5 2
14 10 6 2
14 10 9 1
14 10 10 3
14 11 5 1
14 11 6 4
14 11 7 4
14 11 8 1
14 11 9 4
14 11 10 3
14 12 7 1
14 12 8 4
14 12 9 6
14 12 10 7
14 12 11 4
14 12 13 1
14 13 10 1
14 13 11 11
14 13 12 13
14 13 13 4
14 13 14 3
14 14 11 2
14 14 12 11
14 14 13 27
14 14 14 10
14 14 15 3
14 15 12 1
14 15 13 4
14 15 14 12
14 15 15 7
14 16 13 1
14 16 15 1
14 16 16 1
14 16 18 3
14 17 15 1
14 17 17 1
15 6 8 1
15 10 3 2
15 10 4 41
15 10 5 1
15 10 10 1
15 10 11 1
15 11 5 6
15 11 6 9
15 11 7 4
15 11 13 1
15 12 6 6
15 12 7 9
15 12 8 65
15 12 9 36
15 12 10 1
15 12 11 1
15 12 13 1
15 13 8 5
15 13 9 14
15 13 10 20
15 13 11 12
15 13 12 39
15 13 13 4
15 14 11 2
15 14 12 39
15 14 13 24
15 14 14 3
15 14 15 1
15 15 11 1
15 15 12 3
15 15 13 17
15 15 14 28
15 15 15 17
15 15 16 3
15 16 13 1
15 16 14 1
15 16 15 16
15 16 16 8
15 16 17 1
15 17 16 1
15 17 17 1
15 17 18 1
15 17 19 1
15 18 21 2
16 7 10 2
16 9 10 1
16 10 3 1
16 10 4 79
16 11 4 66
16 11 5 19
16 11 6 4
16 12 5 1
16 12 6 42
16 12 7 13
16 12 8 5
16 12 9 2
16 13 7 2
16 13 8 1
16 13 9 9
16 13 10 10
16 13 11 2
16 13 12 1
16 14 10 2
16 14 11 4
16 14 12 18
16 14 13 18
16 14 14 2
16 15 12 3
16 15 13 9
16 15 14 13
16 15 15 11
16 16 13 3
16 16 14 15
16 16 15 36
16 16 16 10
16 16 17 2
16 17 14 2
16 17 15 6
16 17 16 14
16 17 17 5
16 17 18 2
16 18 17 1
16 18 20 1
17 11 4 9
17 11 5 4
17 12 4 4
17 12 5 15
17 12 6 9
17 12 7 5
17 13 7 3
17 13 8 5
17 13 9 1
17 14 9 4
17 14 11 3
17 14 12 1
17 15 11 2
17 15 12 4
17 15 13 12
17 15 14 3
17 15 15 4
17 15 16 1
17 15 17 1
17 16 13 4
17 16 14 7
17 16 15 26
17 16 16 8
17 16 17 2
17 17 14 7
17 17 15 16
17 17 16 27
17 17 17 19
17 17 18 5
17 18 16 1
17 18 17 24
17 18 18 5
17 18 19 2
17 18 20 1
17 19 18 1
17 19 19 1
17 19 20 1
18 13 8 1
18 14 8 2
18 14 9 3
18 15 11 2
18 16 12 2
18 16 13 1
18 16 14 3
18 16 15 2
18 16 17 1
18 17 14 1
18 17 15 34
18 17 16 11
18 17 17 4
18 17 18 6
18 17 19 1
18 18 14 1
18 18 15 5
18 18 16 13
18 18 17 19
18 18 18 9
18 18 19 4
18 19 15 1
18 19 17 1
18 19 18 10
18 19 19 8
18 19 20 1
18 20 19 3
18 20 22 3
18 20 23 1
18 21 23 3
19 7 10 1
19 15 10 4
19 15 11 1
19 16 11 1
19 16 12 5
19 16 13 1
19 16 15 1
19 17 12 1
19 17 13 1
19 17 14 2
19 17 15 4
19 17 16 2
19 17 17 1
19 17 18 1
19 17 19 1
19 18 15 4
19 18 16 17
19 18 17 13
19 18 18 6
19 18 19 2
19 19 16 10
19 19 17 28
19 19 18 15
19 19 19 10
19 19 20 2
19 20 17 2
19 20 18 3
19 20 19 12
19 20 20 5
19 20 21 1
19 21 19 1
19 21 20 1
19 21 21 3
19 21 22 1
19 21 23 2
20 17 12 1
20 17 13 4
20 17 14 6
20 17 15 1
20 17 17 1
20 18 14 2
20 18 15 5
20 18 16 11
20 18 17 4
20 18 20 1
20 19 10 1
20 19 13 2
20 19 16 7
20 19 17 34
20 19 18 10
20 19 19 3
20 19 20 2
20 20 12 1
20 20 15 1
20 20 17 9
20 20 18 9
20 20 19 6
20 20 20 18
20 20 21 1
20 20 22 1
20 21 18 1
20 21 19 3
20 21 20 20
20 21 21 11
20 21 22 1
20 22 21 2
20 22 23 3
20 22 24 1
20 22 25 1
20 23 25 1
20 23 26 2
21 18 14 2
21 18 15 4
21 19 13 1
21 19 15 2
21 19 16 11
21 19 17 8
21 19 18 3
21 20 11 1
21 20 15 1
21 20 17 22
21 20 18 31
21 20 19 7
21 20 20 5
21 20 22 3
21 21 13 1
21 21 14 1
21 21 17 1
21 21 18 15
21 21 19 13
21 21 20 11
21 21 21 8
21 21 22 2
21 21 23 1
21 22 20 4
21 22 21 11
21 22 22 18
21 22 23 5
21 22 24 3
21 22 25 1
21 23 22 1
21 23 23 1
21 23 24 1
21 23 25 3
21 23 26 2
21 24 23 1
21 24 26 5
21 24 27 1
22 18 14 1
22 19 15 3
22 19 16 3
22 19 17 2
22 20 12 1
22 20 16 1
22 20 17 10
22 20 18 4
22 20 19 2
22 21 12 3
22 21 14 1
22 21 17 1
22 21 18 55
22 21 19 50
22 21 20 8
22 21 21 1
22 22 12 1
22 22 14 1
22 22 17 1
22 22 19 24
22 22 20 34
22 22 21 29
22 22 22 31
22 22 23 6
22 22 24 3
22 23 22 28
22 23 23 26
22 23 24 1
22 23 25 2
22 24 23 1
22 24 24 4
22 24 25 1
22 24 27 5
22 25 25 1
22 25 27 2
22 25 28 12
23 21 11 1
23 21 18 14
23 21 19 5
23 21 20 3
23 22 12 1
23 22 13 1
23 22 15 1
23 22 18 1
23 22 19 12
23 22 20 27
23 22 21 17
23 22 22 2
23 22 23 1
23 23 20 2
23 23 21 36
23 23 22 43
23 23 23 38
23 23 24 10
23 23 25 1
23 24 22 1
23 24 23 111
23 24 24 103
23 24 25 37
23 24 26 7
23 25 24 19
23 25 25 38
23 25 26 10
23 25 27 12
23 25 28 64
23 26 24 1
23 26 28 43
23 26 29 26
23 27 29 24
23 27 30 1
24 18 18 1
24 20 20 1
24 21 19 1
24 21 21 1
24 22 19 9
24 22 20 23
24 23 13 1
24 23 14 2
24 23 20 11
24 23 21 104
24 23 22 34
24 23 23 4
24 23 24 1
24 24 12 1
24 24 20 2
24 24 21 9
24 24 22 60
24 24 23 135
24 24 24 82
24 24 25 17
24 24 26 2
24 25 21 1
24 25 23 2
24 25 24 97
24 25 25 122
24 25 26 50
24 25 27 13
24 25 28 3
24 26 25 2
24 26 26 25
24 26 27 15
24 26 28 56
24 26 29 18
24 27 29 12
24 27 30 8
25 19 18 1
25 22 21 2
25 23 12 1
25 23 20 3
25 23 21 23
25 23 22 28
25 24 13 1
25 24 16 1
25 24 17 1
25 24 20 2
25 24 21 17
25 24 22 273
25 24 23 54
25 24 24 7
25 25 13 1
25 25 14 1
25 25 16 1
25 25 22 18
25 25 23 102
25 25 24 248
25 25 25 129
25 25 26 6
25 26 25 171
25 26 26 107
25 26 27 72
25 26 28 35
25 26 29 1
25 27 27 27
25 27 28 76
25 27 29 95
25 27 30 2
25 28 29 3
25 28 30 9
26 22 20 1
26 23 21 1
26 23 22 1
26 24 14 1
26 24 21 1
26 24 22 45
26 24 23 15
26 25 14 1
26 25 15 1
26 25 16 3
26 25 22 18
26 25 23 264
26 25 24 92
26 25 25 4
26 25 26 1
26 26 15 1
26 26 16 2
26 26 18 1
26 26 19 1
26 26 23 12
26 26 24 162
26 26 25 278
26 26 26 140
26 26 27 10
26 26 28 1
26 27 26 14
26 27 27 45
26 27 28 6
26 27 29 9
26 28 28 5
26 28 29 3
26 28 30 2
27 25 23 7
27 25 24 2
27 26 16 1
27 26 23 3
27 26 24 127
27 26 25 64
27 26 26 13
27 27 19 1
27 27 23 1
27 27 25 186
27 27 26 45
27 27 27 14
27 27 28 17
27 27 29 1
27 28 23 1
27 28 27 5
27 28 28 24
27 28 29 4
27 29 29 8
27 30 30 2
28 26 24 1
28 27 18 1
28 27 25 63
28 27 26 129
28 27 27 12
28 27 28 1
28 28 18 1
28 28 22 1
28 28 23 1
28 28 26 252
28 28 27 28
28 28 28 16
28 28 29 38
28 29 28 2
28 29 29 114
28 29 30 61
28 30 30 26
29 27 25 5
29 27 26 2
29 28 26 38
29 28 27 76
29 28 28 1
29 28 29 3
29 29 20 1
29 29 26 2
29 29 27 75
29 29 28 12
29 29 29 10
29 29 30 9
29 30 30 38
29 30 31 5
29 31 30 1
29 31 31 12
30 28 26 1
30 29 26 3
30 29 27 8
30 29 28 27
30 29 29 2
30 29 30 1
30 30 27 2
30 30 28 13
30 30 29 19
30 30 30 234
30 30 31 5
30 31 29 12
30 31 30 65
30 31 31 1
31 30 28 1
31 30 29 2
31 30 30 4
31 31 28 1
31 31 29 4
