32
0 0 0 11
0 1 0 2
0 1 1 1
1 1 0 20
1 1 1 7
1 2 1 77
1 2 2 2
1 4 2 1
2 1 3 1
2 2 1 37
2 2 2 50
2 3 2 140
2 3 3 2
2 8 12 2
2 8 13 2
2 9 14 2
2 9 15 1
2 11 16 3
2 12 17 2
3 2 1 2
3 2 2 2
3 3 2 101
3 3 3 56
3 4 2 1
3 4 3 153
3 4 4 10
3 8 11 1
3 9 12 1
3 9 13 1
3 10 14 1
3 10 15 1
3 11 15 1
3 11 17 1
3 12 16 2
3 12 17 2
4 3 2 1
4 3 3 1
4 4 2 1
4 4 3 38
4 4 4 80
4 5 3 1
4 5 4 138
4 5 5 16
4 6 3 1
4 6 4 4
4 6 5 18
4 7 7 2
4 7 8 1
4 8 10 1
4 9 11 1
4 9 13 1
4 11 16 2
4 12 16 2
5 4 2 1
5 4 3 1
5 5 4 9
5 5 5 24
5 5 6 2
5 6 4 5
5 6 5 49
5 6 6 17
5 7 6 3
5 8 8 1
5 8 9 1
5 8 11 1
5 9 11 1
5 11 15 3
5 12 16 1
5 13 17 1
6 4 3 2
6 5 3 5
6 5 5 3
6 5 6 4
6 6 4 1
6 6 5 25
6 6 6 24
6 6 7 2
6 7 5 3
6 7 6 18
6 8 6 2
6 8 7 2
6 9 11 1
6 10 13 1
6 11 14 5
6 12 15 1
6 12 16 1
7 4 2 3
7 5 2 12
7 5 3 13
7 5 4 3
7 6 3 2
7 6 4 1
7 6 5 2
7 6 7 1
7 7 5 1
7 7 6 19
7 7 7 5
7 7 8 3
7 8 6 7
7 8 7 10
7 8 8 1
7 9 10 1
7 10 13 1
7 11 15 1
7 12 15 1
7 12 16 1
8 4 2 4
8 4 6 1
8 5 2 82
8 5 3 69
8 5 4 1
8 6 3 19
8 6 4 57
8 7 4 1
8 7 5 4
8 7 6 2
8 7 8 1
8 8 6 2
8 8 7 14
8 8 8 12
8 8 9 2
8 9 7 6
8 9 8 21
8 9 9 4
8 10 8 1
8 10 9 5
8 12 13 1
9 4 6 2
9 5 3 5
9 6 3 20
9 6 4 7
9 6 6 1
9 6 8 2
9 7 5 9
9 7 6 1
9 7 8 1
9 8 5 3
9 8 6 3
9 8 7 2
9 9 7 3
9 9 8 41
9 9 9 11
9 9 10 1
9 10 8 4
9 10 9 32
9 10 10 5
9 11 8 1
9 11 10 4
9 13 16 1
9 14 17 1
10 5 7 2
10 6 3 2
10 6 4 2
10 6 7 1
10 7 4 25
10 7 5 3
10 7 7 1
10 8 4 1
10 8 5 2
10 8 6 5
10 8 7 4
10 9 7 2
10 9 8 6
10 9 9 1
10 10 8 3
10 10 9 43
10 10 10 14
10 11 9 10
10 11 10 30
10 11 11 5
10 11 12 1
10 12 9 1
10 13 11 1
11 4 7 1
11 5 7 4
11 6 7 1
11 6 8 1
11 7 4 7
11 7 8 5
11 7 9 1
11 8 4 2
11 8 5 2
11 8 6 6
11 8 7 1
11 8 8 1
11 9 5 2
11 9 6 2
11 9 7 4
11 9 8 3
11 9 9 1
11 10 8 10
11 10 9 8
11 10 10 4
11 10 11 1
11 10 12 1
11 11 9 3
11 11 10 30
11 11 11 18
11 12 10 3
11 12 11 31
11 12 12 3
11 13 10 1
11 13 12 1
11 15 17 1
12 5 7 1
12 6 8 4
12 7 9 1
12 8 9 1
12 8 10 1
12 9 5 5
12 9 6 6
12 9 7 2
12 9 8 1
12 9 11 1
12 10 6 4
12 10 7 2
12 10 8 4
12 10 10 1
12 11 9 6
12 11 10 11
12 11 11 3
12 11 12 1
12 12 10 3
12 12 11 39
12 12 12 13
12 12 13 2
12 13 11 10
12 13 12 46
12 13 13 8
12 14 13 1
12 16 18 1
13 5 8 1
13 6 8 2
13 9 6 1
13 9 11 1
13 10 6 18
13 10 7 29
13 10 8 1
13 10 12 1
13 11 7 16
13 11 8 5
13 11 9 1
13 11 10 1
13 11 11 2
13 12 8 1
13 12 9 2
13 12 10 3
13 12 11 6
13 12 12 8
13 13 8 1
13 13 11 5
13 13 12 99
13 13 13 62
13 13 14 2
13 14 13 57
13 14 14 1
13 14 15 1
13 15 13 3
13 15 14 3
13 15 15 1
14 5 8 1
14 7 9 1
14 9 9 1
14 11 7 7
14 11 8 27
14 11 9 2
14 11 11 1
14 12 8 11
14 12 9 6
14 12 10 3
14 12 11 1
14 12 12 1
14 13 11 2
14 13 12 14
14 13 13 17
14 13 14 2
14 14 11 1
14 14 12 3
14 14 13 122
14 14 14 41
14 14 15 1
14 15 13 7
14 15 14 51
14 15 15 12
14 16 14 2
14 16 15 1
15 5 9 1
15 6 9 2
15 6 10 1
15 10 11 1
15 12 8 35
15 12 9 17
15 12 12 1
15 13 9 6
15 13 10 7
15 13 12 4
15 13 14 1
15 14 11 3
15 14 12 10
15 14 13 14
15 14 14 9
15 14 15 2
15 15 10 1
15 15 11 1
15 15 13 6
15 15 14 112
15 15 15 38
15 15 16 3
15 16 14 14
15 16 15 119
15 16 16 5
15 17 15 1
15 17 16 4
16 5 9 1
16 6 9 1
16 12 9 1
16 12 13 1
16 13 9 2
16 13 10 2
16 14 10 1
16 14 11 4
16 14 12 1
16 14 13 3
16 14 14 4
16 15 12 4
16 15 13 10
16 15 14 33
16 15 15 11
16 15 16 1
16 16 6 1
16 16 11 1
16 16 13 2
16 16 14 26
16 16 15 151
16 16 16 30
16 16 17 3
16 17 15 10
16 17 16 115
16 17 17 7
16 18 17 2
17 6 8 1
17 15 11 1
17 15 12 4
17 15 13 3
17 15 14 3
17 15 15 1
17 16 12 1
17 16 14 7
17 16 15 15
17 16 16 3
17 17 14 1
17 17 15 9
17 17 16 124
17 17 17 51
17 17 18 2
17 18 16 2
17 18 17 118
17 18 18 17
17 19 18 8
18 15 12 2
18 16 13 2
18 16 14 3
18 16 15 2
18 16 16 1
18 17 14 3
18 17 15 5
18 17 16 5
18 17 17 2
18 17 19 1
18 18 12 1
18 18 13 1
18 18 14 1
18 18 16 6
18 18 17 110
18 18 18 27
18 18 19 3
18 19 17 19
18 19 18 152
18 19 19 15
18 20 19 4
18 20 20 1
19 16 15 1
19 17 14 2
19 17 15 3
19 17 16 1
19 17 17 2
19 17 18 1
19 18 15 1
19 18 16 2
19 18 17 11
19 18 18 3
19 19 17 10
19 19 18 142
19 19 19 45
19 19 20 3
19 20 18 14
19 20 19 284
19 20 20 18
19 21 19 1
19 21 20 6
19 21 22 1
20 17 14 1
20 18 15 1
20 18 16 2
20 18 17 3
20 19 13 2
20 19 16 1
20 19 17 1
20 19 18 7
20 19 20 2
20 19 21 1
20 20 18 4
20 20 19 55
20 20 20 19
20 20 21 4
20 21 19 12
20 21 20 263
20 21 21 29
20 21 22 1
20 22 21 21
20 22 22 2
21 18 15 1
21 19 16 1
21 19 17 3
21 20 14 1
21 20 16 1
21 20 17 4
21 20 18 3
21 20 19 4
21 20 20 1
21 20 21 1
21 21 20 26
21 21 21 35
21 21 22 7
21 22 20 4
21 22 21 158
21 22 22 136
21 22 23 2
21 23 22 7
21 23 23 2
22 19 18 1
22 20 16 1
22 20 17 1
22 20 18 4
22 20 19 1
22 20 20 1
22 21 17 1
22 21 18 9
22 21 19 5
22 21 20 3
22 21 22 1
22 22 17 2
22 22 20 1
22 22 21 24
22 22 22 90
22 22 23 15
22 23 22 356
22 23 23 145
22 23 24 7
22 24 23 16
22 24 24 4
23 20 17 28
23 20 18 1
23 21 17 21
23 21 18 54
23 21 19 11
23 21 21 1
23 22 16 1
23 22 19 11
23 22 20 7
23 22 21 3
23 22 22 4
23 23 15 1
23 23 22 25
23 23 23 134
23 23 24 11
23 24 23 132
23 24 24 176
23 24 25 16
23 25 24 11
23 25 25 5
24 21 17 7
24 21 18 12
24 21 19 2
24 22 18 2
24 22 19 7
24 22 20 18
24 22 21 1
24 22 22 1
24 23 20 9
24 23 21 10
24 23 22 8
24 23 23 3
24 23 24 1
24 24 22 3
24 24 23 6
24 24 24 131
24 24 25 12
24 25 23 1
24 25 24 149
24 25 25 332
24 25 26 13
24 26 25 5
24 26 26 9
25 23 20 3
25 23 21 23
25 23 22 11
25 24 22 23
25 24 23 4
25 25 21 1
25 25 23 2
25 25 24 8
25 25 25 86
25 25 26 13
25 26 24 1
25 26 25 35
25 26 26 88
25 26 27 2
25 27 27 7
26 24 22 39
26 24 23 6
26 25 16 1
26 25 22 2
26 25 23 27
26 25 24 3
26 25 25 2
26 26 16 1
26 26 17 2
26 26 19 1
26 26 24 1
26 26 25 7
26 26 26 29
26 26 27 14
26 27 26 4
26 27 27 47
26 27 28 15
26 28 27 1
26 28 28 10
27 25 23 21
27 25 24 1
27 25 25 1
27 26 19 1
27 26 21 1
27 26 23 3
27 26 24 8
27 26 25 2
27 26 26 7
27 26 27 1
27 27 25 1
27 27 26 2
27 27 27 26
27 27 28 12
27 28 27 6
27 28 28 26
27 28 29 10
28 26 24 10
28 26 25 1
28 26 26 1
28 27 22 1
28 27 24 2
28 27 25 2
28 27 26 6
28 27 27 4
28 27 28 1
28 28 25 1
28 28 26 1
28 28 27 5
28 28 28 24
28 28 29 19
28 29 28 8
28 29 29 67
28 29 30 33
29 27 25 4
29 27 26 1
29 28 20 1
29 28 22 1
29 28 25 3
29 28 26 5
29 28 27 1
29 28 28 3
29 28 29 2
29 29 20 1
29 29 21 1
29 29 26 1
29 29 27 1
29 29 28 5
29 29 29 47
29 29 30 61
29 30 29 11
29 30 30 204
29 30 31 5
29 31 30 4
30 29 22 1
30 29 26 1
30 29 27 3
30 29 29 3
30 29 30 1
30 30 27 4
30 30 28 11
30 30 29 11
30 30 30 571
30 30 31 43
30 31 29 4
30 31 30 261
30 31 31 66
31 30 30 5
31 30 31 1
31 31 29 1
31 31 31 1
