32
0 0 0 6
0 1 0 2
0 1 1 1
1 0 0 1
1 1 0 11
1 1 1 7
1 2 1 71
1 3 2 1
2 2 1 32
2 2 2 59
2 2 3 2
2 3 2 152
2 3 3 2
2 8 12 2
2 10 14 2
3 2 2 3
3 3 1 1
3 3 2 89
3 3 3 61
3 3 4 1
3 4 2 1
3 4 3 144
3 4 4 7
3 5 4 1
3 7 11 1
3 8 10 1
3 8 11 1
3 10 14 2
3 11 15 4
4 3 1 2
4 3 3 1
4 4 2 1
4 4 3 34
4 4 4 70
4 4 5 2
4 5 3 1
4 5 4 148
4 5 5 13
4 6 3 2
4 6 4 3
4 6 5 10
4 7 5 1
4 7 6 2
4 7 9 1
4 9 13 1
4 10 13 1
4 11 14 1
4 11 15 1
5 4 2 1
5 4 3 1
5 4 4 2
5 5 4 20
5 5 5 35
5 6 4 8
5 6 5 52
5 6 6 13
5 6 7 1
5 7 4 1
5 7 5 1
5 7 6 3
5 7 7 1
5 8 8 1
5 8 9 1
5 8 10 1
5 8 11 2
5 9 11 1
5 9 13 1
5 10 12 1
5 10 13 1
5 10 14 3
5 11 14 1
6 4 2 1
6 4 3 1
6 5 2 1
6 5 3 2
6 5 5 7
6 5 6 1
6 6 4 1
6 6 5 20
6 6 6 22
6 6 7 2
6 7 5 2
6 7 6 20
6 7 7 6
6 8 6 2
6 8 7 1
6 8 8 1
6 9 12 1
6 10 13 1
6 10 14 1
6 11 13 2
6 11 14 2
6 11 15 1
6 12 15 1
7 4 2 3
7 5 2 6
7 5 3 16
7 5 4 8
7 6 4 4
7 6 5 2
7 6 6 1
7 7 5 2
7 7 6 21
7 7 7 7
7 7 8 2
7 8 6 10
7 8 7 18
7 8 8 3
7 8 11 1
7 9 8 2
7 9 12 1
7 10 6 1
7 10 7 1
7 10 13 1
7 11 14 1
7 13 17 1
8 4 2 2
8 5 2 81
8 5 3 40
8 6 3 10
8 6 4 62
8 6 5 1
8 6 6 1
8 7 4 3
8 7 5 5
8 7 6 2
8 7 7 2
8 8 6 5
8 8 7 41
8 8 8 26
8 8 9 1
8 9 7 6
8 9 8 28
8 9 9 5
8 9 10 1
8 10 8 2
8 10 9 7
9 3 5 1
9 4 6 1
9 5 3 10
9 5 6 1
9 6 3 17
9 6 4 6
9 6 6 1
9 7 4 2
9 7 5 6
9 7 6 1
9 8 5 3
9 8 6 6
9 8 7 2
9 8 8 1
9 9 7 3
9 9 8 52
9 9 9 6
9 10 8 13
9 10 9 31
9 10 10 5
9 11 10 4
9 11 11 2
9 12 9 1
9 14 17 1
10 5 6 1
10 5 7 4
10 6 3 4
10 6 7 1
10 6 8 1
10 7 3 4
10 7 4 20
10 7 5 7
10 8 5 4
10 8 6 7
10 8 7 5
10 8 8 2
10 9 7 2
10 9 8 1
10 9 9 1
10 9 10 2
10 9 11 1
10 10 8 5
10 10 9 54
10 10 10 11
10 11 9 14
10 11 10 44
10 11 11 3
10 12 11 2
10 12 12 1
10 13 11 1
11 4 6 1
11 5 7 2
11 6 7 2
11 7 4 8
11 7 8 4
11 8 4 2
11 8 5 2
11 8 6 2
11 9 5 1
11 9 6 2
11 9 7 3
11 9 8 4
11 9 9 4
11 9 11 1
11 10 7 1
11 10 8 1
11 10 9 5
11 10 10 3
11 11 9 9
11 11 10 63
11 11 11 22
11 11 12 2
11 12 10 13
11 12 11 38
11 12 12 3
11 13 11 1
11 13 12 4
12 4 7 1
12 5 7 1
12 6 7 1
12 6 8 2
12 7 9 1
12 8 5 1
12 9 5 3
12 9 6 2
12 9 7 2
12 9 10 1
12 10 6 4
12 10 8 2
12 10 9 1
12 10 11 2
12 11 9 2
12 11 10 11
12 11 11 6
12 11 12 1
12 11 13 1
12 12 10 5
12 12 11 60
12 12 12 19
12 12 13 2
12 13 11 11
12 13 12 50
12 13 13 7
12 14 13 1
13 5 8 5
13 6 8 1
13 6 9 1
13 9 6 1
13 10 6 9
13 10 7 13
13 10 11 1
13 11 7 14
13 11 8 7
13 11 9 4
13 11 10 1
13 11 11 2
13 12 9 4
13 12 10 3
13 12 11 8
13 12 12 8
13 12 13 1
13 13 11 6
13 13 12 92
13 13 13 68
13 13 14 5
13 14 11 1
13 14 12 7
13 14 13 50
13 14 14 7
13 15 13 1
13 15 14 1
14 10 11 1
14 11 7 8
14 11 8 30
14 11 9 3
14 12 8 6
14 12 9 5
14 12 10 2
14 12 12 2
14 13 10 2
14 13 11 3
14 13 12 7
14 13 13 11
14 14 10 1
14 14 11 1
14 14 12 1
14 14 13 139
14 14 14 49
14 14 15 3
14 15 13 9
14 15 14 58
14 15 15 6
14 16 14 2
14 16 15 2
14 17 17 1
15 12 8 28
15 12 9 16
15 12 13 2
15 13 9 9
15 13 10 9
15 13 11 3
15 13 12 4
15 13 13 1
15 14 11 3
15 14 12 2
15 14 13 11
15 14 14 4
15 14 15 3
15 15 13 9
15 15 14 124
15 15 15 42
15 15 16 2
15 16 14 11
15 16 15 134
15 16 16 5
15 17 16 1
15 17 17 1
16 12 9 1
16 13 9 1
16 13 10 9
16 13 14 1
16 14 10 4
16 14 11 3
16 14 12 3
16 14 13 4
16 14 14 2
16 14 15 1
16 15 12 1
16 15 13 11
16 15 14 31
16 15 15 5
16 16 7 1
16 16 13 1
16 16 14 35
16 16 15 164
16 16 16 43
16 16 17 4
16 17 15 11
16 17 16 140
16 17 17 10
16 18 17 2
17 14 10 1
17 14 11 5
17 15 11 1
17 15 12 7
17 15 13 4
17 15 14 3
17 15 15 2
17 16 13 3
17 16 14 16
17 16 15 4
17 16 16 5
17 17 12 1
17 17 14 1
17 17 15 9
17 17 16 144
17 17 17 74
17 18 16 4
17 18 17 156
17 18 18 9
17 18 19 1
17 19 18 3
17 20 18 1
18 15 12 4
18 16 12 4
18 16 13 4
18 16 14 2
18 16 15 6
18 16 16 1
18 17 10 1
18 17 12 1
18 17 14 1
18 17 15 7
18 17 16 7
18 17 17 1
18 18 12 1
18 18 16 6
18 18 17 123
18 18 18 60
18 18 19 1
18 19 17 13
18 19 18 204
18 19 19 8
18 20 19 1
19 16 13 1
19 17 14 1
19 17 15 3
19 17 16 1
19 18 15 1
19 18 16 4
19 18 17 7
19 18 18 8
19 18 19 1
19 19 11 1
19 19 12 1
19 19 17 8
19 19 18 216
19 19 19 64
19 19 20 8
19 20 18 9
19 20 19 329
19 20 20 16
19 21 19 2
19 21 20 3
19 21 21 2
20 17 14 3
20 18 15 4
20 18 16 4
20 18 18 1
20 19 14 1
20 19 17 1
20 19 18 3
20 19 19 1
20 19 20 1
20 20 14 1
20 20 18 8
20 20 19 65
20 20 20 29
20 20 21 3
20 21 19 9
20 21 20 278
20 21 21 28
20 22 21 18
21 19 16 5
21 19 17 3
21 19 18 1
21 19 19 2
21 20 12 2
21 20 14 2
21 20 18 2
21 20 19 7
21 20 20 1
21 20 21 1
21 20 22 1
21 21 13 1
21 21 19 2
21 21 20 38
21 21 21 33
21 21 22 11
21 22 21 164
21 22 22 121
21 22 23 2
21 23 22 12
22 19 17 1
22 20 16 1
22 20 17 4
22 20 18 6
22 20 19 2
22 21 13 1
22 21 14 1
22 21 18 5
22 21 19 6
22 21 20 5
22 21 21 3
22 21 22 1
22 22 17 1
22 22 20 2
22 22 21 20
22 22 22 100
22 22 23 17
22 23 22 347
22 23 23 141
22 23 24 4
22 24 23 14
22 24 24 7
23 20 16 1
23 20 17 23
23 20 18 3
23 21 17 19
23 21 18 60
23 21 19 7
23 21 20 1
23 22 16 1
23 22 18 1
23 22 19 9
23 22 20 4
23 22 21 1
23 22 22 2
23 23 22 23
23 23 23 137
23 23 24 8
23 24 23 134
23 24 24 172
23 24 25 12
23 25 24 11
23 25 25 9
24 21 17 4
24 21 18 9
24 22 19 8
24 22 20 22
24 22 22 1
24 23 15 1
24 23 19 1
24 23 20 6
24 23 21 8
24 23 22 3
24 23 23 4
24 23 24 1
24 24 22 3
24 24 23 8
24 24 24 130
24 24 25 9
24 25 23 1
24 25 24 126
24 25 25 306
24 25 26 22
24 26 25 10
24 26 26 12
24 27 26 1
25 22 22 1
25 23 13 1
25 23 20 6
25 23 21 17
25 23 22 5
25 24 13 2
25 24 15 1
25 24 16 1
25 24 22 21
25 24 23 7
25 24 24 2
25 24 25 1
25 25 19 1
25 25 23 3
25 25 24 9
25 25 25 122
25 25 26 11
25 25 27 1
25 26 25 44
25 26 26 87
25 26 27 3
25 27 26 1
25 27 27 4
26 23 21 1
26 24 21 1
26 24 22 40
26 24 23 3
26 25 15 1
26 25 22 3
26 25 23 22
26 25 24 5
26 25 25 3
26 26 14 1
26 26 17 3
26 26 18 1
26 26 19 1
26 26 20 1
26 26 25 3
26 26 26 48
26 26 27 17
26 27 25 1
26 27 26 25
26 27 27 52
26 27 28 13
26 28 27 1
26 28 28 12
27 25 14 1
27 25 22 3
27 25 23 23
27 25 24 4
27 26 15 1
27 26 17 2
27 26 19 1
27 26 23 5
27 26 24 8
27 26 25 6
27 26 26 4
27 26 27 1
27 27 26 7
27 27 27 37
27 27 28 12
27 28 27 9
27 28 28 34
27 28 29 7
27 29 29 1
28 26 23 1
28 26 24 10
28 27 22 1
28 27 24 2
28 27 25 3
28 27 26 1
28 27 27 3
28 28 19 1
28 28 22 1
28 28 23 1
28 28 24 1
28 28 27 8
28 28 28 31
28 28 29 15
28 29 28 7
28 29 29 60
28 29 30 25
28 30 29 3
28 30 30 1
29 27 24 2
29 27 25 4
29 28 25 2
29 28 26 3
29 28 28 2
29 28 29 1
29 29 20 2
29 29 26 1
29 29 27 2
29 29 28 5
29 29 29 37
29 29 30 43
29 30 29 23
29 30 30 245
29 30 31 5
29 31 30 2
29 31 31 1
30 28 26 3
30 29 26 6
30 29 27 5
30 29 28 1
30 29 30 2
30 30 22 1
30 30 27 7
30 30 28 11
30 30 29 18
30 30 30 611
30 30 31 51
30 31 29 13
30 31 30 242
30 31 31 67
31 30 28 3
31 30 29 2
31 30 30 3
31 30 31 1
31 31 28 1
31 31 29 1
