32
0 0 0 5
0 1 0 1
0 1 1 2
1 1 0 18
1 1 1 7
1 2 0 1
1 2 1 78
1 2 2 3
2 2 1 32
2 2 2 52
2 3 2 132
2 3 3 4
2 8 12 2
2 8 13 1
3 2 1 1
3 2 2 5
3 3 2 94
3 3 3 55
3 4 3 141
3 4 4 9
3 5 4 2
3 8 11 1
3 8 12 1
3 9 13 1
3 11 16 3
3 11 17 1
3 12 16 1
3 12 17 1
4 3 2 3
4 3 4 1
4 4 2 1
4 4 3 35
4 4 4 82
4 5 4 149
4 5 5 17
4 6 3 2
4 6 4 6
4 6 5 16
4 8 10 1
4 10 14 1
4 11 15 1
5 3 3 1
5 4 2 1
5 4 3 2
5 4 5 1
5 5 4 13
5 5 5 23
5 5 6 3
5 6 4 7
5 6 5 44
5 6 6 18
5 6 7 1
5 7 5 3
5 7 6 2
5 7 7 1
5 7 8 1
5 7 9 1
5 8 9 1
5 9 11 2
5 10 13 1
5 10 14 1
5 11 14 2
5 11 15 1
5 12 15 3
6 4 3 1
6 5 3 4
6 5 4 1
6 5 5 4
6 5 6 3
6 6 5 19
6 6 6 14
6 6 7 1
6 7 5 10
6 7 6 15
6 7 7 1
6 8 5 1
6 8 6 1
6 8 7 3
6 9 7 1
6 9 11 1
6 10 14 1
6 12 14 1
6 12 16 1
7 4 2 2
7 5 2 7
7 5 3 10
7 5 4 8
7 6 3 1
7 6 4 2
7 6 5 5
7 7 5 3
7 7 6 26
7 7 7 15
7 7 8 2
7 8 6 10
7 8 7 14
7 8 8 3
7 11 13 1
7 11 14 2
7 12 16 1
7 14 18 1
8 4 2 1
8 5 2 80
8 5 3 60
8 5 6 1
8 6 3 11
8 6 4 51
8 7 4 2
8 7 5 3
8 7 6 1
8 7 8 1
8 8 6 8
8 8 7 45
8 8 8 17
8 8 9 2
8 9 7 7
8 9 8 35
8 9 9 2
8 9 12 1
8 10 8 2
8 10 9 4
8 10 10 2
8 10 13 1
8 11 8 1
8 11 13 1
8 14 17 1
9 4 6 2
9 5 3 12
9 5 6 1
9 6 3 16
9 6 4 6
9 6 5 1
9 6 6 1
9 7 4 4
9 7 5 8
9 7 6 2
9 8 5 3
9 8 6 6
9 8 7 5
9 8 8 3
9 8 9 1
9 9 7 1
9 9 8 54
9 9 9 13
9 10 8 13
9 10 9 32
9 10 10 2
9 10 11 2
9 11 9 2
9 11 10 1
9 11 11 2
9 13 11 1
10 5 7 1
10 6 3 1
10 6 4 2
10 6 7 1
10 6 8 3
10 7 3 1
10 7 4 24
10 7 5 2
10 8 5 1
10 8 6 3
10 8 7 2
10 8 8 1
10 9 7 3
10 9 8 3
10 10 8 5
10 10 9 59
10 10 10 12
10 10 11 2
10 11 9 18
10 11 10 43
10 11 11 7
10 12 11 3
11 4 6 1
11 5 7 2
11 6 7 5
11 6 8 2
11 7 4 8
11 7 8 3
11 8 4 2
11 8 5 3
11 8 6 1
11 8 8 2
11 9 5 2
11 9 6 4
11 9 7 2
11 9 8 4
11 9 9 1
11 9 10 1
11 10 8 6
11 10 9 8
11 10 10 6
11 11 9 10
11 11 10 49
11 11 11 22
11 12 10 4
11 12 11 30
11 12 12 2
11 13 10 1
11 13 11 1
11 13 12 3
11 15 17 1
12 4 7 1
12 5 7 1
12 6 7 1
12 6 8 1
12 8 5 1
12 8 10 1
12 9 5 1
12 9 6 2
12 9 7 3
12 9 10 1
12 9 11 1
12 10 6 1
12 10 7 1
12 10 8 6
12 10 9 1
12 10 10 2
12 10 11 2
12 11 8 1
12 11 9 1
12 11 10 10
12 11 11 4
12 12 10 5
12 12 11 48
12 12 12 20
12 12 13 3
12 13 11 10
12 13 12 35
12 13 13 5
12 13 14 1
12 14 12 1
12 14 13 2
13 5 8 1
13 6 8 1
13 6 9 1
13 9 6 1
13 10 6 12
13 10 7 12
13 10 11 1
13 10 12 1
13 11 7 15
13 11 8 3
13 11 9 4
13 11 10 3
13 11 11 1
13 11 12 1
13 12 9 2
13 12 10 5
13 12 11 9
13 12 12 2
13 12 13 3
13 13 7 1
13 13 11 5
13 13 12 84
13 13 13 79
13 13 14 3
13 14 12 3
13 14 13 40
13 14 14 7
13 14 15 1
13 15 13 3
13 15 14 1
13 15 15 2
14 6 9 1
14 10 7 1
14 11 7 4
14 11 8 23
14 11 9 2
14 11 12 1
14 12 8 12
14 12 9 7
14 12 10 2
14 12 11 2
14 13 11 2
14 13 12 8
14 13 13 15
14 13 14 4
14 14 12 3
14 14 13 131
14 14 14 58
14 14 15 2
14 15 13 13
14 15 14 45
14 15 15 7
14 15 16 1
15 5 9 1
15 10 11 1
15 12 8 29
15 12 9 17
15 12 10 1
15 12 12 2
15 13 9 7
15 13 10 7
15 13 11 2
15 13 12 3
15 13 13 1
15 13 14 1
15 14 12 4
15 14 13 16
15 14 14 7
15 14 15 1
15 15 10 1
15 15 12 3
15 15 13 11
15 15 14 111
15 15 15 41
15 15 16 2
15 16 14 14
15 16 15 93
15 16 16 16
15 17 16 2
16 6 10 1
16 12 9 2
16 12 13 1
16 13 9 3
16 13 10 7
16 13 14 1
16 14 10 2
16 14 11 7
16 14 12 1
16 14 13 4
16 14 14 3
16 15 12 2
16 15 13 7
16 15 14 34
16 15 15 10
16 15 16 1
16 16 11 1
16 16 13 1
16 16 14 47
16 16 15 165
16 16 16 32
16 16 17 6
16 17 15 9
16 17 16 103
16 17 17 13
16 17 18 1
16 18 17 1
17 13 11 1
17 14 10 1
17 14 11 5
17 15 11 4
17 15 12 1
17 15 13 7
17 15 14 2
17 16 13 2
17 16 14 8
17 16 15 7
17 16 16 2
17 17 12 3
17 17 14 2
17 17 15 9
17 17 16 129
17 17 17 76
17 17 18 1
17 18 16 6
17 18 17 108
17 18 18 9
17 19 18 4
18 15 11 1
18 15 12 3
18 16 12 3
18 16 13 4
18 16 14 2
18 16 15 1
18 17 12 1
18 17 13 1
18 17 14 2
18 17 15 10
18 17 16 8
18 17 17 2
18 18 16 13
18 18 17 109
18 18 18 36
18 19 17 18
18 19 18 152
18 19 19 13
18 20 19 4
18 20 20 1
19 16 12 1
19 17 13 1
19 17 14 7
19 17 15 1
19 17 16 1
19 18 11 3
19 18 16 4
19 18 17 6
19 18 18 5
19 19 12 1
19 19 17 9
19 19 18 177
19 19 19 57
19 19 20 1
19 20 18 11
19 20 19 266
19 20 20 16
19 21 19 3
19 21 20 2
20 17 15 1
20 18 15 3
20 18 16 5
20 18 17 2
20 19 13 2
20 19 17 4
20 19 18 7
20 19 19 5
20 19 20 2
20 20 18 5
20 20 19 69
20 20 20 26
20 20 21 3
20 21 19 6
20 21 20 265
20 21 21 25
20 21 22 2
20 22 21 15
21 18 15 2
21 19 16 4
21 19 19 1
21 20 12 1
21 20 14 1
21 20 15 1
21 20 18 5
21 20 19 2
21 20 20 3
21 21 19 1
21 21 20 39
21 21 21 32
21 21 22 7
21 22 20 1
21 22 21 157
21 22 22 121
21 22 23 3
21 23 22 6
21 23 23 1
22 19 16 1
22 19 17 1
22 20 17 6
22 20 18 3
22 20 19 2
22 20 20 1
22 20 21 1
22 21 13 2
22 21 17 1
22 21 18 11
22 21 19 2
22 21 20 5
22 21 21 3
22 22 20 1
22 22 21 32
22 22 22 125
22 22 23 9
22 23 22 329
22 23 23 145
22 23 24 6
22 24 23 12
22 24 24 10
23 20 16 1
23 20 17 13
23 20 18 4
23 20 19 1
23 21 17 14
23 21 18 43
23 21 19 14
23 21 20 3
23 22 15 1
23 22 16 1
23 22 19 8
23 22 20 7
23 22 21 2
23 22 22 3
23 23 14 1
23 23 16 1
23 23 20 1
23 23 21 1
23 23 22 30
23 23 23 199
23 23 24 4
23 24 23 131
23 24 24 212
23 24 25 15
23 25 24 10
23 25 25 8
24 21 17 4
24 21 18 21
24 22 16 1
24 22 18 1
24 22 19 7
24 22 20 22
24 22 21 1
24 23 20 8
24 23 21 5
24 23 22 4
24 23 23 2
24 23 24 2
24 24 22 2
24 24 23 8
24 24 24 120
24 24 25 7
24 25 24 110
24 25 25 320
24 25 26 14
24 26 25 6
24 26 26 9
24 27 26 1
25 23 20 4
25 23 21 23
25 23 22 2
25 24 13 1
25 24 14 1
25 24 16 1
25 24 21 3
25 24 22 24
25 24 23 6
25 25 22 1
25 25 23 2
25 25 24 6
25 25 25 169
25 25 26 14
25 26 25 37
25 26 26 109
25 26 27 4
25 27 27 5
26 24 22 36
26 24 23 4
26 24 25 1
26 25 15 1
26 25 16 1
26 25 17 2
26 25 18 1
26 25 22 3
26 25 23 30
26 25 24 4
26 25 25 1
26 25 26 1
26 26 14 1
26 26 17 1
26 26 18 1
26 26 24 2
26 26 25 8
26 26 26 53
26 26 27 11
26 26 28 1
26 27 26 14
26 27 27 62
26 27 28 13
26 28 27 2
26 28 28 10
27 25 23 27
27 25 24 2
27 25 25 1
27 26 17 1
27 26 19 1
27 26 23 9
27 26 24 10
27 26 25 4
27 26 26 4
27 26 27 2
27 27 21 1
27 27 24 1
27 27 26 4
27 27 27 32
27 27 28 6
27 28 27 6
27 28 28 39
27 28 29 11
27 29 29 1
28 26 23 1
28 26 24 9
28 26 26 1
28 27 22 1
28 27 23 1
28 27 24 2
28 27 25 3
28 27 26 1
28 27 27 5
28 27 28 1
28 28 18 1
28 28 24 1
28 28 27 4
28 28 28 29
28 28 29 11
28 29 28 7
28 29 29 60
28 29 30 15
28 30 30 1
29 27 24 2
29 27 25 10
29 28 19 1
29 28 25 2
29 28 26 3
29 28 27 1
29 28 28 4
29 29 20 1
29 29 28 4
29 29 29 41
29 29 30 61
29 30 26 1
29 30 27 1
29 30 29 17
29 30 30 205
29 30 31 6
29 31 30 4
30 29 21 1
30 29 26 3
30 29 27 5
30 29 28 2
30 29 29 2
30 29 30 1
30 30 22 2
30 30 27 5
30 30 28 12
30 30 29 16
30 30 30 667
30 30 31 34
30 31 29 6
30 31 30 235
30 31 31 34
31 30 28 2
31 30 30 3
31 31 29 2
