32
0 0 0 8
0 1 0 2
1 1 0 25
1 1 1 8
1 2 1 67
1 2 2 1
2 1 0 1
2 2 1 38
2 2 2 51
2 2 3 1
2 3 2 121
2 3 3 3
2 8 13 2
2 11 16 1
3 2 2 4
3 3 2 112
3 3 3 52
3 3 4 1
3 4 3 149
3 4 4 4
3 5 4 1
3 8 11 1
3 8 12 1
3 11 16 3
3 12 16 1
4 3 2 3
4 4 2 1
4 4 3 36
4 4 4 68
4 5 3 1
4 5 4 134
4 5 5 4
4 6 3 2
4 6 4 13
4 6 5 15
4 6 6 1
4 7 7 1
4 8 11 1
4 8 12 1
4 9 12 1
4 10 13 1
4 10 14 1
4 11 15 1
4 12 16 1
4 12 17 1
5 4 2 4
5 4 4 3
5 5 4 24
5 5 5 19
5 5 6 2
5 6 4 6
5 6 5 45
5 6 6 17
5 7 6 7
5 7 8 1
5 8 8 2
5 8 9 1
5 8 10 1
5 9 12 1
5 9 13 1
5 10 13 1
5 11 15 1
5 12 16 1
6 4 3 1
6 5 2 1
6 5 3 4
6 5 5 3
6 5 6 2
6 6 5 20
6 6 6 13
6 6 7 2
6 7 5 2
6 7 6 15
6 7 7 4
6 8 6 1
6 8 7 2
6 9 10 1
6 9 12 1
6 10 11 1
6 11 13 1
6 11 14 1
6 11 15 1
6 12 14 2
6 12 15 3
6 12 16 1
7 4 2 7
7 5 2 9
7 5 3 9
7 5 4 7
7 6 4 1
7 6 5 3
7 6 6 6
7 7 5 4
7 7 6 30
7 7 7 8
7 7 8 3
7 8 6 8
7 8 7 17
7 8 8 3
7 9 7 1
7 9 8 2
7 10 13 1
7 11 14 1
7 11 15 1
8 4 2 3
8 5 2 84
8 5 3 55
8 5 4 2
8 6 3 10
8 6 4 57
8 6 5 4
8 7 4 1
8 7 5 6
8 7 6 1
8 7 7 2
8 8 6 5
8 8 7 50
8 8 8 11
8 8 9 1
8 9 7 5
8 9 8 30
8 9 9 7
8 9 11 1
8 10 7 1
8 10 8 1
8 10 9 5
8 11 12 1
9 4 5 1
9 4 6 1
9 5 3 10
9 5 6 2
9 6 3 16
9 6 4 9
9 7 4 2
9 7 5 11
9 7 6 4
9 8 5 2
9 8 6 4
9 8 7 4
9 8 8 2
9 9 7 3
9 9 8 58
9 9 9 12
9 9 10 1
9 9 11 1
9 10 8 12
9 10 9 35
9 10 10 8
9 10 11 1
9 11 9 2
9 11 10 2
9 11 11 1
10 4 6 1
10 5 7 4
10 6 3 2
10 6 4 3
10 6 7 2
10 7 4 20
10 7 5 4
10 7 8 2
10 8 5 1
10 8 6 9
10 8 7 1
10 8 9 1
10 9 7 6
10 9 8 8
10 9 9 3
10 9 10 3
10 10 8 7
10 10 9 45
10 10 10 17
10 10 11 2
10 11 9 18
10 11 10 36
10 11 11 4
10 12 10 1
10 12 11 3
10 13 10 1
11 5 7 4
11 6 7 2
11 6 8 2
11 7 4 6
11 7 8 4
11 8 4 2
11 8 5 2
11 8 6 2
11 8 9 2
11 8 10 1
11 9 6 3
11 9 7 4
11 9 8 3
11 9 9 1
11 10 7 1
11 10 8 5
11 10 9 6
11 10 10 2
11 11 9 11
11 11 10 57
11 11 11 23
11 11 12 3
11 12 10 10
11 12 11 24
11 12 12 4
11 13 11 1
12 5 7 1
12 6 8 1
12 8 10 1
12 9 5 5
12 9 6 4
12 9 7 1
12 9 11 1
12 10 7 1
12 10 8 4
12 10 9 1
12 10 10 2
12 10 11 2
12 11 9 2
12 11 10 5
12 11 11 3
12 12 10 7
12 12 11 60
12 12 12 21
12 13 11 15
12 13 12 37
12 13 13 7
12 13 14 1
12 14 13 1
12 14 14 1
12 15 13 1
13 5 8 4
13 6 8 1
13 9 6 3
13 10 6 7
13 10 7 8
13 10 8 2
13 10 12 1
13 11 7 8
13 11 8 4
13 11 9 6
13 11 12 1
13 12 10 2
13 12 11 12
13 12 12 9
13 13 11 7
13 13 12 88
13 13 13 66
13 13 14 1
13 14 12 8
13 14 13 52
13 14 14 6
13 15 13 1
13 15 14 3
14 10 7 1
14 11 7 6
14 11 8 21
14 12 8 15
14 12 9 3
14 12 10 1
14 12 12 1
14 12 13 1
14 13 9 2
14 13 11 1
14 13 12 17
14 13 13 14
14 13 14 1
14 14 9 1
14 14 11 1
14 14 12 4
14 14 13 128
14 14 14 58
14 14 15 1
14 15 13 8
14 15 14 55
14 15 15 9
14 16 14 1
14 16 15 2
14 16 16 1
15 5 8 1
15 12 8 29
15 12 9 21
15 13 9 9
15 13 10 4
15 13 11 3
15 13 12 5
15 13 13 4
15 14 12 2
15 14 13 13
15 14 14 4
15 14 15 1
15 15 8 1
15 15 11 1
15 15 12 1
15 15 13 11
15 15 14 123
15 15 15 44
15 15 16 1
15 16 14 16
15 16 15 108
15 16 16 8
15 17 16 5
15 17 17 1
16 5 9 1
16 13 9 1
16 13 10 4
16 13 12 1
16 13 13 1
16 14 10 5
16 14 11 4
16 14 12 5
16 14 13 6
16 14 14 2
16 14 15 1
16 14 16 1
16 15 12 1
16 15 13 12
16 15 14 29
16 15 15 9
16 16 13 1
16 16 14 49
16 16 15 159
16 16 16 32
16 16 17 1
16 17 15 11
16 17 16 114
16 17 17 11
16 18 19 1
17 14 10 2
17 14 11 5
17 15 11 2
17 15 12 10
17 15 13 4
17 15 14 1
17 16 13 3
17 16 14 11
17 16 15 12
17 16 16 4
17 17 13 2
17 17 14 1
17 17 15 13
17 17 16 127
17 17 17 75
17 17 18 1
17 18 16 1
17 18 17 106
17 18 18 8
17 19 18 1
18 15 12 1
18 16 12 4
18 16 13 2
18 16 14 2
18 16 15 1
18 16 17 1
18 17 12 1
18 17 14 2
18 17 15 4
18 17 16 8
18 17 17 3
18 17 18 1
18 18 11 1
18 18 16 5
18 18 17 115
18 18 18 37
18 18 19 1
18 19 17 15
18 19 18 164
18 19 19 14
18 20 19 3
18 20 20 1
19 16 12 1
19 16 13 3
19 17 13 3
19 17 14 9
19 17 16 1
19 17 17 1
19 18 10 1
19 18 11 1
19 18 12 1
19 18 15 1
19 18 16 6
19 18 17 8
19 18 18 12
19 18 19 1
19 19 13 1
19 19 17 10
19 19 18 180
19 19 19 51
19 20 18 11
19 20 19 282
19 20 20 11
19 21 19 1
19 21 20 5
19 22 21 1
20 17 14 4
20 18 15 4
20 18 16 4
20 19 11 2
20 19 17 3
20 19 18 6
20 19 19 1
20 20 13 2
20 20 18 7
20 20 19 54
20 20 20 25
20 20 21 3
20 21 19 8
20 21 20 254
20 21 21 37
20 21 22 1
20 22 20 1
20 22 21 18
21 18 15 4
21 19 15 2
21 19 16 4
21 19 17 2
21 19 19 1
21 20 12 1
21 20 14 1
21 20 18 3
21 20 19 6
21 20 20 1
21 21 13 2
21 21 19 3
21 21 20 37
21 21 21 29
21 21 22 5
21 22 20 4
21 22 21 159
21 22 22 119
21 22 23 3
21 23 22 7
22 20 17 5
22 20 18 2
22 20 19 1
22 21 18 8
22 21 19 3
22 21 20 3
22 21 21 2
22 22 17 1
22 22 20 2
22 22 21 22
22 22 22 118
22 22 23 15
22 23 21 1
22 23 22 280
22 23 23 128
22 23 24 12
22 24 23 14
22 24 24 3
23 20 17 16
23 20 18 3
23 21 15 1
23 21 17 11
23 21 18 56
23 21 19 12
23 22 15 1
23 22 17 1
23 22 19 8
23 22 20 9
23 22 21 5
23 22 22 4
23 22 23 2
23 23 14 1
23 23 15 1
23 23 19 1
23 23 20 2
23 23 22 20
23 23 23 159
23 23 24 13
23 24 23 126
23 24 24 198
23 24 25 18
23 25 24 10
23 25 25 7
24 21 17 6
24 21 18 16
24 22 13 1
24 22 18 1
24 22 19 10
24 22 20 23
24 22 21 1
24 23 20 4
24 23 21 6
24 23 22 7
24 23 23 2
24 24 18 1
24 24 22 2
24 24 23 10
24 24 24 123
24 24 25 15
24 25 24 119
24 25 25 305
24 25 26 17
24 26 25 9
24 26 26 8
25 23 20 4
25 23 21 28
25 23 22 5
25 24 13 1
25 24 14 1
25 24 16 1
25 24 21 1
25 24 22 24
25 24 23 7
25 25 23 2
25 25 24 10
25 25 25 140
25 25 26 20
25 26 24 1
25 26 25 45
25 26 26 103
25 26 27 2
25 27 26 1
25 27 27 7
26 24 22 38
26 24 23 8
26 25 14 1
26 25 15 3
26 25 16 1
26 25 22 3
26 25 23 32
26 25 24 6
26 25 25 1
26 26 14 1
26 26 15 1
26 26 17 3
26 26 24 1
26 26 25 2
26 26 26 55
26 26 27 16
26 27 26 34
26 27 27 59
26 27 28 14
26 28 28 13
27 25 15 1
27 25 23 26
27 25 24 2
27 26 16 1
27 26 17 1
27 26 18 2
27 26 19 1
27 26 23 8
27 26 24 9
27 26 25 2
27 26 26 3
27 26 27 3
27 27 20 1
27 27 26 7
27 27 27 61
27 27 28 6
27 28 27 6
27 28 28 46
27 28 29 6
27 29 29 1
28 26 24 8
28 26 26 2
28 27 23 1
28 27 24 3
28 27 25 3
28 27 26 3
28 27 27 3
28 27 28 1
28 28 19 1
28 28 23 1
28 28 24 1
28 28 25 1
28 28 26 2
28 28 27 6
28 28 28 37
28 28 29 9
28 29 28 12
28 29 29 64
28 29 30 18
28 30 29 1
29 27 24 1
29 27 25 8
29 28 25 1
29 28 26 3
29 28 28 1
29 28 29 1
29 29 20 1
29 29 21 1
29 29 25 1
29 29 27 1
29 29 28 2
29 29 29 36
29 29 30 54
29 30 26 1
29 30 29 12
29 30 30 219
29 30 31 3
29 31 30 2
29 31 31 2
30 28 25 1
30 29 21 1
30 29 22 1
30 29 26 7
30 29 27 6
30 29 28 1
30 29 29 2
30 29 30 3
30 30 27 5
30 30 28 12
30 30 29 18
30 30 30 632
30 30 31 36
30 31 29 2
30 31 30 178
30 31 31 41
31 30 28 2
31 30 29 3
31 30 31 3
31 31 31 1
