32
0 0 0 6
0 1 1 1
1 1 0 15
1 1 1 4
1 2 0 1
1 2 1 86
1 2 2 2
2 2 1 36
2 2 2 51
2 3 2 137
2 3 3 2
2 4 3 1
2 8 13 4
3 2 1 2
3 2 2 1
3 2 3 1
3 3 2 104
3 3 3 61
3 4 3 135
3 4 4 6
3 11 16 2
3 12 17 3
4 3 1 1
4 3 2 2
4 3 3 2
4 4 2 1
4 4 3 33
4 4 4 87
4 5 3 2
4 5 4 143
4 5 5 8
4 6 3 1
4 6 4 9
4 6 5 27
4 7 8 1
4 7 9 1
4 8 10 1
4 8 11 1
4 9 12 1
4 10 13 1
4 10 14 1
4 12 16 2
5 4 2 2
5 4 3 2
5 4 4 1
5 4 5 1
5 5 4 19
5 5 5 16
5 5 6 1
5 6 4 7
5 6 5 46
5 6 6 15
5 7 5 2
5 7 6 1
5 7 7 1
5 8 8 1
5 8 9 1
5 9 11 1
5 10 14 1
5 11 14 1
5 12 17 1
5 13 18 1
6 4 3 2
6 5 3 3
6 5 6 4
6 6 4 1
6 6 5 28
6 6 6 14
6 6 7 1
6 7 5 1
6 7 6 23
6 7 7 5
6 8 7 2
6 9 11 1
6 11 14 1
6 11 15 1
6 12 15 2
6 12 16 1
6 13 17 1
7 4 2 2
7 5 2 13
7 5 3 18
7 5 4 2
7 6 3 1
7 6 4 3
7 6 5 2
7 6 6 1
7 6 7 1
7 7 5 1
7 7 6 29
7 7 7 17
7 8 6 5
7 8 7 21
7 8 8 1
7 9 6 1
7 9 7 1
7 9 8 3
7 11 14 1
7 12 15 1
7 12 16 1
7 13 16 1
8 4 2 3
8 4 3 1
8 5 2 72
8 5 3 84
8 5 4 1
8 6 3 15
8 6 4 59
8 7 4 1
8 7 5 7
8 7 6 2
8 7 7 2
8 8 6 2
8 8 7 30
8 8 8 14
8 8 9 1
8 9 7 3
8 9 8 27
8 9 9 4
8 9 12 1
8 10 8 2
8 10 9 6
8 10 10 1
8 11 15 1
8 12 16 1
8 13 16 1
9 4 6 1
9 5 3 5
9 5 6 1
9 6 3 20
9 6 4 3
9 7 5 6
9 7 6 2
9 7 8 2
9 8 5 1
9 8 6 5
9 8 7 7
9 8 8 2
9 9 7 3
9 9 8 64
9 9 9 18
9 9 10 1
9 10 8 11
9 10 9 40
9 10 10 7
9 10 11 1
9 11 9 2
9 11 10 5
9 11 11 1
10 4 6 1
10 5 6 1
10 5 8 1
10 6 3 3
10 6 4 3
10 6 7 1
10 6 8 2
10 7 3 2
10 7 4 21
10 7 5 2
10 7 9 1
10 8 5 2
10 8 6 4
10 8 7 9
10 8 8 1
10 8 9 1
10 9 7 3
10 9 8 1
10 9 9 1
10 9 10 1
10 10 8 1
10 10 9 52
10 10 10 18
10 10 11 1
10 11 9 15
10 11 10 42
10 11 11 7
10 12 10 2
10 13 10 1
11 4 6 1
11 5 7 2
11 6 7 2
11 6 8 2
11 7 4 12
11 7 8 3
11 8 5 2
11 8 6 1
11 8 8 2
11 8 9 3
11 9 5 2
11 9 6 4
11 9 7 5
11 9 8 4
11 9 9 2
11 9 10 1
11 9 11 2
11 10 8 10
11 10 9 13
11 10 10 3
11 11 9 9
11 11 10 53
11 11 11 21
11 11 12 1
11 12 10 3
11 12 11 35
11 12 12 7
11 13 11 1
11 13 12 1
12 4 7 1
12 5 7 1
12 6 7 1
12 6 8 2
12 6 9 1
12 7 9 1
12 9 5 5
12 9 6 4
12 9 7 5
12 9 11 1
12 10 6 1
12 10 8 2
12 10 9 3
12 11 9 3
12 11 10 18
12 11 11 3
12 11 12 2
12 12 10 5
12 12 11 51
12 12 12 28
12 12 13 1
12 13 11 4
12 13 12 34
12 13 13 4
12 13 14 1
12 14 13 2
13 4 8 1
13 6 9 1
13 9 11 1
13 10 6 6
13 10 7 10
13 10 8 1
13 10 11 2
13 10 12 1
13 11 7 8
13 11 8 1
13 11 9 3
13 11 10 1
13 12 9 2
13 12 10 5
13 12 11 13
13 12 12 12
13 13 11 3
13 13 12 91
13 13 13 66
13 14 12 6
13 14 13 58
13 14 14 4
13 15 13 2
13 15 14 2
14 5 8 1
14 9 10 1
14 9 11 1
14 11 7 3
14 11 8 24
14 11 9 3
14 11 12 2
14 12 8 15
14 12 9 6
14 12 10 1
14 13 10 1
14 13 11 6
14 13 12 9
14 13 13 14
14 13 14 1
14 14 9 1
14 14 12 4
14 14 13 111
14 14 14 48
14 14 15 1
14 14 16 1
14 15 13 3
14 15 14 53
14 15 15 8
14 15 16 1
14 16 14 1
14 16 15 1
14 18 19 1
15 5 9 1
15 10 11 1
15 12 8 29
15 12 9 20
15 13 9 9
15 13 10 11
15 13 11 1
15 13 12 1
15 13 13 2
15 14 12 7
15 14 13 15
15 14 14 6
15 14 15 1
15 15 11 1
15 15 13 6
15 15 14 93
15 15 15 41
15 15 16 3
15 16 14 13
15 16 15 105
15 16 16 7
15 16 17 1
15 17 16 2
15 17 17 1
16 13 9 2
16 13 10 7
16 13 13 1
16 14 10 4
16 14 11 4
16 14 12 5
16 14 13 2
16 14 14 4
16 15 12 2
16 15 13 7
16 15 14 32
16 15 15 4
16 15 16 2
16 16 8 1
16 16 10 1
16 16 13 1
16 16 14 28
16 16 15 155
16 16 16 36
16 16 17 3
16 17 5 1
16 17 15 4
16 17 16 112
16 17 17 7
16 19 17 1
17 14 10 2
17 14 11 2
17 14 12 1
17 15 11 8
17 15 12 3
17 15 13 2
17 15 14 2
17 15 15 1
17 15 16 1
17 16 13 1
17 16 14 5
17 16 15 8
17 16 16 3
17 16 17 2
17 17 12 2
17 17 14 1
17 17 15 3
17 17 16 135
17 17 17 62
17 17 18 3
17 18 16 3
17 18 17 116
17 18 18 12
17 19 18 1
18 15 12 6
18 16 12 4
18 16 13 3
18 16 14 4
18 17 14 3
18 17 15 4
18 17 16 10
18 18 14 1
18 18 16 4
18 18 17 98
18 18 18 37
18 18 19 2
18 19 17 13
18 19 18 140
18 19 19 10
18 20 19 3
19 16 13 5
19 17 13 2
19 17 14 5
19 17 15 7
19 17 16 1
19 17 17 1
19 18 10 1
19 18 11 1
19 18 12 1
19 18 13 1
19 18 15 2
19 18 16 3
19 18 17 6
19 18 18 7
19 18 19 1
19 19 11 1
19 19 13 1
19 19 17 9
19 19 18 145
19 19 19 65
19 19 20 2
19 20 18 12
19 20 19 280
19 20 20 16
19 21 19 4
19 21 20 7
20 17 14 2
20 17 15 1
20 18 14 2
20 18 15 4
20 18 16 3
20 18 17 1
20 19 11 1
20 19 13 3
20 19 16 1
20 19 17 3
20 19 18 6
20 19 19 3
20 19 20 1
20 20 18 9
20 20 19 56
20 20 20 30
20 20 21 2
20 21 19 6
20 21 20 251
20 21 21 40
20 22 21 14
21 18 15 1
21 19 16 6
21 19 17 1
21 20 14 1
21 20 17 2
21 20 18 2
21 20 19 6
21 20 20 2
21 21 12 1
21 21 14 1
21 21 16 1
21 21 19 1
21 21 20 32
21 21 21 31
21 21 22 12
21 22 20 1
21 22 21 176
21 22 22 104
21 22 23 3
21 23 22 10
22 19 17 2
22 20 17 7
22 20 18 5
22 20 19 1
22 20 20 1
22 21 13 1
22 21 18 6
22 21 19 4
22 21 20 3
22 21 21 1
22 22 20 2
22 22 21 20
22 22 22 117
22 22 23 16
22 23 22 278
22 23 23 119
22 23 24 10
22 24 23 18
22 24 24 3
23 20 16 1
23 20 17 19
23 20 18 2
23 21 17 15
23 21 18 53
23 21 19 14
23 21 20 2
23 21 23 1
23 22 13 1
23 22 14 1
23 22 16 2
23 22 19 11
23 22 20 4
23 22 21 4
23 22 22 4
23 22 23 2
23 23 16 1
23 23 21 2
23 23 22 31
23 23 23 160
23 23 24 14
23 24 13 1
23 24 23 121
23 24 24 197
23 24 25 18
23 25 24 12
23 25 25 9
24 21 17 3
24 21 18 7
24 22 19 9
24 22 20 18
24 22 21 1
24 23 20 8
24 23 21 10
24 23 22 5
24 23 23 5
24 23 24 3
24 24 20 1
24 24 22 2
24 24 23 5
24 24 24 133
24 24 25 9
24 25 24 146
24 25 25 358
24 25 26 14
24 26 25 7
24 26 26 8
25 23 12 1
25 23 20 3
25 23 21 22
25 23 22 6
25 24 14 1
25 24 16 2
25 24 21 3
25 24 22 26
25 24 23 6
25 24 25 1
25 25 19 1
25 25 22 1
25 25 23 1
25 25 24 11
25 25 25 114
25 25 26 7
25 26 25 40
25 26 26 103
25 26 27 5
25 27 26 1
25 27 27 6
26 24 13 1
26 24 14 1
26 24 21 1
26 24 22 37
26 24 23 2
26 25 16 1
26 25 22 2
26 25 23 26
26 25 24 8
26 25 25 5
26 26 15 1
26 26 17 2
26 26 18 1
26 26 20 1
26 26 24 1
26 26 25 11
26 26 26 53
26 26 27 17
26 27 26 26
26 27 27 61
26 27 28 11
26 28 27 1
26 28 28 8
27 25 23 26
27 25 24 2
27 25 25 2
27 26 17 1
27 26 18 2
27 26 23 2
27 26 24 11
27 26 25 1
27 26 26 6
27 26 27 3
27 27 26 4
27 27 27 37
27 27 28 10
27 28 27 13
27 28 28 39
27 28 29 5
27 29 28 1
28 26 24 9
28 26 25 2
28 26 26 1
28 27 19 1
28 27 24 1
28 27 25 2
28 27 26 4
28 27 27 4
28 28 20 1
28 28 25 1
28 28 27 3
28 28 28 35
28 28 29 14
28 29 28 12
28 29 29 61
28 29 30 28
28 30 30 1
29 27 25 8
29 28 24 1
29 28 26 3
29 28 27 2
29 28 28 3
29 28 29 1
29 29 19 2
29 29 21 1
29 29 23 1
29 29 27 2
29 29 28 2
29 29 29 50
29 29 30 61
29 30 26 1
29 30 29 18
29 30 30 209
29 30 31 6
29 31 30 2
29 31 31 1
30 27 25 1
30 28 26 1
30 29 26 3
30 29 27 4
30 29 28 1
30 29 30 3
30 30 27 5
30 30 28 7
30 30 29 15
30 30 30 548
30 30 31 52
30 31 29 5
30 31 30 197
30 31 31 57
31 30 28 4
31 30 29 1
31 30 30 2
