32
0 0 0 9
0 1 0 3
1 1 0 15
1 1 1 13
1 2 1 72
1 2 2 1
2 2 1 34
2 2 2 66
2 3 1 1
2 3 2 133
2 3 3 1
2 4 3 1
2 8 12 1
2 10 15 1
3 2 2 3
3 3 1 1
3 3 2 114
3 3 3 53
3 4 2 1
3 4 3 138
3 4 4 8
3 5 4 4
3 6 6 1
3 7 11 1
3 10 15 2
3 11 15 2
3 11 16 2
4 3 2 3
4 3 3 3
4 3 4 1
4 4 3 38
4 4 4 98
4 4 5 2
4 5 3 1
4 5 4 159
4 5 5 8
4 6 3 1
4 6 4 7
4 6 5 18
4 7 5 1
4 7 8 1
4 8 10 2
4 8 11 2
4 9 13 1
4 10 13 2
4 10 14 1
5 4 2 1
5 4 3 1
5 4 4 4
5 4 5 1
5 5 4 16
5 5 5 24
5 5 6 2
5 6 4 4
5 6 5 69
5 6 6 12
5 7 4 2
5 7 5 1
5 7 6 4
5 7 7 1
5 8 7 1
5 8 8 1
5 8 11 2
5 10 12 1
5 10 13 1
5 11 12 1
5 11 14 1
5 12 14 1
6 4 3 2
6 5 2 1
6 5 3 7
6 5 5 7
6 5 6 1
6 6 4 1
6 6 5 14
6 6 6 14
6 7 5 3
6 7 6 18
6 7 7 3
6 9 11 1
6 9 12 1
6 10 13 2
6 10 14 1
6 11 14 1
6 11 15 1
7 4 2 4
7 4 3 1
7 5 2 2
7 5 3 18
7 5 4 5
7 6 4 2
7 6 6 3
7 7 5 4
7 7 6 24
7 7 7 9
7 7 8 1
7 8 6 5
7 8 7 14
7 8 8 3
7 8 11 1
7 9 6 1
7 9 8 1
7 9 11 1
7 10 6 1
7 10 13 1
7 11 14 2
7 11 15 1
8 4 2 1
8 5 2 79
8 5 3 52
8 5 4 1
8 5 5 1
8 5 6 1
8 6 3 8
8 6 4 66
8 6 5 1
8 7 4 1
8 7 5 8
8 7 6 2
8 7 7 2
8 7 8 1
8 8 6 5
8 8 7 42
8 8 8 19
8 8 9 3
8 8 10 1
8 9 7 3
8 9 8 44
8 9 9 3
8 10 7 1
8 10 8 2
8 10 9 3
8 10 10 1
8 10 11 1
8 12 16 1
9 3 5 1
9 5 3 4
9 5 6 2
9 6 3 18
9 6 4 8
9 6 5 1
9 6 7 2
9 7 4 5
9 7 5 11
9 7 6 3
9 8 6 8
9 8 7 2
9 8 8 1
9 8 9 1
9 9 7 2
9 9 8 51
9 9 9 10
9 9 10 3
9 10 8 6
9 10 9 32
9 10 10 9
9 11 10 3
10 4 6 1
10 5 6 1
10 5 7 2
10 6 3 2
10 6 4 2
10 6 7 3
10 7 3 2
10 7 4 20
10 7 5 5
10 8 6 5
10 8 8 2
10 8 9 1
10 9 7 2
10 9 8 2
10 9 9 1
10 9 10 1
10 10 8 5
10 10 9 60
10 10 10 16
10 10 11 2
10 11 9 11
10 11 10 36
10 11 11 6
10 12 9 1
10 12 10 1
11 4 6 1
11 6 7 2
11 7 4 5
11 7 8 3
11 7 9 1
11 8 4 4
11 8 5 1
11 8 6 4
11 8 8 2
11 8 9 1
11 9 6 2
11 9 7 2
11 9 8 1
11 9 10 3
11 10 8 2
11 10 9 14
11 10 10 2
11 11 9 12
11 11 10 64
11 11 11 17
11 11 12 1
11 12 10 17
11 12 11 46
11 12 12 7
11 13 11 1
11 13 12 1
12 5 7 1
12 5 8 2
12 6 8 2
12 7 8 1
12 8 5 1
12 8 9 1
12 9 6 3
12 9 7 2
12 10 6 3
12 10 7 1
12 10 8 1
12 10 9 1
12 10 10 1
12 11 9 2
12 11 10 10
12 11 11 6
12 11 12 1
12 11 13 1
12 12 9 1
12 12 10 6
12 12 11 95
12 12 12 16
12 12 13 1
12 13 11 14
12 13 12 70
12 13 13 4
12 14 13 3
13 4 8 1
13 5 8 1
13 7 8 1
13 10 6 20
13 10 7 19
13 10 8 1
13 10 11 1
13 10 12 1
13 11 7 10
13 11 8 4
13 11 9 2
13 11 10 1
13 11 11 1
13 11 12 1
13 12 9 1
13 12 10 3
13 12 11 6
13 12 12 5
13 12 13 1
13 13 11 6
13 13 12 113
13 13 13 70
13 13 14 2
13 14 12 6
13 14 13 45
13 14 14 5
13 15 14 3
13 16 18 1
14 6 9 1
14 9 11 1
14 10 7 2
14 11 7 7
14 11 8 33
14 12 8 3
14 12 9 3
14 12 10 3
14 12 11 1
14 12 12 2
14 12 13 1
14 13 11 6
14 13 12 9
14 13 13 11
14 13 14 1
14 14 11 2
14 14 12 2
14 14 13 142
14 14 14 70
14 14 15 1
14 15 13 11
14 15 14 53
14 15 15 5
14 16 14 1
14 16 15 2
14 16 16 1
15 5 8 1
15 11 8 2
15 12 8 26
15 12 9 16
15 13 9 3
15 13 10 5
15 13 11 6
15 13 12 1
15 13 13 1
15 13 14 1
15 14 6 1
15 14 11 2
15 14 12 11
15 14 13 5
15 14 14 4
15 14 15 1
15 15 13 3
15 15 14 118
15 15 15 48
15 15 16 1
15 16 12 1
15 16 14 19
15 16 15 147
15 16 16 11
15 17 15 1
15 17 16 3
16 12 13 1
16 13 9 1
16 13 10 6
16 14 10 2
16 14 11 4
16 14 12 4
16 14 13 5
16 14 14 4
16 15 12 5
16 15 13 7
16 15 14 29
16 15 15 1
16 15 16 1
16 16 5 1
16 16 12 1
16 16 14 35
16 16 15 163
16 16 16 43
16 16 17 1
16 17 15 10
16 17 16 143
16 17 17 9
16 17 18 1
16 18 16 1
16 18 17 3
17 14 10 1
17 14 11 5
17 14 12 1
17 15 11 1
17 15 12 6
17 15 13 3
17 15 14 2
17 15 15 4
17 16 13 3
17 16 14 16
17 16 15 10
17 16 16 1
17 17 14 3
17 17 15 10
17 17 16 122
17 17 17 77
17 17 18 4
17 18 16 6
17 18 17 149
17 18 18 8
17 19 18 6
17 19 19 1
17 20 19 1
18 15 12 4
18 16 12 2
18 16 13 3
18 16 14 3
18 16 16 1
18 17 14 5
18 17 15 7
18 17 16 10
18 17 17 3
18 17 18 1
18 18 12 1
18 18 16 6
18 18 17 142
18 18 18 44
18 18 19 1
18 19 17 15
18 19 18 187
18 19 19 5
18 20 19 5
19 16 12 1
19 16 13 3
19 17 14 1
19 17 15 1
19 17 16 1
19 17 17 1
19 18 10 1
19 18 11 1
19 18 13 1
19 18 16 3
19 18 17 7
19 18 18 6
19 18 19 2
19 19 17 9
19 19 18 182
19 19 19 73
19 19 20 5
19 20 18 10
19 20 19 383
19 20 20 11
19 21 19 3
19 21 20 4
19 21 21 1
20 17 13 1
20 17 14 4
20 18 15 4
20 18 16 3
20 18 17 1
20 18 18 1
20 19 10 2
20 19 12 2
20 19 13 1
20 19 16 1
20 19 17 1
20 19 18 5
20 19 19 3
20 20 18 4
20 20 19 71
20 20 20 29
20 20 21 3
20 21 19 14
20 21 20 303
20 21 21 36
20 21 22 1
20 22 20 2
20 22 21 21
20 22 22 1
21 17 18 1
21 18 15 1
21 19 13 1
21 19 16 8
21 19 17 7
21 19 18 1
21 19 19 1
21 20 10 2
21 20 13 1
21 20 14 1
21 20 15 1
21 20 17 1
21 20 18 4
21 20 19 2
21 20 20 2
21 20 21 1
21 21 19 2
21 21 20 42
21 21 21 41
21 21 22 10
21 22 21 178
21 22 22 124
21 22 23 1
21 23 22 8
21 23 23 1
22 20 17 8
22 20 18 5
22 20 20 1
22 21 13 1
22 21 18 5
22 21 19 6
22 21 20 4
22 21 21 2
22 21 22 3
22 22 14 1
22 22 16 1
22 22 20 3
22 22 21 21
22 22 22 94
22 22 23 13
22 23 22 301
22 23 23 116
22 23 24 4
22 24 23 20
22 24 24 5
23 20 17 24
23 20 18 2
23 20 19 1
23 21 17 18
23 21 18 59
23 21 19 8
23 22 13 1
23 22 18 1
23 22 19 5
23 22 20 3
23 22 21 2
23 22 22 4
23 23 16 2
23 23 22 20
23 23 23 155
23 23 24 8
23 24 23 120
23 24 24 180
23 24 25 19
23 25 24 14
23 25 25 7
24 21 17 5
24 21 18 8
24 22 11 1
24 22 12 1
24 22 19 9
24 22 20 19
24 22 21 1
24 23 14 3
24 23 15 1
24 23 20 7
24 23 21 6
24 23 22 4
24 23 23 5
24 23 25 1
24 24 19 1
24 24 22 2
24 24 23 7
24 24 24 128
24 24 25 9
24 25 24 120
24 25 25 299
24 25 26 13
24 26 25 8
24 26 26 9
25 19 14 1
25 22 20 1
25 23 12 1
25 23 20 3
25 23 21 24
25 23 22 4
25 24 12 1
25 24 13 1
25 24 16 1
25 24 21 3
25 24 22 15
25 24 23 6
25 24 24 3
25 25 15 1
25 25 22 1
25 25 23 2
25 25 24 5
25 25 25 117
25 25 26 16
25 26 25 42
25 26 26 85
25 26 27 7
25 27 26 2
25 27 27 5
26 24 13 1
26 24 22 35
26 24 23 2
26 25 13 1
26 25 15 4
26 25 16 1
26 25 22 7
26 25 23 17
26 25 24 10
26 25 25 1
26 26 17 2
26 26 24 1
26 26 25 4
26 26 26 48
26 26 27 18
26 27 26 16
26 27 27 57
26 27 28 13
26 28 28 8
26 29 28 1
27 25 13 1
27 25 15 1
27 25 22 1
27 25 23 17
27 26 15 1
27 26 18 1
27 26 23 6
27 26 24 9
27 26 25 1
27 26 26 2
27 27 22 2
27 27 25 1
27 27 26 3
27 27 27 33
27 27 28 15
27 28 27 13
27 28 28 37
27 28 29 12
27 29 29 3
28 26 23 2
28 26 24 9
28 26 25 1
28 27 18 1
28 27 21 1
28 27 27 3
28 27 28 2
28 28 23 1
28 28 25 1
28 28 27 2
28 28 28 25
28 28 29 11
28 29 28 6
28 29 29 57
28 29 30 25
28 30 29 1
28 30 30 1
29 27 24 4
29 27 25 6
29 28 20 1
29 28 25 2
29 28 26 3
29 28 27 3
29 28 28 1
29 28 29 1
29 29 18 1
29 29 20 1
29 29 23 1
29 29 27 1
29 29 28 4
29 29 29 52
29 29 30 45
29 30 24 1
29 30 27 1
29 30 29 20
29 30 30 265
29 30 31 6
29 31 30 1
30 28 26 1
30 28 29 1
30 29 25 2
30 29 26 3
30 29 27 5
30 29 28 1
30 29 29 1
30 29 30 1
30 30 21 1
30 30 27 6
30 30 28 14
30 30 29 12
30 30 30 598
30 30 31 54
30 31 28 2
30 31 29 16
30 31 30 240
30 31 31 63
31 30 28 3
31 30 29 1
31 31 28 1
31 31 29 1
