32
0 0 0 2
0 1 0 4
0 1 1 1
1 1 0 12
1 1 1 10
1 2 1 69
2 1 1 1
2 2 1 27
2 2 2 69
2 3 1 1
2 3 2 141
2 5 3 1
2 7 12 1
2 10 15 1
3 2 2 5
3 3 2 93
3 3 3 57
3 3 4 1
3 4 3 147
3 4 4 5
3 5 4 4
3 8 11 2
3 10 15 3
3 11 16 1
4 3 2 2
4 3 3 1
4 3 4 2
4 4 2 1
4 4 3 35
4 4 4 95
4 4 5 1
4 5 4 125
4 5 5 15
4 6 3 3
4 6 4 9
4 6 5 15
4 6 6 1
4 7 6 1
4 8 10 1
4 10 14 1
5 4 2 3
5 4 3 1
5 4 4 2
5 5 4 16
5 5 5 27
5 5 6 3
5 6 4 4
5 6 5 56
5 6 6 17
5 7 4 1
5 7 6 2
5 7 8 1
5 7 9 1
5 8 8 1
5 8 9 1
5 9 11 1
5 9 12 1
5 10 13 5
5 11 12 1
5 11 14 2
5 12 15 1
6 4 3 1
6 5 4 2
6 5 5 5
6 5 6 3
6 6 5 12
6 6 6 16
6 6 7 3
6 7 5 3
6 7 6 25
6 7 7 2
6 8 7 1
6 9 11 1
6 9 12 2
6 10 13 2
6 11 14 4
6 11 15 1
7 4 2 2
7 5 2 3
7 5 3 15
7 5 4 8
7 6 4 6
7 6 5 2
7 6 6 3
7 7 5 6
7 7 6 27
7 7 7 13
7 8 6 9
7 8 7 11
7 8 8 3
7 8 9 1
7 9 6 1
7 9 7 1
7 9 8 2
7 10 7 1
7 10 10 1
7 10 11 1
7 10 14 1
8 4 2 1
8 5 2 73
8 5 3 60
8 5 4 2
8 6 3 9
8 6 4 58
8 6 5 3
8 6 6 1
8 7 4 2
8 7 5 4
8 7 6 1
8 7 7 3
8 8 6 3
8 8 7 41
8 8 8 18
8 8 9 3
8 8 10 1
8 9 7 7
8 9 8 39
8 9 9 6
8 10 9 1
8 10 10 1
8 14 17 1
9 4 6 3
9 5 3 7
9 5 7 1
9 6 3 21
9 6 4 5
9 6 5 3
9 6 7 1
9 7 4 5
9 7 5 11
9 7 6 3
9 8 5 2
9 8 6 3
9 8 8 1
9 9 8 52
9 9 9 20
9 9 10 1
9 10 8 9
9 10 9 27
9 10 10 11
9 11 8 1
9 11 9 2
9 11 10 5
9 11 11 2
10 4 6 1
10 5 6 1
10 5 7 3
10 6 3 4
10 6 4 2
10 6 7 1
10 7 3 2
10 7 4 21
10 7 5 2
10 7 8 1
10 8 4 1
10 8 5 1
10 8 6 5
10 8 7 1
10 8 8 1
10 8 9 1
10 8 10 1
10 9 6 1
10 9 7 3
10 9 8 12
10 9 10 3
10 10 8 5
10 10 9 66
10 10 10 22
10 10 11 2
10 11 9 10
10 11 10 43
10 11 11 4
10 12 10 1
10 12 11 1
11 5 7 1
11 6 7 2
11 7 4 7
11 7 8 3
11 8 4 3
11 8 5 2
11 8 6 2
11 9 5 2
11 9 6 1
11 9 7 3
11 9 8 3
11 9 9 3
11 10 8 5
11 10 9 6
11 10 10 1
11 10 11 2
11 11 9 10
11 11 10 68
11 11 11 28
11 11 12 1
11 12 10 14
11 12 11 28
11 12 12 2
11 13 12 2
12 4 7 1
12 5 7 1
12 5 8 3
12 6 7 2
12 7 8 1
12 9 5 3
12 9 6 9
12 9 7 2
12 9 11 2
12 10 6 2
12 10 7 2
12 10 9 1
12 10 10 1
12 10 11 1
12 11 9 3
12 11 10 10
12 11 11 8
12 11 12 2
12 12 9 1
12 12 10 2
12 12 11 76
12 12 12 17
12 12 13 1
12 13 11 13
12 13 12 55
12 13 13 6
12 14 12 1
12 14 13 1
13 6 8 2
13 9 11 1
13 10 6 9
13 10 7 14
13 10 8 1
13 10 12 1
13 11 7 14
13 11 8 5
13 11 9 4
13 11 11 1
13 11 12 2
13 11 13 1
13 12 10 2
13 12 11 8
13 12 12 5
13 13 11 1
13 13 12 99
13 13 13 67
13 14 12 5
13 14 13 50
13 14 14 5
13 15 13 1
13 15 14 4
13 15 17 1
14 7 10 1
14 10 7 1
14 11 7 5
14 11 8 25
14 11 9 1
14 11 12 1
14 12 8 15
14 12 9 2
14 12 10 5
14 12 12 1
14 13 10 2
14 13 11 6
14 13 12 9
14 13 13 14
14 14 11 2
14 14 12 3
14 14 13 134
14 14 14 56
14 14 15 2
14 15 13 6
14 15 14 54
14 15 15 5
14 16 15 2
15 5 8 1
15 11 8 1
15 12 8 28
15 12 9 16
15 13 9 8
15 13 10 4
15 13 11 3
15 13 12 3
15 13 13 2
15 13 14 1
15 14 10 2
15 14 12 5
15 14 13 8
15 14 14 14
15 14 15 3
15 15 11 1
15 15 13 6
15 15 14 119
15 15 15 60
15 15 16 3
15 16 13 1
15 16 14 15
15 16 15 111
15 16 16 7
15 16 17 1
15 17 15 1
15 17 16 4
16 6 9 1
16 12 12 1
16 13 9 1
16 13 10 9
16 13 11 1
16 13 13 1
16 14 10 2
16 14 11 7
16 14 12 4
16 14 13 2
16 14 14 2
16 14 15 1
16 15 12 1
16 15 13 4
16 15 14 26
16 15 15 5
16 15 16 1
16 16 11 1
16 16 13 1
16 16 14 27
16 16 15 189
16 16 16 35
16 16 17 3
16 17 15 11
16 17 16 126
16 17 17 7
16 18 16 1
16 19 18 1
17 14 10 1
17 14 11 3
17 15 11 3
17 15 12 6
17 15 13 8
17 15 14 2
17 15 15 2
17 16 13 2
17 16 14 7
17 16 15 6
17 16 16 1
17 17 12 2
17 17 15 9
17 17 16 149
17 17 17 72
17 17 18 1
17 18 16 5
17 18 17 140
17 18 18 9
17 19 18 2
17 19 19 1
18 15 12 3
18 16 12 4
18 16 13 1
18 16 14 2
18 16 16 3
18 17 14 3
18 17 15 12
18 17 16 9
18 17 17 1
18 17 18 1
18 18 12 1
18 18 16 7
18 18 17 131
18 18 18 39
18 18 19 3
18 19 17 14
18 19 18 187
18 19 19 8
18 20 19 2
19 16 13 2
19 17 13 1
19 17 14 3
19 17 15 4
19 17 16 2
19 18 11 1
19 18 12 1
19 18 13 1
19 18 15 3
19 18 16 4
19 18 17 12
19 18 18 6
19 18 19 1
19 19 11 1
19 19 17 7
19 19 18 210
19 19 19 61
19 19 20 1
19 20 18 9
19 20 19 327
19 20 20 14
19 20 21 1
19 21 19 2
19 21 20 6
20 17 13 1
20 18 15 3
20 18 16 3
20 19 11 1
20 19 16 1
20 19 17 2
20 19 18 1
20 19 19 3
20 19 21 1
20 20 13 1
20 20 15 1
20 20 16 1
20 20 17 1
20 20 18 7
20 20 19 61
20 20 20 25
20 21 19 6
20 21 20 283
20 21 21 31
20 22 20 1
20 22 21 25
21 18 15 2
21 18 16 1
21 19 13 1
21 19 15 1
21 19 16 2
21 19 17 2
21 19 18 3
21 20 12 1
21 20 14 1
21 20 18 1
21 20 19 6
21 20 20 1
21 21 17 1
21 21 19 1
21 21 20 34
21 21 21 33
21 21 22 6
21 22 20 2
21 22 21 151
21 22 22 119
21 22 23 3
21 23 22 16
21 23 23 1
22 20 17 8
22 20 18 3
22 20 19 1
22 21 13 1
22 21 17 1
22 21 18 10
22 21 19 4
22 21 20 2
22 21 21 2
22 21 22 2
22 22 13 1
22 22 16 1
22 22 19 1
22 22 20 4
22 22 21 30
22 22 22 110
22 22 23 13
22 23 22 313
22 23 23 127
22 23 24 5
22 24 23 23
22 24 24 4
22 25 24 2
23 20 17 31
23 20 18 3
23 21 17 22
23 21 18 50
23 21 19 7
23 21 20 1
23 22 18 1
23 22 19 9
23 22 20 2
23 22 21 3
23 22 22 4
23 23 14 1
23 23 15 2
23 23 19 1
23 23 21 2
23 23 22 21
23 23 23 181
23 23 24 11
23 24 22 1
23 24 23 112
23 24 24 205
23 24 25 18
23 25 24 11
23 25 25 7
24 21 17 7
24 21 18 9
24 22 18 1
24 22 19 9
24 22 20 22
24 22 21 2
24 23 12 1
24 23 15 1
24 23 20 10
24 23 21 6
24 23 22 3
24 23 23 5
24 23 24 1
24 24 22 1
24 24 23 7
24 24 24 106
24 24 25 10
24 25 23 1
24 25 24 133
24 25 25 314
24 25 26 18
24 25 27 1
24 26 25 4
24 26 26 9
25 22 12 1
25 23 20 3
25 23 21 22
25 23 22 5
25 24 21 2
25 24 22 22
25 24 23 7
25 24 24 4
25 25 22 1
25 25 23 4
25 25 24 11
25 25 25 126
25 25 26 17
25 26 25 49
25 26 26 93
25 26 27 2
25 27 27 6
26 24 21 1
26 24 22 36
26 24 23 2
26 25 14 1
26 25 16 1
26 25 17 2
26 25 19 1
26 25 22 6
26 25 23 20
26 25 24 4
26 25 25 1
26 26 14 1
26 26 17 1
26 26 18 2
26 26 19 1
26 26 24 3
26 26 25 5
26 26 26 52
26 26 27 15
26 27 26 22
26 27 27 63
26 27 28 10
26 28 27 2
26 28 28 11
27 25 15 1
27 25 22 2
27 25 23 23
27 25 24 2
27 26 15 1
27 26 18 1
27 26 19 1
27 26 20 1
27 26 23 4
27 26 24 8
27 26 25 3
27 26 26 2
27 27 24 1
27 27 26 9
27 27 27 41
27 27 28 12
27 28 27 7
27 28 28 36
27 28 29 10
27 29 28 1
28 26 24 9
28 27 18 1
28 27 22 2
28 27 24 2
28 27 25 2
28 27 26 3
28 27 27 5
28 28 27 5
28 28 28 30
28 28 29 15
28 29 20 1
28 29 28 10
28 29 29 62
28 29 30 23
28 30 29 1
29 27 24 2
29 27 25 5
29 27 27 1
29 28 19 1
29 28 25 1
29 28 26 3
29 28 28 1
29 28 29 1
29 29 20 1
29 29 27 1
29 29 28 5
29 29 29 36
29 29 30 51
29 30 27 1
29 30 29 17
29 30 30 222
29 30 31 11
29 31 30 3
30 29 21 1
30 29 26 4
30 29 27 7
30 29 28 1
30 29 29 2
30 29 30 2
30 30 27 7
30 30 28 12
30 30 29 22
30 30 30 621
30 30 31 42
30 31 28 2
30 31 29 14
30 31 30 257
30 31 31 38
31 30 28 5
31 30 29 2
31 30 30 2
31 31 28 1
31 31 29 2
