32
0 0 0 6
0 0 1 1
0 1 0 1
1 0 0 1
1 1 0 3
1 1 1 6
1 2 0 1
1 2 1 24
2 1 0 2
2 1 1 3
2 2 0 2
2 2 1 36
2 2 2 16
2 2 3 2
2 3 1 10
2 3 2 109
3 1 0 1
3 2 0 4
3 2 1 6
3 2 2 4
3 2 3 1
3 3 1 4
3 3 2 165
3 3 3 39
3 3 4 1
3 4 2 8
3 4 3 122
3 4 4 8
3 4 5 1
3 5 4 1
3 5 6 3
3 10 15 2
3 11 17 1
3 12 18 1
4 3 1 2
4 3 2 1
4 3 3 2
4 4 2 2
4 4 3 53
4 4 4 61
4 5 3 2
4 5 4 179
4 5 5 27
4 5 6 3
4 6 4 3
4 6 5 10
4 10 14 1
4 10 15 1
4 11 16 2
5 4 3 2
5 4 4 7
5 5 3 4
5 5 4 13
5 5 5 19
5 5 6 5
5 6 4 1
5 6 5 16
5 6 6 9
5 6 7 1
5 10 14 1
5 11 16 1
5 12 17 1
6 4 1 1
6 5 3 1
6 5 4 2
6 5 5 6
6 6 4 4
6 6 5 5
6 6 6 4
6 6 7 1
6 7 6 4
6 8 7 2
6 8 9 1
6 8 10 1
6 10 10 1
6 10 15 1
6 11 14 1
6 11 15 2
7 6 2 1
7 6 3 1
7 6 4 1
7 6 5 1
7 6 7 1
7 7 5 2
7 7 6 3
7 7 7 5
7 8 7 4
7 8 8 3
7 9 8 4
7 9 10 1
7 10 10 1
7 10 13 1
7 11 14 3
7 11 15 1
7 12 16 1
7 12 17 1
7 13 17 1
8 6 2 1
8 6 3 2
8 6 4 1
8 7 5 5
8 7 6 2
8 7 7 1
8 7 8 1
8 8 5 4
8 8 6 9
8 8 7 3
8 8 8 4
8 8 9 8
8 9 6 1
8 9 8 11
8 9 9 4
8 10 7 1
8 10 9 2
8 10 12 1
8 10 13 2
8 11 7 1
8 11 14 1
8 12 15 1
8 13 16 1
8 14 18 1
9 8 6 7
9 8 7 6
9 8 8 5
9 8 9 2
9 8 10 1
9 9 6 5
9 9 7 16
9 9 8 9
9 9 9 7
9 9 10 5
9 10 5 2
9 10 7 1
9 10 9 8
9 10 10 4
9 11 6 1
9 11 7 1
9 11 8 1
9 11 10 1
9 11 11 2
9 11 14 1
10 7 4 1
10 8 4 1
10 8 5 1
10 9 7 5
10 9 8 8
10 9 9 4
10 9 10 4
10 9 11 1
10 10 8 10
10 10 9 3
10 10 10 5
10 10 11 4
10 11 6 1
10 11 9 1
10 11 10 6
10 11 11 5
10 12 10 1
10 12 11 2
10 12 12 1
10 12 15 1
10 13 16 1
11 8 4 1
11 8 8 1
11 9 5 1
11 9 6 1
11 9 7 1
11 9 8 1
11 10 7 1
11 10 8 7
11 10 9 5
11 10 10 2
11 10 11 1
11 11 8 2
11 11 9 10
11 11 10 15
11 11 11 9
11 12 9 2
11 12 11 10
11 12 12 2
11 12 13 1
11 12 14 1
11 13 11 1
11 13 14 2
11 13 15 1
12 6 7 1
12 8 4 1
12 8 8 1
12 9 4 3
12 9 5 1
12 9 11 1
12 10 8 2
12 10 9 4
12 10 10 1
12 10 11 2
12 11 8 2
12 11 9 10
12 11 10 7
12 11 11 10
12 11 13 1
12 12 9 5
12 12 10 10
12 12 11 16
12 12 12 12
12 12 13 1
12 13 9 1
12 13 11 1
12 13 12 13
12 13 13 8
12 13 14 1
12 13 15 1
12 14 11 1
12 14 13 1
12 14 16 1
12 14 17 1
12 15 17 1
13 7 8 1
13 8 9 3
13 9 4 1
13 9 5 2
13 9 9 4
13 9 10 1
13 10 5 2
13 10 6 1
13 10 9 1
13 10 10 2
13 11 7 2
13 11 8 1
13 11 9 3
13 11 10 2
13 12 10 16
13 12 11 8
13 12 12 6
13 12 13 3
13 13 10 10
13 13 11 19
13 13 12 23
13 13 13 25
13 13 14 2
13 14 11 1
13 14 12 6
13 14 13 17
13 14 14 4
13 14 15 3
13 14 16 1
13 15 12 1
13 15 13 1
13 15 17 1
13 15 18 2
13 16 18 2
14 6 8 1
14 8 9 2
14 9 9 1
14 9 11 2
14 10 4 2
14 10 6 2
14 10 9 1
14 10 10 5
14 11 6 6
14 11 7 10
14 11 8 2
14 11 9 4
14 11 11 2
14 12 7 3
14 12 8 4
14 12 9 6
14 12 10 2
14 12 12 2
14 12 13 2
14 13 10 3
14 13 11 13
14 13 12 15
14 13 13 6
14 13 14 1
14 14 11 2
14 14 12 9
14 14 13 24
14 14 14 15
14 14 15 1
14 15 12 1
14 15 13 3
14 15 14 17
14 15 15 6
14 16 16 2
14 16 18 1
14 16 19 1
14 17 19 2
15 6 9 1
15 9 10 1
15 10 3 9
15 10 4 93
15 10 5 3
15 11 4 1
15 11 5 5
15 11 6 41
15 11 7 20
15 11 8 1
15 12 6 9
15 12 7 28
15 12 8 78
15 12 9 21
15 12 10 1
15 12 13 3
15 13 8 2
15 13 9 3
15 13 10 2
15 13 11 5
15 13 12 40
15 13 13 4
15 14 11 4
15 14 12 39
15 14 13 25
15 14 14 6
15 15 12 1
15 15 13 14
15 15 14 22
15 15 15 13
15 15 16 3
15 16 12 1
15 16 14 6
15 16 15 13
15 16 18 1
15 17 15 1
15 17 16 3
15 17 17 2
15 17 18 2
15 17 19 1
15 18 20 1
16 7 10 2
16 8 10 1
16 9 11 1
16 10 4 43
16 11 4 51
16 11 5 20
16 11 6 5
16 12 5 1
16 12 6 25
16 12 7 10
16 12 8 3
16 12 9 2
16 12 11 1
16 12 14 1
16 13 8 3
16 13 9 9
16 13 10 7
16 13 11 3
16 13 13 1
16 14 10 5
16 14 11 7
16 14 12 39
16 14 13 30
16 15 12 6
16 15 13 7
16 15 14 8
16 15 15 3
16 15 16 3
16 16 13 5
16 16 14 15
16 16 15 47
16 16 16 16
16 16 17 6
16 17 14 1
16 17 15 2
16 17 16 15
16 17 17 4
16 17 18 2
16 17 19 1
16 18 19 1
16 18 20 1
16 19 21 1
17 8 10 1
17 11 4 1
17 11 5 10
17 12 5 6
17 12 6 9
17 12 7 6
17 13 7 3
17 13 8 7
17 13 9 2
17 14 9 1
17 14 10 1
17 14 11 3
17 15 11 2
17 15 12 8
17 15 13 4
17 15 14 3
17 15 15 1
17 15 16 2
17 15 18 1
17 16 12 1
17 16 13 5
17 16 14 12
17 16 15 20
17 16 16 12
17 16 17 3
17 16 18 1
17 17 14 6
17 17 15 12
17 17 16 25
17 17 17 15
17 17 18 2
17 18 14 2
17 18 15 1
17 18 16 4
17 18 17 16
17 18 18 7
17 18 19 1
17 19 18 1
17 19 19 3
17 19 21 1
17 20 22 1
18 14 8 1
18 14 9 3
18 14 10 3
18 15 10 4
18 15 11 3
18 15 12 2
18 16 12 1
18 16 13 1
18 16 14 5
18 17 14 7
18 17 15 24
18 17 16 11
18 17 17 4
18 17 18 3
18 18 15 6
18 18 16 19
18 18 17 13
18 18 18 13
18 18 19 1
18 19 17 2
18 19 18 16
18 19 19 4
18 20 19 1
18 20 21 1
19 15 10 1
19 15 11 2
19 16 12 3
19 16 13 6
19 16 16 1
19 17 13 3
19 17 14 5
19 17 15 5
19 17 18 1
19 17 19 1
19 18 15 5
19 18 16 28
19 18 17 19
19 18 18 4
19 19 12 1
19 19 16 15
19 19 17 19
19 19 18 11
19 19 19 16
19 19 20 2
19 19 21 2
19 20 18 1
19 20 19 21
19 20 20 20
19 20 21 5
19 21 20 2
19 21 21 2
19 22 24 1
20 17 13 6
20 17 14 7
20 17 16 2
20 17 17 1
20 18 14 4
20 18 15 9
20 18 16 7
20 18 17 2
20 19 11 1
20 19 12 1
20 19 14 2
20 19 16 15
20 19 17 26
20 19 18 12
20 19 19 2
20 19 20 1
20 19 21 2
20 20 15 1
20 20 17 14
20 20 18 15
20 20 19 10
20 20 20 12
20 20 21 1
20 20 22 1
20 21 19 3
20 21 20 20
20 21 21 13
20 21 22 3
20 21 23 2
20 22 20 1
20 22 21 1
20 22 22 3
20 22 24 1
20 22 25 1
20 23 25 1
21 18 15 3
21 18 16 2
21 19 8 1
21 19 9 2
21 19 11 1
21 19 12 1
21 19 15 3
21 19 16 6
21 19 17 8
21 20 11 1
21 20 12 1
21 20 13 4
21 20 16 1
21 20 17 25
21 20 18 52
21 20 19 5
21 20 20 4
21 20 21 3
21 21 14 1
21 21 17 1
21 21 18 25
21 21 19 28
21 21 20 10
21 21 21 13
21 21 22 3
21 22 20 2
21 22 21 20
21 22 22 19
21 22 23 3
21 22 24 3
21 22 25 1
21 23 22 1
21 23 23 1
21 23 24 2
21 23 25 2
21 23 26 2
21 24 26 1
22 15 15 1
22 19 15 1
22 19 16 1
22 19 17 2
22 20 12 1
22 20 13 1
22 20 17 6
22 20 18 7
22 20 19 2
22 20 20 1
22 21 9 1
22 21 10 1
22 21 12 3
22 21 14 1
22 21 17 2
22 21 18 32
22 21 19 53
22 21 20 14
22 21 21 1
22 22 17 1
22 22 19 11
22 22 20 38
22 22 21 25
22 22 22 30
22 22 23 1
22 22 24 1
22 23 20 1
22 23 22 41
22 23 23 24
22 23 24 5
22 23 25 6
22 23 26 1
22 24 23 5
22 24 25 2
22 24 26 1
22 24 27 3
22 25 27 3
22 25 28 6
23 21 10 1
23 21 17 1
23 21 18 7
23 21 19 9
23 21 20 1
23 21 21 1
23 22 11 2
23 22 13 1
23 22 14 1
23 22 15 1
23 22 19 17
23 22 20 34
23 22 21 12
23 22 22 2
23 22 23 5
23 23 14 1
23 23 19 1
23 23 20 11
23 23 21 38
23 23 22 60
23 23 23 85
23 23 24 15
23 23 25 2
23 24 22 3
23 24 23 163
23 24 24 105
23 24 25 39
23 24 26 4
23 24 27 1
23 25 24 14
23 25 25 59
23 25 26 6
23 25 27 24
23 25 28 50
23 26 27 2
23 26 28 44
23 26 29 31
23 27 29 32
23 27 30 4
24 18 13 1
24 20 19 1
24 21 13 1
24 22 10 1
24 22 11 1
24 22 12 1
24 22 19 9
24 22 20 19
24 22 21 5
24 23 12 1
24 23 13 2
24 23 20 14
24 23 21 130
24 23 22 56
24 23 23 9
24 24 21 17
24 24 22 94
24 24 23 137
24 24 24 69
24 24 25 31
24 24 26 3
24 25 23 6
24 25 24 118
24 25 25 100
24 25 26 39
24 25 27 10
24 25 28 7
24 26 26 28
24 26 27 16
24 26 28 99
24 26 29 23
24 27 29 14
24 27 30 7
25 20 20 1
25 22 22 1
25 23 12 1
25 23 21 42
25 23 22 17
25 24 12 1
25 24 13 2
25 24 14 2
25 24 15 1
25 24 16 1
25 24 17 1
25 24 19 1
25 24 21 12
25 24 22 287
25 24 23 82
25 24 24 8
25 25 15 1
25 25 16 1
25 25 21 1
25 25 22 9
25 25 23 131
25 25 24 408
25 25 25 137
25 25 26 5
25 26 24 3
25 26 25 327
25 26 26 52
25 26 27 25
25 26 28 80
25 26 29 2
25 27 26 1
25 27 27 20
25 27 28 136
25 27 29 112
25 27 30 5
25 28 28 1
25 28 30 1
26 22 20 1
26 24 22 25
26 24 23 17
26 25 13 1
26 25 14 1
26 25 15 1
26 25 16 4
26 25 18 1
26 25 22 12
26 25 23 190
26 25 24 63
26 25 25 9
26 26 15 1
26 26 18 2
26 26 19 1
26 26 20 1
26 26 21 1
26 26 23 10
26 26 24 156
26 26 25 89
26 26 26 79
26 26 27 12
26 26 28 2
26 27 26 8
26 27 27 42
26 27 28 4
26 27 29 7
26 28 27 1
26 28 28 3
26 28 29 2
26 29 28 1
27 25 23 3
27 26 23 3
27 26 24 83
27 26 25 92
27 26 26 13
27 27 23 1
27 27 25 180
27 27 26 36
27 27 27 22
27 27 28 13
27 27 29 1
27 28 25 1
27 28 27 3
27 28 28 21
27 28 29 9
27 29 29 21
28 26 24 2
28 26 25 1
28 27 19 1
28 27 25 45
28 27 26 116
28 27 27 11
28 27 28 1
28 28 19 1
28 28 20 1
28 28 23 1
28 28 26 247
28 28 27 58
28 28 28 17
28 28 29 32
28 29 29 117
28 29 30 43
28 30 30 25
29 27 25 3
29 28 22 1
29 28 25 1
29 28 26 22
29 28 27 75
29 28 29 1
29 29 21 1
29 29 25 1
29 29 27 69
29 29 28 21
29 29 29 9
29 29 30 11
29 30 30 30
29 30 31 7
29 31 30 2
29 31 31 9
30 28 26 1
30 29 26 3
30 29 27 9
30 29 28 23
30 29 30 1
30 30 27 1
30 30 28 14
30 30 29 17
30 30 30 256
30 30 31 8
30 31 28 1
30 31 29 12
30 31 30 66
30 31 31 6
31 30 28 1
31 30 29 4
31 30 30 8
31 30 31 3
31 31 29 3
