32
0 0 0 4
0 1 1 1
1 1 0 18
1 1 1 9
1 2 0 1
1 2 1 68
1 2 2 1
2 1 1 1
2 2 1 33
2 2 2 45
2 2 3 1
2 3 1 2
2 3 2 137
2 8 11 1
2 8 12 2
3 2 2 2
3 3 1 1
3 3 2 99
3 3 3 59
3 4 3 136
3 4 4 9
3 5 4 3
3 8 11 1
3 11 16 2
3 12 16 1
3 12 17 1
4 3 1 2
4 3 2 2
4 3 3 2
4 4 3 28
4 4 4 79
4 4 5 1
4 5 4 146
4 5 5 16
4 6 3 2
4 6 4 8
4 6 5 15
4 7 6 1
4 7 8 1
4 8 9 1
4 8 11 2
4 10 14 2
4 11 15 2
4 12 17 1
5 4 2 2
5 4 3 1
5 4 4 1
5 4 5 1
5 5 4 12
5 5 5 25
5 5 6 2
5 6 4 5
5 6 5 45
5 6 6 19
5 7 5 1
5 7 6 3
5 7 9 1
5 7 10 1
5 8 8 1
5 10 13 1
5 11 14 2
5 12 15 2
5 12 16 1
6 4 3 3
6 5 3 2
6 5 4 1
6 5 5 5
6 6 4 2
6 6 5 15
6 6 6 11
6 7 5 7
6 7 6 16
6 7 7 3
6 8 5 1
6 8 7 4
6 9 11 1
6 10 14 1
6 11 14 1
6 11 15 1
6 12 13 1
7 4 2 3
7 5 2 15
7 5 3 10
7 5 4 8
7 6 4 5
7 6 5 1
7 6 7 1
7 7 5 3
7 7 6 23
7 7 7 15
7 7 8 2
7 8 6 14
7 8 7 12
7 8 8 6
7 9 8 1
7 9 10 1
7 10 10 1
7 10 13 1
7 11 14 2
7 12 15 1
7 13 17 1
8 5 2 76
8 5 3 63
8 6 3 16
8 6 4 50
8 6 5 3
8 7 4 1
8 7 5 4
8 7 6 1
8 7 7 3
8 8 6 3
8 8 7 54
8 8 8 18
8 9 7 4
8 9 8 22
8 9 9 2
8 9 12 1
8 10 7 2
8 10 8 1
8 10 9 6
8 10 10 1
8 10 12 1
8 11 14 1
8 11 15 1
8 13 17 1
9 3 6 1
9 4 6 1
9 5 3 9
9 6 3 15
9 6 4 4
9 6 7 1
9 7 4 3
9 7 5 9
9 7 6 3
9 7 8 1
9 8 5 2
9 8 6 5
9 8 7 3
9 8 8 3
9 9 7 4
9 9 8 63
9 9 9 12
9 9 10 4
9 10 8 6
9 10 9 34
9 10 10 4
9 11 10 2
9 11 11 2
10 5 7 2
10 5 8 1
10 6 3 4
10 6 4 1
10 6 7 3
10 6 8 1
10 7 3 1
10 7 4 24
10 7 5 1
10 7 8 1
10 8 6 4
10 8 7 5
10 8 8 2
10 8 9 1
10 9 7 2
10 9 8 3
10 9 10 1
10 10 8 4
10 10 9 59
10 10 10 21
10 10 11 1
10 11 9 14
10 11 10 33
10 11 11 9
10 12 9 1
10 12 11 4
11 4 6 1
11 5 7 1
11 6 7 3
11 6 8 1
11 7 4 6
11 7 8 3
11 7 9 1
11 8 4 4
11 8 5 2
11 8 6 5
11 8 8 1
11 9 6 2
11 9 7 4
11 9 8 6
11 9 10 1
11 10 7 1
11 10 8 6
11 10 9 7
11 10 10 4
11 11 9 9
11 11 10 52
11 11 11 21
11 11 12 1
11 12 10 14
11 12 11 34
11 12 12 5
11 13 11 1
11 13 12 3
11 13 13 1
12 5 8 1
12 6 7 2
12 6 8 1
12 7 9 1
12 8 6 1
12 8 9 1
12 9 5 3
12 9 6 3
12 9 7 2
12 9 9 1
12 9 10 2
12 9 11 1
12 10 7 2
12 10 8 2
12 10 9 1
12 10 11 3
12 11 8 1
12 11 9 2
12 11 10 12
12 11 11 3
12 11 12 1
12 12 9 1
12 12 10 8
12 12 11 67
12 12 12 20
12 12 13 2
12 13 11 10
12 13 12 38
12 13 13 10
12 14 12 2
12 14 13 3
12 15 14 1
13 5 8 1
13 6 9 1
13 9 9 1
13 10 6 9
13 10 7 19
13 10 12 1
13 11 7 16
13 11 8 3
13 11 9 5
13 11 10 1
13 11 11 2
13 11 12 1
13 12 10 2
13 12 11 10
13 12 12 9
13 12 13 1
13 12 14 1
13 13 11 3
13 13 12 101
13 13 13 81
13 13 14 2
13 14 12 8
13 14 13 49
13 14 14 10
13 15 14 1
14 5 8 1
14 6 9 1
14 10 7 1
14 11 7 9
14 11 8 19
14 11 9 1
14 12 8 16
14 12 9 3
14 12 10 2
14 12 12 1
14 12 13 1
14 13 10 2
14 13 11 6
14 13 12 9
14 13 13 14
14 13 14 1
14 14 10 1
14 14 12 6
14 14 13 133
14 14 14 50
14 14 15 1
14 15 13 11
14 15 14 55
14 15 15 10
14 16 15 1
14 16 16 1
14 17 19 1
15 5 9 2
15 10 11 1
15 12 8 30
15 12 9 20
15 12 10 1
15 12 12 1
15 13 9 4
15 13 10 11
15 13 11 5
15 13 12 3
15 13 13 3
15 14 10 1
15 14 11 2
15 14 12 7
15 14 13 13
15 14 14 7
15 14 15 1
15 15 8 1
15 15 11 1
15 15 12 1
15 15 13 8
15 15 14 112
15 15 15 42
15 15 16 5
15 16 14 21
15 16 15 110
15 16 16 10
15 16 17 1
15 17 16 3
15 17 17 1
16 13 9 1
16 13 10 4
16 14 10 4
16 14 11 6
16 14 12 4
16 14 13 2
16 14 14 5
16 15 12 2
16 15 13 11
16 15 14 45
16 15 15 6
16 15 16 1
16 16 12 1
16 16 14 51
16 16 15 149
16 16 16 38
16 17 15 14
16 17 16 130
16 17 17 13
16 18 17 1
17 14 10 1
17 14 11 2
17 14 13 1
17 15 11 6
17 15 12 2
17 15 13 4
17 15 14 2
17 15 15 1
17 16 13 2
17 16 14 7
17 16 15 13
17 16 16 1
17 16 17 1
17 17 12 1
17 17 13 1
17 17 15 9
17 17 16 132
17 17 17 70
17 17 18 1
17 18 16 8
17 18 17 103
17 18 18 4
17 18 19 1
17 19 18 2
18 15 12 4
18 15 13 1
18 16 12 1
18 16 13 3
18 16 14 5
18 16 15 1
18 17 12 1
18 17 14 2
18 17 15 6
18 17 16 11
18 17 17 3
18 17 18 1
18 18 11 1
18 18 16 4
18 18 17 112
18 18 18 42
18 18 19 1
18 19 17 12
18 19 18 150
18 19 19 10
18 19 20 1
18 20 19 1
19 16 13 2
19 17 13 1
19 17 14 3
19 17 15 3
19 18 10 1
19 18 11 1
19 18 15 3
19 18 16 5
19 18 17 6
19 18 18 9
19 18 19 2
19 19 13 1
19 19 17 13
19 19 18 198
19 19 19 62
19 19 20 2
19 20 18 5
19 20 19 283
19 20 20 11
19 21 19 2
19 21 20 6
20 17 14 1
20 18 10 1
20 18 14 1
20 18 15 5
20 18 16 5
20 18 17 3
20 18 18 1
20 19 10 1
20 19 11 1
20 19 14 1
20 19 17 4
20 19 18 4
20 19 19 3
20 20 13 1
20 20 14 1
20 20 18 7
20 20 19 61
20 20 20 22
20 20 21 4
20 21 19 8
20 21 20 258
20 21 21 47
20 21 22 1
20 22 20 3
20 22 21 19
20 22 22 1
21 19 16 4
21 19 17 1
21 19 19 1
21 20 11 1
21 20 12 2
21 20 13 1
21 20 14 1
21 20 17 1
21 20 18 2
21 20 19 3
21 20 20 5
21 21 15 1
21 21 20 34
21 21 21 22
21 21 22 8
21 22 20 4
21 22 21 147
21 22 22 127
21 22 23 3
21 23 22 12
21 23 23 1
22 20 17 4
22 20 18 4
22 20 19 3
22 21 13 1
22 21 18 8
22 21 19 5
22 21 20 3
22 21 21 1
22 22 16 1
22 22 21 34
22 22 22 117
22 22 23 11
22 23 22 367
22 23 23 138
22 23 24 10
22 24 23 17
22 24 24 5
22 25 24 1
23 20 17 21
23 20 18 1
23 21 17 9
23 21 18 56
23 21 19 13
23 22 12 1
23 22 14 1
23 22 15 1
23 22 19 5
23 22 20 6
23 22 21 1
23 22 22 9
23 23 22 30
23 23 23 190
23 23 24 18
23 24 23 108
23 24 24 200
23 24 25 17
23 25 24 7
23 25 25 7
24 21 17 5
24 21 18 19
24 21 19 1
24 22 11 1
24 22 12 1
24 22 18 1
24 22 19 12
24 22 20 18
24 23 11 1
24 23 13 1
24 23 14 2
24 23 20 7
24 23 21 7
24 23 23 3
24 24 16 1
24 24 22 1
24 24 23 12
24 24 24 119
24 24 25 8
24 25 24 113
24 25 25 308
24 25 26 22
24 26 25 5
24 26 26 7
25 23 13 1
25 23 20 7
25 23 21 25
25 23 22 3
25 24 13 1
25 24 15 1
25 24 16 1
25 24 21 3
25 24 22 20
25 24 23 6
25 24 24 2
25 24 25 1
25 25 23 5
25 25 24 9
25 25 25 146
25 25 26 12
25 26 24 1
25 26 25 29
25 26 26 110
25 26 27 4
25 27 27 3
26 24 22 45
26 24 23 1
26 24 24 1
26 25 13 1
26 25 14 2
26 25 15 1
26 25 18 1
26 25 22 1
26 25 23 30
26 25 24 8
26 25 25 3
26 25 26 1
26 26 17 1
26 26 18 1
26 26 24 5
26 26 25 6
26 26 26 42
26 26 27 20
26 27 26 17
26 27 27 55
26 27 28 14
26 28 27 1
26 28 28 10
27 25 15 1
27 25 23 23
27 25 24 5
27 25 25 1
27 26 15 3
27 26 16 2
27 26 17 2
27 26 18 1
27 26 20 1
27 26 21 1
27 26 23 3
27 26 24 16
27 26 25 2
27 26 26 1
27 26 27 2
27 27 21 1
27 27 22 1
27 27 25 1
27 27 26 3
27 27 27 34
27 27 28 9
27 28 27 8
27 28 28 36
27 28 29 9
27 29 29 1
28 26 24 8
28 27 19 1
28 27 21 1
28 27 23 1
28 27 24 2
28 27 25 3
28 27 26 1
28 27 27 3
28 28 26 1
28 28 27 3
28 28 28 30
28 28 29 13
28 29 28 5
28 29 29 66
28 29 30 21
28 30 30 1
29 27 24 2
29 27 25 7
29 28 24 1
29 28 25 1
29 28 26 2
29 28 27 3
29 28 28 1
29 29 20 2
29 29 27 1
29 29 28 4
29 29 29 37
29 29 30 58
29 30 28 1
29 30 29 19
29 30 30 217
29 30 31 3
29 31 30 3
29 31 31 1
30 28 25 1
30 28 26 1
30 29 26 3
30 29 27 4
30 29 29 1
30 30 22 1
30 30 27 5
30 30 28 12
30 30 29 22
30 30 30 646
30 30 31 40
30 31 29 4
30 31 30 245
30 31 31 39
31 30 28 2
31 30 29 3
31 30 30 4
31 30 31 1
31 31 28 1
