32
0 0 0 4
1 0 0 3
1 1 1 6
1 2 1 26
1 2 2 2
2 1 0 2
2 2 0 2
2 2 1 37
2 2 2 11
2 3 1 6
2 3 2 111
2 3 3 1
3 2 0 1
3 2 1 8
3 2 2 4
3 3 1 1
3 3 2 153
3 3 3 51
3 4 2 8
3 4 3 123
3 4 4 8
3 5 4 3
3 5 6 2
3 10 15 2
3 11 17 1
3 12 18 1
4 3 1 1
4 3 2 2
4 3 3 6
4 4 2 1
4 4 3 55
4 4 4 78
4 4 5 2
4 5 3 1
4 5 4 163
4 5 5 22
4 6 5 13
4 6 6 2
4 6 7 1
4 11 16 3
4 12 17 1
5 4 4 3
5 4 5 2
5 5 4 27
5 5 5 17
5 5 6 3
5 6 4 1
5 6 5 30
5 6 6 5
5 6 7 1
5 7 6 2
5 7 8 1
5 10 14 1
5 10 15 1
5 11 16 1
6 4 2 1
6 5 4 2
6 5 5 6
6 5 6 2
6 6 4 5
6 6 5 5
6 6 6 9
6 6 7 1
6 7 5 1
6 7 6 6
6 7 7 3
6 8 8 1
6 8 10 1
6 9 9 1
6 9 11 1
6 10 14 1
6 11 14 2
7 5 6 1
7 6 3 2
7 6 4 2
7 6 5 3
7 6 6 2
7 6 7 3
7 7 4 1
7 7 5 1
7 7 6 3
7 7 7 4
7 8 4 1
7 8 6 1
7 8 7 5
7 8 8 5
7 8 10 1
7 9 8 1
7 11 14 1
7 11 15 1
7 12 14 1
7 12 15 1
7 13 18 1
8 5 2 1
8 6 2 1
8 6 3 3
8 7 5 4
8 7 6 3
8 7 7 1
8 7 8 1
8 8 5 5
8 8 6 14
8 8 7 9
8 8 8 10
8 8 9 2
8 9 6 1
8 9 8 4
8 9 9 4
8 9 10 1
8 10 4 1
8 10 9 4
8 10 11 1
8 10 13 1
8 10 14 1
8 11 13 1
8 12 16 1
8 13 17 1
9 6 3 1
9 8 5 1
9 8 6 5
9 8 7 5
9 8 8 6
9 8 9 2
9 9 6 2
9 9 7 13
9 9 8 5
9 9 9 9
9 9 10 3
9 10 5 2
9 10 6 2
9 10 9 3
9 10 10 9
9 11 9 1
9 11 10 1
9 11 14 1
9 12 8 1
9 12 13 1
9 12 15 1
9 13 16 1
9 13 17 1
10 8 3 1
10 8 4 1
10 8 5 1
10 8 6 1
10 9 7 4
10 9 8 7
10 9 9 5
10 9 10 1
10 10 8 10
10 10 9 7
10 10 10 4
10 10 11 3
10 11 6 2
10 11 9 1
10 11 10 6
10 11 12 1
10 11 13 1
10 12 11 1
10 12 12 1
10 12 15 1
10 13 16 1
10 14 15 1
11 7 8 2
11 8 4 1
11 10 7 1
11 10 8 5
11 10 9 8
11 10 10 3
11 11 8 3
11 11 9 9
11 11 10 10
11 11 11 10
11 11 12 1
11 12 10 1
11 12 11 5
11 12 12 1
11 12 13 2
11 13 10 1
11 13 11 2
11 13 12 3
11 13 13 2
11 13 14 1
11 13 15 2
12 7 7 1
12 7 8 1
12 8 4 1
12 9 4 1
12 9 5 2
12 10 8 2
12 10 9 2
12 10 12 1
12 11 5 1
12 11 7 1
12 11 8 3
12 11 9 8
12 11 10 3
12 11 11 1
12 12 9 3
12 12 10 9
12 12 11 12
12 12 12 7
12 13 10 1
12 13 11 1
12 13 12 17
12 13 13 3
12 13 15 1
12 14 13 2
12 14 14 1
12 15 17 3
13 6 7 1
13 6 8 1
13 7 9 1
13 8 8 1
13 9 4 2
13 9 5 1
13 9 9 3
13 9 10 1
13 10 6 1
13 10 10 1
13 11 8 2
13 11 9 4
13 11 10 3
13 11 11 3
13 12 8 1
13 12 9 2
13 12 10 18
13 12 11 5
13 12 12 13
13 12 13 3
13 13 10 4
13 13 11 24
13 13 12 25
13 13 13 30
13 13 14 2
13 14 10 1
13 14 12 3
13 14 13 22
13 14 14 4
13 14 15 3
13 15 14 2
13 15 16 1
13 16 15 1
13 16 18 1
14 7 9 1
14 9 9 3
14 9 10 1
14 10 6 1
14 10 9 3
14 10 10 2
14 10 11 1
14 11 6 2
14 11 7 14
14 11 8 2
14 11 9 1
14 11 10 3
14 12 7 1
14 12 8 5
14 12 9 5
14 12 10 2
14 13 10 3
14 13 11 20
14 13 12 11
14 13 13 8
14 13 14 2
14 14 11 1
14 14 12 8
14 14 13 20
14 14 14 19
14 14 15 3
14 14 16 1
14 15 11 1
14 15 13 4
14 15 14 12
14 15 15 2
14 15 16 1
14 16 16 1
14 16 18 1
14 17 16 1
14 17 20 1
15 10 3 3
15 10 4 67
15 10 5 1
15 10 10 1
15 11 4 3
15 11 5 2
15 11 6 27
15 11 7 10
15 12 6 9
15 12 7 15
15 12 8 76
15 12 9 30
15 12 10 1
15 12 11 1
15 12 13 2
15 13 8 2
15 13 9 14
15 13 10 16
15 13 11 10
15 13 12 33
15 13 13 4
15 13 14 1
15 13 15 1
15 14 11 6
15 14 12 38
15 14 13 24
15 14 14 5
15 14 15 2
15 15 12 6
15 15 13 15
15 15 14 28
15 15 15 14
15 15 16 1
15 16 14 4
15 16 15 9
15 16 16 3
15 16 17 1
15 17 15 1
15 17 16 3
15 17 19 1
15 18 20 1
16 7 9 1
16 7 10 1
16 8 10 1
16 10 3 1
16 10 4 66
16 11 4 67
16 11 5 16
16 11 6 6
16 12 5 4
16 12 6 33
16 12 7 9
16 12 8 2
16 12 14 1
16 13 7 2
16 13 8 2
16 13 9 10
16 13 10 12
16 13 11 1
16 13 12 1
16 13 14 1
16 14 10 2
16 14 11 9
16 14 12 30
16 14 13 26
16 14 14 2
16 14 15 1
16 15 11 1
16 15 12 4
16 15 13 13
16 15 14 11
16 15 15 8
16 15 16 1
16 16 13 4
16 16 14 14
16 16 15 39
16 16 16 11
16 16 17 5
16 17 14 3
16 17 15 1
16 17 16 19
16 17 17 10
16 17 18 1
16 17 19 1
16 18 17 1
16 18 18 2
16 19 21 1
17 8 10 1
17 11 4 9
17 11 5 3
17 12 4 1
17 12 5 9
17 12 6 7
17 12 7 7
17 13 6 1
17 13 7 2
17 13 8 5
17 13 9 1
17 14 9 1
17 14 10 1
17 14 11 4
17 14 12 1
17 14 13 1
17 15 10 1
17 15 11 2
17 15 12 5
17 15 13 6
17 15 14 2
17 15 15 1
17 16 12 1
17 16 13 6
17 16 14 10
17 16 15 30
17 16 16 7
17 16 17 2
17 17 13 2
17 17 14 9
17 17 15 17
17 17 16 25
17 17 17 20
17 17 18 6
17 17 19 1
17 18 14 1
17 18 15 2
17 18 16 2
17 18 17 17
17 18 18 7
17 18 19 1
17 19 21 1
17 19 22 2
17 20 22 1
17 20 23 1
18 13 8 1
18 14 9 4
18 14 10 2
18 15 10 3
18 15 11 1
18 15 12 1
18 15 13 1
18 15 14 1
18 16 12 1
18 16 13 2
18 16 14 3
18 16 15 2
18 16 16 1
18 17 14 3
18 17 15 35
18 17 16 14
18 17 17 3
18 17 18 3
18 18 14 1
18 18 15 7
18 18 16 10
18 18 17 16
18 18 18 13
18 18 19 4
18 19 16 2
18 19 17 1
18 19 18 16
18 19 19 6
18 19 20 2
18 19 21 1
18 20 19 2
18 20 20 1
18 20 21 1
18 20 22 1
19 15 11 2
19 16 11 1
19 16 12 8
19 16 13 3
19 17 13 2
19 17 14 2
19 17 15 10
19 17 16 2
19 17 17 1
19 17 19 1
19 18 12 2
19 18 14 1
19 18 15 1
19 18 16 24
19 18 17 6
19 18 19 5
19 18 20 1
19 19 16 10
19 19 17 19
19 19 18 15
19 19 19 19
19 19 20 4
19 20 18 2
19 20 19 13
19 20 20 12
19 20 21 1
19 20 22 1
19 21 20 1
19 21 23 2
19 22 24 1
19 22 25 2
20 16 12 2
20 16 13 1
20 17 13 3
20 17 14 8
20 17 16 1
20 17 17 1
20 17 21 1
20 18 14 3
20 18 15 5
20 18 16 5
20 18 17 1
20 18 20 1
20 19 13 2
20 19 16 14
20 19 17 39
20 19 18 5
20 19 19 2
20 19 20 1
20 20 14 1
20 20 17 11
20 20 18 13
20 20 19 13
20 20 20 15
20 20 21 2
20 20 22 1
20 21 19 3
20 21 20 14
20 21 21 8
20 21 22 3
20 21 23 1
20 22 21 4
20 22 22 2
20 22 24 1
20 22 25 1
20 23 22 1
20 23 25 1
20 23 26 1
21 17 17 1
21 18 14 4
21 18 15 1
21 19 15 3
21 19 16 12
21 19 17 8
21 19 21 1
21 20 12 2
21 20 14 1
21 20 17 26
21 20 18 33
21 20 19 3
21 20 20 1
21 20 21 1
21 20 22 1
21 21 11 1
21 21 13 1
21 21 14 1
21 21 17 2
21 21 18 16
21 21 19 20
21 21 20 10
21 21 21 14
21 21 22 1
21 21 23 2
21 22 20 2
21 22 21 11
21 22 22 28
21 22 23 5
21 22 24 3
21 23 22 1
21 23 24 1
21 23 26 2
21 24 23 1
21 24 27 2
22 19 16 2
22 19 17 4
22 20 11 1
22 20 12 1
22 20 14 1
22 20 16 1
22 20 17 5
22 20 18 6
22 20 21 1
22 21 9 1
22 21 11 2
22 21 12 1
22 21 14 1
22 21 17 6
22 21 18 28
22 21 19 41
22 21 20 14
22 21 21 2
22 21 22 1
22 22 12 1
22 22 18 4
22 22 19 16
22 22 20 29
22 22 21 37
22 22 22 24
22 22 23 4
22 23 21 1
22 23 22 20
22 23 23 36
22 23 24 5
22 23 25 1
22 24 23 1
22 24 24 2
22 24 25 1
22 24 26 3
22 24 27 4
22 25 27 5
22 25 28 7
23 16 16 1
23 20 17 1
23 21 17 1
23 21 18 13
23 21 19 13
23 21 20 1
23 22 11 1
23 22 13 1
23 22 16 1
23 22 19 14
23 22 20 35
23 22 21 14
23 22 22 4
23 22 23 1
23 23 18 1
23 23 20 10
23 23 21 33
23 23 22 38
23 23 23 38
23 23 24 13
23 23 25 4
23 24 23 116
23 24 24 100
23 24 25 26
23 24 26 2
23 25 24 10
23 25 25 51
23 25 26 4
23 25 27 25
23 25 28 31
23 26 28 62
23 26 29 31
23 27 29 21
23 27 30 10
24 22 14 1
24 22 19 10
24 22 20 22
24 22 21 6
24 22 23 1
24 23 11 2
24 23 13 1
24 23 14 2
24 23 15 1
24 23 16 1
24 23 20 16
24 23 21 96
24 23 22 32
24 23 23 5
24 23 24 1
24 24 16 1
24 24 20 1
24 24 21 13
24 24 22 61
24 24 23 142
24 24 24 89
24 24 25 22
24 25 23 3
24 25 24 94
24 25 25 113
24 25 26 34
24 25 27 12
24 25 28 1
24 26 25 2
24 26 26 28
24 26 27 22
24 26 28 70
24 26 29 17
24 27 29 24
24 27 30 11
25 21 20 1
25 22 21 1
25 23 12 1
25 23 20 4
25 23 21 30
25 23 22 38
25 23 23 1
25 24 13 2
25 24 14 1
25 24 15 1
25 24 16 2
25 24 20 1
25 24 21 21
25 24 22 293
25 24 23 62
25 24 24 8
25 24 25 1
25 25 16 1
25 25 17 1
25 25 22 24
25 25 23 100
25 25 24 380
25 25 25 147
25 25 26 8
25 26 24 2
25 26 25 182
25 26 26 56
25 26 27 17
25 26 28 28
25 26 29 2
25 27 27 25
25 27 28 135
25 27 29 162
25 27 30 2
25 28 29 4
25 28 30 6
26 21 19 1
26 22 21 1
26 23 23 1
26 24 13 1
26 24 14 1
26 24 22 30
26 24 23 25
26 25 14 2
26 25 15 1
26 25 16 2
26 25 17 1
26 25 19 1
26 25 22 19
26 25 23 238
26 25 24 103
26 25 25 5
26 26 16 1
26 26 17 2
26 26 18 1
26 26 21 1
26 26 23 20
26 26 24 136
26 26 25 186
26 26 26 107
26 26 27 10
26 26 28 1
26 26 29 1
26 27 25 1
26 27 26 17
26 27 27 41
26 27 28 7
26 27 29 12
26 28 28 6
26 28 29 3
27 25 23 7
27 25 24 2
27 26 23 2
27 26 24 140
27 26 25 52
27 26 26 17
27 27 24 1
27 27 25 180
27 27 26 42
27 27 27 21
27 27 28 17
27 28 26 1
27 28 27 2
27 28 28 19
27 28 29 5
27 29 29 11
27 29 30 1
27 30 30 1
28 26 24 1
28 26 25 1
28 27 20 1
28 27 24 1
28 27 25 102
28 27 26 80
28 27 27 4
28 28 19 2
28 28 21 1
28 28 25 3
28 28 26 260
28 28 27 26
28 28 28 16
28 28 29 35
28 29 28 2
28 29 29 112
28 29 30 61
28 30 29 1
28 30 30 24
29 27 25 2
29 27 26 1
29 28 25 1
29 28 26 50
29 28 27 56
29 28 28 2
29 29 22 1
29 29 26 8
29 29 27 64
29 29 28 7
29 29 29 7
29 29 30 12
29 30 30 42
29 30 31 6
29 31 30 2
29 31 31 14
30 29 26 2
30 29 27 16
30 29 28 18
30 29 29 1
30 29 30 1
30 30 27 4
30 30 28 14
30 30 29 17
30 30 30 236
30 30 31 5
30 31 29 13
30 31 30 68
30 31 31 4
31 30 28 3
31 30 29 5
31 30 30 6
31 30 31 1
31 31 28 1
31 31 29 1
31 31 30 1
