32
0 0 0 7
0 0 1 1
0 1 0 4
0 1 1 1
1 1 0 21
1 1 1 1
1 1 2 1
1 2 0 2
1 2 1 66
1 2 2 2
2 2 1 40
2 2 2 39
2 2 3 2
2 3 1 1
2 3 2 149
2 3 3 2
2 8 11 1
2 8 12 3
3 2 2 6
3 3 1 1
3 3 2 90
3 3 3 71
3 4 3 126
3 4 4 6
3 5 4 1
3 8 11 1
3 11 15 1
3 11 16 3
3 12 16 1
4 3 2 2
4 3 3 1
4 3 4 3
4 4 3 30
4 4 4 85
4 4 5 1
4 5 3 2
4 5 4 141
4 5 5 16
4 6 3 2
4 6 4 13
4 6 5 22
4 7 6 1
4 7 9 2
4 8 10 1
4 8 11 1
4 9 13 2
4 10 14 2
5 4 4 1
5 4 5 1
5 5 4 14
5 5 5 14
5 5 6 2
5 6 4 3
5 6 5 49
5 6 6 22
5 7 5 1
5 7 6 5
5 7 9 1
5 9 11 1
5 10 14 2
5 11 16 1
5 12 16 1
5 13 17 1
6 4 3 3
6 5 3 5
6 5 4 1
6 5 5 6
6 5 6 4
6 5 7 1
6 6 4 1
6 6 5 25
6 6 6 10
6 6 7 1
6 7 5 5
6 7 6 15
6 7 7 4
6 8 6 1
6 8 7 1
6 9 6 1
6 9 10 1
6 10 13 1
6 11 14 2
6 11 15 1
6 12 15 1
7 4 2 4
7 5 2 10
7 5 3 16
7 5 4 3
7 6 3 1
7 6 4 3
7 6 5 2
7 6 7 1
7 7 6 29
7 7 7 9
7 7 8 2
7 8 6 12
7 8 7 16
7 8 8 6
7 9 7 1
7 9 8 4
7 10 13 1
7 11 13 1
7 11 14 1
7 12 15 1
7 13 17 1
8 4 2 4
8 4 5 2
8 5 2 100
8 5 3 44
8 5 4 1
8 6 3 15
8 6 4 55
8 6 5 1
8 7 4 2
8 7 5 4
8 7 6 1
8 7 8 1
8 8 6 2
8 8 7 34
8 8 8 21
8 8 9 2
8 8 10 1
8 9 7 5
8 9 8 26
8 9 9 4
8 9 11 1
8 10 9 4
8 11 13 1
8 12 15 1
9 3 6 1
9 4 5 1
9 5 3 7
9 6 3 21
9 6 4 3
9 6 7 1
9 7 4 2
9 7 5 8
9 7 6 3
9 7 7 1
9 7 8 1
9 7 9 1
9 8 6 8
9 8 7 4
9 8 8 1
9 9 7 3
9 9 8 63
9 9 9 22
9 10 8 11
9 10 9 29
9 10 10 6
9 11 9 3
9 11 10 2
10 4 6 1
10 5 6 1
10 5 7 1
10 6 3 4
10 6 7 2
10 6 8 1
10 7 3 5
10 7 4 18
10 7 5 2
10 8 5 1
10 8 6 6
10 8 7 3
10 8 8 2
10 9 7 2
10 9 8 9
10 9 9 1
10 9 10 1
10 10 8 2
10 10 9 51
10 10 10 9
10 10 11 2
10 11 9 14
10 11 10 28
10 11 11 7
10 12 9 1
10 12 11 6
10 13 10 1
11 5 7 1
11 6 7 4
11 6 8 1
11 7 4 9
11 7 8 2
11 8 4 3
11 8 5 1
11 8 6 1
11 8 8 3
11 9 5 2
11 9 6 4
11 9 7 2
11 9 8 2
11 9 10 1
11 10 8 5
11 10 9 8
11 10 10 2
11 10 11 2
11 11 9 12
11 11 10 70
11 11 11 15
11 12 10 7
11 12 11 32
11 12 12 2
11 13 10 1
11 13 11 1
11 13 12 5
12 6 8 2
12 8 5 1
12 8 11 1
12 9 6 8
12 9 7 2
12 10 6 5
12 10 7 3
12 10 8 6
12 10 9 3
12 10 11 2
12 11 8 1
12 11 9 2
12 11 10 22
12 11 11 1
12 11 12 1
12 12 10 8
12 12 11 60
12 12 12 19
12 12 13 2
12 12 14 1
12 13 11 13
12 13 12 37
12 13 13 6
12 14 13 1
13 5 8 1
13 6 8 1
13 10 6 8
13 10 7 21
13 10 8 1
13 10 12 1
13 11 7 12
13 11 8 6
13 11 9 2
13 11 10 2
13 11 11 1
13 12 9 1
13 12 10 4
13 12 11 5
13 12 12 7
13 12 13 1
13 13 8 1
13 13 11 8
13 13 12 90
13 13 13 71
13 13 14 4
13 14 12 3
13 14 13 42
13 14 14 9
13 15 13 4
13 15 14 5
13 15 15 1
14 5 9 1
14 9 10 1
14 10 7 1
14 11 7 9
14 11 8 20
14 12 8 8
14 12 9 9
14 12 12 2
14 13 10 1
14 13 11 1
14 13 12 6
14 13 13 15
14 13 14 2
14 14 10 1
14 14 12 5
14 14 13 120
14 14 14 53
14 14 15 1
14 15 13 5
14 15 14 39
14 15 15 7
14 15 16 1
14 16 14 1
14 16 15 2
15 12 8 33
15 12 9 21
15 13 8 1
15 13 9 10
15 13 10 12
15 13 11 7
15 13 12 2
15 14 11 4
15 14 12 4
15 14 13 17
15 14 14 10
15 14 15 4
15 15 12 1
15 15 13 8
15 15 14 115
15 15 15 47
15 15 16 1
15 16 11 1
15 16 14 10
15 16 15 108
15 16 16 7
15 17 16 2
15 17 19 1
16 13 9 1
16 13 10 4
16 13 13 1
16 14 10 3
16 14 11 2
16 14 12 4
16 14 13 4
16 14 14 4
16 15 12 3
16 15 13 7
16 15 14 32
16 15 15 3
16 16 6 1
16 16 12 1
16 16 13 1
16 16 14 31
16 16 15 157
16 16 16 35
16 16 17 2
16 17 15 3
16 17 16 114
16 17 17 10
16 18 16 1
16 18 17 3
17 14 11 4
17 15 11 2
17 15 12 6
17 15 13 3
17 15 14 2
17 16 12 1
17 16 13 2
17 16 14 5
17 16 15 10
17 16 16 3
17 17 15 7
17 17 16 127
17 17 17 53
17 17 18 2
17 18 16 2
17 18 17 126
17 18 18 8
17 19 18 3
18 15 12 2
18 16 12 2
18 16 13 5
18 16 14 5
18 16 15 2
18 17 10 1
18 17 14 3
18 17 15 9
18 17 16 6
18 17 17 3
18 17 18 1
18 18 11 1
18 18 12 1
18 18 16 3
18 18 17 88
18 18 18 46
18 18 19 3
18 19 17 13
18 19 18 162
18 19 19 11
18 20 19 1
19 16 13 1
19 17 9 1
19 17 14 2
19 17 15 3
19 17 16 1
19 17 17 3
19 18 11 1
19 18 16 3
19 18 17 15
19 18 18 12
19 18 19 1
19 19 11 1
19 19 13 1
19 19 17 8
19 19 18 145
19 19 19 48
19 19 20 4
19 20 18 12
19 20 19 270
19 20 20 14
19 21 19 2
19 21 20 6
20 18 15 3
20 18 16 3
20 18 17 1
20 18 18 1
20 19 10 1
20 19 11 1
20 19 13 1
20 19 14 1
20 19 16 2
20 19 17 4
20 19 18 2
20 19 19 1
20 20 12 1
20 20 18 6
20 20 19 67
20 20 20 22
20 20 21 4
20 21 19 8
20 21 20 259
20 21 21 22
20 22 21 11
21 18 15 1
21 19 12 1
21 19 13 1
21 19 16 3
21 19 17 2
21 19 18 1
21 20 14 1
21 20 18 4
21 20 19 3
21 20 20 3
21 21 17 1
21 21 19 1
21 21 20 41
21 21 21 40
21 21 22 9
21 22 20 2
21 22 21 163
21 22 22 111
21 22 23 3
21 23 22 10
21 23 23 1
22 19 16 2
22 20 17 3
22 20 18 8
22 20 19 4
22 21 10 1
22 21 11 1
22 21 13 1
22 21 17 1
22 21 18 4
22 21 19 11
22 21 20 3
22 21 22 1
22 22 15 1
22 22 21 28
22 22 22 91
22 22 23 17
22 23 22 337
22 23 23 120
22 23 24 9
22 24 23 13
22 24 24 8
22 25 23 1
23 20 17 12
23 20 18 4
23 21 17 12
23 21 18 64
23 21 19 9
23 21 21 2
23 22 12 1
23 22 14 1
23 22 16 1
23 22 17 1
23 22 19 6
23 22 20 4
23 22 21 2
23 22 22 1
23 22 23 2
23 23 17 1
23 23 22 22
23 23 23 168
23 23 24 15
23 24 23 121
23 24 24 187
23 24 25 14
23 25 24 8
23 25 25 6
24 21 17 4
24 21 18 30
24 21 19 1
24 22 10 1
24 22 13 1
24 22 19 12
24 22 20 20
24 22 22 1
24 23 13 2
24 23 14 3
24 23 16 1
24 23 20 4
24 23 21 5
24 23 22 3
24 23 23 10
24 23 24 3
24 24 22 4
24 24 23 10
24 24 24 124
24 24 25 11
24 25 24 115
24 25 25 329
24 25 26 17
24 26 25 8
24 26 26 11
25 22 20 2
25 23 13 1
25 23 20 4
25 23 21 26
25 23 22 1
25 24 13 1
25 24 16 2
25 24 19 1
25 24 21 1
25 24 22 20
25 24 23 6
25 24 24 1
25 24 25 2
25 25 14 1
25 25 21 1
25 25 23 4
25 25 24 10
25 25 25 160
25 25 26 15
25 26 25 36
25 26 26 101
25 26 27 4
25 27 27 4
26 24 13 1
26 24 21 1
26 24 22 43
26 24 23 4
26 25 13 1
26 25 14 1
26 25 15 1
26 25 22 6
26 25 23 25
26 25 24 6
26 25 25 1
26 25 26 1
26 26 16 3
26 26 17 1
26 26 18 1
26 26 19 2
26 26 24 1
26 26 25 4
26 26 26 39
26 26 27 17
26 27 26 14
26 27 27 58
26 27 28 5
26 28 28 16
27 25 15 1
27 25 23 26
27 25 24 3
27 26 16 3
27 26 17 1
27 26 18 1
27 26 21 1
27 26 23 3
27 26 24 11
27 26 25 3
27 26 26 2
27 27 21 1
27 27 22 1
27 27 26 6
27 27 27 26
27 27 28 10
27 28 27 5
27 28 28 36
27 28 29 9
27 29 28 1
27 29 29 1
28 26 24 10
28 26 25 4
28 26 26 1
28 27 22 1
28 27 25 5
28 27 26 3
28 27 27 2
28 27 28 2
28 28 26 1
28 28 27 7
28 28 28 28
28 28 29 13
28 29 28 3
28 29 29 63
28 29 30 16
28 30 30 2
29 27 25 2
29 28 20 1
29 28 23 1
29 28 25 3
29 28 26 5
29 28 27 2
29 28 28 4
29 28 29 1
29 29 20 2
29 29 26 1
29 29 27 2
29 29 28 3
29 29 29 40
29 29 30 51
29 30 29 12
29 30 30 228
29 30 31 2
29 31 30 1
30 28 25 2
30 29 23 1
30 29 26 2
30 29 27 5
30 29 28 1
30 29 29 2
30 29 30 2
30 30 22 1
30 30 27 3
30 30 28 9
30 30 29 16
30 30 30 620
30 30 31 44
30 31 28 1
30 31 29 3
30 31 30 218
30 31 31 41
31 30 29 5
31 30 30 3
31 31 29 1
31 31 30 1
