32
0 0 0 4
0 1 0 2
0 1 1 1
1 1 0 18
1 1 1 6
1 2 1 70
1 2 2 3
2 1 1 2
2 2 0 1
2 2 1 40
2 2 2 62
2 3 2 128
2 3 3 5
2 8 12 2
2 10 15 1
3 2 2 5
3 3 1 1
3 3 2 95
3 3 3 64
3 4 3 155
3 4 4 10
3 5 4 2
3 8 10 1
3 8 11 2
3 11 16 4
4 3 2 1
4 3 3 2
4 3 4 1
4 4 3 30
4 4 4 89
4 5 3 1
4 5 4 153
4 5 5 7
4 6 3 4
4 6 4 10
4 6 5 11
4 6 6 1
4 7 6 1
4 8 11 1
5 4 2 1
5 4 3 1
5 4 4 2
5 4 5 2
5 5 4 19
5 5 5 12
5 5 6 2
5 6 4 4
5 6 5 55
5 6 6 21
5 7 6 2
5 7 8 1
5 7 9 1
5 8 6 1
5 8 11 1
5 10 13 2
5 10 14 2
5 11 15 3
5 12 16 1
6 4 2 2
6 4 3 2
6 5 3 2
6 5 4 3
6 5 5 6
6 5 6 5
6 6 4 1
6 6 5 18
6 6 6 20
6 6 7 1
6 7 5 3
6 7 6 14
6 7 7 2
6 8 6 2
6 8 7 2
6 8 9 1
6 9 10 1
6 9 11 1
6 9 12 2
6 10 13 2
6 11 14 3
6 12 14 1
6 12 16 2
7 4 2 3
7 5 2 7
7 5 3 10
7 5 4 5
7 6 3 1
7 6 4 2
7 6 5 1
7 6 6 2
7 7 5 4
7 7 6 31
7 7 7 7
7 7 8 2
7 8 6 10
7 8 7 13
7 8 8 3
7 9 7 2
7 9 8 7
7 10 13 1
7 10 14 1
7 11 14 1
8 4 2 7
8 5 2 74
8 5 3 60
8 5 4 1
8 6 3 10
8 6 4 55
8 7 5 6
8 7 6 4
8 7 7 2
8 8 6 9
8 8 7 39
8 8 8 26
8 8 9 3
8 9 7 3
8 9 8 27
8 9 9 3
8 9 11 1
8 10 7 1
8 10 9 2
8 12 16 1
9 4 5 1
9 5 3 6
9 5 6 1
9 6 3 17
9 6 4 3
9 6 5 1
9 6 6 1
9 6 7 2
9 7 4 3
9 7 5 16
9 8 5 2
9 8 6 6
9 8 7 4
9 8 8 2
9 8 9 1
9 8 10 1
9 9 7 3
9 9 8 57
9 9 9 9
9 9 10 1
9 10 8 12
9 10 9 37
9 10 10 7
9 10 11 1
9 11 9 1
9 11 10 3
9 11 11 1
10 4 6 1
10 5 6 1
10 5 7 1
10 6 3 4
10 6 4 2
10 6 7 2
10 7 3 1
10 7 4 22
10 7 5 4
10 8 6 6
10 8 7 4
10 8 8 2
10 8 9 1
10 9 7 1
10 9 8 6
10 9 9 1
10 10 8 7
10 10 9 54
10 10 10 22
10 11 9 20
10 11 10 34
10 11 11 6
10 12 9 1
10 12 11 1
11 4 6 1
11 5 7 2
11 6 7 4
11 7 4 4
11 7 8 3
11 8 4 4
11 8 5 2
11 8 6 1
11 8 7 1
11 8 8 1
11 9 5 1
11 9 6 2
11 9 7 1
11 9 8 3
11 9 9 2
11 9 11 1
11 10 8 4
11 10 9 7
11 10 10 1
11 10 11 1
11 11 9 9
11 11 10 70
11 11 11 14
11 11 12 2
11 12 10 13
11 12 11 28
11 12 12 4
11 13 12 2
11 13 13 1
12 5 7 1
12 7 8 1
12 8 5 1
12 9 5 4
12 9 6 4
12 9 7 2
12 10 7 3
12 10 8 4
12 10 9 1
12 10 10 2
12 10 11 3
12 11 9 3
12 11 10 9
12 11 11 2
12 12 9 1
12 12 10 12
12 12 11 74
12 12 12 25
12 12 13 3
12 13 11 9
12 13 12 40
12 13 13 6
12 14 13 2
13 6 8 2
13 9 11 1
13 10 6 11
13 10 7 16
13 10 11 1
13 11 7 11
13 11 8 5
13 11 9 4
13 11 11 1
13 12 7 1
13 12 9 2
13 12 10 2
13 12 11 9
13 12 12 5
13 13 11 11
13 13 12 101
13 13 13 68
13 13 14 1
13 14 12 7
13 14 13 39
13 14 14 8
13 14 15 1
13 15 13 2
13 15 14 2
13 16 15 1
14 5 8 1
14 6 8 1
14 11 7 12
14 11 8 24
14 11 12 1
14 12 7 1
14 12 8 10
14 12 9 5
14 12 10 2
14 12 11 2
14 12 12 2
14 13 10 2
14 13 11 1
14 13 12 9
14 13 13 14
14 14 11 1
14 14 12 3
14 14 13 132
14 14 14 46
14 14 15 2
14 15 13 13
14 15 14 62
14 15 15 9
14 16 15 1
14 16 16 1
15 10 11 1
15 11 8 2
15 12 8 28
15 12 9 16
15 12 10 1
15 13 9 6
15 13 10 3
15 13 11 6
15 13 12 5
15 13 13 3
15 14 12 5
15 14 13 9
15 14 14 11
15 14 15 5
15 15 11 1
15 15 13 15
15 15 14 120
15 15 15 52
15 15 16 3
15 16 14 17
15 16 15 105
15 16 16 6
15 16 17 1
15 17 17 1
16 13 9 3
16 13 10 3
16 13 11 2
16 13 13 1
16 13 14 1
16 14 10 6
16 14 11 5
16 14 12 5
16 14 13 1
16 14 14 2
16 15 12 1
16 15 13 11
16 15 14 36
16 15 15 10
16 16 11 1
16 16 13 1
16 16 14 46
16 16 15 171
16 16 16 29
16 16 17 4
16 17 15 13
16 17 16 114
16 17 17 13
16 18 17 1
17 14 10 1
17 14 11 2
17 15 11 2
17 15 12 4
17 15 13 5
17 15 15 1
17 16 13 2
17 16 14 13
17 16 15 9
17 16 16 1
17 16 17 1
17 17 14 2
17 17 15 9
17 17 16 165
17 17 17 71
17 17 18 2
17 18 16 4
17 18 17 116
17 18 18 6
17 18 19 1
17 19 18 5
18 15 12 2
18 16 12 1
18 16 13 3
18 16 14 3
18 16 15 1
18 17 13 2
18 17 14 4
18 17 15 8
18 17 16 5
18 17 17 5
18 17 18 1
18 18 12 2
18 18 16 8
18 18 17 118
18 18 18 55
18 18 19 4
18 19 17 15
18 19 18 160
18 19 19 9
18 20 19 2
19 16 13 1
19 17 13 4
19 17 14 6
19 17 15 4
19 17 16 1
19 18 11 1
19 18 15 2
19 18 16 1
19 18 17 9
19 18 18 5
19 18 19 1
19 19 13 1
19 19 14 1
19 19 17 9
19 19 18 225
19 19 19 64
19 19 20 1
19 20 18 11
19 20 19 288
19 20 20 21
19 20 21 1
19 21 19 2
19 21 20 2
20 17 14 1
20 18 10 2
20 18 15 2
20 18 16 1
20 19 10 1
20 19 11 1
20 19 12 1
20 19 17 2
20 19 18 8
20 19 19 6
20 19 20 2
20 20 18 9
20 20 19 64
20 20 20 22
20 20 21 2
20 21 19 9
20 21 20 263
20 21 21 37
20 22 20 1
20 22 21 15
20 22 22 2
21 18 15 2
21 19 15 2
21 19 16 4
21 19 17 2
21 20 12 1
21 20 14 1
21 20 17 1
21 20 18 3
21 20 19 6
21 20 20 3
21 21 20 39
21 21 21 33
21 21 22 13
21 22 20 2
21 22 21 135
21 22 22 109
21 22 23 2
21 23 22 10
22 19 16 1
22 20 13 1
22 20 17 2
22 20 18 5
22 21 16 1
22 21 17 3
22 21 18 5
22 21 19 7
22 21 20 4
22 21 21 4
22 21 22 1
22 22 14 1
22 22 15 1
22 22 20 1
22 22 21 33
22 22 22 114
22 22 23 14
22 23 21 1
22 23 22 309
22 23 23 140
22 23 24 9
22 24 23 21
22 24 24 7
23 20 17 18
23 20 18 5
23 21 17 12
23 21 18 53
23 21 19 9
23 21 20 1
23 22 13 1
23 22 19 10
23 22 20 4
23 22 21 2
23 22 22 6
23 23 15 1
23 23 17 1
23 23 21 2
23 23 22 25
23 23 23 175
23 23 24 8
23 24 23 124
23 24 24 214
23 24 25 13
23 25 24 4
23 25 25 10
24 21 17 7
24 21 18 22
24 21 19 1
24 22 11 1
24 22 18 1
24 22 19 5
24 22 20 28
24 22 22 2
24 23 11 1
24 23 14 1
24 23 15 1
24 23 20 8
24 23 21 5
24 23 22 2
24 23 23 1
24 23 24 2
24 24 22 1
24 24 23 8
24 24 24 117
24 24 25 13
24 25 24 94
24 25 25 309
24 25 26 22
24 26 25 7
24 26 26 8
25 20 14 1
25 22 13 1
25 23 13 1
25 23 20 3
25 23 21 22
25 23 22 3
25 23 23 1
25 24 14 2
25 24 16 1
25 24 21 1
25 24 22 22
25 24 23 8
25 24 24 1
25 25 16 1
25 25 20 1
25 25 24 8
25 25 25 140
25 25 26 22
25 26 24 1
25 26 25 40
25 26 26 86
25 26 27 3
25 27 27 4
26 24 22 35
26 24 23 4
26 24 24 1
26 25 14 1
26 25 15 4
26 25 16 1
26 25 22 6
26 25 23 24
26 25 24 7
26 25 25 4
26 25 26 2
26 26 15 1
26 26 16 1
26 26 17 1
26 26 18 2
26 26 23 1
26 26 24 2
26 26 25 6
26 26 26 47
26 26 27 19
26 27 26 18
26 27 27 60
26 27 28 16
26 28 28 6
27 25 14 2
27 25 22 2
27 25 23 19
27 25 24 6
27 26 16 1
27 26 17 1
27 26 18 1
27 26 23 2
27 26 24 10
27 26 25 7
27 26 26 2
27 26 27 2
27 27 25 1
27 27 26 8
27 27 27 34
27 27 28 10
27 28 27 4
27 28 28 37
27 28 29 8
27 29 29 2
28 26 23 1
28 26 24 9
28 27 21 1
28 27 22 4
28 27 23 1
28 27 24 1
28 27 25 3
28 27 27 2
28 27 28 2
28 28 24 1
28 28 26 1
28 28 27 5
28 28 28 27
28 28 29 11
28 29 28 6
28 29 29 54
28 29 30 19
29 27 24 1
29 27 25 4
29 28 20 1
29 28 25 2
29 28 26 3
29 28 28 1
29 28 29 1
29 29 19 1
29 29 26 1
29 29 27 2
29 29 28 2
29 29 29 54
29 29 30 47
29 30 29 13
29 30 30 238
29 30 31 1
29 31 30 1
29 31 31 2
30 28 25 2
30 28 26 5
30 29 20 1
30 29 26 5
30 29 27 2
30 29 28 1
30 29 29 3
30 29 30 2
30 30 21 1
30 30 25 1
30 30 27 5
30 30 28 13
30 30 29 15
30 30 30 704
30 30 31 27
30 31 28 1
30 31 29 10
30 31 30 228
30 31 31 32
31 30 29 2
31 30 30 4
31 30 31 1
31 31 29 1
31 31 31 1
