32
0 0 0 6
0 1 0 7
0 1 1 2
1 0 0 1
1 1 0 19
1 1 1 5
1 2 1 68
1 2 2 4
2 2 1 45
2 2 2 52
2 3 2 140
2 3 3 3
2 8 12 2
3 2 2 4
3 3 2 96
3 3 3 65
3 4 3 144
3 4 4 8
3 5 3 1
3 5 4 5
3 8 11 1
3 11 16 1
3 12 16 1
3 12 17 2
4 3 2 2
4 3 4 1
4 4 3 33
4 4 4 76
4 4 5 1
4 5 4 142
4 5 5 10
4 6 3 3
4 6 4 10
4 6 5 21
4 7 5 1
4 7 7 2
4 7 8 1
4 8 9 1
4 8 11 1
4 9 13 1
4 10 13 1
4 11 15 1
4 11 16 1
4 12 15 1
5 3 2 1
5 4 2 2
5 4 4 2
5 4 5 1
5 5 4 16
5 5 5 22
5 5 6 2
5 6 4 7
5 6 5 47
5 6 6 19
5 7 4 1
5 7 5 3
5 7 6 1
5 7 8 2
5 8 11 1
5 10 13 1
5 11 14 1
5 13 17 1
6 4 3 1
6 5 3 3
6 5 4 2
6 5 5 2
6 5 6 1
6 6 5 21
6 6 6 14
6 7 5 3
6 7 6 20
6 7 7 2
6 8 5 2
6 8 7 2
6 10 13 1
6 11 14 1
6 11 15 2
7 4 2 6
7 5 2 14
7 5 3 16
7 5 4 2
7 6 4 3
7 6 5 3
7 6 6 1
7 7 5 3
7 7 6 29
7 7 7 8
7 8 6 4
7 8 7 16
7 9 6 1
7 9 8 1
7 10 13 1
7 11 13 1
7 11 14 1
8 4 2 1
8 5 2 94
8 5 3 55
8 6 3 29
8 6 4 38
8 6 5 2
8 6 6 1
8 6 7 1
8 7 5 4
8 7 6 1
8 7 7 1
8 7 8 1
8 8 6 3
8 8 7 29
8 8 8 19
8 8 9 1
8 9 7 9
8 9 8 21
8 9 9 2
8 9 10 1
8 9 11 1
8 9 12 1
8 10 7 1
8 10 8 1
8 10 9 3
8 10 10 1
8 11 13 1
8 12 15 1
9 4 6 2
9 5 3 7
9 5 6 1
9 6 3 22
9 6 4 6
9 6 5 1
9 6 7 1
9 7 5 13
9 7 6 1
9 7 8 1
9 8 6 9
9 8 7 1
9 8 8 1
9 9 7 3
9 9 8 59
9 9 9 17
9 9 10 3
9 10 8 7
9 10 9 35
9 10 10 6
9 10 11 1
9 11 9 3
9 11 10 3
9 11 11 1
9 14 18 1
10 4 6 1
10 6 3 2
10 6 4 3
10 6 7 2
10 6 8 1
10 7 3 1
10 7 4 23
10 7 5 2
10 8 5 2
10 8 6 4
10 8 7 3
10 8 9 2
10 9 7 2
10 9 8 9
10 9 9 2
10 9 10 1
10 9 11 1
10 10 8 5
10 10 9 51
10 10 10 20
10 10 11 1
10 11 9 16
10 11 10 42
10 11 11 7
10 12 9 2
10 12 10 1
10 12 11 2
10 12 12 1
11 4 7 1
11 5 7 2
11 6 7 3
11 6 8 3
11 7 4 6
11 7 8 2
11 8 4 3
11 8 5 1
11 8 6 2
11 8 7 2
11 8 8 2
11 8 9 1
11 9 5 2
11 9 6 2
11 9 7 2
11 9 8 6
11 9 9 1
11 9 11 1
11 10 8 4
11 10 9 7
11 11 9 11
11 11 10 52
11 11 11 14
11 12 10 5
11 12 11 34
11 12 12 5
11 12 13 1
11 13 11 1
11 13 12 4
12 5 7 1
12 6 8 1
12 8 5 1
12 9 5 1
12 9 6 6
12 9 7 2
12 9 10 1
12 9 11 1
12 10 7 1
12 10 8 11
12 10 9 2
12 10 10 2
12 11 9 4
12 11 10 10
12 11 11 2
12 11 12 1
12 12 10 10
12 12 11 65
12 12 12 19
12 12 13 1
12 13 11 5
12 13 12 48
12 13 13 7
12 14 13 3
13 5 8 1
13 10 6 12
13 10 7 20
13 10 12 1
13 11 7 15
13 11 8 4
13 11 9 3
13 12 8 1
13 12 9 1
13 12 10 3
13 12 11 7
13 12 12 7
13 13 11 6
13 13 12 99
13 13 13 69
13 13 14 3
13 14 12 3
13 14 13 58
13 14 14 10
13 15 13 1
13 15 14 3
14 9 9 1
14 10 7 1
14 11 7 6
14 11 8 20
14 11 9 1
14 11 11 1
14 11 13 1
14 12 7 1
14 12 8 10
14 12 9 7
14 12 10 2
14 12 11 1
14 12 13 2
14 13 10 2
14 13 11 3
14 13 12 11
14 13 13 14
14 13 14 1
14 14 11 1
14 14 12 5
14 14 13 110
14 14 14 48
14 14 15 1
14 15 13 9
14 15 14 55
14 15 15 5
14 15 16 1
14 16 14 2
15 5 9 1
15 12 8 29
15 12 9 23
15 12 10 3
15 12 13 1
15 13 9 4
15 13 10 12
15 13 11 8
15 13 12 4
15 13 13 4
15 14 11 1
15 14 12 4
15 14 13 17
15 14 14 4
15 15 13 8
15 15 14 120
15 15 15 40
15 15 16 2
15 16 14 7
15 16 15 96
15 16 16 4
15 17 15 2
16 13 9 1
16 13 10 6
16 14 10 2
16 14 11 4
16 14 12 1
16 14 13 4
16 14 14 3
16 15 12 1
16 15 13 8
16 15 14 35
16 15 15 4
16 15 16 1
16 15 17 1
16 16 8 1
16 16 9 1
16 16 13 1
16 16 14 38
16 16 15 128
16 16 16 34
16 16 17 2
16 17 15 7
16 17 16 119
16 17 17 16
16 18 17 2
16 19 18 1
17 14 10 2
17 14 11 2
17 15 11 1
17 15 12 3
17 15 13 4
17 15 14 1
17 15 15 1
17 16 13 3
17 16 14 11
17 16 15 5
17 16 16 2
17 16 17 1
17 17 9 1
17 17 12 1
17 17 15 11
17 17 16 115
17 17 17 67
17 17 18 2
17 18 16 5
17 18 17 101
17 18 18 10
17 19 17 1
17 19 18 1
17 19 19 1
18 15 12 2
18 16 12 3
18 16 13 2
18 16 14 4
18 16 16 1
18 17 12 1
18 17 13 1
18 17 14 4
18 17 15 4
18 17 16 9
18 17 17 1
18 18 12 1
18 18 13 1
18 18 14 1
18 18 16 7
18 18 17 114
18 18 18 52
18 18 19 2
18 19 17 9
18 19 18 164
18 19 19 9
18 20 18 1
18 20 19 2
19 16 13 2
19 16 15 1
19 17 13 1
19 17 14 5
19 17 15 6
19 18 12 1
19 18 16 5
19 18 17 7
19 18 18 5
19 18 19 1
19 19 13 1
19 19 15 1
19 19 17 8
19 19 18 161
19 19 19 42
19 19 20 5
19 20 18 11
19 20 19 274
19 20 20 13
19 21 19 1
19 21 20 3
20 17 14 3
20 18 9 1
20 18 10 1
20 18 16 1
20 18 17 3
20 19 12 2
20 19 15 1
20 19 16 1
20 19 17 1
20 19 18 9
20 19 19 2
20 19 20 1
20 20 18 9
20 20 19 55
20 20 20 30
20 20 21 4
20 21 19 9
20 21 20 249
20 21 21 38
20 21 22 1
20 22 20 2
20 22 21 16
21 18 13 1
21 19 16 3
21 19 17 1
21 19 18 1
21 20 10 1
21 20 12 2
21 20 13 1
21 20 14 2
21 20 16 1
21 20 17 2
21 20 18 3
21 20 19 4
21 20 20 1
21 21 15 1
21 21 18 1
21 21 19 1
21 21 20 34
21 21 21 37
21 21 22 10
21 22 20 3
21 22 21 158
21 22 22 111
21 22 23 2
21 23 22 12
21 23 23 1
22 20 9 1
22 20 17 4
22 20 18 3
22 20 19 1
22 21 13 1
22 21 15 1
22 21 18 8
22 21 19 6
22 21 20 1
22 21 21 1
22 21 22 1
22 22 13 1
22 22 21 36
22 22 22 118
22 22 23 22
22 23 22 362
22 23 23 135
22 23 24 8
22 24 23 17
22 24 24 5
23 20 17 10
23 20 18 2
23 21 9 1
23 21 17 15
23 21 18 73
23 21 19 21
23 21 20 3
23 21 22 2
23 22 15 1
23 22 19 7
23 22 20 4
23 22 22 5
23 22 23 3
23 23 16 1
23 23 21 2
23 23 22 22
23 23 23 196
23 23 24 9
23 24 23 113
23 24 24 197
23 24 25 16
23 25 24 14
23 25 25 5
23 26 25 2
24 21 17 6
24 21 18 17
24 22 10 1
24 22 12 1
24 22 18 4
24 22 19 14
24 22 20 20
24 22 21 2
24 23 12 1
24 23 13 2
24 23 20 6
24 23 21 6
24 23 22 3
24 23 23 5
24 24 22 6
24 24 23 5
24 24 24 118
24 24 25 14
24 25 24 129
24 25 25 322
24 25 26 15
24 26 25 5
24 26 26 7
25 22 12 1
25 23 12 1
25 23 20 4
25 23 21 23
25 23 22 7
25 24 13 1
25 24 14 1
25 24 15 1
25 24 19 1
25 24 21 4
25 24 22 19
25 24 23 3
25 24 24 2
25 25 14 1
25 25 16 1
25 25 23 4
25 25 24 6
25 25 25 141
25 25 26 16
25 26 25 25
25 26 26 99
25 26 27 4
25 27 27 4
26 24 12 1
26 24 13 1
26 24 22 37
26 24 23 6
26 25 14 1
26 25 15 1
26 25 16 1
26 25 22 6
26 25 23 23
26 25 24 10
26 25 25 2
26 26 16 3
26 26 17 2
26 26 18 1
26 26 20 1
26 26 23 1
26 26 25 7
26 26 26 45
26 26 27 21
26 27 26 10
26 27 27 54
26 27 28 12
26 28 28 11
27 25 13 1
27 25 23 29
27 25 24 5
27 26 17 2
27 26 18 1
27 26 20 1
27 26 23 3
27 26 24 10
27 26 25 4
27 26 26 4
27 26 27 2
27 27 20 1
27 27 26 3
27 27 27 25
27 27 28 10
27 28 27 3
27 28 28 27
27 28 29 10
27 29 28 2
27 29 29 3
28 26 23 1
28 26 24 9
28 26 25 4
28 26 26 2
28 27 19 1
28 27 22 1
28 27 25 1
28 27 26 4
28 27 28 2
28 28 27 7
28 28 28 32
28 28 29 13
28 29 28 5
28 29 29 64
28 29 30 20
28 30 30 1
29 27 25 7
29 28 25 3
29 28 26 4
29 28 27 2
29 28 28 5
29 28 29 2
29 29 20 1
29 29 27 1
29 29 28 2
29 29 29 43
29 29 30 45
29 30 22 1
29 30 28 1
29 30 29 18
29 30 30 219
29 30 31 5
29 31 30 2
30 28 26 2
30 29 22 1
30 29 26 1
30 29 27 5
30 29 28 3
30 29 29 2
30 29 30 1
30 30 27 5
30 30 28 12
30 30 29 16
30 30 30 657
30 30 31 36
30 31 29 4
30 31 30 242
30 31 31 49
31 30 28 1
31 30 30 3
31 31 29 1
