32
0 0 0 7
0 1 0 3
0 1 1 2
1 1 0 9
1 1 1 7
1 2 1 67
1 2 2 3
2 2 1 38
2 2 2 66
2 2 3 2
2 3 1 1
2 3 2 138
2 3 3 4
2 8 12 1
2 11 16 1
3 2 2 3
3 3 2 104
3 3 3 57
3 4 3 148
3 4 4 2
3 5 4 4
3 8 11 1
3 10 15 1
3 11 15 2
4 3 1 1
4 3 2 4
4 3 3 1
4 3 4 1
4 4 2 1
4 4 3 40
4 4 4 81
4 5 3 1
4 5 4 144
4 5 5 8
4 6 3 1
4 6 4 5
4 6 5 12
4 7 6 1
4 7 7 1
4 8 9 1
4 8 11 1
4 10 13 1
4 10 14 1
4 12 16 1
5 4 2 2
5 4 3 1
5 4 4 2
5 4 6 1
5 5 4 15
5 5 5 24
5 5 6 3
5 6 4 4
5 6 5 59
5 6 6 11
5 7 4 1
5 7 5 1
5 7 6 4
5 7 7 1
5 7 8 2
5 8 8 1
5 8 11 1
5 9 10 1
5 9 12 2
5 9 13 1
5 10 12 1
5 10 14 1
5 11 14 2
5 11 15 1
6 4 5 1
6 5 3 2
6 5 4 1
6 5 5 5
6 5 6 2
6 6 4 2
6 6 5 18
6 6 6 13
6 6 7 1
6 7 5 3
6 7 6 19
6 7 7 6
6 8 7 3
6 8 10 1
6 9 10 1
6 9 12 1
6 10 13 1
6 11 13 2
6 11 14 1
6 12 15 1
7 4 2 2
7 5 2 3
7 5 3 13
7 5 4 6
7 6 3 1
7 6 4 1
7 6 5 2
7 6 7 2
7 7 5 2
7 7 6 21
7 7 7 10
7 8 6 15
7 8 7 18
7 8 8 3
7 9 6 1
7 9 8 3
7 9 9 1
7 11 14 2
8 4 2 2
8 5 2 74
8 5 3 63
8 5 4 1
8 6 3 13
8 6 4 56
8 6 5 3
8 7 4 2
8 7 5 4
8 7 6 3
8 8 6 2
8 8 7 52
8 8 8 23
8 8 9 1
8 8 10 1
8 9 7 3
8 9 8 27
8 9 9 2
8 10 7 2
8 10 8 1
8 10 9 4
8 10 10 1
8 10 11 1
9 4 5 1
9 5 3 7
9 5 6 1
9 6 3 20
9 6 4 7
9 6 7 1
9 7 4 3
9 7 5 13
9 7 6 4
9 7 8 1
9 8 6 6
9 8 7 1
9 8 9 2
9 9 7 2
9 9 8 47
9 9 9 14
9 10 8 14
9 10 9 34
9 10 10 8
9 10 11 1
9 11 9 1
9 11 10 3
10 5 6 1
10 5 7 3
10 6 3 5
10 6 4 1
10 6 7 3
10 7 3 1
10 7 4 20
10 7 5 2
10 8 5 3
10 8 6 5
10 8 7 4
10 9 7 1
10 9 8 5
10 9 9 3
10 9 11 1
10 10 8 6
10 10 9 52
10 10 10 21
10 11 9 17
10 11 10 36
10 11 11 2
10 11 12 1
10 12 9 1
10 12 10 1
10 12 11 4
11 4 6 1
11 5 7 1
11 5 8 1
11 6 7 2
11 6 8 1
11 7 4 6
11 7 5 1
11 7 8 3
11 7 9 1
11 8 4 4
11 8 5 1
11 8 6 1
11 8 7 1
11 8 8 2
11 9 5 1
11 9 6 1
11 9 7 2
11 9 9 1
11 9 10 1
11 10 7 1
11 10 8 3
11 10 9 8
11 10 10 4
11 10 11 2
11 11 9 3
11 11 10 75
11 11 11 11
11 11 12 1
11 12 10 15
11 12 11 43
11 12 12 2
11 12 13 1
11 13 11 1
11 13 12 3
12 5 7 1
12 5 8 1
12 6 8 2
12 7 9 1
12 9 5 2
12 9 6 4
12 9 7 2
12 10 6 1
12 10 7 1
12 10 8 1
12 10 9 1
12 10 10 2
12 10 11 1
12 11 9 4
12 11 10 7
12 11 11 4
12 12 10 10
12 12 11 83
12 12 12 13
12 12 13 2
12 13 11 7
12 13 12 65
12 13 13 4
12 14 13 3
12 15 17 1
13 5 8 2
13 9 6 1
13 9 10 1
13 10 6 14
13 10 7 18
13 10 8 3
13 10 12 2
13 11 7 15
13 11 8 4
13 11 9 5
13 11 11 1
13 12 10 1
13 12 11 15
13 12 12 9
13 12 13 2
13 13 10 1
13 13 11 3
13 13 12 110
13 13 13 62
13 13 14 3
13 14 12 3
13 14 13 56
13 14 14 4
13 15 13 2
13 15 14 5
13 15 15 1
14 6 9 1
14 10 12 1
14 11 7 4
14 11 8 36
14 12 8 7
14 12 9 2
14 12 10 7
14 12 11 1
14 13 11 6
14 13 12 8
14 13 13 6
14 14 12 6
14 14 13 143
14 14 14 53
14 14 15 2
14 15 12 1
14 15 13 5
14 15 14 50
14 15 15 9
14 16 14 2
14 16 15 1
14 16 16 1
15 11 8 1
15 12 8 28
15 12 9 25
15 12 13 1
15 13 9 6
15 13 10 7
15 13 11 2
15 13 13 4
15 13 14 1
15 14 11 1
15 14 12 5
15 14 13 9
15 14 14 11
15 14 15 2
15 15 11 1
15 15 12 2
15 15 13 11
15 15 14 118
15 15 15 51
15 15 16 3
15 16 14 13
15 16 15 127
15 16 16 7
15 17 15 1
15 17 17 1
16 13 9 2
16 13 10 3
16 13 11 1
16 13 14 1
16 14 10 4
16 14 11 3
16 14 12 3
16 14 13 2
16 14 14 3
16 15 11 1
16 15 12 4
16 15 13 6
16 15 14 30
16 15 15 3
16 15 16 1
16 16 12 1
16 16 13 2
16 16 14 25
16 16 15 177
16 16 16 33
16 16 17 1
16 17 15 10
16 17 16 141
16 17 17 9
16 18 17 1
17 14 11 1
17 15 11 1
17 15 12 8
17 15 13 4
17 15 14 3
17 16 13 2
17 16 14 9
17 16 15 10
17 16 16 2
17 16 17 1
17 17 12 1
17 17 15 9
17 17 16 144
17 17 17 83
17 17 18 2
17 18 16 3
17 18 17 135
17 18 18 11
17 18 19 1
17 19 18 1
18 15 11 1
18 15 12 3
18 16 12 4
18 16 13 5
18 16 14 3
18 16 15 2
18 17 12 1
18 17 14 2
18 17 15 9
18 17 16 7
18 17 17 4
18 17 18 1
18 18 12 1
18 18 16 9
18 18 17 135
18 18 18 52
18 18 19 3
18 19 17 12
18 19 18 188
18 19 19 7
18 20 19 3
19 16 13 2
19 17 14 3
19 17 15 2
19 17 17 2
19 17 18 1
19 18 10 1
19 18 15 2
19 18 16 2
19 18 17 6
19 18 18 1
19 18 19 1
19 19 17 8
19 19 18 209
19 19 19 73
19 19 20 5
19 20 18 7
19 20 19 349
19 20 20 19
19 20 21 1
19 21 19 1
19 21 20 6
20 17 13 1
20 17 14 2
20 17 18 1
20 18 14 2
20 18 15 3
20 18 16 3
20 18 17 1
20 19 10 1
20 19 12 1
20 19 13 2
20 19 16 1
20 19 17 5
20 19 18 1
20 20 15 1
20 20 18 7
20 20 19 62
20 20 20 20
20 20 21 3
20 21 19 7
20 21 20 286
20 21 21 29
20 21 22 2
20 22 20 1
20 22 21 12
21 18 16 1
21 19 16 3
21 19 17 2
21 19 18 2
21 19 19 1
21 20 11 1
21 20 13 1
21 20 14 1
21 20 17 2
21 20 18 2
21 20 19 5
21 20 20 1
21 21 13 1
21 21 18 1
21 21 20 29
21 21 21 38
21 21 22 7
21 22 20 3
21 22 21 175
21 22 22 125
21 22 23 1
21 23 22 6
22 19 16 1
22 19 17 1
22 20 16 1
22 20 17 3
22 20 18 8
22 20 19 4
22 21 13 2
22 21 18 3
22 21 19 3
22 21 20 2
22 21 21 1
22 21 22 2
22 22 14 1
22 22 16 1
22 22 20 2
22 22 21 31
22 22 22 114
22 22 23 21
22 23 22 370
22 23 23 127
22 23 24 9
22 24 23 18
22 24 24 7
23 20 16 1
23 20 17 26
23 20 18 3
23 21 17 21
23 21 18 66
23 21 19 7
23 22 18 2
23 22 19 8
23 22 20 1
23 22 21 3
23 22 22 8
23 23 19 2
23 23 20 1
23 23 21 2
23 23 22 27
23 23 23 151
23 23 24 11
23 24 22 1
23 24 23 121
23 24 24 204
23 24 25 15
23 25 24 9
23 25 25 10
23 26 25 1
24 21 17 5
24 21 18 7
24 21 19 2
24 22 18 1
24 22 19 8
24 22 20 23
24 22 21 1
24 23 11 1
24 23 15 1
24 23 20 8
24 23 21 5
24 23 23 2
24 23 24 1
24 24 22 3
24 24 23 10
24 24 24 103
24 24 25 11
24 25 24 135
24 25 25 286
24 25 26 18
24 26 25 7
24 26 26 10
25 23 13 1
25 23 20 5
25 23 21 20
25 23 22 2
25 24 11 1
25 24 14 3
25 24 16 1
25 24 21 3
25 24 22 17
25 24 23 9
25 24 24 2
25 24 25 1
25 25 13 1
25 25 16 1
25 25 22 1
25 25 24 10
25 25 25 130
25 25 26 16
25 25 27 1
25 26 25 43
25 26 26 89
25 26 27 3
25 27 27 9
26 24 21 1
26 24 22 40
26 24 23 2
26 25 13 1
26 25 16 2
26 25 22 4
26 25 23 21
26 25 24 6
26 25 25 2
26 25 26 1
26 26 17 2
26 26 18 2
26 26 25 4
26 26 26 44
26 26 27 10
26 27 26 22
26 27 27 53
26 27 28 10
26 28 27 1
26 28 28 10
27 25 13 1
27 25 22 2
27 25 23 22
27 25 24 3
27 25 25 1
27 26 14 1
27 26 15 1
27 26 17 1
27 26 23 3
27 26 24 13
27 26 25 4
27 26 26 3
27 27 16 1
27 27 20 2
27 27 26 5
27 27 27 28
27 27 28 10
27 28 27 10
27 28 28 38
27 28 29 5
27 29 28 3
27 29 29 2
28 26 23 1
28 26 24 9
28 27 22 1
28 27 23 1
28 27 24 2
28 27 25 1
28 27 26 3
28 27 27 3
28 27 28 1
28 28 19 1
28 28 24 1
28 28 27 3
28 28 28 29
28 28 29 15
28 29 28 6
28 29 29 58
28 29 30 26
28 30 29 1
28 30 30 1
29 27 24 2
29 27 25 3
29 28 25 2
29 28 26 3
29 28 27 2
29 28 28 3
29 28 29 2
29 29 20 1
29 29 23 1
29 29 27 2
29 29 28 3
29 29 29 38
29 29 30 43
29 30 29 28
29 30 30 243
29 30 31 3
29 31 30 4
30 28 25 1
30 28 26 1
30 29 26 10
30 29 27 2
30 29 28 1
30 29 29 2
30 30 21 1
30 30 26 1
30 30 27 5
30 30 28 15
30 30 29 15
30 30 30 620
30 30 31 52
30 31 28 1
30 31 29 14
30 31 30 249
30 31 31 56
31 30 28 4
31 30 29 2
31 30 30 3
31 31 29 3
