32
0 0 0 6
0 1 0 4
1 1 0 15
1 1 1 5
1 2 0 1
1 2 1 81
1 2 2 4
2 2 1 27
2 2 2 60
2 3 1 1
2 3 2 136
2 8 12 1
2 8 13 1
3 2 1 1
3 2 2 2
3 3 1 2
3 3 2 102
3 3 3 63
3 3 4 1
3 4 3 136
3 4 4 6
3 5 4 1
3 6 7 1
3 8 11 2
3 8 12 1
3 11 15 1
3 11 16 1
3 11 17 1
3 12 17 1
4 3 3 1
4 3 4 1
4 4 3 35
4 4 4 85
4 4 5 1
4 5 3 1
4 5 4 153
4 5 5 10
4 6 3 4
4 6 4 6
4 6 5 18
4 7 7 1
4 8 8 1
4 8 9 1
4 10 13 1
4 11 15 2
4 11 16 1
5 4 2 3
5 4 3 2
5 4 4 2
5 4 5 1
5 5 4 14
5 5 5 24
5 5 6 1
5 6 4 4
5 6 5 55
5 6 6 16
5 7 4 1
5 7 6 4
5 7 8 1
5 7 9 1
5 8 7 1
5 8 9 3
5 8 11 1
5 8 12 1
5 9 11 1
5 10 13 1
5 10 14 1
5 10 15 1
5 11 14 1
5 12 15 1
5 12 16 2
5 13 17 1
6 4 2 1
6 4 3 3
6 5 3 3
6 5 5 2
6 5 6 3
6 6 4 2
6 6 5 27
6 6 6 19
6 7 5 6
6 7 6 18
6 7 7 3
6 8 5 1
6 8 6 1
6 8 7 2
6 10 13 1
6 11 14 1
6 11 15 2
6 12 15 1
6 12 16 1
7 4 2 2
7 5 2 9
7 5 3 10
7 5 4 2
7 6 4 1
7 6 6 1
7 7 5 3
7 7 6 19
7 7 7 14
7 7 8 1
7 8 6 4
7 8 7 20
7 8 8 4
7 9 6 1
7 9 8 2
7 10 14 1
7 11 14 1
7 12 16 1
7 13 17 1
8 4 2 5
8 5 2 80
8 5 3 65
8 5 4 2
8 6 3 13
8 6 4 60
8 6 5 1
8 7 4 1
8 7 5 5
8 7 7 2
8 8 6 4
8 8 7 29
8 8 8 16
8 8 9 3
8 8 11 1
8 9 7 3
8 9 8 30
8 9 9 2
8 10 7 1
8 10 9 4
8 10 10 1
8 10 11 1
8 11 14 1
8 11 15 1
8 12 15 1
9 4 6 1
9 5 3 5
9 5 6 1
9 6 3 21
9 6 4 1
9 6 6 1
9 6 8 1
9 7 4 3
9 7 5 6
9 7 6 3
9 7 7 1
9 8 5 1
9 8 6 6
9 8 7 5
9 8 8 3
9 9 7 2
9 9 8 47
9 9 9 15
9 9 10 1
9 10 8 10
9 10 9 27
9 10 10 5
9 11 9 3
9 11 10 3
9 11 11 2
10 5 6 2
10 5 7 1
10 6 3 2
10 6 4 1
10 6 7 2
10 6 8 1
10 7 3 4
10 7 4 20
10 7 5 4
10 7 8 3
10 8 5 1
10 8 6 11
10 8 7 4
10 8 8 1
10 9 7 5
10 9 8 12
10 9 9 1
10 9 10 1
10 9 11 1
10 10 8 3
10 10 9 51
10 10 10 18
10 11 9 10
10 11 10 44
10 11 11 3
10 12 10 1
10 12 11 4
10 12 12 1
11 4 6 1
11 5 7 2
11 6 7 2
11 6 8 4
11 7 4 7
11 7 8 3
11 8 4 2
11 8 5 1
11 8 6 4
11 9 6 1
11 9 7 2
11 9 8 2
11 9 9 1
11 9 10 1
11 9 11 1
11 10 9 11
11 10 10 3
11 11 9 5
11 11 10 60
11 11 11 18
11 11 12 4
11 12 10 11
11 12 11 34
11 12 12 7
11 13 10 2
11 13 11 3
11 13 12 2
12 5 7 1
12 5 8 1
12 6 8 3
12 9 5 4
12 9 6 6
12 9 7 2
12 10 6 4
12 10 7 1
12 10 8 4
12 10 9 2
12 10 10 2
12 10 11 2
12 10 12 1
12 11 8 1
12 11 9 3
12 11 10 10
12 11 11 3
12 11 12 1
12 12 9 1
12 12 10 5
12 12 11 72
12 12 12 15
12 13 11 8
12 13 12 38
12 13 13 7
12 14 12 1
12 14 14 1
13 5 8 3
13 7 9 1
13 10 6 13
13 10 7 26
13 10 11 2
13 11 6 1
13 11 7 19
13 11 8 7
13 11 9 2
13 11 10 3
13 11 11 2
13 12 9 1
13 12 10 1
13 12 11 7
13 12 12 5
13 13 11 7
13 13 12 93
13 13 13 75
13 13 14 2
13 14 12 4
13 14 13 65
13 14 14 11
13 15 14 7
14 11 7 8
14 11 8 17
14 11 9 2
14 11 12 1
14 12 8 7
14 12 9 4
14 12 10 5
14 12 11 2
14 12 12 3
14 13 9 1
14 13 10 2
14 13 11 2
14 13 12 6
14 13 13 13
14 14 11 1
14 14 12 2
14 14 13 116
14 14 14 45
14 14 15 3
14 15 13 7
14 15 14 59
14 15 15 12
14 16 14 2
14 16 15 3
14 17 15 1
15 11 8 1
15 12 8 33
15 12 9 17
15 12 11 1
15 12 13 1
15 13 9 10
15 13 10 14
15 13 11 5
15 13 12 2
15 13 13 3
15 14 10 1
15 14 11 1
15 14 12 6
15 14 13 8
15 14 14 8
15 14 15 1
15 15 11 1
15 15 13 7
15 15 14 107
15 15 15 52
15 15 16 4
15 16 13 1
15 16 14 12
15 16 15 111
15 16 16 11
15 17 15 2
16 5 9 1
16 12 9 1
16 13 9 6
16 13 10 6
16 13 13 1
16 14 10 3
16 14 11 5
16 14 12 3
16 14 13 1
16 14 14 1
16 15 12 1
16 15 13 8
16 15 14 29
16 15 15 6
16 15 16 1
16 16 6 1
16 16 12 1
16 16 13 1
16 16 14 23
16 16 15 151
16 16 16 29
16 16 17 1
16 17 15 9
16 17 16 123
16 17 17 9
16 18 17 2
16 18 19 1
17 6 9 1
17 14 11 1
17 15 12 5
17 15 13 5
17 15 14 2
17 16 12 1
17 16 13 1
17 16 14 4
17 16 15 9
17 16 16 3
17 16 18 1
17 17 13 2
17 17 14 3
17 17 15 7
17 17 16 128
17 17 17 66
17 17 18 3
17 18 16 2
17 18 17 106
17 18 18 12
17 19 17 1
18 15 12 3
18 15 13 1
18 15 15 1
18 16 12 3
18 16 13 3
18 16 14 1
18 17 13 1
18 17 14 5
18 17 15 8
18 17 16 8
18 17 17 1
18 17 18 1
18 18 12 1
18 18 16 4
18 18 17 103
18 18 18 40
18 18 19 3
18 19 17 12
18 19 18 147
18 19 19 10
18 20 18 1
18 20 19 1
18 20 20 1
19 17 13 2
19 17 14 5
19 17 17 2
19 17 18 1
19 18 12 1
19 18 13 1
19 18 16 3
19 18 17 12
19 18 18 8
19 18 19 2
19 19 16 1
19 19 17 9
19 19 18 163
19 19 19 68
19 19 20 1
19 20 18 6
19 20 19 276
19 20 20 14
19 20 21 3
19 21 19 2
19 21 20 7
20 17 18 1
20 18 16 2
20 18 17 1
20 19 10 1
20 19 12 1
20 19 13 1
20 19 16 3
20 19 17 2
20 19 18 5
20 19 19 2
20 20 16 1
20 20 18 11
20 20 19 66
20 20 20 30
20 20 21 2
20 21 19 8
20 21 20 259
20 21 21 31
20 22 21 14
20 22 22 2
21 18 19 1
21 19 13 1
21 19 16 1
21 19 17 1
21 20 13 1
21 20 14 1
21 20 18 4
21 20 19 1
21 21 13 1
21 21 15 1
21 21 16 1
21 21 19 1
21 21 20 30
21 21 21 35
21 21 22 4
21 22 20 3
21 22 21 159
21 22 22 108
21 22 23 1
21 23 22 5
21 23 23 1
22 20 17 3
22 20 18 4
22 20 19 1
22 21 13 2
22 21 17 1
22 21 18 5
22 21 19 6
22 21 20 2
22 21 21 1
22 21 22 1
22 22 21 22
22 22 22 115
22 22 23 25
22 23 22 329
22 23 23 151
22 23 24 9
22 24 23 11
22 24 24 11
23 20 17 23
23 20 18 3
23 21 17 10
23 21 18 85
23 21 19 24
23 22 13 1
23 22 15 1
23 22 17 1
23 22 19 7
23 22 20 4
23 22 21 2
23 22 22 2
23 23 16 1
23 23 17 1
23 23 22 30
23 23 23 207
23 23 24 11
23 24 22 1
23 24 23 135
23 24 24 202
23 24 25 17
23 25 24 8
23 25 25 6
24 21 17 1
24 21 18 17
24 21 19 3
24 22 19 7
24 22 20 21
24 22 22 1
24 22 23 1
24 23 13 1
24 23 15 1
24 23 20 8
24 23 21 4
24 23 22 1
24 23 23 7
24 23 24 3
24 24 22 3
24 24 23 7
24 24 24 112
24 24 25 15
24 25 24 121
24 25 25 329
24 25 26 13
24 26 25 15
24 26 26 12
25 23 13 1
25 23 20 5
25 23 21 26
25 23 22 8
25 24 12 1
25 24 21 2
25 24 22 19
25 24 23 7
25 24 24 1
25 25 22 1
25 25 23 3
25 25 24 5
25 25 25 176
25 25 26 14
25 25 27 1
25 26 25 35
25 26 26 105
25 26 27 4
25 27 26 2
25 27 27 3
26 24 22 41
26 24 23 7
26 24 24 1
26 24 25 1
26 25 13 1
26 25 16 1
26 25 17 1
26 25 22 6
26 25 23 23
26 25 24 7
26 25 25 4
26 25 26 1
26 26 15 1
26 26 16 1
26 26 18 1
26 26 19 2
26 26 24 1
26 26 25 7
26 26 26 36
26 26 27 17
26 27 26 13
26 27 27 53
26 27 28 12
26 28 27 2
26 28 28 15
27 25 22 1
27 25 23 24
27 25 24 3
27 25 25 1
27 26 15 1
27 26 16 2
27 26 18 1
27 26 19 2
27 26 23 3
27 26 24 15
27 26 25 5
27 26 26 6
27 26 27 3
27 27 17 1
27 27 26 2
27 27 27 27
27 27 28 10
27 28 27 9
27 28 28 29
27 28 29 7
27 29 28 1
27 29 29 2
28 26 24 9
28 26 25 3
28 27 22 1
28 27 25 5
28 27 27 7
28 27 28 1
28 28 20 1
28 28 24 1
28 28 25 1
28 28 27 5
28 28 28 42
28 28 29 18
28 29 28 6
28 29 29 49
28 29 30 28
28 30 30 1
29 27 25 4
29 28 23 1
29 28 24 2
29 28 25 2
29 28 26 7
29 28 27 2
29 28 28 4
29 29 20 2
29 29 27 1
29 29 28 4
29 29 29 46
29 29 30 44
29 30 29 11
29 30 30 227
29 30 31 2
29 31 30 5
30 28 26 2
30 29 26 2
30 29 27 3
30 29 28 1
30 29 29 2
30 30 22 1
30 30 27 5
30 30 28 11
30 30 29 16
30 30 30 607
30 30 31 48
30 31 29 5
30 31 30 285
30 31 31 35
31 30 28 2
31 30 29 1
31 30 30 5
31 30 31 1
31 31 28 1
31 31 31 1
