32
0 0 0 9
1 0 1 1
1 1 0 16
1 1 1 7
1 2 1 65
1 2 2 2
2 1 1 1
2 2 1 43
2 2 2 65
2 2 3 3
2 3 1 1
2 3 2 129
2 3 3 5
2 8 12 2
3 2 2 5
3 3 2 107
3 3 3 52
3 3 4 1
3 4 3 148
3 4 4 6
3 5 4 1
3 7 11 1
3 8 12 1
3 10 14 1
3 11 15 1
3 11 16 3
4 3 2 3
4 3 3 3
4 3 4 1
4 4 2 2
4 4 3 32
4 4 4 79
4 4 5 1
4 5 3 1
4 5 4 151
4 5 5 9
4 6 3 2
4 6 4 7
4 6 5 19
4 7 6 1
4 7 8 1
4 8 11 3
4 9 11 1
4 9 13 2
4 10 14 1
4 11 15 2
4 12 15 1
5 4 2 3
5 4 3 3
5 4 4 1
5 4 5 1
5 5 4 19
5 5 5 20
5 5 6 2
5 6 4 8
5 6 5 62
5 6 6 22
5 7 5 2
5 8 8 1
5 8 9 1
5 8 10 1
5 9 12 1
5 10 13 1
5 11 13 2
5 11 14 1
5 11 15 1
6 4 2 1
6 5 3 1
6 5 4 3
6 5 5 5
6 5 6 3
6 6 4 1
6 6 5 17
6 6 6 9
6 6 7 2
6 7 5 5
6 7 6 6
6 7 7 3
6 9 11 1
6 9 12 1
6 10 13 1
6 10 14 1
6 11 14 1
6 11 15 1
7 4 2 3
7 5 2 13
7 5 3 16
7 5 4 6
7 6 4 1
7 6 6 1
7 7 5 3
7 7 6 21
7 7 7 14
7 7 8 1
7 8 6 12
7 8 7 15
7 8 8 5
7 8 11 1
7 9 6 1
7 9 8 3
7 10 13 1
7 11 14 2
8 4 2 3
8 5 2 79
8 5 3 51
8 5 4 2
8 6 3 17
8 6 4 48
8 6 5 2
8 7 5 6
8 7 6 1
8 7 7 2
8 7 8 1
8 8 6 10
8 8 7 47
8 8 8 13
8 8 9 2
8 9 7 9
8 9 8 29
8 9 9 3
8 9 10 1
8 10 9 2
8 10 10 2
8 14 18 1
9 4 5 2
9 4 6 1
9 5 3 6
9 6 3 19
9 6 4 3
9 6 6 1
9 6 7 1
9 7 4 5
9 7 5 9
9 7 6 3
9 8 5 1
9 8 6 5
9 8 7 5
9 8 8 3
9 9 7 3
9 9 8 60
9 9 9 16
9 9 10 2
9 10 8 7
9 10 9 34
9 10 10 7
9 10 11 1
9 11 8 1
9 11 9 2
9 11 10 2
9 12 9 1
10 4 6 1
10 5 7 3
10 6 3 5
10 6 7 3
10 7 4 22
10 7 5 3
10 7 6 1
10 7 8 1
10 8 5 1
10 8 6 5
10 8 7 4
10 8 8 2
10 9 6 1
10 9 7 4
10 9 8 7
10 9 9 2
10 9 11 1
10 10 8 4
10 10 9 61
10 10 10 16
10 11 9 20
10 11 10 30
10 11 11 4
10 11 12 1
10 12 10 1
10 12 11 2
10 12 13 1
11 4 6 1
11 5 7 1
11 6 7 4
11 6 8 1
11 7 4 4
11 7 8 3
11 8 4 3
11 8 5 4
11 8 6 2
11 9 6 4
11 9 7 5
11 9 8 3
11 9 10 3
11 10 8 3
11 10 9 6
11 10 10 3
11 10 11 1
11 11 9 10
11 11 10 61
11 11 11 16
11 11 12 2
11 12 10 12
11 12 11 37
11 12 12 2
11 13 11 2
11 13 12 2
11 15 17 1
12 5 7 2
12 6 8 2
12 8 5 1
12 8 9 1
12 9 5 6
12 9 6 6
12 9 7 3
12 9 10 1
12 9 11 1
12 10 6 2
12 10 8 4
12 10 9 1
12 10 10 2
12 10 11 2
12 11 9 1
12 11 10 9
12 11 11 4
12 11 12 1
12 12 10 8
12 12 11 73
12 12 12 24
12 12 13 3
12 13 11 11
12 13 12 37
12 13 13 4
12 13 14 1
12 14 12 2
12 14 13 4
12 15 14 1
13 5 8 1
13 6 8 1
13 9 10 1
13 10 6 9
13 10 7 14
13 11 7 10
13 11 8 3
13 11 9 4
13 11 10 1
13 11 11 1
13 11 12 1
13 12 8 1
13 12 9 2
13 12 10 3
13 12 11 10
13 12 12 9
13 13 11 9
13 13 12 94
13 13 13 59
13 13 14 4
13 14 12 8
13 14 13 56
13 14 14 12
13 15 13 1
13 15 14 1
14 5 8 1
14 9 9 1
14 10 7 1
14 10 11 1
14 11 7 8
14 11 8 25
14 11 9 1
14 11 11 1
14 12 8 7
14 12 9 3
14 12 10 6
14 12 11 1
14 12 12 2
14 13 10 1
14 13 11 4
14 13 12 11
14 13 13 20
14 13 14 4
14 14 11 1
14 14 12 1
14 14 13 140
14 14 14 58
14 15 13 6
14 15 14 53
14 15 15 6
14 15 16 2
14 16 14 1
14 16 15 5
15 11 13 1
15 12 8 29
15 12 9 13
15 12 10 1
15 13 9 7
15 13 10 12
15 13 11 1
15 13 12 5
15 13 13 2
15 14 12 3
15 14 13 12
15 14 14 7
15 14 15 1
15 15 10 1
15 15 12 1
15 15 13 13
15 15 14 132
15 15 15 38
15 15 16 6
15 16 14 22
15 16 15 89
15 16 16 9
15 17 15 1
15 17 16 2
15 17 17 2
16 6 9 1
16 12 9 1
16 13 9 4
16 13 10 7
16 14 10 2
16 14 11 4
16 14 12 5
16 14 13 1
16 14 14 3
16 15 12 2
16 15 13 12
16 15 14 33
16 15 15 6
16 15 16 2
16 16 12 1
16 16 13 1
16 16 14 55
16 16 15 153
16 16 16 28
16 16 17 2
16 17 15 7
16 17 16 114
16 17 17 11
16 18 17 2
16 19 18 1
17 14 10 1
17 14 11 3
17 15 11 3
17 15 12 1
17 15 13 7
17 15 14 4
17 15 15 2
17 16 13 3
17 16 14 8
17 16 15 5
17 16 16 2
17 16 17 1
17 17 12 1
17 17 15 13
17 17 16 168
17 17 17 65
17 17 18 3
17 18 16 5
17 18 17 108
17 18 18 9
17 19 17 1
17 19 18 3
17 19 19 1
18 15 12 1
18 16 12 7
18 16 13 5
18 16 14 2
18 16 15 1
18 16 16 1
18 17 14 3
18 17 15 5
18 17 16 5
18 17 17 2
18 17 18 1
18 18 12 2
18 18 16 8
18 18 17 118
18 18 18 49
18 18 19 1
18 19 17 8
18 19 18 149
18 19 19 12
18 20 18 1
18 20 19 2
19 16 13 3
19 16 15 1
19 17 13 4
19 17 14 4
19 17 15 3
19 17 16 2
19 18 11 1
19 18 12 1
19 18 13 1
19 18 15 1
19 18 16 3
19 18 17 9
19 18 18 7
19 18 19 2
19 19 14 1
19 19 17 9
19 19 18 207
19 19 19 59
19 19 20 3
19 20 18 7
19 20 19 279
19 20 20 17
19 20 21 1
19 21 19 2
19 21 20 5
19 21 22 1
20 17 14 1
20 18 14 2
20 18 15 1
20 18 16 4
20 18 17 4
20 19 10 1
20 19 14 1
20 19 17 5
20 19 18 6
20 19 19 4
20 19 20 1
20 20 18 8
20 20 19 71
20 20 20 32
20 20 21 2
20 21 19 7
20 21 20 254
20 21 21 36
20 22 21 13
20 22 22 1
21 19 16 3
21 19 17 2
21 19 18 2
21 20 12 1
21 20 13 2
21 20 18 3
21 20 19 2
21 20 21 1
21 21 12 1
21 21 13 1
21 21 18 1
21 21 19 1
21 21 20 28
21 21 21 29
21 21 22 8
21 22 20 4
21 22 21 149
21 22 22 116
21 22 23 2
21 23 22 10
22 20 14 1
22 20 17 5
22 20 18 2
22 20 19 1
22 20 21 1
22 21 13 1
22 21 16 1
22 21 18 5
22 21 19 2
22 21 20 4
22 21 21 2
22 21 22 1
22 22 20 2
22 22 21 27
22 22 22 121
22 22 23 15
22 23 22 361
22 23 23 167
22 23 24 9
22 24 23 10
22 24 24 7
23 20 17 13
23 20 18 4
23 20 19 1
23 21 17 13
23 21 18 59
23 21 19 12
23 22 15 2
23 22 19 9
23 22 20 7
23 22 21 1
23 22 22 7
23 23 13 1
23 23 16 1
23 23 22 25
23 23 23 193
23 23 24 10
23 24 23 99
23 24 24 213
23 24 25 14
23 25 24 8
23 25 25 7
24 21 17 8
24 21 18 25
24 22 18 3
24 22 19 7
24 22 20 27
24 22 21 2
24 23 11 1
24 23 14 1
24 23 20 11
24 23 21 3
24 23 22 2
24 23 23 1
24 24 22 4
24 24 23 12
24 24 24 109
24 24 25 13
24 25 24 108
24 25 25 308
24 25 26 19
24 26 25 11
24 26 26 9
25 22 12 1
25 23 20 4
25 23 21 24
25 23 22 3
25 23 23 1
25 23 24 1
25 24 13 1
25 24 16 1
25 24 21 2
25 24 22 22
25 24 23 7
25 24 24 3
25 25 23 4
25 25 24 9
25 25 25 137
25 25 26 13
25 26 24 1
25 26 25 30
25 26 26 94
25 26 27 3
25 27 26 2
25 27 27 6
26 23 25 1
26 24 22 38
26 24 23 7
26 24 24 3
26 25 14 1
26 25 16 2
26 25 17 1
26 25 19 1
26 25 22 6
26 25 23 21
26 25 24 3
26 25 25 2
26 25 26 1
26 26 16 1
26 26 17 1
26 26 18 1
26 26 20 1
26 26 25 5
26 26 26 48
26 26 27 18
26 27 26 32
26 27 27 49
26 27 28 19
26 28 28 10
27 25 23 25
27 25 24 6
27 26 15 1
27 26 18 2
27 26 23 2
27 26 24 12
27 26 25 7
27 26 26 3
27 27 20 2
27 27 22 1
27 27 26 5
27 27 27 30
27 27 28 9
27 28 27 9
27 28 28 38
27 28 29 8
27 29 28 1
27 29 29 1
28 26 23 1
28 26 24 12
28 26 25 1
28 27 22 1
28 27 24 1
28 27 25 4
28 27 27 1
28 27 28 1
28 27 29 1
28 28 25 1
28 28 26 3
28 28 27 8
28 28 28 32
28 28 29 10
28 29 28 6
28 29 29 60
28 29 30 23
29 27 25 2
29 28 19 1
29 28 25 6
29 28 26 3
29 28 28 1
29 29 19 1
29 29 26 1
29 29 27 2
29 29 28 4
29 29 29 43
29 29 30 49
29 30 27 1
29 30 29 16
29 30 30 237
29 30 31 2
29 31 30 4
30 28 25 1
30 28 26 5
30 29 21 1
30 29 27 4
30 29 28 1
30 29 29 3
30 29 30 3
30 30 22 1
30 30 26 1
30 30 27 7
30 30 28 11
30 30 29 20
30 30 30 640
30 30 31 33
30 31 29 6
30 31 30 253
30 31 31 40
31 30 28 3
31 30 29 1
31 30 30 2
31 31 29 1
