32
0 0 0 9
0 1 0 3
1 1 0 14
1 1 1 7
1 2 1 68
1 2 2 2
2 1 1 2
2 2 1 48
2 2 2 71
2 3 2 112
2 3 3 5
2 4 3 1
2 8 12 1
3 2 2 5
3 3 1 1
3 3 2 112
3 3 3 55
3 4 3 147
3 4 4 8
3 5 4 3
3 8 11 1
3 8 12 2
3 10 15 1
3 11 15 1
3 11 16 3
4 3 1 2
4 3 2 1
4 4 3 39
4 4 4 81
4 4 5 2
4 5 3 1
4 5 4 145
4 5 5 8
4 6 3 2
4 6 4 1
4 6 5 11
4 6 7 1
4 8 10 1
4 9 13 1
4 10 13 1
4 10 14 1
4 12 15 1
4 12 16 1
5 4 2 3
5 4 3 2
5 4 4 2
5 4 5 1
5 5 3 1
5 5 4 17
5 5 5 23
5 5 6 3
5 6 4 10
5 6 5 66
5 6 6 9
5 7 5 1
5 7 6 6
5 7 7 1
5 8 8 2
5 9 11 2
5 9 12 1
5 10 14 1
5 11 14 1
5 11 15 1
5 12 15 1
6 4 2 1
6 4 3 1
6 5 3 1
6 5 4 1
6 5 5 3
6 5 6 2
6 6 5 23
6 6 6 16
6 6 7 2
6 7 5 2
6 7 6 14
6 8 5 1
6 8 6 1
6 8 7 1
6 9 6 1
6 9 12 2
6 10 12 1
6 10 13 1
6 11 14 3
6 11 15 2
6 12 13 1
6 12 15 2
6 13 16 1
7 4 2 2
7 4 3 1
7 5 2 7
7 5 3 12
7 5 4 6
7 6 4 2
7 6 6 2
7 7 5 3
7 7 6 35
7 7 7 7
7 7 8 1
7 8 6 9
7 8 7 18
7 8 8 4
7 8 9 1
7 9 8 2
7 9 9 1
7 9 10 1
8 4 2 3
8 5 2 79
8 5 3 52
8 6 3 13
8 6 4 47
8 6 5 3
8 6 6 1
8 7 4 2
8 7 5 9
8 7 6 3
8 7 7 4
8 8 6 1
8 8 7 51
8 8 8 14
8 8 11 1
8 9 7 11
8 9 8 31
8 9 9 2
8 10 7 1
8 10 8 2
8 10 9 4
8 10 10 1
8 12 15 1
9 4 6 2
9 5 3 4
9 5 7 1
9 6 3 19
9 6 4 6
9 6 5 1
9 7 4 6
9 7 5 18
9 7 6 3
9 8 5 2
9 8 6 4
9 8 7 1
9 8 8 1
9 9 8 51
9 9 9 17
9 9 10 1
9 9 11 1
9 10 8 7
9 10 9 23
9 10 10 7
9 10 11 2
9 11 10 3
9 11 11 1
9 12 10 1
10 4 6 2
10 5 7 4
10 6 3 3
10 6 4 3
10 6 7 3
10 7 3 1
10 7 4 21
10 7 5 2
10 8 5 3
10 8 6 3
10 8 7 2
10 8 8 2
10 9 8 11
10 9 10 1
10 9 11 1
10 10 8 4
10 10 9 65
10 10 10 12
10 10 11 2
10 11 9 19
10 11 10 39
10 11 11 5
10 12 9 1
10 12 10 1
10 12 11 4
10 12 12 1
11 4 7 1
11 5 7 1
11 6 7 3
11 7 4 8
11 7 8 5
11 8 4 1
11 8 5 2
11 8 6 1
11 8 9 1
11 9 5 5
11 9 6 3
11 9 7 3
11 9 8 4
11 9 9 1
11 9 10 3
11 10 8 1
11 10 9 9
11 10 10 2
11 10 11 1
11 11 9 10
11 11 10 70
11 11 11 14
11 11 12 2
11 12 10 19
11 12 11 27
11 12 12 3
11 12 13 1
11 13 12 3
12 5 7 1
12 5 8 2
12 6 7 1
12 6 8 1
12 9 6 3
12 9 7 2
12 9 9 1
12 10 6 3
12 10 7 1
12 10 8 6
12 10 10 2
12 10 11 2
12 11 9 3
12 11 10 9
12 11 11 3
12 11 12 1
12 12 10 11
12 12 11 83
12 12 12 17
12 12 13 1
12 13 11 11
12 13 12 41
12 13 13 5
12 14 13 1
13 6 8 1
13 9 11 1
13 10 6 8
13 10 7 17
13 11 7 13
13 11 8 4
13 11 9 1
13 11 11 1
13 11 12 1
13 12 9 2
13 12 10 7
13 12 11 9
13 12 12 7
13 12 13 1
13 13 9 1
13 13 11 8
13 13 12 105
13 13 13 64
13 13 14 2
13 14 12 4
13 14 13 45
13 14 14 11
13 15 13 5
13 15 14 4
14 5 8 2
14 11 7 8
14 11 8 21
14 11 12 1
14 12 8 17
14 12 9 6
14 12 10 4
14 12 11 2
14 13 11 1
14 13 12 12
14 13 13 7
14 14 9 1
14 14 11 1
14 14 12 4
14 14 13 142
14 14 14 44
14 14 15 4
14 15 13 9
14 15 14 49
14 15 15 5
14 16 15 2
14 16 16 1
14 17 16 1
15 10 11 1
15 12 8 28
15 12 9 18
15 12 10 1
15 12 12 1
15 13 9 5
15 13 10 10
15 13 11 2
15 13 12 2
15 13 13 2
15 14 12 8
15 14 13 18
15 14 14 11
15 14 15 1
15 15 13 6
15 15 14 137
15 15 15 43
15 15 16 4
15 16 14 18
15 16 15 106
15 16 16 10
15 17 16 4
16 13 9 2
16 13 10 6
16 13 14 1
16 14 11 4
16 14 12 5
16 14 13 3
16 14 14 4
16 15 12 2
16 15 13 12
16 15 14 32
16 15 15 10
16 15 16 2
16 16 11 1
16 16 13 1
16 16 14 47
16 16 15 179
16 16 16 33
16 16 17 4
16 17 15 10
16 17 16 128
16 17 17 8
16 18 17 1
16 18 19 1
17 14 11 3
17 15 11 2
17 15 12 3
17 15 13 6
17 15 14 2
17 15 15 2
17 16 13 3
17 16 14 9
17 16 15 13
17 16 16 1
17 17 15 12
17 17 16 160
17 17 17 73
17 18 16 7
17 18 17 137
17 18 18 13
17 19 18 2
17 19 19 1
18 15 12 1
18 16 12 3
18 16 13 3
18 16 14 3
18 16 15 2
18 16 16 1
18 17 12 1
18 17 14 2
18 17 15 7
18 17 16 16
18 17 17 3
18 18 12 1
18 18 14 1
18 18 16 6
18 18 17 139
18 18 18 56
18 18 19 1
18 19 17 7
18 19 18 188
18 19 19 7
18 19 20 1
18 20 18 1
18 20 19 4
18 20 20 1
19 16 12 1
19 16 13 2
19 16 15 1
19 17 13 1
19 17 14 7
19 17 15 3
19 17 16 2
19 17 17 1
19 18 10 1
19 18 15 2
19 18 16 6
19 18 17 11
19 18 18 6
19 19 17 9
19 19 18 245
19 19 19 61
19 19 20 3
19 20 18 10
19 20 19 345
19 20 20 14
19 21 19 4
19 21 20 4
20 17 14 3
20 18 14 1
20 18 15 4
20 18 16 2
20 18 17 1
20 19 11 1
20 19 12 1
20 19 13 2
20 19 16 1
20 19 17 2
20 19 18 2
20 19 19 2
20 19 20 1
20 20 14 1
20 20 18 6
20 20 19 71
20 20 20 32
20 20 21 3
20 21 19 10
20 21 20 264
20 21 21 37
20 22 21 15
20 23 22 1
21 18 15 2
21 19 16 2
21 19 17 4
21 19 18 1
21 20 11 2
21 20 14 1
21 20 18 2
21 20 19 3
21 20 20 2
21 21 16 1
21 21 19 3
21 21 20 38
21 21 21 32
21 21 22 10
21 22 20 3
21 22 21 151
21 22 22 123
21 22 23 3
21 23 22 12
21 23 23 4
22 19 19 1
22 20 13 1
22 20 17 8
22 20 18 5
22 20 19 3
22 21 13 1
22 21 17 1
22 21 18 7
22 21 19 4
22 21 20 3
22 21 21 4
22 21 22 3
22 22 20 1
22 22 21 29
22 22 22 105
22 22 23 18
22 23 22 281
22 23 23 146
22 23 24 7
22 24 23 11
22 24 24 7
23 20 17 18
23 20 18 1
23 21 17 10
23 21 18 53
23 21 19 17
23 21 20 1
23 22 11 1
23 22 15 1
23 22 18 1
23 22 19 5
23 22 20 4
23 22 21 3
23 22 22 5
23 23 13 1
23 23 16 1
23 23 22 24
23 23 23 163
23 23 24 15
23 24 22 1
23 24 23 113
23 24 24 201
23 24 25 16
23 25 24 7
23 25 25 7
24 21 17 6
24 21 18 16
24 21 19 1
24 22 18 1
24 22 19 6
24 22 20 21
24 22 21 1
24 22 23 1
24 23 14 2
24 23 15 1
24 23 17 1
24 23 20 10
24 23 21 6
24 23 22 5
24 23 23 1
24 24 12 1
24 24 22 1
24 24 23 7
24 24 24 121
24 24 25 14
24 25 24 100
24 25 25 292
24 25 26 32
24 26 25 8
24 26 26 7
25 23 12 1
25 23 20 6
25 23 21 25
25 23 22 1
25 24 14 1
25 24 15 1
25 24 16 2
25 24 20 1
25 24 21 2
25 24 22 18
25 24 23 9
25 24 24 2
25 24 25 1
25 25 16 1
25 25 22 1
25 25 23 2
25 25 24 11
25 25 25 139
25 25 26 21
25 26 25 43
25 26 26 90
25 26 27 4
25 27 27 6
26 24 21 1
26 24 22 30
26 24 23 5
26 25 14 1
26 25 16 3
26 25 21 1
26 25 22 4
26 25 23 23
26 25 24 4
26 25 25 5
26 25 26 2
26 26 15 2
26 26 17 1
26 26 24 1
26 26 25 8
26 26 26 49
26 26 27 14
26 27 26 27
26 27 27 55
26 27 28 11
26 28 27 2
26 28 28 13
27 25 14 1
27 25 22 1
27 25 23 17
27 25 24 4
27 25 25 1
27 26 15 1
27 26 17 1
27 26 23 4
27 26 24 11
27 26 25 1
27 26 26 6
27 27 18 1
27 27 20 1
27 27 21 2
27 27 25 1
27 27 26 4
27 27 27 37
27 27 28 13
27 28 27 8
27 28 28 40
27 28 29 13
27 29 29 2
28 26 23 1
28 26 24 12
28 26 25 2
28 27 23 1
28 27 25 2
28 27 26 3
28 27 27 3
28 28 24 1
28 28 25 1
28 28 27 6
28 28 28 25
28 28 29 11
28 29 23 1
28 29 28 5
28 29 29 56
28 29 30 17
28 30 29 1
29 27 25 3
29 28 20 1
29 28 25 2
29 28 26 4
29 28 27 1
29 28 28 2
29 28 29 2
29 29 19 1
29 29 26 2
29 29 27 2
29 29 29 38
29 29 30 50
29 30 29 14
29 30 30 251
29 30 31 3
29 31 30 3
29 31 31 1
30 28 25 2
30 28 26 4
30 29 21 1
30 29 26 1
30 29 27 5
30 29 28 1
30 29 29 3
30 29 30 1
30 30 26 1
30 30 27 5
30 30 28 11
30 30 29 20
30 30 30 694
30 30 31 38
30 31 29 10
30 31 30 227
30 31 31 39
31 30 28 3
31 30 29 1
31 31 24 1
31 31 29 1
