32
0 0 0 6
0 1 1 2
1 1 0 15
1 1 1 4
1 2 0 1
1 2 1 65
1 2 2 2
2 1 1 1
2 2 0 1
2 2 1 31
2 2 2 52
2 3 1 1
2 3 2 117
2 3 3 3
2 8 12 1
2 8 13 1
3 2 1 1
3 2 2 2
3 3 2 119
3 3 3 65
3 3 4 1
3 4 3 128
3 4 4 4
3 5 4 5
3 8 12 1
3 10 15 1
3 11 16 2
3 11 17 1
3 12 16 2
4 3 2 2
4 3 3 2
4 4 3 41
4 4 4 81
4 5 4 130
4 5 5 6
4 6 3 2
4 6 4 10
4 6 5 21
4 7 8 1
4 8 12 1
4 9 11 1
4 9 13 1
4 10 13 1
5 4 5 2
5 5 3 1
5 5 4 15
5 5 5 31
5 5 6 1
5 6 4 7
5 6 5 65
5 6 6 20
5 7 5 1
5 7 6 5
5 8 9 2
5 8 10 1
5 9 12 1
5 9 13 1
5 10 14 1
5 11 14 1
5 12 15 1
5 13 16 1
5 13 17 1
6 4 3 3
6 5 3 6
6 5 4 3
6 5 5 1
6 6 4 3
6 6 5 29
6 6 6 12
6 6 7 1
6 7 5 2
6 7 6 14
6 7 7 4
6 8 8 1
6 11 14 1
6 11 15 1
6 12 15 1
6 12 16 1
6 13 17 1
7 4 2 4
7 5 2 15
7 5 3 11
7 5 4 3
7 6 4 2
7 6 5 1
7 6 6 1
7 7 5 3
7 7 6 24
7 7 7 9
7 7 8 2
7 8 6 7
7 8 7 23
7 8 8 5
7 9 8 1
7 9 9 1
7 10 7 1
7 10 11 1
7 10 13 2
7 11 13 1
7 11 14 1
7 12 15 1
7 12 16 1
8 4 2 5
8 5 2 78
8 5 3 63
8 5 4 2
8 6 3 15
8 6 4 57
8 7 4 1
8 7 5 6
8 7 6 2
8 8 6 3
8 8 7 27
8 8 8 12
8 8 9 3
8 9 7 5
8 9 8 27
8 9 9 4
8 10 8 2
8 10 9 3
8 11 13 1
8 12 15 1
9 5 3 5
9 6 3 19
9 6 4 4
9 6 5 1
9 6 7 2
9 7 4 2
9 7 5 7
9 7 6 3
9 7 8 2
9 8 5 1
9 8 6 9
9 8 7 7
9 8 8 2
9 8 9 2
9 8 11 1
9 9 7 2
9 9 8 64
9 9 9 13
9 9 10 1
9 10 8 8
9 10 9 36
9 10 10 6
9 10 11 2
9 11 9 2
9 11 10 8
9 11 11 1
10 4 6 3
10 5 6 1
10 6 3 1
10 6 4 1
10 6 7 3
10 7 3 2
10 7 4 23
10 7 5 3
10 7 8 1
10 8 5 1
10 8 6 3
10 8 7 1
10 9 7 3
10 9 8 6
10 9 9 1
10 10 8 5
10 10 9 56
10 10 10 20
10 11 9 15
10 11 10 31
10 11 11 7
10 12 9 1
10 12 10 1
10 12 11 1
10 13 10 1
11 4 7 1
11 5 7 1
11 6 7 3
11 6 8 1
11 7 4 6
11 7 8 3
11 7 9 1
11 8 4 2
11 8 5 2
11 8 6 2
11 8 8 2
11 8 9 1
11 9 5 1
11 9 6 4
11 9 7 4
11 9 8 4
11 9 11 2
11 10 8 9
11 10 9 7
11 10 10 2
11 11 9 4
11 11 10 59
11 11 11 23
11 11 12 1
11 12 10 4
11 12 11 41
11 12 12 5
11 13 11 2
12 5 7 1
12 5 8 1
12 6 8 4
12 7 8 1
12 7 9 1
12 9 5 2
12 9 6 1
12 9 7 2
12 10 6 3
12 10 7 2
12 10 8 5
12 10 9 3
12 10 11 1
12 11 9 4
12 11 10 13
12 11 11 2
12 11 12 1
12 12 9 1
12 12 10 4
12 12 11 63
12 12 12 19
12 13 11 8
12 13 12 43
12 13 13 6
12 13 14 1
12 14 13 3
13 5 8 2
13 8 10 1
13 9 6 1
13 9 11 1
13 10 6 12
13 10 7 7
13 10 10 1
13 10 11 1
13 10 12 1
13 11 7 6
13 11 8 1
13 11 9 1
13 11 11 4
13 11 12 1
13 12 8 1
13 12 9 1
13 12 10 4
13 12 11 12
13 12 12 5
13 12 13 1
13 13 11 8
13 13 12 96
13 13 13 69
13 13 14 1
13 14 12 9
13 14 13 51
13 14 14 6
13 15 13 1
13 15 14 2
14 5 9 1
14 7 9 1
14 9 9 1
14 10 11 1
14 11 7 11
14 11 8 14
14 11 9 2
14 12 8 11
14 12 9 6
14 12 10 2
14 12 12 1
14 12 13 1
14 13 11 1
14 13 12 12
14 13 13 11
14 13 14 2
14 14 12 2
14 14 13 121
14 14 14 48
14 14 15 1
14 15 13 8
14 15 14 50
14 15 15 7
14 15 16 1
14 16 14 2
14 16 15 2
15 12 8 36
15 12 9 19
15 12 13 1
15 13 9 10
15 13 10 6
15 13 11 2
15 13 12 2
15 13 13 2
15 14 11 1
15 14 12 4
15 14 13 10
15 14 14 7
15 14 15 1
15 15 12 1
15 15 13 9
15 15 14 104
15 15 15 38
15 16 12 1
15 16 14 9
15 16 15 94
15 16 16 6
15 16 17 2
15 17 15 1
15 17 16 2
16 13 9 4
16 13 10 6
16 13 11 2
16 13 12 1
16 13 14 2
16 14 10 2
16 14 11 4
16 14 12 4
16 14 13 5
16 14 14 1
16 15 11 1
16 15 12 2
16 15 13 8
16 15 14 26
16 15 15 7
16 15 16 2
16 16 7 1
16 16 12 1
16 16 14 29
16 16 15 165
16 16 16 35
16 16 17 2
16 17 15 5
16 17 16 124
16 17 17 12
16 18 17 3
16 18 18 1
17 5 9 1
17 7 10 1
17 14 10 2
17 14 11 4
17 15 11 3
17 15 12 3
17 15 13 4
17 15 14 4
17 15 15 2
17 16 13 2
17 16 14 9
17 16 15 9
17 16 17 1
17 17 15 13
17 17 16 116
17 17 17 65
17 17 18 2
17 18 16 1
17 18 17 105
17 18 18 14
17 19 18 3
17 19 19 1
18 15 12 3
18 15 17 1
18 16 12 6
18 16 13 5
18 16 14 3
18 16 15 1
18 17 12 1
18 17 14 2
18 17 15 4
18 17 16 6
18 17 17 1
18 18 12 1
18 18 13 1
18 18 14 1
18 18 16 7
18 18 17 105
18 18 18 35
18 18 19 1
18 19 17 10
18 19 18 147
18 19 19 9
18 19 20 1
18 20 19 2
18 20 20 1
18 21 20 1
19 16 12 2
19 16 13 1
19 17 13 4
19 17 14 3
19 17 15 6
19 17 16 4
19 17 17 1
19 18 15 2
19 18 16 3
19 18 17 5
19 18 18 7
19 19 14 1
19 19 17 15
19 19 18 171
19 19 19 55
19 19 20 3
19 20 18 15
19 20 19 278
19 20 20 11
19 21 19 3
19 21 20 6
20 17 14 4
20 17 15 1
20 18 15 2
20 18 16 1
20 18 17 2
20 18 19 1
20 19 11 1
20 19 12 2
20 19 13 1
20 19 16 2
20 19 17 5
20 19 18 6
20 19 19 4
20 20 16 1
20 20 18 13
20 20 19 57
20 20 20 26
20 20 21 3
20 20 22 1
20 21 19 10
20 21 20 250
20 21 21 32
20 22 21 13
20 22 22 1
21 18 15 1
21 19 16 9
21 19 17 4
21 19 18 2
21 19 19 1
21 20 12 1
21 20 13 1
21 20 14 1
21 20 18 3
21 20 19 5
21 20 20 1
21 20 21 1
21 21 14 1
21 21 18 1
21 21 20 37
21 21 21 30
21 21 22 11
21 22 20 3
21 22 21 162
21 22 22 99
21 22 23 3
21 23 22 8
21 23 23 1
22 19 16 1
22 20 17 6
22 20 18 7
22 20 19 2
22 20 20 2
22 21 13 1
22 21 18 1
22 21 19 5
22 21 20 4
22 21 21 2
22 21 22 1
22 22 14 1
22 22 20 1
22 22 21 25
22 22 22 111
22 22 23 20
22 23 19 1
22 23 22 321
22 23 23 138
22 23 24 6
22 24 23 20
22 24 24 6
23 20 17 27
23 20 18 7
23 21 17 10
23 21 18 57
23 21 19 12
23 21 20 1
23 22 13 1
23 22 14 1
23 22 18 1
23 22 19 9
23 22 20 1
23 22 21 2
23 22 22 2
23 23 15 1
23 23 22 25
23 23 23 175
23 23 24 10
23 24 23 126
23 24 24 219
23 24 25 14
23 25 24 7
23 25 25 6
24 21 17 4
24 21 18 4
24 22 16 1
24 22 19 7
24 22 20 23
24 23 15 1
24 23 20 5
24 23 21 6
24 23 22 3
24 23 23 5
24 23 24 1
24 24 22 3
24 24 23 10
24 24 24 118
24 24 25 24
24 25 24 122
24 25 25 337
24 25 26 20
24 26 25 9
24 26 26 20
25 23 13 1
25 23 20 4
25 23 21 26
25 23 22 4
25 23 23 1
25 24 13 2
25 24 21 2
25 24 22 17
25 24 23 6
25 24 24 2
25 25 16 1
25 25 23 2
25 25 24 10
25 25 25 163
25 25 26 8
25 26 25 54
25 26 26 107
25 26 27 6
25 27 26 2
25 27 27 4
26 23 22 1
26 24 22 44
26 24 23 7
26 25 14 1
26 25 15 1
26 25 18 1
26 25 22 3
26 25 23 30
26 25 24 7
26 25 25 1
26 26 14 1
26 26 15 2
26 26 16 1
26 26 17 3
26 26 18 1
26 26 19 1
26 26 25 5
26 26 26 57
26 26 27 17
26 27 26 17
26 27 27 57
26 27 28 15
26 28 28 15
27 25 23 28
27 25 24 1
27 26 15 1
27 26 16 3
27 26 23 4
27 26 24 16
27 26 25 4
27 26 26 3
27 26 27 2
27 27 18 1
27 27 19 1
27 27 26 3
27 27 27 44
27 27 28 12
27 28 27 9
27 28 28 38
27 28 29 8
27 29 29 1
28 26 24 7
28 26 25 3
28 27 24 1
28 27 25 4
28 27 26 2
28 27 27 5
28 27 28 1
28 28 20 1
28 28 24 1
28 28 27 6
28 28 28 33
28 28 29 16
28 29 28 11
28 29 29 57
28 29 30 25
29 27 25 4
29 28 23 1
29 28 25 4
29 28 26 5
29 28 27 3
29 28 28 3
29 29 20 1
29 29 21 1
29 29 27 1
29 29 28 5
29 29 29 45
29 29 30 42
29 30 29 10
29 30 30 234
29 30 31 17
29 31 30 2
29 31 31 1
30 28 26 2
30 29 26 2
30 29 27 5
30 29 29 1
30 29 30 1
30 30 20 1
30 30 22 1
30 30 27 2
30 30 28 11
30 30 29 16
30 30 30 581
30 30 31 47
30 31 29 5
30 31 30 209
30 31 31 55
31 30 28 2
31 30 29 1
31 30 30 3
31 30 31 1
