32
0 0 0 7
0 1 0 3
0 1 1 1
1 1 0 19
1 1 1 10
1 2 1 72
1 2 2 4
2 2 1 42
2 2 2 49
2 3 1 1
2 3 2 137
2 3 3 2
2 4 3 1
2 8 11 1
2 8 12 1
2 10 15 1
3 2 1 1
3 2 2 2
3 3 1 1
3 3 2 95
3 3 3 53
3 3 4 1
3 4 2 1
3 4 3 156
3 4 4 8
3 5 4 4
3 7 11 1
3 8 11 1
3 10 15 1
3 11 16 3
4 2 3 1
4 3 1 1
4 3 2 1
4 4 2 2
4 4 3 23
4 4 4 69
4 5 3 2
4 5 4 142
4 5 5 15
4 6 3 3
4 6 4 11
4 6 5 22
4 6 7 1
4 7 6 1
4 8 10 1
4 9 12 1
4 10 13 2
4 10 14 1
4 10 15 1
4 11 14 1
5 3 2 1
5 4 2 1
5 4 4 5
5 4 5 3
5 5 4 18
5 5 5 19
5 5 6 3
5 6 4 2
5 6 5 36
5 6 6 22
5 7 5 1
5 7 6 2
5 7 7 1
5 7 8 1
5 8 8 1
5 9 11 1
5 9 12 1
5 10 13 2
5 11 15 1
6 4 2 1
6 4 5 1
6 5 3 2
6 5 4 1
6 5 5 3
6 5 6 2
6 6 4 4
6 6 5 18
6 6 6 21
6 6 7 3
6 7 5 5
6 7 6 11
6 8 5 1
6 8 6 1
6 8 7 3
6 8 8 1
6 9 10 1
6 9 12 2
6 10 13 1
6 11 13 1
6 11 14 2
6 11 15 1
6 12 15 1
6 12 16 1
6 13 16 1
7 4 2 4
7 5 2 15
7 5 3 10
7 5 4 6
7 6 3 1
7 6 4 3
7 6 5 3
7 6 7 1
7 7 6 32
7 7 7 10
7 7 8 1
7 8 6 6
7 8 7 20
7 8 8 3
7 9 7 1
7 9 8 2
7 10 6 1
7 10 13 1
7 11 14 1
7 11 15 1
8 4 2 5
8 5 2 77
8 5 3 55
8 6 3 12
8 6 4 54
8 6 5 2
8 6 6 1
8 7 4 3
8 7 5 5
8 7 6 2
8 7 7 2
8 7 8 1
8 8 6 9
8 8 7 53
8 8 8 17
8 8 9 1
8 8 10 1
8 9 7 5
8 9 8 33
8 9 9 3
8 9 10 2
8 10 7 1
8 10 9 1
8 11 7 1
8 14 18 1
9 3 5 1
9 5 3 6
9 5 6 1
9 6 3 22
9 6 4 3
9 6 7 2
9 7 4 5
9 7 5 9
9 7 6 6
9 7 7 1
9 7 8 2
9 8 5 2
9 8 6 8
9 8 7 4
9 8 8 3
9 8 9 2
9 9 7 2
9 9 8 43
9 9 9 14
9 9 10 1
9 9 11 1
9 10 8 12
9 10 9 28
9 10 10 4
9 11 10 3
10 5 6 2
10 5 7 2
10 6 3 3
10 6 4 2
10 6 7 1
10 7 3 1
10 7 4 20
10 7 5 2
10 7 6 1
10 7 8 1
10 8 5 1
10 8 6 5
10 8 7 1
10 8 8 1
10 9 7 5
10 9 8 6
10 10 8 5
10 10 9 58
10 10 10 14
10 10 11 3
10 11 9 15
10 11 10 40
10 11 11 8
10 12 9 1
10 12 11 5
10 12 12 1
10 13 10 1
11 4 6 1
11 5 7 3
11 5 8 2
11 6 7 4
11 7 4 7
11 7 7 1
11 7 8 2
11 8 4 1
11 8 5 2
11 8 6 2
11 8 8 2
11 8 9 1
11 9 5 2
11 9 6 4
11 9 7 8
11 9 8 5
11 9 10 2
11 10 8 6
11 10 9 9
11 10 11 2
11 11 9 6
11 11 10 55
11 11 11 16
11 11 12 1
11 12 10 11
11 12 11 35
11 12 12 7
11 13 11 2
11 13 12 5
11 14 17 1
12 4 7 1
12 6 7 1
12 6 8 1
12 7 9 1
12 8 10 1
12 9 5 8
12 9 6 4
12 9 7 1
12 9 11 2
12 10 6 2
12 10 7 2
12 10 10 2
12 11 9 2
12 11 10 11
12 11 11 6
12 12 7 1
12 12 8 1
12 12 10 8
12 12 11 63
12 12 12 17
12 12 13 2
12 13 11 7
12 13 12 41
12 13 13 10
12 14 13 5
13 4 8 1
13 5 8 1
13 10 6 7
13 10 7 13
13 10 8 1
13 10 12 1
13 11 7 8
13 11 8 5
13 11 9 4
13 11 11 1
13 12 10 5
13 12 11 7
13 12 12 6
13 12 13 1
13 13 10 1
13 13 11 13
13 13 12 90
13 13 13 74
13 13 14 1
13 14 12 6
13 14 13 59
13 14 14 6
13 15 13 3
13 15 14 3
13 15 15 1
14 5 8 3
14 10 11 1
14 11 7 9
14 11 8 25
14 12 8 12
14 12 9 5
14 12 10 1
14 12 11 1
14 12 12 2
14 13 10 5
14 13 11 5
14 13 12 11
14 13 13 16
14 14 12 4
14 14 13 124
14 14 14 58
14 14 15 2
14 15 13 11
14 15 14 46
14 15 15 3
14 16 15 2
14 16 16 1
15 11 8 2
15 12 8 29
15 12 9 15
15 13 9 5
15 13 10 7
15 13 11 2
15 13 12 6
15 13 13 2
15 13 14 1
15 14 11 1
15 14 12 8
15 14 13 15
15 14 14 6
15 14 15 1
15 14 16 1
15 15 11 2
15 15 13 15
15 15 14 133
15 15 15 53
15 15 16 1
15 16 14 19
15 16 15 94
15 16 16 6
15 17 15 1
15 17 16 3
15 18 17 1
16 12 12 1
16 13 10 6
16 13 11 1
16 14 10 5
16 14 11 4
16 14 12 8
16 14 13 3
16 14 14 3
16 15 12 1
16 15 13 8
16 15 14 31
16 15 15 2
16 16 11 1
16 16 14 51
16 16 15 160
16 16 16 27
16 16 17 1
16 17 15 8
16 17 16 127
16 17 17 5
16 18 17 3
16 18 18 1
17 14 10 2
17 14 11 1
17 15 11 3
17 15 12 3
17 15 13 5
17 15 14 2
17 15 15 1
17 15 16 1
17 16 13 2
17 16 14 9
17 16 15 9
17 16 16 2
17 17 12 1
17 17 14 1
17 17 15 9
17 17 16 124
17 17 17 65
17 17 18 1
17 18 16 6
17 18 17 100
17 18 18 10
17 19 17 1
17 19 18 1
18 15 11 1
18 15 12 5
18 16 12 7
18 16 13 3
18 16 14 4
18 17 12 1
18 17 14 1
18 17 15 9
18 17 16 7
18 17 17 1
18 18 11 1
18 18 16 6
18 18 17 127
18 18 18 45
18 18 19 3
18 19 17 12
18 19 18 141
18 19 19 6
18 20 19 1
19 16 13 2
19 16 15 1
19 17 13 4
19 17 14 3
19 17 15 4
19 17 16 3
19 18 10 1
19 18 12 1
19 18 15 1
19 18 16 7
19 18 17 12
19 18 18 11
19 18 19 1
19 19 17 11
19 19 18 189
19 19 19 59
19 19 20 2
19 20 18 9
19 20 19 287
19 20 20 20
19 21 19 2
19 21 20 1
20 17 17 1
20 18 14 3
20 18 15 4
20 18 16 3
20 19 10 1
20 19 12 1
20 19 13 2
20 19 14 1
20 19 16 2
20 19 17 5
20 19 18 4
20 19 19 4
20 19 20 2
20 20 13 1
20 20 18 5
20 20 19 64
20 20 20 25
20 21 19 5
20 21 20 258
20 21 21 37
20 21 22 1
20 22 21 19
20 22 22 1
21 18 15 2
21 19 16 2
21 19 17 1
21 19 19 1
21 20 12 1
21 20 14 1
21 20 17 2
21 20 18 2
21 20 19 6
21 20 20 1
21 21 19 1
21 21 20 30
21 21 21 29
21 21 22 13
21 22 20 1
21 22 21 145
21 22 22 104
21 22 23 2
21 23 22 15
21 23 23 4
22 20 17 1
22 20 18 5
22 20 19 1
22 20 20 1
22 21 13 1
22 21 17 1
22 21 18 9
22 21 19 6
22 21 20 5
22 21 21 6
22 22 14 1
22 22 17 1
22 22 20 3
22 22 21 29
22 22 22 111
22 22 23 18
22 23 22 314
22 23 23 133
22 23 24 7
22 24 23 14
22 24 24 7
23 20 17 14
23 20 18 3
23 21 17 15
23 21 18 46
23 21 19 15
23 22 16 1
23 22 19 4
23 22 20 9
23 22 21 4
23 22 22 5
23 23 14 1
23 23 17 1
23 23 19 1
23 23 22 23
23 23 23 172
23 23 24 6
23 24 23 119
23 24 24 193
23 24 25 12
23 25 24 10
23 25 25 9
24 21 17 2
24 21 18 20
24 22 19 8
24 22 20 20
24 22 21 1
24 23 11 1
24 23 15 1
24 23 20 9
24 23 21 8
24 23 22 3
24 23 23 4
24 24 22 3
24 24 23 10
24 24 24 119
24 24 25 14
24 25 21 1
24 25 24 109
24 25 25 318
24 25 26 17
24 26 25 7
24 26 26 11
25 23 13 1
25 23 20 4
25 23 21 25
25 23 22 4
25 23 24 1
25 24 15 1
25 24 16 1
25 24 21 1
25 24 22 23
25 24 23 5
25 24 24 1
25 24 25 1
25 25 16 1
25 25 23 2
25 25 24 13
25 25 25 133
25 25 26 20
25 26 25 47
25 26 26 97
25 26 27 9
25 27 26 2
25 27 27 4
26 24 21 1
26 24 22 43
26 24 23 6
26 24 24 1
26 25 14 2
26 25 18 1
26 25 22 3
26 25 23 28
26 25 24 3
26 25 25 3
26 25 26 2
26 26 15 1
26 26 17 4
26 26 20 1
26 26 24 2
26 26 25 3
26 26 26 51
26 26 27 15
26 27 26 22
26 27 27 55
26 27 28 13
26 28 27 1
26 28 28 10
27 25 23 22
27 25 24 4
27 26 15 2
27 26 18 2
27 26 19 1
27 26 23 6
27 26 24 6
27 26 25 1
27 26 26 3
27 27 26 9
27 27 27 39
27 27 28 12
27 28 27 7
27 28 28 41
27 28 29 5
27 29 29 2
27 30 29 1
28 26 23 1
28 26 24 12
28 26 25 1
28 27 22 3
28 27 23 1
28 27 24 1
28 27 25 1
28 27 26 3
28 27 27 5
28 27 28 1
28 28 18 1
28 28 26 1
28 28 27 4
28 28 28 27
28 28 29 9
28 29 28 7
28 29 29 64
28 29 30 16
28 30 30 1
29 27 24 1
29 27 25 9
29 28 19 1
29 28 20 1
29 28 25 1
29 28 26 4
29 28 27 1
29 28 28 1
29 29 25 1
29 29 27 1
29 29 28 3
29 29 29 38
29 29 30 46
29 30 28 1
29 30 29 18
29 30 30 232
29 30 31 1
29 31 30 3
29 31 31 1
30 28 26 2
30 28 30 1
30 29 21 1
30 29 26 5
30 29 27 5
30 29 28 3
30 29 29 1
30 30 23 1
30 30 26 1
30 30 27 1
30 30 28 14
30 30 29 14
30 30 30 649
30 30 31 36
30 31 28 1
30 31 29 8
30 31 30 244
30 31 31 36
31 30 28 7
31 30 29 3
31 30 30 4
