32
0 0 0 4
0 0 1 2
0 1 0 2
1 1 0 6
1 1 1 9
1 1 2 2
1 2 1 69
1 2 2 3
2 2 1 39
2 2 2 77
2 3 1 1
2 3 2 114
2 3 3 1
2 7 11 1
2 7 12 2
2 10 14 1
3 2 2 3
3 3 2 120
3 3 3 55
3 4 2 1
3 4 3 143
3 4 4 7
3 5 4 1
3 6 6 1
3 8 11 2
3 10 15 1
3 11 15 2
3 11 16 2
4 2 3 1
4 3 2 2
4 3 3 2
4 4 3 19
4 4 4 92
4 4 5 1
4 5 3 1
4 5 4 140
4 5 5 20
4 6 3 1
4 6 4 5
4 6 5 10
4 7 6 1
4 7 7 1
4 8 10 1
4 8 11 1
4 9 11 1
4 9 13 1
4 10 13 1
5 4 2 4
5 4 4 3
5 4 5 1
5 5 4 12
5 5 5 23
5 5 6 2
5 6 4 3
5 6 5 54
5 6 6 15
5 7 4 3
5 7 6 6
5 7 7 2
5 7 8 1
5 8 8 1
5 9 11 1
5 9 12 1
5 9 13 1
5 10 13 2
5 11 14 3
5 12 15 1
6 4 3 1
6 5 3 3
6 5 4 1
6 5 5 2
6 5 6 1
6 6 4 4
6 6 5 23
6 6 6 10
6 6 7 1
6 7 5 1
6 7 6 16
6 7 7 5
6 8 7 2
6 8 9 1
6 9 11 1
6 9 12 2
6 10 13 1
6 11 12 1
6 11 14 3
6 11 15 2
7 4 2 2
7 5 2 7
7 5 3 19
7 5 4 7
7 6 4 4
7 6 5 1
7 6 6 2
7 7 5 4
7 7 6 30
7 7 7 16
7 7 8 3
7 8 6 9
7 8 7 17
7 8 8 1
7 9 8 3
7 9 12 1
7 10 6 1
7 10 8 1
7 11 14 1
7 12 15 1
8 4 2 2
8 5 2 62
8 5 3 62
8 6 3 13
8 6 4 59
8 6 5 1
8 6 6 1
8 7 4 1
8 7 5 6
8 7 6 3
8 7 7 2
8 8 6 2
8 8 7 37
8 8 8 26
8 8 9 2
8 8 10 1
8 9 7 4
8 9 8 29
8 9 9 5
8 10 7 1
8 10 8 1
8 10 9 5
8 10 10 3
8 10 11 1
9 4 5 1
9 5 3 7
9 5 6 2
9 6 3 18
9 6 4 4
9 6 5 1
9 7 4 4
9 7 5 12
9 7 6 1
9 7 7 1
9 8 5 1
9 8 6 5
9 8 7 2
9 8 8 2
9 9 8 55
9 9 9 12
9 9 10 4
9 10 8 11
9 10 9 33
9 10 10 5
9 11 10 1
9 11 11 1
10 4 6 1
10 4 7 1
10 5 6 1
10 5 7 3
10 6 3 6
10 6 7 2
10 6 8 1
10 7 3 1
10 7 4 21
10 7 5 2
10 7 8 1
10 8 5 1
10 8 6 8
10 9 6 2
10 9 7 1
10 9 8 4
10 9 9 3
10 9 10 1
10 10 9 51
10 10 10 15
10 10 11 1
10 11 9 23
10 11 10 37
10 11 11 3
10 12 11 2
10 12 12 1
10 13 12 1
11 4 6 1
11 5 7 1
11 6 8 2
11 7 4 6
11 7 8 3
11 8 4 1
11 8 5 3
11 8 6 1
11 8 7 2
11 8 8 1
11 8 9 1
11 9 5 3
11 9 6 1
11 9 7 5
11 9 8 5
11 9 9 2
11 9 10 3
11 10 7 1
11 10 8 4
11 10 9 9
11 10 10 2
11 10 11 1
11 11 9 6
11 11 10 71
11 11 11 22
11 11 12 1
11 12 10 14
11 12 11 40
11 12 12 6
11 13 10 1
11 13 11 1
11 13 12 6
12 5 7 1
12 5 8 1
12 6 8 2
12 8 5 1
12 8 10 1
12 9 5 1
12 9 6 5
12 10 6 3
12 10 7 3
12 10 8 2
12 10 9 3
12 10 10 1
12 10 11 1
12 11 9 1
12 11 10 9
12 11 11 6
12 11 12 2
12 11 13 1
12 12 9 2
12 12 10 7
12 12 11 73
12 12 12 26
12 12 13 1
12 13 11 16
12 13 12 51
12 13 13 10
12 14 13 4
12 14 14 1
13 4 8 1
13 5 8 1
13 6 8 2
13 6 9 1
13 9 6 1
13 10 6 18
13 10 7 13
13 10 12 1
13 11 7 16
13 11 8 6
13 11 9 3
13 11 11 1
13 11 12 2
13 12 9 2
13 12 10 2
13 12 11 8
13 12 12 8
13 12 13 1
13 13 11 6
13 13 12 122
13 13 13 62
13 13 14 3
13 14 12 2
13 14 13 52
13 14 14 9
13 15 13 3
13 15 14 1
13 16 18 1
14 11 7 7
14 11 8 27
14 11 9 2
14 11 12 1
14 12 8 5
14 12 9 5
14 12 10 2
14 12 11 2
14 12 12 1
14 13 10 1
14 13 11 5
14 13 12 14
14 13 13 10
14 13 14 1
14 14 11 1
14 14 12 3
14 14 13 126
14 14 14 42
14 14 15 4
14 15 13 8
14 15 14 55
14 15 15 4
14 16 15 1
14 16 16 1
15 11 8 2
15 12 8 23
15 12 9 23
15 13 9 4
15 13 10 8
15 13 11 4
15 13 12 3
15 14 7 1
15 14 11 2
15 14 12 5
15 14 13 13
15 14 14 5
15 14 15 1
15 15 12 1
15 15 13 9
15 15 14 119
15 15 15 47
15 15 16 5
15 16 14 12
15 16 15 123
15 16 16 7
15 17 16 2
16 13 9 1
16 13 10 7
16 14 10 3
16 14 11 7
16 14 12 3
16 14 13 4
16 14 14 5
16 14 15 1
16 15 12 4
16 15 13 12
16 15 14 29
16 15 15 6
16 15 16 1
16 16 6 1
16 16 11 1
16 16 12 1
16 16 14 38
16 16 15 179
16 16 16 29
16 16 17 1
16 17 15 11
16 17 16 137
16 17 17 6
17 14 10 4
17 14 11 1
17 15 11 2
17 15 12 3
17 15 13 3
17 15 14 3
17 15 15 1
17 16 13 2
17 16 14 10
17 16 15 7
17 16 16 2
17 16 17 1
17 17 12 1
17 17 14 3
17 17 15 7
17 17 16 156
17 17 17 70
17 17 18 2
17 18 16 4
17 18 17 153
17 18 18 13
17 19 18 4
17 20 19 1
18 15 12 2
18 16 12 1
18 16 13 3
18 16 14 2
18 16 15 2
18 17 15 4
18 17 16 7
18 17 17 4
18 17 18 1
18 18 12 1
18 18 16 5
18 18 17 140
18 18 18 43
18 18 19 3
18 19 17 14
18 19 18 197
18 19 19 16
18 20 18 1
18 20 19 2
19 16 13 1
19 16 14 1
19 17 14 4
19 17 15 4
19 17 16 3
19 17 17 1
19 18 10 1
19 18 11 1
19 18 12 1
19 18 13 1
19 18 15 1
19 18 16 4
19 18 17 10
19 18 18 5
19 18 19 1
19 19 17 8
19 19 18 215
19 19 19 78
19 19 20 8
19 20 18 9
19 20 19 345
19 20 20 12
19 20 21 2
19 21 19 2
19 21 20 8
20 17 13 1
20 17 14 1
20 18 10 3
20 18 15 2
20 18 16 5
20 18 18 1
20 19 13 1
20 19 14 1
20 19 16 1
20 19 17 4
20 19 18 6
20 19 19 1
20 20 17 1
20 20 18 3
20 20 19 57
20 20 20 27
20 20 21 1
20 21 19 7
20 21 20 293
20 21 21 43
20 22 20 1
20 22 21 19
20 22 22 2
21 19 16 3
21 19 17 2
21 19 19 1
21 20 13 1
21 20 20 1
21 21 13 1
21 21 14 1
21 21 19 3
21 21 20 35
21 21 21 36
21 21 22 8
21 22 20 6
21 22 21 177
21 22 22 124
21 22 23 2
21 23 22 13
22 19 17 1
22 20 14 1
22 20 16 1
22 20 17 11
22 20 18 8
22 20 19 2
22 21 13 2
22 21 18 3
22 21 19 6
22 21 20 3
22 21 21 6
22 22 20 4
22 22 21 29
22 22 22 117
22 22 23 15
22 23 22 366
22 23 23 127
22 23 24 8
22 24 23 15
22 24 24 6
23 20 17 25
23 20 18 6
23 21 17 18
23 21 18 69
23 21 19 10
23 22 12 1
23 22 17 1
23 22 18 2
23 22 19 10
23 22 20 4
23 22 21 4
23 22 22 7
23 23 15 1
23 23 22 25
23 23 23 164
23 23 24 8
23 24 22 1
23 24 23 123
23 24 24 181
23 24 25 16
23 25 24 14
23 25 25 6
23 26 25 1
24 21 17 5
24 21 18 11
24 21 19 1
24 22 12 1
24 22 19 8
24 22 20 24
24 23 12 1
24 23 13 1
24 23 15 2
24 23 18 2
24 23 20 6
24 23 21 6
24 23 23 4
24 23 24 1
24 24 20 1
24 24 21 1
24 24 22 4
24 24 23 8
24 24 24 124
24 24 25 16
24 25 24 128
24 25 25 294
24 25 26 12
24 26 25 19
24 26 26 4
25 22 21 1
25 23 13 1
25 23 20 4
25 23 21 24
25 23 22 2
25 24 16 1
25 24 21 2
25 24 22 21
25 24 23 5
25 25 23 3
25 25 24 10
25 25 25 134
25 25 26 11
25 25 27 1
25 26 25 44
25 26 26 90
25 26 27 1
25 27 27 6
26 23 21 1
26 24 21 2
26 24 22 37
26 24 23 3
26 25 14 1
26 25 15 2
26 25 22 4
26 25 23 18
26 25 24 4
26 26 14 1
26 26 15 3
26 26 17 3
26 26 20 1
26 26 21 1
26 26 24 4
26 26 25 2
26 26 26 43
26 26 27 15
26 27 26 15
26 27 27 47
26 27 28 13
26 28 27 3
26 28 28 13
27 25 14 1
27 25 22 1
27 25 23 29
27 25 24 1
27 26 15 1
27 26 17 1
27 26 18 1
27 26 23 3
27 26 24 9
27 26 25 1
27 26 26 2
27 26 27 2
27 27 21 1
27 27 26 4
27 27 27 24
27 27 28 10
27 28 27 10
27 28 28 33
27 28 29 8
27 29 29 1
28 26 23 1
28 26 24 5
28 27 21 1
28 27 22 1
28 27 24 2
28 27 25 1
28 27 26 4
28 27 27 5
28 27 28 2
28 28 25 1
28 28 27 4
28 28 28 33
28 28 29 7
28 29 28 7
28 29 29 61
28 29 30 26
28 30 29 2
28 30 30 1
29 27 24 2
29 27 25 6
29 28 19 1
29 28 25 1
29 28 26 2
29 28 27 1
29 28 28 4
29 28 29 3
29 29 19 1
29 29 20 1
29 29 25 1
29 29 28 4
29 29 29 52
29 29 30 43
29 30 29 21
29 30 30 232
29 30 31 13
29 31 30 5
29 31 31 1
30 28 26 3
30 29 26 4
30 29 27 7
30 29 28 1
30 29 29 3
30 30 22 1
30 30 26 1
30 30 27 9
30 30 28 8
30 30 29 17
30 30 30 637
30 30 31 42
30 31 29 16
30 31 30 239
30 31 31 55
31 30 28 5
31 30 29 1
31 30 30 3
31 31 28 1
31 31 29 4
