32
0 0 0 4
0 1 0 1
0 1 1 2
1 1 0 9
1 1 1 10
1 2 1 68
1 2 2 3
2 2 1 31
2 2 2 59
2 2 3 1
2 3 1 2
2 3 2 117
2 3 3 2
2 4 2 1
2 5 3 1
2 7 12 1
3 2 2 5
3 3 2 118
3 3 3 67
3 3 4 2
3 4 2 1
3 4 3 151
3 4 4 9
3 5 4 1
3 6 5 1
3 8 11 2
3 9 13 1
3 10 14 2
3 10 15 2
3 11 15 1
3 11 16 1
4 3 2 3
4 3 3 4
4 3 4 1
4 4 2 1
4 4 3 30
4 4 4 83
4 4 5 2
4 5 3 4
4 5 4 148
4 5 5 9
4 6 3 3
4 6 4 8
4 6 5 22
4 6 6 2
4 7 9 1
4 8 9 1
4 8 12 1
4 10 13 1
4 12 16 1
5 4 2 2
5 4 3 2
5 4 4 1
5 4 5 4
5 5 4 16
5 5 5 24
5 5 6 2
5 6 4 6
5 6 5 37
5 6 6 24
5 7 4 2
5 7 5 1
5 7 6 3
5 7 7 1
5 7 8 1
5 8 8 1
5 8 11 1
5 10 12 1
5 10 13 1
5 10 14 2
5 11 14 1
5 12 14 1
6 4 2 1
6 5 3 2
6 5 5 1
6 5 6 2
6 6 4 2
6 6 5 17
6 6 6 8
6 6 7 1
6 7 5 10
6 7 6 18
6 7 7 4
6 8 7 5
6 9 11 2
6 9 12 1
6 10 13 1
6 10 14 1
6 11 13 1
6 11 14 1
6 11 15 3
7 4 2 3
7 5 2 13
7 5 3 16
7 5 4 7
7 6 4 1
7 6 5 1
7 6 6 2
7 6 7 1
7 7 4 1
7 7 5 2
7 7 6 18
7 7 7 11
7 7 8 2
7 8 6 6
7 8 7 14
7 8 8 5
7 8 11 1
7 9 6 1
7 9 8 1
7 9 12 1
7 10 12 1
7 10 13 1
8 4 2 5
8 5 2 72
8 5 3 51
8 5 4 1
8 6 3 13
8 6 4 54
8 6 5 3
8 6 6 1
8 7 4 5
8 7 5 5
8 7 6 2
8 7 7 2
8 7 8 1
8 8 6 3
8 8 7 52
8 8 8 20
8 8 9 1
8 9 7 4
8 9 8 25
8 9 9 7
8 9 10 1
8 10 7 1
8 10 9 3
8 10 10 2
8 14 16 1
9 4 5 1
9 4 6 2
9 5 3 5
9 5 7 1
9 6 3 20
9 6 4 1
9 6 7 1
9 7 4 3
9 7 5 12
9 7 6 1
9 7 7 1
9 8 6 7
9 8 7 2
9 8 9 1
9 9 8 52
9 9 9 13
9 9 10 2
9 10 8 17
9 10 9 38
9 10 10 6
9 11 10 6
9 11 11 1
10 5 6 1
10 5 7 2
10 6 3 2
10 6 4 2
10 6 7 1
10 6 8 1
10 7 3 3
10 7 4 21
10 7 5 4
10 7 8 1
10 8 5 2
10 8 6 4
10 8 7 2
10 8 10 1
10 9 7 4
10 9 8 9
10 9 11 1
10 10 8 2
10 10 9 57
10 10 10 10
10 10 11 2
10 11 9 23
10 11 10 27
10 11 11 6
10 11 12 1
10 12 10 1
10 12 11 3
10 13 10 1
10 13 11 1
11 4 6 1
11 5 7 1
11 6 7 3
11 6 8 1
11 7 4 6
11 7 8 3
11 8 4 2
11 8 5 2
11 8 6 4
11 8 8 1
11 8 9 1
11 9 5 2
11 9 6 1
11 9 7 4
11 9 8 2
11 9 9 1
11 9 10 1
11 10 8 3
11 10 9 4
11 10 10 3
11 10 11 1
11 10 12 1
11 11 9 12
11 11 10 64
11 11 11 19
11 11 12 3
11 12 10 12
11 12 11 41
11 12 12 10
11 13 11 1
11 13 12 3
12 5 7 1
12 5 8 2
12 6 8 2
12 7 8 1
12 9 5 1
12 9 6 6
12 9 11 1
12 10 6 2
12 10 7 2
12 10 9 1
12 10 11 4
12 11 9 2
12 11 10 9
12 11 11 3
12 12 10 5
12 12 11 86
12 12 12 17
12 13 11 7
12 13 12 55
12 13 13 10
13 5 8 2
13 6 8 1
13 9 6 1
13 10 6 15
13 10 7 12
13 10 8 1
13 10 11 2
13 11 7 13
13 11 8 4
13 11 9 2
13 11 10 2
13 11 11 2
13 12 9 2
13 12 10 2
13 12 11 7
13 12 12 7
13 13 9 1
13 13 11 3
13 13 12 104
13 13 13 61
13 13 14 2
13 14 12 4
13 14 13 44
13 14 14 7
13 15 13 3
13 15 14 3
13 17 19 1
14 11 7 9
14 11 8 25
14 11 9 3
14 11 12 1
14 12 8 12
14 12 9 1
14 12 10 2
14 12 12 2
14 12 13 1
14 13 10 2
14 13 11 3
14 13 12 12
14 13 13 6
14 14 10 2
14 14 12 2
14 14 13 135
14 14 14 48
14 14 15 4
14 15 13 4
14 15 14 57
14 15 15 8
14 15 16 2
14 16 15 3
14 16 16 1
15 5 9 2
15 12 8 27
15 12 9 15
15 12 13 1
15 13 8 1
15 13 9 11
15 13 10 10
15 13 11 3
15 13 13 1
15 14 9 1
15 14 11 4
15 14 12 8
15 14 13 16
15 14 14 5
15 14 15 1
15 15 11 1
15 15 13 9
15 15 14 145
15 15 15 44
15 15 16 1
15 16 14 14
15 16 15 131
15 16 16 3
15 17 16 2
15 17 17 1
16 13 9 2
16 13 10 5
16 13 12 1
16 13 13 1
16 13 14 1
16 14 10 4
16 14 11 6
16 14 12 2
16 14 13 2
16 14 14 1
16 15 12 3
16 15 13 4
16 15 14 27
16 15 15 5
16 15 16 1
16 16 7 1
16 16 13 2
16 16 14 34
16 16 15 174
16 16 16 28
16 16 17 3
16 17 15 18
16 17 16 133
16 17 17 14
16 18 16 1
16 18 17 1
16 18 18 1
16 18 19 1
17 13 14 1
17 14 10 1
17 14 11 5
17 15 11 2
17 15 12 6
17 15 13 4
17 15 14 5
17 16 12 1
17 16 13 2
17 16 14 7
17 16 15 13
17 16 16 2
17 17 14 2
17 17 15 8
17 17 16 151
17 17 17 68
17 18 16 2
17 18 17 145
17 18 18 15
17 19 17 2
17 19 18 6
18 15 12 2
18 16 12 2
18 16 13 2
18 16 14 2
18 16 15 2
18 16 16 1
18 17 12 1
18 17 13 1
18 17 14 1
18 17 15 2
18 17 16 3
18 17 17 3
18 17 18 1
18 18 12 1
18 18 16 8
18 18 17 138
18 18 18 31
18 18 19 1
18 19 17 12
18 19 18 211
18 19 19 4
18 20 19 1
18 20 20 1
19 16 13 2
19 17 14 6
19 17 15 9
19 17 16 1
19 17 17 1
19 18 10 1
19 18 12 1
19 18 16 1
19 18 17 6
19 18 18 6
19 19 11 1
19 19 13 1
19 19 17 10
19 19 18 212
19 19 19 57
19 19 20 3
19 20 18 13
19 20 19 320
19 20 20 17
19 20 21 1
19 21 19 3
19 21 20 11
20 17 14 5
20 18 15 1
20 18 16 2
20 18 17 1
20 18 18 1
20 19 11 1
20 19 13 1
20 19 16 3
20 19 17 3
20 19 18 7
20 19 20 1
20 20 12 1
20 20 13 1
20 20 15 1
20 20 18 7
20 20 19 55
20 20 20 21
20 20 21 3
20 21 19 9
20 21 20 266
20 21 21 39
20 21 22 2
20 22 20 2
20 22 21 19
20 22 22 1
21 18 15 1
21 18 16 1
21 19 16 2
21 19 17 3
21 19 18 1
21 20 12 1
21 20 14 1
21 20 16 1
21 20 17 1
21 20 18 5
21 20 19 5
21 20 20 3
21 21 13 1
21 21 16 1
21 21 18 1
21 21 19 2
21 21 20 36
21 21 21 27
21 21 22 8
21 22 20 3
21 22 21 159
21 22 22 126
21 22 23 6
21 23 22 17
21 23 23 1
22 19 16 2
22 19 17 1
22 20 17 10
22 20 18 8
22 20 19 1
22 20 20 1
22 21 13 1
22 21 18 7
22 21 19 4
22 21 20 5
22 21 21 1
22 22 16 1
22 22 19 1
22 22 20 1
22 22 21 27
22 22 22 108
22 22 23 17
22 23 22 374
22 23 23 130
22 23 24 6
22 24 23 20
22 24 24 8
23 20 17 37
23 20 18 3
23 21 17 26
23 21 18 47
23 21 19 11
23 21 20 1
23 22 19 7
23 22 20 4
23 22 21 2
23 22 22 4
23 22 23 1
23 23 15 1
23 23 22 18
23 23 23 176
23 23 24 12
23 24 22 1
23 24 23 125
23 24 24 197
23 24 25 14
23 25 24 11
23 25 25 8
23 26 25 2
24 21 17 6
24 21 18 7
24 21 19 1
24 22 19 11
24 22 20 19
24 22 21 2
24 23 11 1
24 23 15 2
24 23 20 8
24 23 21 5
24 23 22 2
24 23 23 1
24 24 20 1
24 24 22 4
24 24 23 9
24 24 24 126
24 24 25 6
24 25 24 143
24 25 25 280
24 25 26 11
24 26 25 9
24 26 26 8
25 22 12 1
25 23 20 5
25 23 21 17
25 23 22 6
25 24 13 2
25 24 14 1
25 24 16 1
25 24 21 2
25 24 22 24
25 24 23 6
25 24 24 1
25 24 25 1
25 25 22 2
25 25 23 3
25 25 24 8
25 25 25 137
25 25 26 17
25 26 17 1
25 26 24 1
25 26 25 46
25 26 26 92
25 26 27 8
25 27 26 1
25 27 27 7
26 24 22 43
26 24 23 3
26 25 14 1
26 25 16 1
26 25 22 5
26 25 23 22
26 25 24 5
26 25 25 2
26 26 14 1
26 26 16 1
26 26 17 2
26 26 18 2
26 26 19 1
26 26 24 1
26 26 25 4
26 26 26 46
26 26 27 15
26 27 25 1
26 27 26 16
26 27 27 54
26 27 28 10
26 28 27 2
26 28 28 9
27 25 15 1
27 25 22 2
27 25 23 19
27 25 24 3
27 26 15 1
27 26 17 1
27 26 18 1
27 26 23 8
27 26 24 11
27 26 25 1
27 26 26 4
27 26 27 1
27 27 25 1
27 27 26 4
27 27 27 36
27 27 28 9
27 28 27 9
27 28 28 41
27 28 29 7
28 26 23 1
28 26 24 6
28 27 22 1
28 27 24 3
28 27 25 5
28 27 26 4
28 27 27 2
28 27 28 1
28 28 24 2
28 28 26 1
28 28 27 5
28 28 28 25
28 28 29 12
28 29 28 11
28 29 29 66
28 29 30 26
28 30 30 3
29 27 24 1
29 27 25 1
29 27 28 1
29 28 19 1
29 28 25 2
29 28 26 3
29 28 29 1
29 29 20 2
29 29 25 1
29 29 26 1
29 29 27 2
29 29 28 3
29 29 29 54
29 29 30 54
29 30 29 14
29 30 30 233
29 30 31 1
29 31 30 4
29 31 31 1
30 29 23 1
30 29 26 8
30 29 27 5
30 29 28 1
30 29 29 2
30 30 21 1
30 30 26 1
30 30 27 6
30 30 28 10
30 30 29 16
30 30 30 594
30 30 31 52
30 31 29 18
30 31 30 244
30 31 31 72
31 30 28 3
31 30 29 3
31 30 30 3
31 30 31 1
31 31 29 2
