32
0 0 0 11
0 1 1 1
1 1 0 18
1 1 1 12
1 1 2 1
1 2 1 71
1 2 2 1
2 1 1 1
2 2 1 45
2 2 2 63
2 3 1 1
2 3 2 115
2 3 3 4
2 8 12 1
3 2 2 7
3 3 2 108
3 3 3 51
3 3 4 1
3 4 3 149
3 4 4 8
3 5 4 4
3 8 11 2
3 8 12 1
3 11 15 1
3 11 16 2
4 3 2 3
4 3 3 2
4 3 4 3
4 4 3 27
4 4 4 87
4 4 5 2
4 5 3 1
4 5 4 153
4 5 5 9
4 6 3 3
4 6 4 6
4 6 5 15
4 6 6 1
4 7 6 1
4 8 10 1
4 10 13 2
4 10 14 1
4 10 15 1
5 4 2 4
5 4 3 1
5 4 6 1
5 5 4 21
5 5 5 21
5 5 6 2
5 6 4 5
5 6 5 54
5 6 6 14
5 7 4 1
5 7 5 3
5 7 6 2
5 7 7 1
5 7 8 1
5 8 11 1
5 10 13 1
5 11 14 2
5 11 15 1
5 12 13 1
6 5 3 1
6 5 4 2
6 5 5 4
6 5 6 3
6 6 4 1
6 6 5 18
6 6 6 18
6 6 7 1
6 7 5 4
6 7 6 23
6 7 7 1
6 8 6 2
6 8 7 1
6 8 9 1
6 10 12 2
6 10 13 2
6 11 14 2
6 12 15 1
7 4 2 3
7 5 2 8
7 5 3 17
7 5 4 9
7 6 4 2
7 6 5 4
7 6 6 1
7 6 7 1
7 7 5 3
7 7 6 23
7 7 7 7
7 7 8 2
7 8 6 14
7 8 7 22
7 8 8 2
7 8 9 1
7 8 11 1
7 9 7 2
7 10 13 2
7 10 14 1
7 13 17 1
8 5 2 84
8 5 3 47
8 5 4 1
8 6 3 10
8 6 4 48
8 6 5 2
8 7 4 2
8 7 5 6
8 7 6 2
8 7 7 1
8 8 5 1
8 8 6 7
8 8 7 42
8 8 8 23
8 8 9 2
8 9 7 6
8 9 8 42
8 9 9 2
8 9 10 1
8 10 9 3
8 10 10 1
8 11 11 1
8 13 17 1
9 4 5 1
9 4 6 1
9 5 3 7
9 5 6 1
9 6 3 19
9 6 4 5
9 7 4 4
9 7 5 10
9 7 6 1
9 8 5 2
9 8 6 7
9 8 8 1
9 9 7 2
9 9 8 49
9 9 9 12
9 9 10 2
9 10 8 11
9 10 9 38
9 10 10 4
9 11 10 5
9 11 11 2
9 12 10 1
10 4 6 2
10 5 6 1
10 5 7 2
10 6 3 3
10 6 4 3
10 6 7 2
10 7 3 3
10 7 4 19
10 7 5 3
10 8 5 1
10 8 6 8
10 8 7 4
10 8 8 1
10 8 9 2
10 9 7 4
10 9 8 7
10 9 9 2
10 9 10 1
10 10 8 2
10 10 9 54
10 10 10 16
10 11 9 10
10 11 10 33
10 11 11 5
10 12 11 1
11 5 7 4
11 5 8 1
11 6 7 2
11 7 4 9
11 7 8 3
11 8 4 1
11 8 5 2
11 8 6 5
11 8 8 1
11 9 6 1
11 9 7 6
11 9 10 1
11 9 11 1
11 10 8 4
11 10 9 4
11 10 10 5
11 11 9 12
11 11 10 60
11 11 11 19
11 12 10 20
11 12 11 36
11 12 12 4
11 12 13 1
11 13 11 1
11 13 12 3
11 13 13 1
12 5 8 1
12 6 8 2
12 8 9 1
12 9 5 2
12 9 6 4
12 9 11 1
12 10 6 1
12 10 7 1
12 10 8 2
12 10 10 4
12 10 11 2
12 11 9 4
12 11 10 6
12 11 11 6
12 11 12 2
12 12 10 5
12 12 11 64
12 12 12 21
12 12 13 3
12 13 11 15
12 13 12 51
12 13 13 9
12 14 13 1
13 4 8 1
13 5 8 1
13 9 10 1
13 10 6 6
13 10 7 15
13 11 7 15
13 11 8 8
13 11 9 3
13 11 11 1
13 11 12 1
13 12 9 1
13 12 10 4
13 12 11 10
13 12 12 2
13 12 13 1
13 13 11 2
13 13 12 115
13 13 13 67
13 13 14 2
13 13 15 1
13 14 12 4
13 14 13 64
13 14 14 12
13 14 15 1
13 15 14 3
13 15 15 1
14 5 8 1
14 11 7 7
14 11 8 23
14 11 9 1
14 12 8 15
14 12 9 1
14 12 10 2
14 12 11 1
14 12 12 1
14 13 10 2
14 13 11 4
14 13 12 11
14 13 13 9
14 13 14 2
14 14 11 1
14 14 12 3
14 14 13 122
14 14 14 47
14 14 15 5
14 15 13 13
14 15 14 58
14 15 15 11
14 16 14 2
14 16 15 1
15 11 8 1
15 12 8 26
15 12 9 22
15 12 10 1
15 12 13 1
15 13 9 6
15 13 10 8
15 13 11 4
15 13 12 3
15 13 13 1
15 14 11 1
15 14 12 3
15 14 13 16
15 14 14 7
15 15 11 1
15 15 13 6
15 15 14 116
15 15 15 49
15 15 16 2
15 16 14 13
15 16 15 117
15 16 16 9
15 17 16 2
15 17 17 2
16 12 11 1
16 13 9 3
16 13 10 2
16 13 13 1
16 14 10 5
16 14 11 7
16 14 12 6
16 14 13 2
16 14 14 1
16 15 12 4
16 15 13 9
16 15 14 36
16 15 15 6
16 16 7 1
16 16 11 1
16 16 14 29
16 16 15 171
16 16 16 38
16 16 17 1
16 17 15 11
16 17 16 148
16 17 17 13
16 18 17 1
16 18 18 1
16 19 20 1
17 14 10 2
17 14 11 5
17 14 12 1
17 15 11 1
17 15 12 3
17 15 13 7
17 15 14 4
17 16 13 5
17 16 14 9
17 16 15 6
17 17 12 1
17 17 13 1
17 17 14 1
17 17 15 9
17 17 16 145
17 17 17 81
17 17 18 4
17 18 16 4
17 18 17 138
17 18 18 12
17 18 19 1
17 19 18 2
18 15 12 1
18 16 12 4
18 16 13 3
18 16 14 2
18 16 15 3
18 16 16 3
18 17 12 1
18 17 14 3
18 17 15 11
18 17 16 4
18 18 12 2
18 18 16 5
18 18 17 118
18 18 18 43
18 18 19 3
18 19 17 7
18 19 18 207
18 19 19 8
18 20 18 1
18 20 19 5
18 20 20 2
19 16 13 2
19 17 13 7
19 17 14 3
19 17 15 4
19 17 16 3
19 18 9 1
19 18 11 1
19 18 12 1
19 18 16 4
19 18 17 8
19 18 18 2
19 19 17 10
19 19 18 206
19 19 19 65
19 19 20 4
19 20 18 7
19 20 19 309
19 20 20 18
19 21 19 2
19 21 20 8
19 21 21 1
20 17 14 1
20 18 10 1
20 18 14 1
20 18 15 2
20 18 16 2
20 19 12 1
20 19 14 1
20 19 16 4
20 19 17 1
20 19 18 6
20 19 19 4
20 19 20 1
20 20 13 1
20 20 18 5
20 20 19 51
20 20 20 19
20 20 21 3
20 21 19 11
20 21 20 285
20 21 21 39
20 21 22 1
20 22 20 1
20 22 21 15
21 19 16 4
21 19 17 1
21 20 11 1
21 20 13 1
21 20 14 1
21 20 19 2
21 20 20 2
21 20 21 1
21 21 12 1
21 21 18 1
21 21 19 3
21 21 20 25
21 21 21 28
21 21 22 7
21 22 20 1
21 22 21 142
21 22 22 128
21 22 23 3
21 23 22 13
22 20 17 5
22 20 18 6
22 20 19 1
22 21 13 1
22 21 17 2
22 21 18 5
22 21 19 5
22 21 20 6
22 21 21 3
22 21 22 2
22 22 14 2
22 22 16 1
22 22 18 1
22 22 20 1
22 22 21 33
22 22 22 114
22 22 23 17
22 23 22 345
22 23 23 144
22 23 24 11
22 24 23 16
22 24 24 5
23 20 17 12
23 20 18 4
23 21 17 11
23 21 18 61
23 21 19 16
23 21 20 1
23 22 12 1
23 22 19 7
23 22 20 6
23 22 21 1
23 22 22 5
23 22 23 2
23 23 13 1
23 23 22 25
23 23 23 166
23 23 24 12
23 24 23 112
23 24 24 197
23 24 25 12
23 25 24 15
23 25 25 12
24 21 17 4
24 21 18 24
24 21 20 1
24 22 18 2
24 22 19 8
24 22 20 26
24 23 11 1
24 23 15 1
24 23 17 1
24 23 20 9
24 23 21 3
24 23 22 4
24 23 23 2
24 24 22 1
24 24 23 9
24 24 24 109
24 24 25 7
24 25 24 106
24 25 25 312
24 25 26 19
24 26 25 8
24 26 26 9
25 22 20 1
25 23 13 1
25 23 14 1
25 23 20 5
25 23 21 19
25 23 22 9
25 24 13 1
25 24 14 1
25 24 16 1
25 24 19 1
25 24 20 1
25 24 21 1
25 24 22 15
25 24 23 9
25 24 24 1
25 25 13 1
25 25 23 3
25 25 24 11
25 25 25 134
25 25 26 18
25 26 24 1
25 26 25 28
25 26 26 92
25 26 27 4
25 27 25 1
25 27 26 2
25 27 27 4
26 24 22 39
26 24 23 2
26 25 15 3
26 25 16 1
26 25 17 1
26 25 22 8
26 25 23 25
26 25 24 6
26 25 25 1
26 26 17 1
26 26 19 2
26 26 24 1
26 26 25 4
26 26 26 61
26 26 27 15
26 27 26 21
26 27 27 65
26 27 28 12
26 28 28 10
27 25 23 21
27 25 24 2
27 25 25 1
27 26 15 3
27 26 18 1
27 26 20 1
27 26 23 4
27 26 24 13
27 26 26 4
27 26 27 1
27 27 17 1
27 27 18 1
27 27 20 1
27 27 21 1
27 27 22 1
27 27 25 1
27 27 26 9
27 27 27 38
27 27 28 12
27 28 27 6
27 28 28 40
27 28 29 5
28 26 24 7
28 27 19 1
28 27 22 1
28 27 25 5
28 27 26 1
28 27 27 1
28 28 23 1
28 28 25 1
28 28 27 5
28 28 28 22
28 28 29 14
28 29 23 1
28 29 28 6
28 29 29 56
28 29 30 22
28 30 29 1
29 27 24 1
29 27 25 2
29 28 25 2
29 28 26 2
29 28 27 3
29 28 28 5
29 28 29 1
29 29 20 1
29 29 26 1
29 29 27 1
29 29 28 4
29 29 29 39
29 29 30 36
29 30 27 1
29 30 29 14
29 30 30 245
29 30 31 3
29 31 30 1
30 28 26 3
30 29 26 4
30 29 27 4
30 29 28 2
30 29 29 3
30 29 30 2
30 30 22 1
30 30 27 6
30 30 28 13
30 30 29 15
30 30 30 667
30 30 31 28
30 31 28 1
30 31 29 11
30 31 30 241
30 31 31 43
31 30 28 3
31 30 29 2
31 31 29 2
