32
0 0 0 3
0 1 0 3
0 1 1 2
1 1 0 11
1 1 1 6
1 1 2 1
1 2 0 1
1 2 1 60
1 2 2 2
2 2 1 32
2 2 2 57
2 2 3 2
2 3 2 127
2 3 3 5
2 8 11 1
2 8 12 2
2 10 14 1
3 2 2 5
3 3 2 115
3 3 3 63
3 4 3 131
3 4 4 6
3 5 4 2
3 8 11 2
3 9 12 1
3 10 15 2
3 11 15 2
4 2 3 1
4 4 2 1
4 4 3 27
4 4 4 94
4 4 5 2
4 5 3 2
4 5 4 156
4 5 5 12
4 6 3 2
4 6 4 6
4 6 5 18
4 6 7 1
4 7 6 1
4 7 7 1
4 9 12 1
4 10 13 1
4 11 14 1
4 11 15 1
5 4 2 3
5 4 3 1
5 4 4 4
5 4 5 2
5 5 3 1
5 5 4 20
5 5 5 30
5 5 6 1
5 6 4 7
5 6 5 40
5 6 6 14
5 7 4 1
5 7 5 1
5 7 6 1
5 7 9 1
5 8 8 1
5 8 11 1
5 9 11 2
5 9 13 1
5 10 12 1
5 10 13 1
5 10 14 1
5 11 13 1
5 11 14 2
5 11 15 1
6 4 2 1
6 5 4 1
6 5 5 3
6 5 6 1
6 6 4 2
6 6 5 17
6 6 6 21
6 6 7 1
6 7 5 5
6 7 6 23
6 7 7 3
6 8 6 1
6 8 7 3
6 9 12 2
6 10 12 1
6 10 13 1
6 11 14 3
6 11 15 1
7 4 2 3
7 5 2 18
7 5 3 18
7 5 4 7
7 6 3 1
7 6 4 3
7 6 5 1
7 6 7 1
7 7 5 3
7 7 6 17
7 7 7 10
7 7 8 1
7 8 6 15
7 8 7 10
7 8 8 3
7 8 12 1
7 9 8 7
7 9 10 1
8 4 2 4
8 5 2 63
8 5 3 55
8 5 4 1
8 6 3 18
8 6 4 43
8 6 5 1
8 7 4 1
8 7 5 10
8 7 6 8
8 8 6 5
8 8 7 40
8 8 8 20
8 8 9 2
8 8 10 1
8 9 6 1
8 9 7 9
8 9 8 40
8 9 9 4
8 10 7 1
8 10 9 4
8 10 10 1
8 14 17 1
9 3 5 1
9 5 3 8
9 5 6 1
9 6 3 18
9 6 4 5
9 6 7 2
9 7 3 1
9 7 4 3
9 7 5 14
9 7 6 1
9 8 6 9
9 8 7 2
9 8 8 2
9 9 7 2
9 9 8 46
9 9 9 10
9 9 10 4
9 10 8 14
9 10 9 37
9 10 10 6
9 11 9 1
9 11 10 4
9 11 11 1
10 5 6 1
10 5 7 3
10 6 3 4
10 6 7 1
10 7 3 4
10 7 4 23
10 7 5 3
10 7 8 1
10 8 5 2
10 8 6 3
10 8 7 2
10 8 9 1
10 9 7 3
10 9 8 11
10 9 9 1
10 9 10 1
10 10 8 7
10 10 9 50
10 10 10 8
10 11 9 15
10 11 10 42
10 11 11 2
10 12 10 2
10 12 11 1
11 4 6 1
11 5 7 1
11 5 8 1
11 6 7 3
11 7 4 4
11 7 8 3
11 8 4 3
11 8 5 1
11 8 6 2
11 8 7 1
11 8 8 1
11 8 9 2
11 9 5 1
11 9 6 3
11 9 7 2
11 9 8 2
11 9 9 1
11 9 10 2
11 9 11 1
11 10 8 4
11 10 9 7
11 10 10 3
11 10 11 2
11 11 9 12
11 11 10 68
11 11 11 19
11 12 10 18
11 12 11 35
11 12 12 6
11 13 11 1
11 13 12 3
11 13 13 1
12 5 7 2
12 6 7 1
12 6 8 1
12 7 9 3
12 8 5 1
12 9 5 3
12 9 6 6
12 9 7 1
12 9 8 1
12 10 6 1
12 10 7 3
12 10 11 2
12 11 9 1
12 11 10 7
12 11 11 4
12 11 12 3
12 12 9 1
12 12 10 5
12 12 11 75
12 12 12 18
12 12 13 3
12 13 11 19
12 13 12 52
12 13 13 6
12 13 14 1
12 14 12 1
12 14 13 2
13 4 7 1
13 5 8 1
13 6 8 1
13 9 6 1
13 10 6 11
13 10 7 13
13 11 7 16
13 11 8 3
13 11 9 3
13 11 10 2
13 11 11 1
13 11 12 1
13 12 9 2
13 12 10 2
13 12 11 10
13 12 12 2
13 12 13 1
13 13 9 1
13 13 11 9
13 13 12 112
13 13 13 78
13 13 14 1
13 14 12 6
13 14 13 49
13 14 14 8
13 15 13 1
13 15 14 1
14 5 8 1
14 5 9 1
14 10 12 1
14 11 7 7
14 11 8 21
14 11 9 1
14 12 8 15
14 12 9 2
14 12 10 2
14 12 11 1
14 12 12 1
14 13 9 1
14 13 10 1
14 13 11 6
14 13 12 10
14 13 13 10
14 13 14 1
14 14 12 2
14 14 13 142
14 14 14 52
14 14 15 1
14 15 13 9
14 15 14 51
14 15 15 8
14 16 14 1
14 16 15 1
14 16 16 1
15 12 8 30
15 12 9 23
15 12 10 1
15 13 9 7
15 13 10 9
15 13 11 3
15 13 13 1
15 14 11 2
15 14 12 6
15 14 13 13
15 14 14 11
15 15 9 1
15 15 12 2
15 15 13 9
15 15 14 123
15 15 15 43
15 15 16 4
15 16 11 1
15 16 14 24
15 16 15 127
15 16 16 5
15 17 15 2
15 17 16 2
16 12 12 1
16 13 10 4
16 14 10 4
16 14 11 4
16 14 12 2
16 14 13 4
16 14 14 3
16 15 12 2
16 15 13 10
16 15 14 36
16 15 15 5
16 16 12 1
16 16 14 40
16 16 15 157
16 16 16 32
16 17 15 17
16 17 16 133
16 17 17 11
16 18 16 1
16 18 17 1
17 14 11 2
17 15 12 8
17 15 13 1
17 15 14 1
17 16 12 2
17 16 13 4
17 16 14 11
17 16 15 4
17 16 16 2
17 17 14 2
17 17 15 7
17 17 16 148
17 17 17 59
17 17 18 1
17 18 16 3
17 18 17 154
17 18 18 10
17 19 18 3
18 15 12 1
18 15 13 1
18 16 12 3
18 16 13 2
18 16 14 2
18 16 15 3
18 16 16 1
18 17 12 1
18 17 13 2
18 17 14 3
18 17 15 9
18 17 16 7
18 17 17 1
18 17 18 1
18 18 12 1
18 18 13 2
18 18 14 1
18 18 16 9
18 18 17 146
18 18 18 49
18 18 19 1
18 19 17 9
18 19 18 213
18 19 19 11
18 20 19 3
19 16 13 1
19 17 13 3
19 17 14 1
19 17 15 3
19 17 16 2
19 17 18 1
19 18 11 1
19 18 13 1
19 18 16 4
19 18 17 10
19 18 18 3
19 19 12 1
19 19 17 11
19 19 18 218
19 19 19 61
19 19 20 3
19 20 18 15
19 20 19 333
19 20 20 13
19 21 19 4
19 21 20 5
20 17 14 1
20 18 14 2
20 18 15 1
20 18 16 6
20 18 18 1
20 19 10 1
20 19 12 1
20 19 16 1
20 19 17 6
20 19 18 3
20 19 19 1
20 19 20 1
20 20 13 1
20 20 18 6
20 20 19 66
20 20 20 24
20 20 21 5
20 21 19 9
20 21 20 281
20 21 21 33
20 21 22 1
20 22 21 19
20 22 22 1
21 19 10 1
21 19 16 4
21 19 17 3
21 19 19 2
21 20 13 1
21 20 14 1
21 20 15 1
21 20 17 1
21 20 18 2
21 20 19 4
21 20 20 3
21 21 17 1
21 21 19 1
21 21 20 28
21 21 21 18
21 21 22 12
21 22 20 3
21 22 21 153
21 22 22 117
21 22 23 2
21 23 22 8
21 23 23 3
22 20 17 9
22 20 18 8
22 20 19 1
22 20 20 2
22 20 21 1
22 21 13 1
22 21 17 2
22 21 18 10
22 21 20 5
22 21 21 2
22 21 22 1
22 22 14 1
22 22 19 1
22 22 20 1
22 22 21 33
22 22 22 120
22 22 23 14
22 23 22 358
22 23 23 127
22 23 24 8
22 24 23 16
22 24 24 11
23 20 17 22
23 20 18 4
23 21 17 30
23 21 18 41
23 21 19 10
23 21 20 4
23 21 22 1
23 22 13 1
23 22 16 1
23 22 18 1
23 22 19 7
23 22 20 4
23 22 21 3
23 22 22 5
23 23 14 1
23 23 20 1
23 23 22 25
23 23 23 172
23 23 24 7
23 24 17 1
23 24 23 126
23 24 24 186
23 24 25 11
23 25 24 9
23 25 25 18
24 21 17 3
24 21 18 2
24 21 20 1
24 22 19 10
24 22 20 20
24 22 21 1
24 23 11 1
24 23 20 6
24 23 21 6
24 23 22 2
24 23 23 2
24 23 24 2
24 24 22 3
24 24 23 10
24 24 24 108
24 24 25 6
24 25 24 139
24 25 25 299
24 25 26 16
24 25 27 1
24 26 25 10
24 26 26 10
24 27 26 1
25 23 12 1
25 23 20 7
25 23 21 20
25 23 22 4
25 23 23 1
25 24 14 1
25 24 15 1
25 24 16 1
25 24 21 2
25 24 22 22
25 24 23 7
25 24 24 3
25 25 20 1
25 25 23 4
25 25 24 11
25 25 25 130
25 25 26 13
25 26 22 1
25 26 25 45
25 26 26 81
25 26 27 5
25 27 27 4
26 24 22 42
26 24 23 2
26 24 24 1
26 25 14 2
26 25 15 3
26 25 16 1
26 25 18 1
26 25 22 8
26 25 23 23
26 25 24 3
26 25 26 2
26 26 14 1
26 26 16 2
26 26 17 2
26 26 19 1
26 26 20 1
26 26 25 7
26 26 26 56
26 26 27 13
26 26 28 1
26 27 26 26
26 27 27 63
26 27 28 10
26 28 28 14
27 25 22 3
27 25 23 17
27 25 24 4
27 26 15 2
27 26 17 2
27 26 20 1
27 26 22 1
27 26 23 5
27 26 24 9
27 26 25 2
27 26 26 4
27 27 22 1
27 27 26 6
27 27 27 31
27 27 28 6
27 28 27 7
27 28 28 38
27 28 29 6
28 26 24 7
28 27 22 1
28 27 24 4
28 27 25 4
28 27 26 3
28 27 27 3
28 28 18 1
28 28 19 1
28 28 24 2
28 28 27 6
28 28 28 32
28 28 29 15
28 29 28 4
28 29 29 60
28 29 30 29
28 30 29 1
28 30 30 1
29 27 24 1
29 27 25 4
29 28 25 3
29 28 26 1
29 28 27 1
29 28 28 2
29 28 29 1
29 29 20 1
29 29 21 1
29 29 27 1
29 29 28 5
29 29 29 39
29 29 30 45
29 30 29 17
29 30 30 225
29 30 31 8
29 31 31 2
30 28 25 1
30 28 26 2
30 29 26 4
30 29 27 6
30 29 28 1
30 29 29 6
30 29 30 1
30 30 22 1
30 30 26 1
30 30 27 6
30 30 28 12
30 30 29 16
30 30 30 605
30 30 31 45
30 31 29 14
30 31 30 243
30 31 31 58
31 30 28 2
31 30 29 2
31 30 30 2
