32
0 0 0 5
0 0 1 2
0 1 0 2
0 1 1 2
1 1 0 11
1 1 1 6
1 1 2 1
1 2 1 66
2 2 1 44
2 2 2 51
2 3 2 160
2 3 3 1
2 8 12 2
3 2 2 3
3 2 3 1
3 3 2 101
3 3 3 50
3 4 3 145
3 4 4 9
3 5 4 6
3 7 11 1
3 8 11 1
3 8 12 1
3 10 15 2
3 11 15 2
3 11 16 2
4 3 1 1
4 3 3 2
4 3 4 4
4 4 2 1
4 4 3 31
4 4 4 77
4 4 5 2
4 5 3 2
4 5 4 139
4 5 5 14
4 6 3 2
4 6 4 9
4 6 5 20
4 7 6 1
4 7 7 1
4 7 8 1
4 8 10 1
4 8 11 1
4 9 13 2
4 10 13 1
4 11 15 1
5 4 2 3
5 4 3 3
5 4 4 2
5 4 5 2
5 5 4 19
5 5 5 31
5 6 4 7
5 6 5 59
5 6 6 10
5 7 4 1
5 7 5 1
5 7 6 2
5 7 8 1
5 8 8 1
5 8 9 1
5 8 11 1
5 10 14 1
5 11 14 2
5 11 15 1
6 5 3 2
6 5 4 2
6 5 5 2
6 5 6 2
6 6 4 3
6 6 5 16
6 6 6 14
6 6 7 1
6 7 5 9
6 7 6 18
6 7 7 3
6 8 7 1
6 8 9 1
6 9 10 1
6 9 12 2
6 10 13 4
6 11 14 1
6 12 14 1
6 12 15 1
7 4 2 5
7 5 2 2
7 5 3 13
7 5 4 6
7 6 4 3
7 6 5 1
7 6 6 3
7 7 5 1
7 7 6 26
7 7 7 10
7 8 6 14
7 8 7 13
7 8 8 4
7 8 11 1
7 9 8 4
7 10 13 1
7 11 15 1
8 4 2 6
8 5 2 82
8 5 3 50
8 5 4 1
8 6 3 12
8 6 4 51
8 6 5 1
8 7 4 2
8 7 5 8
8 7 7 1
8 7 8 2
8 8 6 9
8 8 7 53
8 8 8 16
8 8 9 2
8 9 7 12
8 9 8 24
8 9 9 6
8 9 11 1
8 10 9 1
8 10 10 1
8 11 8 1
8 11 13 1
8 14 17 2
9 3 5 1
9 4 5 2
9 5 3 7
9 5 6 1
9 6 3 20
9 6 4 6
9 6 6 1
9 7 4 6
9 7 5 13
9 7 6 4
9 8 5 2
9 8 7 6
9 8 8 2
9 9 8 60
9 9 9 9
9 9 10 2
9 10 8 14
9 10 9 25
9 10 10 5
9 10 11 1
9 11 9 1
9 11 10 3
9 11 11 1
9 12 9 1
10 4 6 1
10 5 6 2
10 5 7 3
10 6 3 2
10 6 4 4
10 7 3 1
10 7 4 21
10 8 5 2
10 8 6 6
10 8 7 1
10 8 9 2
10 9 7 3
10 9 8 8
10 9 9 1
10 9 10 2
10 10 8 2
10 10 9 59
10 10 10 10
10 11 9 18
10 11 10 36
10 11 11 7
10 12 11 5
10 13 11 1
11 6 7 5
11 7 4 5
11 7 8 4
11 7 9 1
11 8 4 5
11 8 5 1
11 8 6 3
11 8 7 1
11 8 9 1
11 9 6 2
11 9 7 6
11 9 8 6
11 9 9 1
11 9 10 1
11 10 8 5
11 10 9 11
11 10 10 2
11 10 11 1
11 10 12 1
11 11 9 11
11 11 10 58
11 11 11 20
11 12 10 15
11 12 11 35
11 12 12 8
11 12 13 2
11 13 12 4
12 4 7 1
12 5 7 2
12 5 8 1
12 6 7 1
12 6 8 1
12 7 8 1
12 9 5 3
12 9 6 3
12 9 7 3
12 9 11 1
12 10 6 2
12 10 7 2
12 10 8 1
12 10 10 3
12 10 11 3
12 11 9 7
12 11 10 9
12 11 11 6
12 12 10 5
12 12 11 75
12 12 12 20
12 13 11 9
12 13 12 40
12 13 13 7
12 14 12 1
12 14 13 2
13 10 6 8
13 10 7 11
13 11 7 15
13 11 8 3
13 11 9 4
13 11 10 1
13 11 11 2
13 11 12 1
13 12 9 2
13 12 10 3
13 12 11 8
13 12 12 5
13 13 10 1
13 13 11 7
13 13 12 104
13 13 13 80
13 13 14 4
13 14 12 7
13 14 13 49
13 14 14 13
13 15 14 4
14 5 8 1
14 9 9 1
14 11 7 7
14 11 8 24
14 12 8 16
14 12 9 4
14 12 10 1
14 12 11 1
14 12 12 1
14 13 11 4
14 13 12 14
14 13 13 15
14 14 12 2
14 14 13 150
14 14 14 60
14 14 15 2
14 15 13 9
14 15 14 41
14 15 15 8
14 15 16 1
14 16 14 3
14 16 16 1
14 16 17 1
15 5 8 2
15 10 11 1
15 12 8 28
15 12 9 20
15 12 10 2
15 12 12 1
15 13 9 4
15 13 10 7
15 13 11 2
15 13 12 2
15 13 13 4
15 14 11 4
15 14 12 3
15 14 13 11
15 14 14 5
15 15 12 1
15 15 13 13
15 15 14 112
15 15 15 43
15 16 14 16
15 16 15 103
15 16 16 7
15 16 17 2
15 17 15 1
15 17 17 1
16 13 9 1
16 13 10 7
16 13 11 2
16 13 14 1
16 14 10 5
16 14 11 5
16 14 12 6
16 14 13 3
16 14 14 2
16 14 16 1
16 15 12 4
16 15 13 6
16 15 14 39
16 15 15 6
16 16 10 1
16 16 14 52
16 16 15 153
16 16 16 32
16 16 17 1
16 17 15 10
16 17 16 131
16 17 17 12
16 18 16 1
16 18 17 1
17 14 10 2
17 14 11 5
17 15 11 4
17 15 12 6
17 15 13 3
17 15 14 3
17 15 15 1
17 16 13 2
17 16 14 9
17 16 15 11
17 16 16 1
17 17 12 1
17 17 14 1
17 17 15 13
17 17 16 162
17 17 17 69
17 17 18 1
17 18 16 3
17 18 17 121
17 18 18 9
17 19 18 3
18 15 12 1
18 16 12 3
18 16 13 3
18 16 14 5
18 16 15 3
18 17 12 1
18 17 14 5
18 17 15 11
18 17 16 3
18 17 17 3
18 17 18 1
18 17 19 1
18 18 11 2
18 18 16 7
18 18 17 123
18 18 18 41
18 18 19 3
18 19 17 17
18 19 18 180
18 19 19 14
18 20 19 1
18 20 20 1
19 16 13 2
19 17 13 3
19 17 14 3
19 17 15 2
19 17 16 2
19 18 10 1
19 18 14 1
19 18 15 1
19 18 16 5
19 18 17 10
19 18 18 7
19 19 13 1
19 19 17 10
19 19 18 204
19 19 19 50
19 19 20 3
19 20 18 11
19 20 19 290
19 20 20 16
19 21 19 2
19 21 20 6
20 17 14 3
20 18 9 1
20 18 14 1
20 18 15 4
20 18 16 3
20 18 18 1
20 19 10 1
20 19 11 3
20 19 14 1
20 19 17 3
20 19 18 1
20 20 13 1
20 20 15 1
20 20 18 7
20 20 19 60
20 20 20 34
20 20 21 3
20 21 19 9
20 21 20 270
20 21 21 31
20 21 22 3
20 22 21 17
21 18 15 1
21 19 15 1
21 19 16 4
21 19 17 3
21 19 18 1
21 20 11 1
21 20 12 1
21 20 14 1
21 20 18 1
21 20 19 6
21 20 20 2
21 20 21 2
21 21 13 1
21 21 14 1
21 21 18 1
21 21 19 1
21 21 20 43
21 21 21 20
21 21 22 9
21 22 20 1
21 22 21 143
21 22 22 107
21 22 23 1
21 23 22 2
21 23 23 2
22 19 16 1
22 19 19 1
22 20 17 4
22 20 18 2
22 20 19 1
22 21 17 1
22 21 18 6
22 21 19 3
22 21 20 6
22 21 21 2
22 21 22 1
22 22 14 1
22 22 19 1
22 22 20 1
22 22 21 28
22 22 22 101
22 22 23 18
22 23 22 348
22 23 23 134
22 23 24 3
22 24 23 12
22 24 24 8
23 20 17 14
23 20 19 1
23 21 17 9
23 21 18 58
23 21 19 17
23 21 20 2
23 21 21 1
23 22 12 1
23 22 19 7
23 22 20 3
23 22 21 2
23 22 22 2
23 23 16 1
23 23 22 29
23 23 23 166
23 23 24 9
23 24 23 132
23 24 24 185
23 24 25 23
23 25 24 11
23 25 25 7
24 21 17 5
24 21 18 22
24 21 19 2
24 21 22 1
24 22 11 1
24 22 18 3
24 22 19 2
24 22 20 25
24 22 21 1
24 22 23 1
24 23 11 1
24 23 15 1
24 23 18 1
24 23 20 8
24 23 21 6
24 23 22 2
24 23 23 2
24 23 24 1
24 24 15 1
24 24 22 2
24 24 23 11
24 24 24 112
24 24 25 12
24 25 24 110
24 25 25 312
24 25 26 26
24 26 25 5
24 26 26 5
24 27 26 1
25 22 13 1
25 22 22 1
25 23 12 1
25 23 20 7
25 23 21 22
25 23 22 3
25 24 15 1
25 24 16 1
25 24 19 1
25 24 21 3
25 24 22 15
25 24 23 11
25 24 24 3
25 24 25 1
25 25 23 3
25 25 24 17
25 25 25 141
25 25 26 14
25 26 25 44
25 26 26 106
25 26 27 5
25 27 27 5
26 23 13 1
26 24 22 40
26 24 23 5
26 25 13 1
26 25 15 2
26 25 16 1
26 25 22 6
26 25 23 26
26 25 24 6
26 25 25 1
26 26 15 2
26 26 17 1
26 26 18 1
26 26 23 2
26 26 24 2
26 26 25 5
26 26 26 44
26 26 27 18
26 27 26 22
26 27 27 57
26 27 28 12
26 28 27 1
26 28 28 10
27 25 13 1
27 25 14 1
27 25 23 24
27 25 24 4
27 26 15 1
27 26 16 1
27 26 17 2
27 26 20 1
27 26 23 4
27 26 24 13
27 26 25 3
27 26 26 1
27 26 27 1
27 27 20 2
27 27 22 1
27 27 26 5
27 27 27 33
27 27 28 11
27 28 27 7
27 28 28 40
27 28 29 7
27 29 29 2
28 26 24 8
28 26 25 2
28 26 26 2
28 27 24 3
28 27 25 3
28 27 26 3
28 27 27 6
28 28 23 1
28 28 25 2
28 28 27 7
28 28 28 25
28 28 29 11
28 29 28 4
28 29 29 52
28 29 30 25
29 27 25 6
29 28 19 1
29 28 25 4
29 28 26 2
29 28 27 2
29 28 28 2
29 28 29 1
29 29 19 1
29 29 20 1
29 29 26 1
29 29 27 1
29 29 29 46
29 29 30 43
29 30 29 13
29 30 30 237
29 30 31 6
29 31 30 3
30 28 25 1
30 28 26 4
30 29 21 1
30 29 25 1
30 29 26 2
30 29 27 3
30 29 29 2
30 29 30 1
30 30 26 1
30 30 27 8
30 30 28 13
30 30 29 20
30 30 30 634
30 30 31 41
30 31 29 9
30 31 30 227
30 31 31 39
31 30 28 4
31 30 30 1
31 31 29 1
