32
0 0 0 8
0 1 1 1
1 1 0 9
1 1 1 4
1 1 2 1
1 2 0 1
1 2 1 64
1 2 2 2
2 1 0 1
2 2 0 1
2 2 1 40
2 2 2 58
2 3 2 129
2 3 3 2
2 8 11 1
2 8 12 2
3 2 2 2
3 3 2 112
3 3 3 55
3 4 3 156
3 4 4 13
3 5 4 1
3 7 11 1
3 8 11 1
3 10 15 1
3 11 16 4
4 3 1 1
4 3 2 2
4 3 3 1
4 3 4 2
4 4 3 30
4 4 4 78
4 5 4 142
4 5 5 15
4 6 3 2
4 6 4 12
4 6 5 23
4 6 7 1
4 8 9 1
4 8 11 1
4 10 14 1
4 11 15 1
5 4 2 1
5 4 4 1
5 5 4 17
5 5 5 20
5 5 6 1
5 6 4 5
5 6 5 39
5 6 6 22
5 7 5 1
5 7 6 4
5 7 8 2
5 7 9 1
5 9 11 1
5 9 12 1
5 9 13 1
5 10 14 1
5 10 15 1
5 11 14 1
5 11 15 1
5 12 17 1
5 13 15 1
6 4 2 2
6 4 3 1
6 5 2 1
6 5 3 1
6 5 4 4
6 5 5 6
6 5 6 1
6 6 4 2
6 6 5 19
6 6 6 12
6 6 7 2
6 7 5 4
6 7 6 21
6 7 7 5
6 7 8 1
6 8 6 1
6 8 7 3
6 9 12 1
6 11 13 1
6 11 15 2
6 12 15 1
7 4 2 4
7 5 2 11
7 5 3 12
7 5 4 5
7 6 3 1
7 6 4 3
7 6 5 1
7 6 7 1
7 7 5 4
7 7 6 33
7 7 7 11
7 7 8 3
7 8 6 10
7 8 7 18
7 8 8 3
7 9 7 1
7 9 8 3
7 9 11 1
7 10 13 1
7 10 14 1
7 11 14 2
7 13 16 1
7 13 17 1
8 4 2 4
8 5 2 88
8 5 3 54
8 5 4 1
8 6 3 28
8 6 4 40
8 6 5 1
8 6 6 1
8 7 4 1
8 7 5 5
8 7 6 1
8 7 8 1
8 8 6 8
8 8 7 45
8 8 8 18
8 8 9 1
8 8 11 1
8 9 7 3
8 9 8 34
8 9 9 4
8 10 7 1
8 10 8 2
8 10 9 1
8 10 10 3
8 11 12 1
9 4 5 1
9 5 3 6
9 5 6 1
9 6 3 18
9 6 4 4
9 6 7 5
9 7 4 2
9 7 5 10
9 7 6 2
9 7 8 1
9 8 5 3
9 8 6 6
9 8 7 8
9 8 8 1
9 9 7 4
9 9 8 55
9 9 9 13
9 9 10 1
9 10 8 10
9 10 9 24
9 10 10 5
9 10 11 2
9 11 9 1
9 11 10 4
9 11 11 2
10 5 6 1
10 5 7 2
10 6 3 2
10 6 4 2
10 6 7 1
10 7 3 6
10 7 4 16
10 7 5 1
10 8 6 6
10 8 7 5
10 9 7 4
10 9 8 6
10 9 9 1
10 10 8 5
10 10 9 47
10 10 10 17
10 11 9 14
10 11 10 40
10 11 11 3
10 12 10 1
10 12 11 2
10 12 12 1
10 13 11 1
11 4 6 1
11 5 6 1
11 5 8 1
11 6 7 4
11 6 8 1
11 7 4 10
11 7 8 4
11 8 4 1
11 8 5 1
11 8 6 3
11 8 8 1
11 8 9 1
11 9 5 1
11 9 6 2
11 9 7 5
11 9 8 7
11 9 9 1
11 10 7 1
11 10 8 6
11 10 9 13
11 10 10 3
11 10 11 1
11 11 9 12
11 11 10 58
11 11 11 17
11 11 12 2
11 12 10 15
11 12 11 35
11 12 12 6
11 13 10 1
11 13 11 1
11 13 12 2
12 5 7 1
12 5 8 1
12 6 7 2
12 6 8 1
12 7 9 1
12 9 5 4
12 9 6 5
12 9 7 1
12 9 9 2
12 9 10 1
12 9 11 2
12 10 7 2
12 10 8 3
12 10 9 1
12 10 10 1
12 10 11 1
12 11 9 1
12 11 10 11
12 11 11 5
12 12 9 1
12 12 10 5
12 12 11 55
12 12 12 16
12 13 11 10
12 13 12 33
12 13 13 9
12 14 12 1
13 5 8 2
13 6 8 1
13 7 9 1
13 10 6 8
13 10 7 6
13 11 7 4
13 11 8 3
13 11 9 6
13 12 9 1
13 12 10 1
13 12 11 7
13 12 12 5
13 12 13 1
13 13 11 8
13 13 12 94
13 13 13 84
13 13 14 3
13 14 12 2
13 14 13 44
13 14 14 9
13 15 13 2
13 15 14 2
14 6 9 1
14 9 9 1
14 10 7 1
14 11 7 10
14 11 8 25
14 11 9 2
14 11 12 1
14 12 8 10
14 12 9 2
14 12 10 3
14 12 11 2
14 12 12 2
14 13 9 1
14 13 10 1
14 13 11 3
14 13 12 13
14 13 13 14
14 13 14 1
14 14 11 1
14 14 12 3
14 14 13 128
14 14 14 35
14 14 15 2
14 15 13 8
14 15 14 56
14 15 15 12
14 15 16 1
14 16 14 2
14 16 15 1
14 17 15 1
15 5 8 1
15 5 9 1
15 11 8 1
15 11 12 1
15 12 8 31
15 12 9 17
15 12 10 3
15 12 13 1
15 13 9 10
15 13 10 7
15 13 11 3
15 13 12 4
15 13 13 3
15 14 8 1
15 14 11 1
15 14 12 11
15 14 13 13
15 14 14 16
15 14 15 1
15 15 13 16
15 15 14 111
15 15 15 41
15 15 16 2
15 16 14 8
15 16 15 109
15 16 16 11
15 17 15 1
16 13 9 2
16 13 10 4
16 14 10 5
16 14 11 6
16 14 12 4
16 14 13 4
16 14 14 1
16 14 15 1
16 15 11 1
16 15 12 3
16 15 13 8
16 15 14 36
16 15 15 7
16 16 11 1
16 16 14 52
16 16 15 136
16 16 16 33
16 17 15 11
16 17 16 106
16 17 17 10
16 17 18 1
16 18 17 1
17 14 10 2
17 14 11 4
17 15 11 2
17 15 12 4
17 15 13 4
17 15 14 3
17 16 13 2
17 16 14 8
17 16 15 9
17 16 16 1
17 16 17 1
17 17 13 1
17 17 14 1
17 17 15 6
17 17 16 154
17 17 17 56
17 17 18 2
17 18 16 7
17 18 17 109
17 18 18 12
17 19 18 2
17 19 19 3
18 15 12 5
18 15 14 1
18 16 12 7
18 16 13 2
18 16 14 3
18 16 15 4
18 17 12 2
18 17 13 1
18 17 14 2
18 17 15 7
18 17 16 6
18 17 17 4
18 17 18 1
18 18 12 1
18 18 16 6
18 18 17 110
18 18 18 39
18 18 19 2
18 19 17 10
18 19 18 159
18 19 19 9
18 19 20 1
18 20 19 1
19 16 13 2
19 16 16 1
19 17 13 1
19 17 14 5
19 17 15 5
19 17 16 2
19 17 17 1
19 18 9 1
19 18 11 1
19 18 15 2
19 18 16 7
19 18 17 6
19 18 18 7
19 19 11 1
19 19 17 12
19 19 18 171
19 19 19 52
19 19 20 1
19 20 18 9
19 20 19 277
19 20 20 15
19 21 19 2
19 21 20 3
19 21 21 1
19 21 22 1
20 17 14 5
20 18 10 1
20 18 13 1
20 18 14 3
20 18 15 5
20 18 16 2
20 18 17 1
20 19 11 1
20 19 13 3
20 19 16 3
20 19 17 1
20 19 18 6
20 19 19 1
20 20 18 10
20 20 19 64
20 20 20 27
20 20 21 5
20 21 19 9
20 21 20 260
20 21 21 42
20 21 22 1
20 22 20 1
20 22 21 22
20 22 22 1
21 18 15 1
21 19 15 1
21 19 16 3
21 19 17 2
21 19 19 1
21 20 11 1
21 20 14 1
21 20 15 1
21 20 17 2
21 20 18 2
21 20 19 2
21 20 20 2
21 21 12 1
21 21 13 1
21 21 14 1
21 21 18 1
21 21 19 1
21 21 20 31
21 21 21 30
21 21 22 10
21 22 21 145
21 22 22 111
21 22 23 3
21 23 22 14
21 23 23 1
22 19 19 1
22 20 17 2
22 20 18 2
22 20 19 2
22 21 10 1
22 21 11 1
22 21 12 1
22 21 13 1
22 21 17 1
22 21 18 10
22 21 19 3
22 21 20 3
22 21 21 3
22 22 18 1
22 22 20 1
22 22 21 27
22 22 22 119
22 22 23 14
22 23 21 1
22 23 22 317
22 23 23 116
22 23 24 5
22 24 23 20
22 24 24 5
23 20 16 1
23 20 17 13
23 20 18 1
23 21 17 14
23 21 18 47
23 21 19 19
23 21 20 2
23 22 12 1
23 22 14 1
23 22 19 10
23 22 20 5
23 22 22 2
23 23 13 1
23 23 17 1
23 23 22 34
23 23 23 163
23 23 24 15
23 24 21 1
23 24 22 1
23 24 23 126
23 24 24 175
23 24 25 15
23 25 24 7
23 25 25 10
23 26 25 1
24 21 12 1
24 21 17 11
24 21 18 22
24 22 11 1
24 22 16 1
24 22 19 8
24 22 20 16
24 22 21 1
24 22 22 2
24 23 11 1
24 23 13 1
24 23 14 1
24 23 15 1
24 23 20 9
24 23 21 6
24 23 22 6
24 23 23 5
24 24 13 1
24 24 20 1
24 24 22 3
24 24 23 7
24 24 24 104
24 24 25 8
24 25 24 133
24 25 25 326
24 25 26 12
24 26 25 8
24 26 26 6
25 19 14 1
25 22 20 1
25 23 20 2
25 23 21 21
25 23 22 3
25 24 13 1
25 24 14 2
25 24 21 1
25 24 22 21
25 24 23 2
25 24 24 1
25 25 16 1
25 25 23 5
25 25 24 6
25 25 25 144
25 25 26 13
25 25 27 1
25 26 25 34
25 26 26 104
25 26 27 6
25 27 27 7
26 24 22 42
26 24 23 7
26 25 13 2
26 25 14 2
26 25 15 2
26 25 16 2
26 25 22 7
26 25 23 25
26 25 24 6
26 25 25 1
26 26 17 4
26 26 20 1
26 26 24 1
26 26 25 5
26 26 26 53
26 26 27 13
26 27 26 25
26 27 27 67
26 27 28 12
26 28 27 1
26 28 28 8
27 25 23 27
27 25 24 4
27 25 25 1
27 26 15 1
27 26 16 1
27 26 18 1
27 26 19 1
27 26 23 3
27 26 24 9
27 26 25 3
27 26 26 7
27 26 27 1
27 27 17 1
27 27 26 4
27 27 27 47
27 27 28 11
27 28 27 8
27 28 28 45
27 28 29 8
27 29 29 2
28 26 24 11
28 27 19 1
28 27 24 2
28 27 25 8
28 27 26 3
28 27 27 1
28 28 18 1
28 28 23 2
28 28 24 1
28 28 26 1
28 28 27 6
28 28 28 26
28 28 29 13
28 29 27 2
28 29 28 7
28 29 29 58
28 29 30 23
28 30 29 3
28 30 30 1
29 27 24 1
29 27 25 1
29 28 19 1
29 28 25 2
29 28 27 2
29 28 29 3
29 29 27 1
29 29 28 1
29 29 29 38
29 29 30 63
29 30 29 11
29 30 30 212
29 30 31 2
29 31 30 5
30 28 26 2
30 29 26 7
30 29 27 8
30 29 28 1
30 29 29 4
30 29 30 1
30 30 22 1
30 30 23 1
30 30 25 1
30 30 27 4
30 30 28 12
30 30 29 18
30 30 30 653
30 30 31 39
30 31 29 4
30 31 30 184
30 31 31 36
31 30 28 3
31 30 29 2
31 30 30 4
