32
0 0 0 8
0 1 0 1
0 1 1 1
1 0 0 2
1 1 0 13
1 1 1 8
1 2 1 74
1 2 2 3
2 2 1 32
2 2 2 60
2 3 2 115
2 3 3 5
2 8 11 1
2 11 16 1
3 2 2 7
3 3 1 1
3 3 2 107
3 3 3 70
3 3 4 1
3 4 3 133
3 4 4 11
3 5 4 2
3 8 11 1
3 9 13 1
3 10 14 1
3 10 15 1
3 11 15 2
3 11 16 1
4 3 2 3
4 3 3 3
4 4 2 2
4 4 3 25
4 4 4 74
4 5 3 1
4 5 4 170
4 5 5 18
4 6 3 2
4 6 4 7
4 6 5 9
4 6 6 1
4 7 6 1
4 7 10 1
4 8 12 2
4 10 13 2
4 10 14 1
4 12 16 1
5 4 2 1
5 4 4 6
5 5 4 19
5 5 5 27
5 5 6 1
5 6 4 8
5 6 5 56
5 6 6 20
5 7 4 1
5 7 6 4
5 7 7 1
5 7 8 1
5 7 9 2
5 8 11 1
5 10 13 1
5 11 14 4
5 11 15 1
6 4 3 2
6 5 2 1
6 5 4 1
6 5 5 9
6 5 6 1
6 6 4 1
6 6 5 16
6 6 6 9
6 7 5 7
6 7 6 16
6 7 7 4
6 8 7 4
6 8 11 1
6 9 10 1
6 9 11 1
6 9 12 3
6 11 13 2
6 11 14 2
6 12 15 1
7 4 2 2
7 5 2 14
7 5 3 8
7 5 4 5
7 6 3 1
7 6 4 3
7 6 5 4
7 6 6 1
7 7 5 1
7 7 6 20
7 7 7 10
7 7 8 3
7 8 6 12
7 8 7 28
7 8 8 5
7 9 8 1
7 9 9 1
7 9 10 1
7 11 14 1
7 12 15 2
8 4 2 1
8 5 2 75
8 5 3 59
8 6 3 14
8 6 4 51
8 6 5 2
8 7 4 3
8 7 5 6
8 7 6 4
8 7 7 3
8 8 6 1
8 8 7 46
8 8 8 14
8 8 9 1
8 8 10 1
8 9 7 4
8 9 8 36
8 9 9 5
8 10 7 1
8 10 8 1
8 10 9 3
8 10 10 1
9 4 6 3
9 5 3 9
9 6 3 18
9 6 4 6
9 6 5 1
9 6 7 2
9 7 4 3
9 7 5 8
9 7 6 3
9 8 5 1
9 8 6 9
9 8 7 2
9 8 9 1
9 9 7 1
9 9 8 50
9 9 9 12
9 9 10 1
9 10 8 14
9 10 9 30
9 10 10 9
9 10 11 1
9 11 9 1
9 11 10 4
9 12 13 1
10 4 6 1
10 5 7 3
10 6 3 3
10 6 4 3
10 6 7 2
10 6 8 1
10 7 3 2
10 7 4 20
10 7 5 6
10 8 5 2
10 8 6 3
10 8 7 4
10 8 9 1
10 9 7 2
10 9 8 12
10 9 9 1
10 9 10 1
10 10 8 2
10 10 9 59
10 10 10 17
10 10 11 1
10 11 9 8
10 11 10 36
10 11 11 1
10 11 12 1
10 12 11 3
10 13 10 1
11 6 7 2
11 7 4 7
11 7 5 1
11 7 8 4
11 8 4 5
11 8 6 1
11 8 8 1
11 9 6 3
11 9 7 3
11 9 8 6
11 9 9 2
11 9 10 2
11 10 8 3
11 10 9 9
11 10 10 2
11 10 11 2
11 11 9 7
11 11 10 54
11 11 11 14
11 11 12 1
11 12 10 16
11 12 11 37
11 12 12 2
11 13 10 1
11 13 11 2
11 13 12 1
12 5 7 1
12 5 8 2
12 6 8 2
12 7 8 1
12 9 5 1
12 9 6 10
12 10 6 2
12 10 7 1
12 10 8 4
12 10 10 3
12 10 11 2
12 11 9 2
12 11 10 11
12 11 11 2
12 11 13 1
12 12 9 1
12 12 10 4
12 12 11 62
12 12 12 21
12 12 13 1
12 13 11 9
12 13 12 46
12 13 13 7
12 14 13 1
12 14 14 1
13 5 8 2
13 6 8 1
13 8 10 1
13 10 6 12
13 10 7 15
13 10 8 1
13 11 7 13
13 11 8 4
13 11 9 4
13 11 10 1
13 11 11 1
13 11 12 1
13 12 9 1
13 12 10 3
13 12 11 14
13 12 12 3
13 12 13 1
13 13 8 1
13 13 11 2
13 13 12 87
13 13 13 76
13 13 14 2
13 14 12 5
13 14 13 54
13 14 14 10
13 15 14 2
14 5 9 1
14 6 9 1
14 11 7 11
14 11 8 24
14 11 11 1
14 12 8 12
14 12 9 5
14 12 10 4
14 12 12 1
14 12 13 1
14 13 10 3
14 13 11 4
14 13 12 10
14 13 13 11
14 13 14 1
14 14 10 1
14 14 12 1
14 14 13 138
14 14 14 66
14 14 15 3
14 15 13 11
14 15 14 49
14 15 15 8
14 16 14 3
14 16 15 1
14 17 18 1
15 12 8 29
15 12 9 15
15 12 10 1
15 12 12 1
15 12 13 1
15 13 9 11
15 13 10 9
15 13 12 4
15 13 13 1
15 14 12 3
15 14 13 7
15 14 14 7
15 14 15 2
15 15 8 1
15 15 12 2
15 15 13 13
15 15 14 126
15 15 15 44
15 15 16 2
15 16 14 10
15 16 15 124
15 16 16 5
15 17 16 4
15 17 17 1
16 12 12 1
16 12 13 1
16 13 9 1
16 13 10 5
16 13 11 1
16 14 10 1
16 14 11 4
16 14 12 4
16 14 13 3
16 14 14 1
16 14 15 1
16 15 12 2
16 15 13 8
16 15 14 29
16 15 15 8
16 15 16 1
16 16 11 1
16 16 13 1
16 16 14 30
16 16 15 186
16 16 16 32
16 16 17 5
16 17 15 1
16 17 16 135
16 17 17 12
16 18 17 5
16 18 18 1
17 15 11 1
17 15 12 4
17 15 13 5
17 15 14 2
17 15 15 1
17 16 13 3
17 16 14 6
17 16 15 8
17 16 16 4
17 17 12 2
17 17 14 1
17 17 15 9
17 17 16 147
17 17 17 61
17 17 18 3
17 18 16 6
17 18 17 143
17 18 18 13
17 19 18 5
18 15 12 1
18 15 13 1
18 16 12 6
18 16 13 1
18 16 14 2
18 16 15 2
18 16 16 1
18 17 13 1
18 17 14 1
18 17 15 7
18 17 16 8
18 17 17 1
18 17 18 1
18 18 10 1
18 18 12 1
18 18 16 4
18 18 17 133
18 18 18 45
18 18 19 1
18 19 17 9
18 19 18 200
18 19 19 9
18 20 19 1
19 16 13 5
19 17 13 6
19 17 14 5
19 17 15 5
19 18 12 2
19 18 15 1
19 18 16 4
19 18 17 15
19 18 18 4
19 19 10 1
19 19 17 12
19 19 18 193
19 19 19 69
19 19 20 3
19 20 18 7
19 20 19 322
19 20 20 15
19 20 21 1
19 21 20 6
20 17 14 1
20 18 11 1
20 18 14 1
20 18 16 4
20 18 17 1
20 19 13 1
20 19 14 2
20 19 16 1
20 19 17 6
20 19 18 3
20 19 19 2
20 20 16 1
20 20 18 4
20 20 19 68
20 20 20 24
20 20 21 3
20 21 19 5
20 21 20 286
20 21 21 47
20 21 22 1
20 22 21 13
21 18 15 1
21 18 18 1
21 19 16 3
21 19 17 1
21 19 19 1
21 20 13 1
21 20 14 1
21 20 19 4
21 20 20 2
21 20 21 1
21 21 14 1
21 21 19 1
21 21 20 41
21 21 21 26
21 21 22 6
21 22 20 2
21 22 21 164
21 22 22 110
21 22 23 1
21 23 22 17
21 23 23 1
22 19 19 1
22 19 20 1
22 20 17 15
22 20 18 7
22 20 19 1
22 20 20 2
22 21 13 1
22 21 18 8
22 21 19 2
22 21 20 4
22 21 21 2
22 22 17 1
22 22 20 2
22 22 21 29
22 22 22 86
22 22 23 13
22 23 22 375
22 23 23 128
22 23 24 4
22 24 23 19
22 24 24 7
23 20 17 29
23 20 18 1
23 21 17 24
23 21 18 54
23 21 19 8
23 22 14 1
23 22 18 1
23 22 19 9
23 22 20 7
23 22 21 2
23 22 22 2
23 23 14 1
23 23 21 2
23 23 22 26
23 23 23 137
23 23 24 5
23 24 23 129
23 24 24 170
23 24 25 17
23 25 24 10
23 25 25 13
24 21 17 4
24 21 18 5
24 22 19 6
24 22 20 22
24 22 23 1
24 23 11 1
24 23 15 1
24 23 20 9
24 23 21 4
24 23 22 3
24 23 23 1
24 24 22 2
24 24 23 13
24 24 24 115
24 24 25 10
24 25 24 145
24 25 25 296
24 25 26 12
24 26 25 15
24 26 26 9
24 27 26 1
25 22 20 1
25 23 12 1
25 23 20 7
25 23 21 23
25 23 22 3
25 23 24 1
25 24 13 1
25 24 16 1
25 24 21 2
25 24 22 18
25 24 23 11
25 24 24 1
25 24 25 1
25 25 19 1
25 25 22 1
25 25 23 4
25 25 24 7
25 25 25 130
25 25 26 15
25 26 25 37
25 26 26 95
25 26 27 3
25 27 26 1
25 27 27 8
26 24 22 37
26 24 23 2
26 25 15 1
26 25 16 1
26 25 22 7
26 25 23 24
26 25 24 3
26 25 25 3
26 25 26 2
26 26 14 1
26 26 15 1
26 26 16 1
26 26 17 3
26 26 18 1
26 26 24 2
26 26 25 7
26 26 26 52
26 26 27 12
26 26 28 1
26 27 26 13
26 27 27 61
26 27 28 9
26 28 27 1
26 28 28 11
27 25 14 2
27 25 22 1
27 25 23 16
27 25 24 4
27 26 17 2
27 26 19 1
27 26 20 1
27 26 23 5
27 26 24 13
27 26 25 3
27 26 26 5
27 26 27 1
27 27 22 1
27 27 26 4
27 27 27 32
27 27 28 12
27 28 27 13
27 28 28 40
27 28 29 6
27 29 28 1
27 29 29 2
27 30 29 1
28 26 23 1
28 26 24 10
28 27 19 1
28 27 22 1
28 27 23 1
28 27 24 1
28 27 25 5
28 27 26 1
28 27 27 5
28 27 28 1
28 28 23 1
28 28 24 2
28 28 26 1
28 28 27 3
28 28 28 24
28 28 29 12
28 29 28 13
28 29 29 59
28 29 30 23
29 27 24 3
29 27 25 2
29 28 25 2
29 28 26 3
29 28 28 2
29 28 29 1
29 29 19 1
29 29 20 1
29 29 26 1
29 29 27 2
29 29 28 7
29 29 29 35
29 29 30 43
29 30 29 21
29 30 30 239
29 30 31 4
29 31 30 2
30 28 25 1
30 29 26 4
30 29 27 6
30 29 28 1
30 29 29 2
30 30 22 1
30 30 27 7
30 30 28 14
30 30 29 17
30 30 30 611
30 30 31 50
30 31 29 11
30 31 30 252
30 31 31 64
31 30 28 2
31 30 29 2
31 30 30 1
