32
0 0 0 2
1 0 0 2
1 1 0 5
1 1 1 10
1 1 2 1
1 2 1 26
2 1 0 3
2 1 1 1
2 2 0 4
2 2 1 39
2 2 2 27
2 3 1 6
2 3 2 102
2 10 15 1
3 2 0 4
3 2 1 5
3 2 2 4
3 2 3 1
3 3 1 2
3 3 2 176
3 3 3 32
3 3 4 1
3 4 2 3
3 4 3 127
3 4 4 3
3 5 4 1
3 5 6 2
3 10 14 1
3 10 15 1
3 11 17 1
3 12 18 2
4 3 1 1
4 3 2 1
4 3 3 4
4 4 2 4
4 4 3 47
4 4 4 67
4 4 5 2
4 5 3 3
4 5 4 168
4 5 5 27
4 5 6 1
4 6 4 3
4 6 5 6
4 6 6 1
4 10 14 1
4 10 15 1
4 11 16 2
5 4 3 2
5 4 4 6
5 4 5 1
5 5 3 7
5 5 4 13
5 5 5 18
5 5 6 1
5 6 5 24
5 6 6 9
5 7 6 1
5 10 14 1
5 11 16 1
5 12 17 2
6 5 2 3
6 5 4 1
6 5 5 7
6 5 6 1
6 6 4 3
6 6 5 2
6 6 6 8
6 6 7 2
6 7 6 5
6 7 7 1
6 8 7 1
6 8 9 1
6 9 10 1
6 10 13 2
6 10 14 1
6 11 15 1
6 12 16 1
7 6 2 1
7 6 5 1
7 6 6 1
7 7 5 6
7 7 6 4
7 7 7 10
7 7 8 1
7 8 4 1
7 8 7 11
7 8 8 1
7 9 8 4
7 9 10 1
7 10 14 1
7 11 14 1
7 11 15 1
7 11 16 1
7 12 16 1
7 12 17 1
7 13 17 1
8 6 3 2
8 7 4 1
8 7 5 5
8 7 6 4
8 7 7 1
8 8 5 3
8 8 6 15
8 8 7 5
8 8 8 7
8 8 9 1
8 9 6 1
8 9 8 6
8 9 9 3
8 10 5 2
8 10 8 2
8 10 9 3
8 10 10 1
8 10 13 2
8 11 14 2
8 12 16 1
8 13 17 1
9 7 3 2
9 8 6 9
9 8 7 8
9 8 8 4
9 8 9 2
9 9 7 10
9 9 8 2
9 9 9 12
9 9 10 3
9 10 6 1
9 10 9 6
9 10 10 4
9 10 11 1
9 10 12 1
9 11 6 3
9 11 10 2
9 11 13 1
9 11 14 2
9 12 7 1
9 12 15 2
9 13 15 1
10 7 3 1
10 8 3 1
10 8 4 3
10 8 5 1
10 8 6 2
10 9 7 4
10 9 8 5
10 9 9 6
10 9 10 2
10 10 7 2
10 10 8 10
10 10 9 6
10 10 10 1
10 10 11 3
10 10 12 1
10 11 10 4
10 11 11 4
10 12 11 6
10 13 9 1
10 14 18 1
11 8 4 1
11 8 5 1
11 9 7 1
11 9 8 2
11 9 10 1
11 10 8 5
11 10 9 3
11 10 10 5
11 10 11 1
11 10 12 2
11 11 8 5
11 11 9 9
11 11 10 18
11 11 11 12
11 11 12 2
11 12 8 1
11 12 10 3
11 12 11 7
11 12 12 1
11 12 13 1
11 13 11 2
11 13 12 2
11 13 15 1
12 6 7 1
12 9 4 3
12 9 5 2
12 9 6 1
12 9 9 1
12 9 11 1
12 10 5 1
12 10 7 1
12 10 8 1
12 10 9 1
12 11 8 1
12 11 9 11
12 11 10 5
12 11 11 4
12 12 9 4
12 12 10 12
12 12 11 10
12 12 12 11
12 12 13 2
12 12 14 1
12 13 10 1
12 13 11 2
12 13 12 16
12 13 13 2
12 13 15 1
12 14 14 1
12 14 15 1
12 15 17 2
13 7 8 1
13 8 8 3
13 8 9 2
13 9 9 1
13 10 5 2
13 10 6 2
13 10 9 1
13 10 10 1
13 11 6 1
13 11 8 2
13 11 9 3
13 11 10 2
13 11 11 2
13 11 12 1
13 12 8 2
13 12 10 17
13 12 11 6
13 12 12 13
13 12 13 2
13 13 10 5
13 13 11 11
13 13 12 26
13 13 13 25
13 13 14 1
13 13 15 1
13 14 11 1
13 14 12 4
13 14 13 23
13 14 14 3
13 14 15 1
13 15 14 1
13 15 16 1
13 16 18 1
14 8 9 2
14 9 9 4
14 9 11 1
14 10 4 1
14 10 5 1
14 10 7 2
14 10 9 1
14 10 10 5
14 11 6 3
14 11 7 22
14 11 8 4
14 11 9 3
14 12 7 5
14 12 8 1
14 12 9 6
14 12 10 3
14 12 11 1
14 12 12 2
14 13 11 17
14 13 12 10
14 13 13 6
14 13 14 2
14 14 9 1
14 14 11 3
14 14 12 19
14 14 13 17
14 14 14 17
14 14 15 2
14 15 11 1
14 15 12 2
14 15 13 3
14 15 14 18
14 15 15 11
14 16 14 1
14 16 17 1
14 16 18 1
14 17 16 1
14 17 19 3
15 8 10 1
15 9 3 1
15 10 3 5
15 10 4 91
15 10 5 2
15 10 10 1
15 11 4 1
15 11 5 3
15 11 6 43
15 11 7 22
15 11 8 2
15 12 6 5
15 12 7 16
15 12 8 79
15 12 9 17
15 12 11 1
15 12 13 2
15 13 9 4
15 13 10 2
15 13 11 6
15 13 12 25
15 13 13 2
15 13 14 2
15 13 15 1
15 14 11 3
15 14 12 43
15 14 13 29
15 14 14 5
15 15 11 1
15 15 12 1
15 15 13 15
15 15 14 30
15 15 15 13
15 15 16 6
15 16 13 1
15 16 14 1
15 16 15 10
15 16 16 3
15 16 17 2
15 17 14 1
15 17 16 1
15 17 19 1
15 17 20 1
15 18 20 1
16 7 9 1
16 8 10 1
16 9 10 1
16 10 3 1
16 10 4 58
16 11 4 63
16 11 5 13
16 11 6 6
16 12 5 5
16 12 6 21
16 12 7 9
16 12 8 3
16 12 14 1
16 13 8 3
16 13 9 8
16 13 10 10
16 13 11 1
16 13 12 1
16 13 13 1
16 14 10 4
16 14 11 4
16 14 12 29
16 14 13 45
16 14 15 1
16 15 12 3
16 15 13 21
16 15 14 10
16 15 15 12
16 16 13 4
16 16 14 16
16 16 15 43
16 16 16 19
16 16 17 2
16 16 18 1
16 17 15 2
16 17 16 17
16 17 17 4
16 17 18 1
16 18 16 1
16 18 17 1
16 18 19 1
16 18 20 1
16 19 21 2
17 8 10 1
17 8 11 1
17 11 4 1
17 11 5 1
17 12 5 5
17 12 6 5
17 12 7 7
17 12 14 1
17 13 7 5
17 13 8 6
17 13 9 3
17 14 10 3
17 14 11 3
17 14 12 1
17 14 15 1
17 15 11 1
17 15 12 5
17 15 13 4
17 15 16 1
17 16 11 1
17 16 12 3
17 16 13 3
17 16 14 7
17 16 15 22
17 16 16 5
17 16 17 1
17 17 14 7
17 17 15 25
17 17 16 17
17 17 17 22
17 17 18 4
17 18 14 1
17 18 16 3
17 18 17 23
17 18 18 6
17 18 19 1
17 19 18 2
17 19 19 1
17 19 20 1
17 19 21 1
17 20 22 1
17 20 23 1
18 7 11 1
18 14 8 1
18 14 9 2
18 14 10 1
18 15 10 2
18 15 11 1
18 15 12 3
18 16 12 5
18 16 13 4
18 16 14 4
18 16 15 3
18 16 17 1
18 17 14 8
18 17 15 34
18 17 16 9
18 17 17 7
18 17 18 3
18 18 14 1
18 18 15 5
18 18 16 18
18 18 17 14
18 18 18 11
18 18 19 1
18 18 20 1
18 19 16 1
18 19 17 2
18 19 18 15
18 19 19 7
18 19 20 1
18 20 19 1
18 20 20 1
18 20 21 2
18 21 20 1
18 21 23 1
19 15 10 2
19 15 11 4
19 16 11 2
19 16 12 3
19 16 13 2
19 16 15 1
19 16 16 2
19 17 13 4
19 17 14 6
19 17 15 8
19 17 16 1
19 18 14 2
19 18 15 2
19 18 16 39
19 18 17 14
19 18 18 3
19 18 19 5
19 19 16 10
19 19 17 26
19 19 18 7
19 19 19 9
19 19 20 3
19 19 21 1
19 20 19 24
19 20 20 15
19 20 21 4
19 21 19 1
19 21 20 2
19 22 24 2
19 22 25 1
20 16 11 1
20 16 12 1
20 17 13 3
20 17 14 5
20 17 15 1
20 17 16 1
20 18 14 2
20 18 15 7
20 18 16 7
20 18 17 3
20 18 18 1
20 19 12 1
20 19 16 17
20 19 17 29
20 19 18 9
20 19 19 3
20 19 20 4
20 20 12 1
20 20 13 1
20 20 17 14
20 20 18 11
20 20 19 12
20 20 20 17
20 20 21 7
20 20 22 2
20 21 19 1
20 21 20 13
20 21 21 17
20 21 23 1
20 22 21 3
20 22 22 1
20 23 25 3
20 23 26 1
20 24 26 1
21 18 15 3
21 18 16 1
21 19 11 1
21 19 16 6
21 19 17 6
21 19 18 2
21 20 11 1
21 20 12 2
21 20 13 1
21 20 15 1
21 20 17 24
21 20 18 29
21 20 19 4
21 20 20 4
21 20 22 1
21 21 17 1
21 21 18 24
21 21 19 22
21 21 20 15
21 21 21 11
21 21 22 4
21 21 23 1
21 22 18 1
21 22 20 1
21 22 21 11
21 22 22 21
21 22 23 5
21 22 24 3
21 23 22 3
21 23 23 1
21 23 24 1
21 24 23 1
21 24 26 1
22 15 16 1
22 19 16 1
22 19 17 1
22 20 11 1
22 20 13 1
22 20 16 1
22 20 17 14
22 20 18 4
22 20 19 1
22 21 12 1
22 21 13 1
22 21 14 1
22 21 17 1
22 21 18 27
22 21 19 42
22 21 20 17
22 21 21 2
22 21 22 1
22 22 19 8
22 22 20 35
22 22 21 37
22 22 22 20
22 22 23 4
22 22 25 1
22 23 20 1
22 23 22 34
22 23 23 36
22 23 24 3
22 23 25 2
22 23 26 1
22 24 23 2
22 24 24 3
22 24 25 3
22 24 26 7
22 24 27 2
22 25 24 1
22 25 27 5
22 25 28 1
23 20 20 1
23 21 18 8
23 21 19 8
23 21 20 1
23 22 13 1
23 22 14 1
23 22 19 20
23 22 20 30
23 22 21 7
23 22 22 6
23 22 23 1
23 23 14 1
23 23 20 7
23 23 21 45
23 23 22 54
23 23 23 86
23 23 24 10
23 23 25 2
23 23 26 1
23 24 22 3
23 24 23 158
23 24 24 110
23 24 25 27
23 24 26 6
23 25 24 14
23 25 25 48
23 25 26 5
23 25 27 22
23 25 28 15
23 26 25 1
23 26 27 1
23 26 28 59
23 26 29 40
23 27 29 7
23 27 30 13
24 20 19 1
24 21 18 1
24 22 19 9
24 22 20 23
24 22 21 5
24 22 22 1
24 23 11 1
24 23 15 1
24 23 18 1
24 23 19 1
24 23 20 19
24 23 21 131
24 23 22 44
24 23 23 9
24 24 15 1
24 24 21 16
24 24 22 83
24 24 23 138
24 24 24 76
24 24 25 22
24 25 23 2
24 25 24 118
24 25 25 110
24 25 26 39
24 25 27 6
24 26 25 2
24 26 26 23
24 26 27 23
24 26 28 66
24 26 29 22
24 27 29 23
24 27 30 30
24 28 30 1
25 21 21 1
25 22 21 1
25 22 22 1
25 23 20 2
25 23 21 35
25 23 22 19
25 23 23 1
25 24 13 2
25 24 16 1
25 24 19 1
25 24 20 2
25 24 21 27
25 24 22 332
25 24 23 48
25 24 24 6
25 24 25 1
25 25 16 1
25 25 22 22
25 25 23 136
25 25 24 396
25 25 25 139
25 25 26 2
25 25 27 1
25 25 28 1
25 26 24 1
25 26 25 285
25 26 26 60
25 26 27 20
25 26 28 23
25 27 27 26
25 27 28 132
25 27 29 180
25 27 30 1
25 28 29 3
25 28 30 10
26 21 19 1
26 24 22 29
26 24 23 16
26 25 14 2
26 25 15 1
26 25 19 1
26 25 22 10
26 25 23 204
26 25 24 33
26 25 25 7
26 25 26 1
26 26 16 1
26 26 19 1
26 26 20 2
26 26 21 1
26 26 23 13
26 26 24 151
26 26 25 72
26 26 26 85
26 26 27 4
26 26 28 1
26 27 25 1
26 27 26 10
26 27 27 39
26 27 28 10
26 27 29 15
26 28 28 1
26 28 29 7
26 28 30 4
27 25 23 4
27 25 24 3
27 26 17 1
27 26 18 1
27 26 22 1
27 26 23 5
27 26 24 121
27 26 25 55
27 26 26 20
27 27 25 205
27 27 26 48
27 27 27 17
27 27 28 10
27 27 29 2
27 28 28 25
27 28 29 9
27 28 30 1
27 29 29 15
28 26 23 1
28 26 24 1
28 27 24 1
28 27 25 74
28 27 26 100
28 27 27 6
28 28 19 1
28 28 20 1
28 28 24 1
28 28 26 236
28 28 27 30
28 28 28 17
28 28 29 34
28 29 27 1
28 29 29 117
28 29 30 47
28 30 30 30
29 27 25 3
29 27 26 1
29 28 25 1
29 28 26 35
29 28 27 57
29 28 28 2
29 28 29 1
29 29 21 1
29 29 25 1
29 29 26 1
29 29 27 59
29 29 28 7
29 29 29 9
29 29 30 7
29 30 29 3
29 30 30 34
29 30 31 4
29 31 30 3
29 31 31 11
30 28 26 1
30 29 26 2
30 29 27 13
30 29 28 9
30 29 29 1
30 30 27 4
30 30 28 16
30 30 29 19
30 30 30 246
30 30 31 13
30 31 29 11
30 31 30 76
30 31 31 6
31 30 28 3
31 30 29 7
31 30 30 6
31 31 28 3
31 31 29 4
31 31 31 1
