32
0 0 0 3
0 1 0 2
0 1 1 2
1 1 0 11
1 1 1 5
1 2 0 1
1 2 1 73
1 2 2 3
2 2 1 35
2 2 2 61
2 3 2 130
2 3 3 3
2 4 3 2
2 7 11 1
2 8 12 3
2 8 13 2
2 9 13 1
2 9 14 1
2 10 14 1
2 10 15 2
2 11 16 2
3 2 2 5
3 3 2 106
3 3 3 56
3 3 4 1
3 4 3 153
3 4 4 10
3 5 4 2
3 8 11 2
3 9 13 1
3 10 14 1
3 10 15 2
3 11 15 2
3 11 16 1
4 2 2 1
4 3 1 2
4 3 2 1
4 3 3 2
4 4 2 1
4 4 3 29
4 4 4 84
4 4 5 1
4 5 3 3
4 5 4 151
4 5 5 10
4 6 4 6
4 6 5 16
4 6 7 1
4 7 9 1
4 9 11 1
4 9 13 1
4 10 13 1
4 11 14 1
4 11 15 1
4 12 16 1
5 4 2 1
5 4 3 1
5 4 5 1
5 5 4 16
5 5 5 23
5 5 6 4
5 6 4 2
5 6 5 47
5 6 6 17
5 7 8 1
5 8 9 1
5 9 11 1
5 9 13 1
5 10 13 2
5 10 14 1
5 11 12 1
5 11 13 1
5 11 14 2
5 12 14 1
5 12 15 1
6 5 3 4
6 5 4 1
6 5 5 5
6 5 6 4
6 6 5 17
6 6 6 15
6 6 7 1
6 7 5 2
6 7 6 19
6 7 7 1
6 8 7 5
6 8 8 1
6 9 12 1
6 10 12 1
6 10 13 2
6 11 13 2
6 11 14 2
7 4 2 3
7 4 3 1
7 5 2 13
7 5 3 15
7 5 4 6
7 6 3 1
7 6 4 3
7 6 5 1
7 7 5 4
7 7 6 15
7 7 7 9
7 8 6 12
7 8 7 13
7 8 8 4
7 9 7 1
7 11 14 1
8 4 2 3
8 5 2 76
8 5 3 54
8 5 4 1
8 6 3 14
8 6 4 71
8 6 5 1
8 6 6 1
8 7 4 1
8 7 5 4
8 7 6 6
8 7 7 2
8 8 6 4
8 8 7 24
8 8 8 19
8 8 9 2
8 9 7 4
8 9 8 33
8 9 9 7
8 10 7 3
8 10 9 1
8 10 10 1
8 14 17 1
9 4 5 1
9 4 6 1
9 5 3 4
9 6 3 20
9 6 4 3
9 7 4 4
9 7 5 10
9 7 6 3
9 8 5 1
9 8 6 6
9 8 7 6
9 9 7 2
9 9 8 28
9 9 9 16
9 9 10 4
9 10 8 7
9 10 9 29
9 10 10 5
9 11 10 4
9 11 11 1
10 5 6 1
10 5 7 3
10 6 3 2
10 6 4 4
10 6 7 4
10 6 8 1
10 7 4 20
10 7 5 5
10 7 8 3
10 8 5 3
10 8 6 6
10 8 7 2
10 8 9 1
10 9 7 2
10 9 8 14
10 9 10 3
10 10 8 2
10 10 9 37
10 10 10 14
10 11 9 8
10 11 10 18
10 11 11 7
10 11 12 1
10 12 10 1
10 12 11 1
10 12 12 1
10 13 10 1
11 4 6 1
11 6 7 3
11 6 8 1
11 7 4 4
11 7 8 3
11 8 4 5
11 8 5 1
11 8 6 2
11 8 7 1
11 8 8 1
11 8 9 1
11 8 10 1
11 9 5 2
11 9 6 2
11 9 7 2
11 9 8 6
11 10 8 4
11 10 9 3
11 10 10 3
11 11 9 2
11 11 10 30
11 11 11 17
11 11 12 3
11 12 10 5
11 12 11 29
11 12 12 3
11 13 11 2
11 13 12 2
12 4 7 1
12 5 7 1
12 5 8 2
12 6 7 1
12 6 8 1
12 7 8 1
12 9 5 5
12 9 6 2
12 9 7 2
12 10 6 1
12 10 7 2
12 10 9 1
12 10 10 2
12 10 11 2
12 11 9 3
12 11 10 6
12 11 11 6
12 11 12 1
12 12 10 3
12 12 11 45
12 12 12 13
12 12 13 1
12 13 11 3
12 13 12 33
12 13 13 5
12 14 12 2
12 14 13 1
12 14 14 1
12 14 16 1
12 16 18 1
13 5 8 2
13 6 8 1
13 6 9 1
13 9 11 1
13 10 6 18
13 10 7 12
13 10 8 2
13 10 11 1
13 11 7 14
13 11 8 4
13 11 9 4
13 11 10 2
13 11 12 1
13 12 10 2
13 12 11 10
13 12 12 5
13 12 13 1
13 13 9 1
13 13 11 2
13 13 12 104
13 13 13 80
13 13 14 2
13 14 12 4
13 14 13 51
13 14 14 3
13 15 13 1
13 15 14 3
13 15 15 3
13 17 18 1
14 5 8 1
14 6 9 1
14 7 9 1
14 10 12 1
14 11 7 7
14 11 8 29
14 11 9 2
14 12 7 1
14 12 8 9
14 12 9 3
14 12 10 5
14 12 12 1
14 13 11 2
14 13 12 11
14 13 13 7
14 14 10 1
14 14 11 1
14 14 12 2
14 14 13 137
14 14 14 56
14 14 15 1
14 15 13 9
14 15 14 46
14 15 15 7
14 16 14 4
14 16 15 1
14 17 16 1
15 5 8 1
15 5 9 1
15 6 8 1
15 6 9 1
15 8 9 1
15 12 8 29
15 12 9 16
15 12 10 1
15 12 13 1
15 13 9 7
15 13 10 5
15 13 11 2
15 13 12 3
15 13 13 3
15 14 11 2
15 14 12 8
15 14 13 19
15 14 14 12
15 15 13 11
15 15 14 127
15 15 15 40
15 15 16 2
15 16 10 1
15 16 13 1
15 16 14 22
15 16 15 100
15 16 16 6
15 17 16 2
16 6 10 1
16 12 9 1
16 12 12 1
16 13 9 2
16 13 10 8
16 13 11 1
16 13 14 1
16 14 10 2
16 14 11 5
16 14 12 2
16 14 13 2
16 14 14 1
16 15 11 1
16 15 12 3
16 15 13 8
16 15 14 41
16 15 15 14
16 16 14 38
16 16 15 168
16 16 16 30
16 16 17 4
16 17 6 1
16 17 15 11
16 17 16 123
16 17 17 6
16 18 17 1
17 6 8 1
17 14 11 3
17 15 11 1
17 15 12 6
17 15 13 3
17 15 14 1
17 16 13 1
17 16 14 3
17 16 15 9
17 16 16 2
17 16 17 1
17 17 12 1
17 17 14 1
17 17 15 11
17 17 16 126
17 17 17 71
17 17 18 3
17 18 16 4
17 18 17 142
17 18 18 6
17 19 17 1
17 19 18 1
18 15 12 3
18 16 12 1
18 16 13 4
18 16 14 1
18 16 15 1
18 17 11 1
18 17 14 3
18 17 15 6
18 17 16 8
18 17 17 1
18 18 16 8
18 18 17 114
18 18 18 42
18 18 19 2
18 19 17 9
18 19 18 198
18 19 19 12
18 20 19 4
19 7 9 1
19 9 11 1
19 17 13 3
19 17 14 3
19 17 15 5
19 17 16 1
19 17 17 1
19 18 11 1
19 18 12 1
19 18 16 7
19 18 17 9
19 18 18 6
19 19 11 1
19 19 16 1
19 19 17 14
19 19 18 203
19 19 19 56
19 19 20 6
19 20 18 18
19 20 19 305
19 20 20 18
19 21 19 4
19 21 20 6
20 17 14 1
20 17 17 1
20 18 15 3
20 18 16 5
20 18 17 1
20 18 18 1
20 19 10 1
20 19 13 2
20 19 17 3
20 19 18 4
20 19 19 2
20 20 17 1
20 20 18 9
20 20 19 59
20 20 20 14
20 20 21 3
20 21 19 9
20 21 20 264
20 21 21 37
20 21 22 2
20 22 20 1
20 22 21 16
20 22 22 2
21 18 16 1
21 19 16 5
21 19 17 1
21 19 20 1
21 20 13 1
21 20 14 2
21 20 17 1
21 20 18 3
21 20 19 5
21 20 20 3
21 21 12 1
21 21 16 1
21 21 19 3
21 21 20 25
21 21 21 26
21 21 22 8
21 22 20 1
21 22 21 150
21 22 22 120
21 22 23 1
21 23 22 9
21 24 23 1
22 19 17 1
22 20 16 2
22 20 17 6
22 20 18 12
22 20 19 1
22 21 13 1
22 21 17 1
22 21 18 5
22 21 19 3
22 21 20 4
22 21 21 3
22 21 22 1
22 22 15 1
22 22 21 31
22 22 22 88
22 22 23 19
22 23 21 1
22 23 22 350
22 23 23 114
22 23 24 6
22 24 23 22
22 24 24 9
23 20 16 1
23 20 17 36
23 20 18 4
23 20 19 2
23 21 17 25
23 21 18 50
23 21 19 9
23 21 21 1
23 22 19 10
23 22 20 4
23 22 21 1
23 22 22 6
23 23 19 1
23 23 21 1
23 23 22 19
23 23 23 145
23 23 24 9
23 24 17 1
23 24 23 132
23 24 24 166
23 24 25 19
23 25 24 9
23 25 25 7
24 21 17 6
24 21 18 4
24 22 18 1
24 22 19 7
24 22 20 21
24 22 21 1
24 23 20 7
24 23 21 6
24 23 22 3
24 23 23 4
24 24 22 4
24 24 23 7
24 24 24 113
24 24 25 10
24 25 20 1
24 25 24 142
24 25 25 300
24 25 26 8
24 26 25 10
24 26 26 9
25 22 20 1
25 23 20 5
25 23 21 26
25 24 15 1
25 24 21 3
25 24 22 18
25 24 23 4
25 24 24 2
25 25 15 1
25 25 19 1
25 25 23 4
25 25 24 10
25 25 25 121
25 25 26 17
25 26 25 45
25 26 26 83
25 26 27 5
25 27 26 3
25 27 27 4
26 24 22 38
26 24 23 6
26 25 16 1
26 25 22 6
26 25 23 25
26 25 24 5
26 25 26 1
26 26 14 1
26 26 19 2
26 26 20 1
26 26 24 2
26 26 25 3
26 26 26 56
26 26 27 14
26 27 26 13
26 27 27 61
26 27 28 8
26 28 27 1
26 28 28 12
27 25 22 1
27 25 23 22
27 25 24 2
27 26 15 1
27 26 19 1
27 26 21 1
27 26 23 7
27 26 24 14
27 26 25 2
27 26 26 2
27 27 17 1
27 27 20 1
27 27 22 1
27 27 26 7
27 27 27 21
27 27 28 9
27 28 27 10
27 28 28 26
27 28 29 5
27 29 28 1
28 26 24 10
28 27 22 1
28 27 24 2
28 27 25 4
28 27 26 2
28 27 27 3
28 28 18 1
28 28 23 1
28 28 26 1
28 28 27 5
28 28 28 13
28 28 29 12
28 29 28 7
28 29 29 59
28 29 30 31
28 30 30 3
29 27 25 2
29 28 19 1
29 28 24 1
29 28 25 5
29 28 26 3
29 28 28 3
29 29 20 1
29 29 27 2
29 29 28 4
29 29 29 31
29 29 30 40
29 30 28 1
29 30 29 24
29 30 30 234
29 30 31 11
29 31 30 3
30 29 22 1
30 29 26 2
30 29 27 9
30 29 28 1
30 29 29 2
30 30 21 1
30 30 27 6
30 30 28 9
30 30 29 20
30 30 30 594
30 30 31 49
30 31 29 11
30 31 30 285
30 31 31 77
31 30 28 1
31 30 29 3
31 30 30 3
