32
0 0 0 7
0 0 1 1
0 1 0 5
0 1 1 1
1 0 0 1
1 1 0 13
1 1 1 12
1 1 2 1
1 2 1 75
1 2 2 2
2 2 1 35
2 2 2 43
2 2 3 1
2 3 2 130
2 8 12 2
2 8 13 2
3 2 1 1
3 2 2 4
3 3 1 2
3 3 2 114
3 3 3 52
3 3 4 1
3 4 3 140
3 4 4 13
3 5 4 2
3 11 15 1
3 11 16 4
4 3 3 4
4 3 4 1
4 4 3 30
4 4 4 79
4 5 3 1
4 5 4 135
4 5 5 12
4 6 3 2
4 6 4 9
4 6 5 16
4 6 6 1
4 7 7 1
4 8 10 1
4 8 11 2
4 11 15 1
4 12 15 1
5 3 1 1
5 4 2 1
5 4 3 1
5 4 4 4
5 4 5 1
5 5 4 9
5 5 5 27
5 5 6 2
5 6 4 5
5 6 5 42
5 6 6 15
5 7 5 1
5 7 6 1
5 7 7 1
5 7 8 2
5 8 8 1
5 8 11 1
5 9 11 1
5 10 13 2
5 11 14 2
5 11 15 2
5 13 17 1
6 5 3 3
6 5 4 1
6 5 5 3
6 5 6 3
6 6 4 1
6 6 5 27
6 6 6 16
6 6 7 3
6 7 5 2
6 7 6 12
6 7 7 3
6 8 6 1
6 8 7 4
6 9 9 1
6 10 13 2
6 11 14 2
6 12 15 1
6 12 16 1
6 13 16 1
7 4 2 3
7 5 2 7
7 5 3 10
7 5 4 8
7 6 3 1
7 6 4 2
7 6 5 3
7 7 5 1
7 7 6 22
7 7 7 13
7 8 6 16
7 8 7 13
7 8 8 3
7 9 8 2
7 11 13 1
7 11 14 2
7 11 15 1
7 12 16 1
8 4 2 2
8 4 3 1
8 5 2 84
8 5 3 54
8 6 3 17
8 6 4 49
8 6 5 1
8 7 4 3
8 7 5 3
8 7 6 6
8 8 6 5
8 8 7 39
8 8 8 19
8 8 9 3
8 8 11 1
8 9 7 7
8 9 8 36
8 9 9 3
8 10 8 1
8 10 9 3
8 10 10 1
8 11 12 1
9 4 6 2
9 5 3 11
9 5 7 1
9 6 3 18
9 6 4 3
9 6 7 1
9 7 4 3
9 7 5 7
9 7 6 1
9 7 8 2
9 8 5 1
9 8 6 6
9 8 7 6
9 8 8 4
9 9 7 3
9 9 8 47
9 9 9 10
9 9 10 2
9 9 11 1
9 10 8 10
9 10 9 26
9 10 10 6
9 11 8 1
9 11 9 3
9 11 10 5
9 11 11 1
10 5 7 1
10 6 3 3
10 6 4 1
10 6 7 2
10 7 3 2
10 7 4 22
10 7 5 3
10 7 8 1
10 8 6 11
10 8 7 5
10 8 8 2
10 8 9 2
10 9 7 2
10 9 8 2
10 9 9 1
10 10 8 6
10 10 9 57
10 10 10 13
10 10 11 1
10 11 9 11
10 11 10 47
10 11 11 10
10 11 12 1
10 12 9 1
10 12 11 3
10 12 12 2
10 13 11 1
11 4 7 1
11 5 7 2
11 6 7 4
11 6 8 2
11 7 4 6
11 7 8 2
11 8 4 3
11 8 5 3
11 8 6 2
11 9 6 1
11 9 7 1
11 9 8 4
11 10 8 2
11 10 9 9
11 10 10 4
11 10 11 1
11 11 9 12
11 11 10 57
11 11 11 13
11 11 12 1
11 12 10 17
11 12 11 22
11 12 12 5
11 13 12 2
11 13 13 1
12 5 7 1
12 5 8 1
12 6 7 1
12 8 5 1
12 8 10 1
12 9 5 3
12 9 6 3
12 9 7 2
12 9 9 1
12 9 10 1
12 9 11 1
12 10 5 1
12 10 6 5
12 10 7 1
12 10 8 3
12 10 9 1
12 11 6 1
12 11 7 1
12 11 10 9
12 11 11 5
12 12 10 6
12 12 11 70
12 12 12 18
12 12 13 1
12 13 11 9
12 13 12 37
12 13 13 9
12 14 13 1
13 5 8 2
13 9 6 1
13 10 5 1
13 10 6 9
13 10 7 12
13 10 11 1
13 10 12 1
13 11 7 13
13 11 8 4
13 11 9 8
13 11 10 1
13 11 11 3
13 12 9 1
13 12 10 3
13 12 11 8
13 12 12 5
13 12 13 1
13 13 11 7
13 13 12 84
13 13 13 75
13 13 14 4
13 14 12 6
13 14 13 55
13 14 14 4
13 14 15 1
13 15 13 2
13 15 14 3
14 5 8 1
14 10 7 1
14 11 7 7
14 11 8 15
14 11 9 2
14 12 8 10
14 12 9 4
14 12 13 1
14 13 10 2
14 13 11 3
14 13 12 8
14 13 13 14
14 13 14 1
14 14 12 7
14 14 13 124
14 14 14 51
14 15 13 10
14 15 14 61
14 15 15 10
14 15 16 1
14 16 14 1
14 16 15 2
14 16 16 2
14 17 18 1
15 5 8 1
15 10 10 1
15 10 11 1
15 11 8 2
15 12 8 32
15 12 9 18
15 12 12 1
15 12 13 1
15 13 9 10
15 13 10 7
15 13 12 4
15 13 14 1
15 14 11 1
15 14 12 4
15 14 13 15
15 14 14 9
15 14 15 1
15 15 11 1
15 15 12 1
15 15 13 11
15 15 14 125
15 15 15 39
15 16 14 15
15 16 15 101
15 16 16 6
15 17 16 2
15 17 17 1
16 13 9 2
16 13 10 4
16 14 10 5
16 14 11 4
16 14 12 1
16 14 13 3
16 14 14 1
16 15 12 1
16 15 13 11
16 15 14 41
16 15 15 7
16 15 16 2
16 16 10 1
16 16 11 1
16 16 13 1
16 16 14 44
16 16 15 158
16 16 16 31
16 16 17 2
16 17 15 8
16 17 16 118
16 17 17 8
16 18 17 2
17 14 10 2
17 15 11 4
17 15 12 6
17 15 13 3
17 15 14 6
17 16 13 3
17 16 14 10
17 16 15 6
17 16 16 1
17 17 15 14
17 17 16 138
17 17 17 67
17 17 18 1
17 18 16 6
17 18 17 119
17 18 18 8
17 19 18 1
17 19 19 1
17 20 19 1
18 15 11 1
18 15 12 2
18 16 12 4
18 16 13 3
18 16 14 6
18 16 15 2
18 16 16 1
18 17 13 1
18 17 14 3
18 17 15 3
18 17 16 11
18 17 17 5
18 18 11 1
18 18 16 11
18 18 17 112
18 18 18 37
18 19 17 13
18 19 18 169
18 19 19 8
18 20 19 3
18 20 20 2
19 16 13 3
19 17 13 5
19 17 14 5
19 17 15 5
19 18 13 2
19 18 15 1
19 18 16 6
19 18 17 9
19 18 18 6
19 18 19 4
19 19 11 2
19 19 17 15
19 19 18 174
19 19 19 51
19 19 20 2
19 20 18 9
19 20 19 272
19 20 20 17
19 21 19 1
19 21 20 3
20 17 14 3
20 18 14 2
20 18 15 4
20 18 16 3
20 18 17 1
20 18 18 1
20 19 11 1
20 19 12 1
20 19 13 1
20 19 16 2
20 19 17 2
20 19 18 6
20 19 20 1
20 20 13 1
20 20 14 1
20 20 18 11
20 20 19 58
20 20 20 29
20 20 21 1
20 21 19 9
20 21 20 241
20 21 21 42
20 22 21 14
21 18 14 1
21 19 16 2
21 20 12 1
21 20 13 1
21 20 14 1
21 20 17 1
21 20 18 5
21 20 19 4
21 20 20 3
21 21 12 1
21 21 13 1
21 21 18 1
21 21 19 1
21 21 20 35
21 21 21 37
21 21 22 10
21 22 20 2
21 22 21 147
21 22 22 115
21 22 23 1
21 23 22 10
21 23 23 3
22 20 17 5
22 20 18 5
22 20 19 1
22 21 13 1
22 21 17 1
22 21 18 7
22 21 19 3
22 21 20 2
22 21 21 5
22 22 21 20
22 22 22 129
22 22 23 15
22 23 22 341
22 23 23 135
22 23 24 4
22 24 23 17
22 24 24 5
23 20 17 14
23 20 18 3
23 21 17 15
23 21 18 59
23 21 19 16
23 22 14 1
23 22 16 1
23 22 19 3
23 22 20 6
23 22 21 4
23 22 22 3
23 23 22 26
23 23 23 188
23 23 24 19
23 24 17 1
23 24 23 134
23 24 24 206
23 24 25 14
23 25 24 10
23 25 25 12
24 21 17 9
24 21 18 11
24 22 11 1
24 22 18 2
24 22 19 13
24 22 20 15
24 22 21 1
24 22 22 1
24 22 23 1
24 23 13 1
24 23 15 1
24 23 20 7
24 23 21 2
24 23 22 5
24 23 23 3
24 24 21 1
24 24 22 4
24 24 23 8
24 24 24 104
24 24 25 15
24 25 24 120
24 25 25 312
24 25 26 21
24 26 25 9
24 26 26 8
25 22 13 1
25 22 20 1
25 23 20 7
25 23 21 26
25 23 22 3
25 24 13 2
25 24 16 1
25 24 21 3
25 24 22 20
25 24 23 7
25 24 24 3
25 24 25 1
25 25 20 1
25 25 23 3
25 25 24 13
25 25 25 143
25 25 26 11
25 25 27 2
25 26 25 49
25 26 26 102
25 26 27 2
25 27 26 2
25 27 27 3
26 24 13 1
26 24 21 1
26 24 22 41
26 24 23 6
26 25 15 1
26 25 22 6
26 25 23 24
26 25 24 3
26 25 25 2
26 26 15 1
26 26 17 3
26 26 18 2
26 26 24 1
26 26 25 8
26 26 26 47
26 26 27 13
26 27 26 27
26 27 27 66
26 27 28 13
26 28 28 12
27 25 15 1
27 25 23 22
27 25 24 1
27 25 25 1
27 26 15 1
27 26 17 2
27 26 18 1
27 26 19 1
27 26 21 2
27 26 22 1
27 26 23 4
27 26 24 15
27 26 25 6
27 26 26 4
27 27 26 6
27 27 27 40
27 27 28 8
27 28 27 7
27 28 28 38
27 28 29 7
27 29 29 1
28 26 23 1
28 26 24 8
28 26 25 1
28 26 27 1
28 27 22 1
28 27 23 1
28 27 24 2
28 27 25 1
28 27 26 2
28 27 27 3
28 28 18 1
28 28 26 1
28 28 27 2
28 28 28 34
28 28 29 11
28 29 27 1
28 29 28 9
28 29 29 67
28 29 30 14
28 30 30 4
29 27 24 2
29 27 25 7
29 27 26 2
29 28 20 1
29 28 26 1
29 28 27 1
29 28 28 1
29 29 26 1
29 29 27 3
29 29 29 34
29 29 30 56
29 30 28 1
29 30 29 12
29 30 30 215
29 30 31 5
29 31 30 3
30 28 26 1
30 29 22 1
30 29 23 1
30 29 26 3
30 29 27 8
30 29 28 1
30 29 29 2
30 30 22 1
30 30 27 4
30 30 28 13
30 30 29 14
30 30 30 657
30 30 31 36
30 31 29 7
30 31 30 231
30 31 31 24
31 30 28 2
31 30 29 1
31 30 30 4
31 30 31 1
31 31 29 1
