32
0 0 0 8
0 0 1 1
0 1 0 3
0 1 1 1
1 1 0 11
1 1 1 5
1 2 1 59
1 2 2 3
2 1 3 1
2 2 1 32
2 2 2 43
2 3 2 136
2 3 3 5
2 7 12 1
2 8 12 2
2 8 13 1
2 11 17 1
3 2 1 2
3 2 2 5
3 3 1 1
3 3 2 105
3 3 3 50
3 3 4 1
3 4 3 145
3 4 4 10
3 5 4 3
3 8 12 1
3 11 16 2
3 11 17 1
3 12 16 3
4 3 2 1
4 3 3 1
4 3 4 1
4 4 2 1
4 4 3 36
4 4 4 69
4 4 5 1
4 5 3 2
4 5 4 157
4 5 5 11
4 6 4 11
4 6 5 20
4 7 9 1
4 8 11 1
4 9 11 1
4 10 14 1
4 10 15 1
4 11 16 1
5 4 2 2
5 4 3 1
5 4 4 1
5 4 5 1
5 5 4 12
5 5 5 21
5 5 6 1
5 6 4 6
5 6 5 53
5 6 6 19
5 7 4 2
5 7 6 1
5 7 8 2
5 7 9 2
5 8 9 1
5 10 14 1
5 10 15 1
5 11 15 3
5 12 15 1
5 12 16 1
5 13 17 1
6 5 4 2
6 5 5 7
6 5 6 2
6 6 4 4
6 6 5 35
6 6 6 16
6 6 7 2
6 7 5 2
6 7 6 24
6 7 7 6
6 8 6 2
6 8 7 2
6 8 10 1
6 9 11 1
6 11 14 2
6 12 15 1
6 12 16 1
7 4 2 1
7 5 2 12
7 5 3 15
7 5 4 4
7 6 4 1
7 6 6 1
7 6 7 1
7 7 5 4
7 7 6 16
7 7 7 12
7 7 8 4
7 8 6 14
7 8 7 18
7 8 8 4
7 9 8 2
7 11 13 1
7 11 14 2
7 11 15 1
8 4 2 4
8 5 2 82
8 5 3 68
8 5 6 1
8 5 7 1
8 6 3 21
8 6 4 65
8 6 5 1
8 6 7 1
8 7 4 1
8 7 5 5
8 7 6 1
8 7 7 1
8 8 6 2
8 8 7 27
8 8 8 15
8 8 9 2
8 9 7 5
8 9 8 23
8 9 9 5
8 10 8 2
8 10 9 2
8 10 10 1
8 10 13 1
8 11 13 1
8 12 15 2
9 3 5 1
9 4 6 2
9 5 3 3
9 6 3 21
9 6 4 6
9 7 4 2
9 7 5 5
9 7 6 2
9 8 5 3
9 8 6 3
9 8 7 5
9 8 8 3
9 8 9 1
9 9 7 2
9 9 8 66
9 9 9 10
9 10 8 12
9 10 9 32
9 10 10 10
9 10 11 2
9 11 9 1
9 11 10 2
10 5 7 2
10 6 3 1
10 6 7 1
10 7 3 3
10 7 4 20
10 7 5 2
10 7 8 2
10 8 5 5
10 8 6 5
10 8 7 4
10 8 8 1
10 8 9 1
10 9 7 5
10 9 8 11
10 9 9 1
10 9 11 1
10 10 8 1
10 10 9 59
10 10 10 14
10 11 9 20
10 11 10 31
10 11 11 3
10 12 9 1
10 12 11 3
10 13 10 1
11 4 6 1
11 4 7 1
11 5 7 2
11 5 8 1
11 6 7 5
11 6 8 1
11 7 4 7
11 7 8 2
11 8 4 5
11 8 5 2
11 8 6 5
11 8 8 1
11 9 6 3
11 9 7 6
11 9 8 6
11 9 10 2
11 10 8 5
11 10 9 7
11 10 10 2
11 11 9 8
11 11 10 54
11 11 11 22
11 12 10 8
11 12 11 26
11 12 12 2
11 13 11 2
12 5 7 1
12 6 8 2
12 9 5 2
12 9 6 10
12 9 7 2
12 9 10 1
12 10 6 5
12 10 7 3
12 10 8 4
12 10 10 2
12 11 9 2
12 11 10 13
12 11 11 3
12 12 9 1
12 12 10 3
12 12 11 47
12 12 12 16
12 13 11 4
12 13 12 41
12 13 13 6
12 13 14 1
12 14 13 1
13 4 8 1
13 6 8 1
13 8 11 1
13 9 11 1
13 10 6 13
13 10 7 26
13 10 8 1
13 10 12 1
13 11 7 18
13 11 8 4
13 11 9 4
13 11 10 1
13 11 11 1
13 12 9 2
13 12 10 7
13 12 11 8
13 12 12 3
13 12 13 2
13 13 11 3
13 13 12 92
13 13 13 86
13 13 14 3
13 14 12 1
13 14 13 46
13 14 14 6
13 15 13 2
13 15 14 3
14 5 8 1
14 10 11 1
14 11 7 9
14 11 8 14
14 11 9 1
14 11 12 2
14 12 8 14
14 12 9 7
14 12 11 2
14 12 12 3
14 13 10 3
14 13 11 5
14 13 12 11
14 13 13 8
14 13 14 2
14 14 10 2
14 14 12 1
14 14 13 126
14 14 14 44
14 14 15 7
14 15 13 9
14 15 14 53
14 15 15 9
14 15 16 1
14 16 13 1
14 16 15 3
14 17 19 1
15 5 9 1
15 11 8 2
15 12 8 34
15 12 9 18
15 12 11 1
15 13 9 8
15 13 10 10
15 13 11 3
15 13 12 3
15 13 13 2
15 14 11 2
15 14 12 5
15 14 13 15
15 14 14 6
15 15 12 1
15 15 13 8
15 15 14 103
15 15 15 48
15 15 16 1
15 16 14 8
15 16 15 104
15 16 16 4
15 17 15 1
15 17 16 1
15 17 17 1
15 18 17 1
16 13 9 3
16 13 10 6
16 13 13 1
16 14 10 3
16 14 11 2
16 14 12 5
16 14 13 3
16 14 14 2
16 15 12 3
16 15 13 6
16 15 14 28
16 15 15 4
16 16 6 1
16 16 10 1
16 16 13 1
16 16 14 22
16 16 15 155
16 16 16 36
16 17 15 10
16 17 16 138
16 17 17 8
16 18 17 1
17 5 9 1
17 14 11 2
17 15 11 2
17 15 12 4
17 15 13 4
17 15 14 1
17 15 17 1
17 16 13 3
17 16 14 8
17 16 15 7
17 16 16 3
17 16 17 1
17 17 12 2
17 17 15 6
17 17 16 119
17 17 17 61
17 18 16 2
17 18 17 117
17 18 18 13
17 19 16 1
17 19 18 2
18 15 12 3
18 16 13 1
18 16 14 3
18 16 15 1
18 16 16 1
18 17 14 3
18 17 15 7
18 17 16 9
18 17 17 4
18 17 18 1
18 18 11 1
18 18 12 1
18 18 14 1
18 18 16 6
18 18 17 95
18 18 18 41
18 18 19 1
18 19 17 12
18 19 18 151
18 19 19 8
18 20 18 1
18 20 19 4
19 16 15 1
19 17 14 3
19 17 15 3
19 17 16 1
19 17 17 1
19 18 11 1
19 18 12 1
19 18 16 3
19 18 17 13
19 18 18 7
19 18 19 1
19 19 11 1
19 19 13 1
19 19 14 1
19 19 17 12
19 19 18 149
19 19 19 53
19 19 20 4
19 20 18 13
19 20 19 268
19 20 20 16
19 21 19 3
19 21 20 6
19 21 21 1
20 18 16 1
20 18 17 1
20 18 18 1
20 19 10 1
20 19 11 2
20 19 12 1
20 19 17 3
20 19 18 6
20 19 19 4
20 20 18 10
20 20 19 55
20 20 20 42
20 20 21 4
20 21 19 6
20 21 20 255
20 21 21 32
20 22 20 1
20 22 21 11
21 19 16 2
21 19 17 1
21 19 20 1
21 20 12 2
21 20 13 2
21 20 18 5
21 20 19 4
21 20 20 1
21 21 19 2
21 21 20 31
21 21 21 31
21 21 22 7
21 22 20 1
21 22 21 178
21 22 22 109
21 22 23 1
21 23 22 6
21 23 23 1
22 19 17 1
22 19 19 1
22 20 14 1
22 20 17 5
22 20 18 5
22 20 19 1
22 20 21 1
22 21 13 1
22 21 14 2
22 21 15 1
22 21 17 1
22 21 18 4
22 21 19 4
22 21 20 4
22 21 21 1
22 22 17 2
22 22 21 24
22 22 22 87
22 22 23 21
22 23 22 335
22 23 23 121
22 23 24 11
22 24 23 13
22 24 24 5
23 20 17 16
23 20 18 5
23 21 17 5
23 21 18 85
23 21 19 19
23 21 20 1
23 22 11 1
23 22 12 1
23 22 19 10
23 22 20 5
23 22 21 1
23 22 22 2
23 23 18 1
23 23 21 1
23 23 22 28
23 23 23 149
23 23 24 10
23 24 22 1
23 24 23 129
23 24 24 160
23 24 25 19
23 25 24 12
23 25 25 8
23 26 25 1
24 21 17 5
24 21 18 19
24 21 19 3
24 22 16 1
24 22 18 1
24 22 19 6
24 22 20 25
24 22 23 1
24 23 10 1
24 23 15 1
24 23 19 1
24 23 20 7
24 23 21 7
24 23 22 5
24 23 23 7
24 23 24 1
24 24 22 1
24 24 23 8
24 24 24 108
24 24 25 14
24 25 24 127
24 25 25 299
24 25 26 30
24 26 25 7
24 26 26 9
25 22 21 1
25 23 20 2
25 23 21 26
25 23 22 5
25 24 13 3
25 24 16 1
25 24 21 3
25 24 22 23
25 24 23 6
25 24 24 1
25 25 14 1
25 25 16 1
25 25 23 2
25 25 24 9
25 25 25 152
25 25 26 11
25 26 25 35
25 26 26 109
25 26 27 4
25 27 26 2
25 27 27 3
26 24 14 1
26 24 22 39
26 24 23 5
26 25 22 3
26 25 23 25
26 25 24 8
26 25 25 4
26 26 15 1
26 26 16 1
26 26 17 1
26 26 18 2
26 26 20 1
26 26 24 2
26 26 25 6
26 26 26 37
26 26 27 15
26 27 26 14
26 27 27 53
26 27 28 11
26 28 27 2
26 28 28 17
27 25 23 27
27 25 24 8
27 26 16 1
27 26 17 1
27 26 18 1
27 26 23 4
27 26 24 11
27 26 25 2
27 26 26 5
27 26 27 2
27 27 20 1
27 27 26 2
27 27 27 29
27 27 28 9
27 28 27 6
27 28 28 36
27 28 29 5
27 29 29 2
28 26 24 10
28 26 25 1
28 26 26 2
28 27 19 1
28 27 21 1
28 27 25 3
28 27 26 4
28 27 27 9
28 27 28 1
28 28 19 1
28 28 23 1
28 28 26 1
28 28 27 5
28 28 28 24
28 28 29 11
28 29 28 7
28 29 29 66
28 29 30 18
28 30 30 2
29 27 24 1
29 27 25 7
29 28 25 1
29 28 26 6
29 28 27 1
29 28 28 1
29 28 29 1
29 29 21 1
29 29 25 1
29 29 26 1
29 29 27 2
29 29 28 5
29 29 29 44
29 29 30 51
29 30 29 12
29 30 30 224
29 30 31 5
29 31 30 2
29 31 31 1
30 28 26 1
30 29 26 1
30 29 27 5
30 29 28 1
30 29 29 6
30 30 22 1
30 30 27 2
30 30 28 11
30 30 29 16
30 30 30 624
30 30 31 46
30 31 29 4
30 31 30 234
30 31 31 34
31 30 28 2
31 30 29 2
31 30 30 6
