32
0 0 0 6
0 1 0 1
0 1 1 1
1 0 0 5
1 1 0 6
1 1 1 3
1 2 1 18
2 1 0 4
2 1 1 3
2 2 0 3
2 2 1 39
2 2 2 20
2 3 1 6
2 3 2 112
2 3 3 1
3 2 0 3
3 2 1 5
3 2 2 6
3 3 1 5
3 3 2 169
3 3 3 34
3 4 2 8
3 4 3 121
3 4 4 5
3 4 5 1
3 5 4 2
3 5 6 1
3 10 15 2
3 11 17 1
4 3 2 1
4 3 3 3
4 4 2 4
4 4 3 62
4 4 4 63
4 5 4 170
4 5 5 21
4 5 6 2
4 6 4 3
4 6 5 9
4 6 6 1
4 10 15 1
4 11 16 2
4 12 18 1
5 3 2 1
5 4 2 1
5 4 3 2
5 4 4 5
5 4 5 4
5 5 3 1
5 5 4 32
5 5 5 17
5 5 6 7
5 6 4 1
5 6 5 26
5 6 6 6
5 7 6 1
5 10 14 1
5 12 17 1
6 5 4 3
6 5 5 3
6 6 4 2
6 6 5 2
6 6 6 10
6 7 4 1
6 7 5 2
6 7 6 4
6 7 7 3
6 8 7 2
6 8 8 1
6 8 9 1
6 8 10 1
6 9 10 1
6 10 13 3
6 10 14 1
6 11 14 1
6 11 15 1
6 11 16 1
6 13 17 1
7 6 3 2
7 6 5 1
7 6 6 2
7 7 5 2
7 7 6 4
7 7 7 3
7 8 7 9
7 8 8 5
7 8 9 1
7 9 8 2
7 9 9 2
7 10 14 1
7 11 15 1
7 11 16 1
7 12 15 3
8 6 2 1
8 6 3 2
8 7 3 1
8 7 5 5
8 7 6 2
8 7 7 5
8 8 5 4
8 8 6 12
8 8 7 6
8 8 8 6
8 8 9 2
8 9 4 1
8 9 8 4
8 9 9 5
8 9 10 1
8 10 9 3
8 10 12 1
8 11 13 1
8 13 16 1
8 13 17 1
8 13 18 1
9 7 4 1
9 8 6 7
9 8 7 5
9 8 8 6
9 8 10 1
9 9 7 20
9 9 8 8
9 9 9 10
9 9 10 3
9 10 5 2
9 10 6 1
9 10 9 3
9 10 10 5
9 10 11 1
9 11 6 2
9 11 8 2
9 11 10 2
9 11 11 1
9 11 14 1
9 11 15 1
9 12 14 1
10 8 4 2
10 8 5 1
10 9 7 4
10 9 8 6
10 9 9 2
10 9 10 1
10 9 12 1
10 10 8 9
10 10 9 8
10 10 10 10
10 10 11 2
10 11 6 1
10 11 10 2
10 11 11 2
10 12 11 1
10 12 12 3
10 12 14 1
10 13 16 3
11 6 7 1
11 8 3 1
11 8 4 3
11 9 7 2
11 9 8 1
11 9 10 1
11 10 7 2
11 10 8 3
11 10 9 4
11 10 10 5
11 10 11 1
11 11 8 2
11 11 9 9
11 11 10 10
11 11 11 7
11 11 12 2
11 12 8 1
11 12 10 1
11 12 11 9
11 12 12 2
11 13 9 1
11 13 11 1
11 13 12 2
11 13 13 2
11 13 15 2
12 8 8 1
12 9 4 1
12 9 5 2
12 9 9 1
12 10 7 1
12 10 9 3
12 10 10 2
12 10 11 1
12 11 9 12
12 11 10 3
12 11 11 8
12 11 12 2
12 12 9 3
12 12 10 7
12 12 11 14
12 12 12 11
12 12 13 1
12 13 11 2
12 13 12 22
12 13 13 1
12 13 14 1
12 14 12 1
12 14 13 2
12 14 16 2
12 15 16 1
13 6 8 3
13 8 8 1
13 8 9 1
13 9 4 1
13 9 9 2
13 9 10 1
13 10 5 4
13 10 7 1
13 10 9 3
13 10 10 1
13 10 11 1
13 11 7 1
13 11 8 2
13 11 9 1
13 11 10 1
13 12 9 3
13 12 10 14
13 12 11 9
13 12 12 10
13 12 13 2
13 13 10 11
13 13 11 21
13 13 12 22
13 13 13 23
13 14 11 2
13 14 12 2
13 14 13 11
13 14 14 3
13 14 15 2
13 15 14 2
13 15 15 1
13 16 18 2
14 8 8 1
14 8 9 1
14 9 9 1
14 10 4 2
14 10 5 2
14 10 6 1
14 10 9 3
14 10 10 3
14 10 11 1
14 11 6 3
14 11 7 7
14 11 8 2
14 11 9 4
14 11 10 1
14 12 7 2
14 12 8 6
14 12 9 4
14 12 10 2
14 12 11 4
14 12 12 1
14 12 13 1
14 13 9 1
14 13 10 1
14 13 11 16
14 13 12 11
14 13 13 8
14 13 15 1
14 14 11 3
14 14 12 22
14 14 13 31
14 14 14 19
14 14 15 3
14 15 13 2
14 15 14 17
14 15 15 4
14 15 16 1
14 16 13 1
14 16 16 2
14 16 17 1
14 16 18 1
14 16 19 2
14 17 16 1
15 7 10 1
15 9 10 1
15 10 3 3
15 10 4 73
15 10 5 2
15 11 4 2
15 11 5 3
15 11 6 26
15 11 7 5
15 11 8 2
15 12 6 5
15 12 7 13
15 12 8 79
15 12 9 17
15 12 10 1
15 12 11 2
15 12 12 1
15 12 13 1
15 13 8 3
15 13 9 15
15 13 10 16
15 13 11 14
15 13 12 35
15 13 13 5
15 14 11 2
15 14 12 35
15 14 13 17
15 14 14 5
15 15 11 1
15 15 12 2
15 15 13 10
15 15 14 19
15 15 15 14
15 15 16 6
15 16 13 2
15 16 15 13
15 16 16 1
15 16 17 1
15 17 16 3
15 17 17 1
15 17 18 1
15 17 19 1
16 7 9 1
16 8 10 2
16 9 11 1
16 10 3 3
16 10 4 58
16 11 4 55
16 11 5 13
16 11 6 7
16 12 5 3
16 12 6 35
16 12 7 8
16 12 8 7
16 13 7 2
16 13 8 4
16 13 9 4
16 13 10 9
16 13 11 1
16 13 12 1
16 13 14 2
16 14 10 1
16 14 11 12
16 14 12 37
16 14 13 19
16 14 14 1
16 14 15 1
16 14 16 1
16 15 12 4
16 15 13 14
16 15 14 6
16 15 15 10
16 15 16 4
16 16 13 4
16 16 14 12
16 16 15 41
16 16 16 14
16 16 17 1
16 17 14 1
16 17 15 2
16 17 16 16
16 17 17 6
16 17 19 2
16 18 16 1
16 18 17 1
16 18 20 2
16 18 21 1
16 19 21 1
17 11 4 7
17 11 5 3
17 12 4 3
17 12 5 9
17 12 6 8
17 12 7 4
17 13 7 5
17 13 8 3
17 13 9 5
17 13 14 1
17 14 8 1
17 14 9 1
17 14 10 4
17 14 11 4
17 14 15 1
17 14 17 1
17 15 12 8
17 15 13 5
17 15 14 1
17 15 15 1
17 15 16 1
17 16 11 1
17 16 12 2
17 16 13 4
17 16 14 17
17 16 15 31
17 16 16 8
17 16 17 2
17 16 18 1
17 17 14 8
17 17 15 19
17 17 16 18
17 17 17 9
17 17 18 6
17 18 14 2
17 18 16 3
17 18 17 19
17 18 18 7
17 18 19 2
17 19 18 1
17 19 19 1
17 19 20 1
17 19 21 2
17 20 22 2
18 7 10 1
18 13 8 1
18 14 9 2
18 14 10 2
18 15 10 3
18 15 11 2
18 15 12 1
18 15 14 1
18 16 13 5
18 16 14 3
18 16 17 1
18 16 18 1
18 17 12 1
18 17 14 4
18 17 15 36
18 17 16 21
18 17 17 5
18 17 18 3
18 17 19 1
18 18 15 4
18 18 16 10
18 18 17 9
18 18 18 14
18 18 19 2
18 19 16 2
18 19 17 3
18 19 18 13
18 19 19 6
18 19 20 3
18 20 19 1
18 20 20 1
18 20 21 1
19 15 11 2
19 16 11 2
19 16 12 1
19 16 13 1
19 17 13 1
19 17 14 5
19 17 15 9
19 17 16 4
19 17 17 1
19 17 18 1
19 18 11 1
19 18 14 1
19 18 15 5
19 18 16 27
19 18 17 16
19 18 18 4
19 18 19 2
19 19 16 13
19 19 17 20
19 19 18 6
19 19 19 15
19 19 20 1
19 19 21 1
19 20 17 1
19 20 18 2
19 20 19 21
19 20 20 11
19 20 21 1
19 21 20 2
19 21 22 1
19 21 23 2
19 22 24 3
20 16 11 2
20 16 12 2
20 17 12 1
20 17 13 6
20 17 14 6
20 17 15 1
20 17 16 1
20 18 14 3
20 18 15 8
20 18 16 5
20 18 17 1
20 19 13 1
20 19 15 1
20 19 16 16
20 19 17 25
20 19 18 12
20 19 19 2
20 19 20 1
20 20 10 1
20 20 17 12
20 20 18 19
20 20 19 11
20 20 20 14
20 20 21 5
20 21 17 1
20 21 19 1
20 21 20 20
20 21 21 11
20 21 22 4
20 21 23 1
20 22 21 3
20 22 22 2
20 22 24 1
21 17 13 2
21 17 17 1
21 18 14 2
21 18 15 2
21 19 9 1
21 19 16 13
21 19 17 8
21 19 18 3
21 20 12 1
21 20 13 1
21 20 17 23
21 20 18 44
21 20 19 10
21 20 20 1
21 20 23 1
21 21 13 1
21 21 17 2
21 21 18 18
21 21 19 19
21 21 20 6
21 21 21 15
21 21 22 3
21 21 23 1
21 22 18 1
21 22 20 2
21 22 21 15
21 22 22 19
21 22 23 3
21 22 24 1
21 22 25 1
21 23 22 1
21 23 23 1
21 23 24 1
21 23 25 3
21 23 26 1
21 24 26 1
22 19 16 1
22 20 10 2
22 20 12 1
22 20 17 11
22 20 18 6
22 20 19 1
22 20 21 1
22 21 11 1
22 21 12 2
22 21 13 1
22 21 14 1
22 21 16 1
22 21 17 2
22 21 18 43
22 21 19 48
22 21 20 9
22 21 21 2
22 21 22 3
22 21 23 2
22 22 15 1
22 22 19 8
22 22 20 39
22 22 21 24
22 22 22 28
22 22 23 3
22 22 24 1
22 23 21 1
22 23 22 23
22 23 23 30
22 23 24 6
22 23 25 4
22 24 23 4
22 24 24 1
22 24 25 4
22 24 26 4
22 24 27 1
22 25 27 3
22 25 28 3
23 16 16 1
23 18 19 1
23 21 18 10
23 21 19 10
23 22 10 1
23 22 13 1
23 22 14 1
23 22 15 1
23 22 16 1
23 22 19 10
23 22 20 40
23 22 21 13
23 22 22 4
23 23 20 4
23 23 21 33
23 23 22 49
23 23 23 57
23 23 24 12
23 24 22 3
23 24 23 119
23 24 24 102
23 24 25 30
23 24 26 1
23 24 27 1
23 25 24 14
23 25 25 58
23 25 26 3
23 25 27 23
23 25 28 44
23 26 25 2
23 26 27 1
23 26 28 42
23 26 29 30
23 27 29 39
24 21 12 1
24 22 12 1
24 22 19 14
24 22 20 18
24 22 21 2
24 23 11 2
24 23 13 1
24 23 14 1
24 23 15 1
24 23 16 1
24 23 20 17
24 23 21 109
24 23 22 44
24 23 23 6
24 23 24 1
24 24 16 1
24 24 21 10
24 24 22 64
24 24 23 124
24 24 24 90
24 24 25 20
24 24 26 2
24 25 23 5
24 25 24 107
24 25 25 112
24 25 26 34
24 25 27 17
24 25 28 5
24 26 25 3
24 26 26 28
24 26 27 10
24 26 28 81
24 26 29 18
24 27 28 1
24 27 29 17
24 27 30 4
24 28 30 1
25 22 21 2
25 23 20 1
25 23 21 34
25 23 22 27
25 23 23 1
25 24 13 4
25 24 14 2
25 24 16 1
25 24 20 2
25 24 21 24
25 24 22 311
25 24 23 64
25 24 24 5
25 24 25 1
25 25 14 1
25 25 16 2
25 25 22 21
25 25 23 104
25 25 24 326
25 25 25 142
25 25 26 7
25 26 18 1
25 26 24 1
25 26 25 248
25 26 26 82
25 26 27 36
25 26 28 60
25 26 29 2
25 27 26 1
25 27 27 25
25 27 28 124
25 27 29 78
25 27 30 4
25 28 29 2
25 28 30 1
26 21 21 1
26 22 20 1
26 23 22 1
26 24 22 22
26 24 23 17
26 25 14 2
26 25 15 2
26 25 22 15
26 25 23 224
26 25 24 80
26 25 25 7
26 26 14 1
26 26 17 1
26 26 19 2
26 26 21 1
26 26 23 17
26 26 24 133
26 26 25 136
26 26 26 85
26 26 27 10
26 27 25 1
26 27 26 16
26 27 27 46
26 27 28 12
26 27 29 7
26 28 28 3
26 28 29 5
27 22 22 1
27 24 23 1
27 25 23 7
27 25 24 3
27 26 16 1
27 26 17 1
27 26 22 1
27 26 23 3
27 26 24 131
27 26 25 53
27 26 26 10
27 26 27 2
27 26 28 1
27 27 23 1
27 27 24 1
27 27 25 172
27 27 26 39
27 27 27 21
27 27 28 9
27 27 29 1
27 28 26 3
27 28 27 1
27 28 28 20
27 28 29 14
27 29 29 16
27 29 30 1
28 26 24 3
28 27 19 1
28 27 25 86
28 27 26 79
28 27 27 8
28 28 19 1
28 28 23 1
28 28 25 2
28 28 26 258
28 28 27 34
28 28 28 13
28 28 29 33
28 29 27 1
28 29 28 2
28 29 29 120
28 29 30 48
28 30 30 23
29 27 25 4
29 28 25 2
29 28 26 55
29 28 27 69
29 28 28 4
29 29 21 2
29 29 26 2
29 29 27 82
29 29 28 10
29 29 29 5
29 29 30 8
29 30 30 38
29 30 31 5
29 31 30 3
29 31 31 8
30 28 26 1
30 29 26 3
30 29 27 11
30 29 28 28
30 29 30 2
30 30 27 2
30 30 28 17
30 30 29 15
30 30 30 236
30 30 31 9
30 31 29 13
30 31 30 78
30 31 31 5
31 30 28 2
31 30 29 5
31 30 30 4
31 30 31 1
31 31 28 1
31 31 29 3
31 31 30 1
