32
0 0 0 5
0 1 0 1
1 1 0 10
1 1 1 11
1 2 1 68
1 2 2 2
2 2 1 37
2 2 2 70
2 3 1 1
2 3 2 127
2 3 3 1
2 4 4 1
2 8 12 2
2 10 14 1
2 11 16 1
3 1 2 1
3 2 2 5
3 3 2 118
3 3 3 61
3 4 3 149
3 4 4 2
3 5 4 2
3 7 11 1
3 8 11 1
3 8 12 1
3 10 15 2
3 11 15 2
3 11 16 1
4 3 1 1
4 3 2 1
4 3 3 1
4 3 4 1
4 4 2 1
4 4 3 31
4 4 4 75
4 4 5 1
4 5 3 2
4 5 4 160
4 5 5 14
4 6 3 1
4 6 4 7
4 6 5 8
4 7 6 1
4 8 10 1
4 8 11 1
4 8 12 1
4 10 14 1
4 12 16 1
5 4 2 3
5 4 4 1
5 4 5 4
5 5 4 23
5 5 5 29
5 6 4 2
5 6 5 47
5 6 6 14
5 7 4 3
5 7 5 1
5 7 6 2
5 7 7 3
5 7 8 1
5 8 11 3
5 9 12 1
5 9 13 1
5 10 13 1
5 10 14 3
5 11 14 2
5 11 15 1
6 5 3 5
6 5 4 1
6 5 5 4
6 5 6 2
6 6 4 3
6 6 5 9
6 6 6 18
6 7 5 3
6 7 6 17
6 7 7 8
6 8 7 1
6 8 8 1
6 9 12 1
6 10 12 1
6 10 13 1
6 11 12 1
6 11 14 2
6 11 15 2
6 12 14 1
7 4 2 2
7 4 3 1
7 5 2 9
7 5 3 10
7 5 4 7
7 5 6 1
7 6 3 3
7 6 7 1
7 7 5 4
7 7 6 22
7 7 7 16
7 8 6 7
7 8 7 27
7 8 8 2
7 9 6 1
7 9 8 1
7 9 9 1
7 9 10 2
7 9 11 1
7 10 6 1
7 10 13 1
7 11 14 2
7 12 15 1
8 4 2 2
8 5 2 67
8 5 3 61
8 5 4 1
8 6 3 17
8 6 4 55
8 6 5 2
8 7 4 3
8 7 5 8
8 7 6 2
8 7 7 1
8 8 6 3
8 8 7 49
8 8 8 22
8 8 9 1
8 8 10 1
8 9 7 7
8 9 8 32
8 9 9 1
8 10 8 2
8 10 9 3
8 10 10 1
8 11 7 1
9 4 6 1
9 5 3 7
9 5 6 1
9 6 3 18
9 6 4 10
9 6 7 1
9 7 4 1
9 7 5 12
9 7 6 1
9 7 7 1
9 7 8 1
9 8 5 1
9 8 6 5
9 8 7 2
9 9 7 2
9 9 8 51
9 9 9 17
9 9 10 2
9 10 8 13
9 10 9 34
9 10 10 5
9 11 9 2
9 11 10 4
9 11 11 3
10 4 6 1
10 4 7 1
10 5 7 5
10 6 3 4
10 6 4 2
10 6 6 1
10 6 7 1
10 7 4 24
10 7 5 2
10 7 8 2
10 8 5 5
10 8 6 2
10 8 7 3
10 8 8 1
10 9 7 2
10 9 8 6
10 9 9 1
10 10 8 4
10 10 9 50
10 10 10 14
10 10 11 1
10 11 9 13
10 11 10 34
10 11 11 6
10 12 11 2
11 4 6 1
11 4 7 1
11 5 7 1
11 6 7 3
11 6 8 1
11 7 4 8
11 7 7 1
11 7 8 2
11 8 4 1
11 8 5 3
11 8 6 1
11 8 7 1
11 8 9 2
11 9 6 2
11 9 7 2
11 9 8 3
11 9 9 2
11 9 10 1
11 10 8 3
11 10 9 10
11 10 10 1
11 10 11 1
11 11 9 9
11 11 10 52
11 11 11 21
11 11 12 1
11 12 10 13
11 12 11 29
11 12 12 6
11 12 13 1
11 13 12 2
11 13 13 1
12 5 8 1
12 6 8 1
12 8 5 1
12 8 9 1
12 9 5 5
12 9 6 4
12 9 7 1
12 9 11 1
12 10 6 3
12 10 7 2
12 10 10 2
12 10 11 1
12 11 8 3
12 11 9 1
12 11 10 8
12 11 11 6
12 11 13 1
12 12 9 1
12 12 10 4
12 12 11 56
12 12 12 24
12 12 13 1
12 13 11 14
12 13 12 45
12 13 13 3
12 14 12 2
12 16 18 1
13 5 8 2
13 6 9 1
13 10 6 12
13 10 7 21
13 10 12 1
13 11 7 8
13 11 8 5
13 11 9 5
13 11 10 1
13 11 11 2
13 12 9 2
13 12 10 4
13 12 11 8
13 12 12 3
13 12 13 1
13 13 11 7
13 13 12 93
13 13 13 64
13 13 14 3
13 14 12 1
13 14 13 62
13 14 14 5
13 15 13 4
13 15 14 5
14 9 11 1
14 10 11 1
14 11 7 9
14 11 8 22
14 11 9 2
14 12 8 16
14 12 9 3
14 12 10 6
14 12 12 1
14 12 13 1
14 13 10 1
14 13 11 5
14 13 12 12
14 13 13 15
14 13 14 3
14 14 10 1
14 14 12 2
14 14 13 130
14 14 14 48
14 14 15 1
14 15 13 10
14 15 14 55
14 15 15 7
14 16 15 5
14 16 16 1
15 6 9 1
15 11 8 1
15 12 8 23
15 12 9 17
15 12 10 2
15 13 9 4
15 13 10 7
15 13 11 5
15 13 12 4
15 13 13 2
15 14 12 1
15 14 13 15
15 14 14 11
15 14 15 1
15 15 12 1
15 15 13 10
15 15 14 128
15 15 15 54
15 15 16 4
15 16 14 18
15 16 15 118
15 16 16 10
15 17 16 2
16 6 9 1
16 12 12 1
16 13 10 1
16 13 11 1
16 13 14 2
16 14 10 4
16 14 11 4
16 14 12 2
16 14 13 6
16 14 14 2
16 15 13 13
16 15 14 22
16 15 15 4
16 16 5 1
16 16 11 1
16 16 12 1
16 16 14 26
16 16 15 171
16 16 16 35
16 16 17 1
16 17 15 7
16 17 16 134
16 17 17 9
16 18 17 1
17 14 11 3
17 14 12 1
17 15 11 1
17 15 12 7
17 15 13 2
17 15 14 2
17 16 13 2
17 16 14 9
17 16 15 6
17 16 16 4
17 17 12 1
17 17 14 2
17 17 15 9
17 17 16 140
17 17 17 78
17 17 18 1
17 18 16 5
17 18 17 146
17 18 18 7
17 19 17 1
17 19 18 3
18 15 12 9
18 16 12 4
18 16 13 4
18 16 14 5
18 16 15 2
18 17 9 1
18 17 12 1
18 17 14 5
18 17 15 5
18 17 16 5
18 17 17 2
18 18 11 1
18 18 16 7
18 18 17 146
18 18 18 59
18 18 19 2
18 19 17 12
18 19 18 197
18 19 19 8
18 20 19 1
19 16 13 1
19 16 14 1
19 17 13 2
19 17 14 2
19 17 15 5
19 17 16 2
19 17 17 2
19 18 10 1
19 18 11 1
19 18 15 3
19 18 16 3
19 18 17 6
19 18 18 3
19 18 19 1
19 19 13 1
19 19 14 1
19 19 16 1
19 19 17 9
19 19 18 218
19 19 19 73
19 20 18 15
19 20 19 349
19 20 20 12
19 21 19 1
19 21 20 5
20 17 14 1
20 17 17 1
20 18 14 1
20 18 15 5
20 18 16 2
20 18 17 1
20 19 16 1
20 19 17 4
20 19 18 5
20 19 19 1
20 19 20 1
20 20 13 2
20 20 18 3
20 20 19 73
20 20 20 31
20 20 21 6
20 21 19 13
20 21 20 280
20 21 21 49
20 22 21 16
21 17 17 1
21 19 16 4
21 20 14 1
21 20 17 1
21 20 18 2
21 20 19 2
21 20 20 4
21 21 13 1
21 21 19 2
21 21 20 29
21 21 21 32
21 21 22 11
21 22 20 1
21 22 21 179
21 22 22 132
21 22 23 2
21 23 22 10
22 19 16 1
22 20 17 6
22 20 18 12
22 20 19 1
22 21 17 1
22 21 18 4
22 21 19 5
22 21 20 3
22 21 21 1
22 21 22 2
22 22 16 1
22 22 19 2
22 22 20 1
22 22 21 29
22 22 22 110
22 22 23 14
22 23 22 339
22 23 23 131
22 23 24 3
22 24 23 19
22 24 24 9
23 20 17 20
23 20 18 3
23 21 17 20
23 21 18 61
23 21 19 13
23 22 14 2
23 22 19 10
23 22 20 2
23 22 21 2
23 22 22 5
23 23 15 1
23 23 21 2
23 23 22 21
23 23 23 143
23 23 24 7
23 24 23 132
23 24 24 183
23 24 25 16
23 25 24 10
23 25 25 14
24 21 17 3
24 21 18 8
24 22 18 1
24 22 19 11
24 22 20 21
24 23 11 1
24 23 15 2
24 23 20 7
24 23 21 5
24 23 22 2
24 23 23 2
24 24 18 1
24 24 22 1
24 24 23 11
24 24 24 112
24 24 25 7
24 25 24 129
24 25 25 296
24 25 26 10
24 26 25 8
24 26 26 9
25 22 21 1
25 23 13 1
25 23 20 11
25 23 21 20
25 23 22 1
25 24 16 1
25 24 21 4
25 24 22 19
25 24 23 6
25 24 24 2
25 24 25 3
25 25 23 3
25 25 24 12
25 25 25 121
25 25 26 16
25 26 25 34
25 26 26 90
25 26 27 4
25 27 26 3
25 27 27 4
26 23 21 1
26 24 14 1
26 24 22 34
26 24 23 6
26 25 14 1
26 25 15 2
26 25 22 6
26 25 23 18
26 25 24 4
26 25 25 3
26 25 26 3
26 26 14 1
26 26 16 1
26 26 17 3
26 26 24 1
26 26 25 8
26 26 26 53
26 26 27 15
26 27 24 1
26 27 26 18
26 27 27 56
26 27 28 13
26 28 28 7
27 25 22 1
27 25 23 25
27 25 24 3
27 25 25 1
27 26 15 1
27 26 16 1
27 26 17 1
27 26 23 6
27 26 24 9
27 26 25 5
27 26 26 4
27 26 27 2
27 27 21 2
27 27 22 1
27 27 25 1
27 27 26 5
27 27 27 43
27 27 28 10
27 28 27 4
27 28 28 36
27 28 29 6
27 29 28 1
27 30 29 1
28 26 24 8
28 27 17 1
28 27 23 2
28 27 24 4
28 27 25 1
28 27 26 2
28 27 27 1
28 28 27 8
28 28 28 35
28 28 29 13
28 29 28 4
28 29 29 64
28 29 30 24
29 27 24 4
29 27 25 4
29 28 19 1
29 28 23 1
29 28 26 4
29 28 27 1
29 28 28 2
29 28 29 2
29 29 20 2
29 29 28 4
29 29 29 35
29 29 30 53
29 30 29 20
29 30 30 231
29 30 31 7
29 31 30 4
30 28 26 3
30 29 23 1
30 29 26 4
30 29 27 4
30 29 28 1
30 29 29 1
30 30 22 1
30 30 27 9
30 30 28 13
30 30 29 14
30 30 30 608
30 30 31 49
30 31 29 13
30 31 30 245
30 31 31 64
31 30 28 2
31 30 29 3
31 30 30 2
31 31 29 1
