32
0 0 0 8
0 1 0 1
0 1 1 1
1 1 0 17
1 1 1 5
1 1 2 1
1 2 1 76
1 2 2 2
2 2 1 36
2 2 2 43
2 3 1 1
2 3 2 141
2 3 3 1
2 8 12 1
2 11 15 1
3 2 2 1
3 3 1 1
3 3 2 117
3 3 3 39
3 4 3 137
3 4 4 11
3 5 4 6
3 8 11 2
3 11 15 1
3 11 16 2
4 3 1 1
4 3 2 2
4 3 3 2
4 4 2 2
4 4 3 35
4 4 4 84
4 4 5 2
4 5 3 1
4 5 4 135
4 5 5 18
4 6 3 2
4 6 4 9
4 6 5 13
4 6 6 1
4 7 5 1
4 8 10 1
4 11 15 2
5 3 2 1
5 4 2 2
5 4 3 1
5 4 4 3
5 4 5 1
5 5 4 20
5 5 5 23
5 5 6 3
5 6 4 8
5 6 5 45
5 6 6 14
5 7 6 5
5 7 8 1
5 7 9 1
5 7 10 1
5 8 11 1
5 9 11 1
5 9 12 1
5 10 13 3
5 10 14 1
5 10 15 1
5 11 15 1
5 12 15 1
6 5 3 1
6 5 4 1
6 5 5 5
6 5 6 3
6 6 4 1
6 6 5 17
6 6 6 4
6 6 7 1
6 7 5 5
6 7 6 17
6 7 7 7
6 7 8 1
6 8 6 1
6 8 7 2
6 9 12 1
6 11 14 1
6 11 15 2
6 12 15 2
6 12 16 1
7 4 2 7
7 5 2 4
7 5 3 13
7 5 4 6
7 6 3 2
7 6 4 2
7 6 5 3
7 6 6 1
7 7 6 19
7 7 7 12
7 7 8 2
7 8 6 12
7 8 7 12
7 8 8 2
7 9 6 1
7 9 8 2
7 10 7 2
7 10 9 1
7 10 13 2
7 11 13 1
7 11 14 1
8 4 2 5
8 5 2 80
8 5 3 52
8 5 4 1
8 5 7 1
8 6 3 10
8 6 4 50
8 7 4 2
8 7 5 9
8 7 6 3
8 7 7 2
8 7 8 2
8 8 6 7
8 8 7 52
8 8 8 15
8 8 9 2
8 9 7 10
8 9 8 23
8 9 9 6
8 9 10 1
8 9 12 1
8 10 8 2
8 10 9 4
8 10 10 2
8 14 17 1
9 5 3 8
9 5 6 2
9 6 3 19
9 6 4 4
9 6 5 1
9 7 4 6
9 7 5 11
9 7 6 4
9 7 8 1
9 8 5 1
9 8 6 3
9 8 7 1
9 8 8 3
9 9 7 3
9 9 8 52
9 9 9 10
9 9 10 3
9 10 8 11
9 10 9 21
9 10 10 5
9 10 11 2
9 11 10 3
9 11 11 2
9 12 9 1
10 4 7 1
10 5 6 1
10 5 7 3
10 6 3 3
10 6 4 1
10 6 7 2
10 7 3 4
10 7 4 21
10 7 5 1
10 8 5 2
10 8 6 7
10 8 8 1
10 8 9 3
10 9 7 3
10 9 8 12
10 9 9 2
10 10 8 1
10 10 9 62
10 10 10 12
10 11 9 18
10 11 10 41
10 11 11 6
10 11 12 1
10 12 10 1
10 12 11 7
11 4 6 2
11 5 7 1
11 5 8 1
11 6 7 4
11 7 4 6
11 7 8 3
11 8 4 4
11 8 5 1
11 8 6 2
11 8 8 1
11 9 5 1
11 9 6 2
11 9 7 3
11 9 8 4
11 9 9 1
11 9 10 1
11 10 8 4
11 10 9 8
11 10 10 1
11 10 11 3
11 11 9 14
11 11 10 59
11 11 11 12
11 11 12 1
11 12 10 11
11 12 11 37
11 12 12 3
11 12 13 1
11 13 11 3
11 13 12 3
12 5 7 1
12 6 7 1
12 6 8 1
12 7 8 2
12 9 5 3
12 9 6 8
12 9 7 2
12 9 10 1
12 9 11 1
12 10 6 6
12 10 7 4
12 10 8 2
12 10 9 3
12 10 10 1
12 10 11 2
12 11 9 4
12 11 10 9
12 11 11 5
12 12 10 9
12 12 11 75
12 12 12 18
12 12 13 1
12 13 11 14
12 13 12 44
12 13 13 11
12 13 14 1
12 14 13 1
13 5 8 2
13 6 8 1
13 9 8 1
13 10 6 12
13 10 7 18
13 10 11 1
13 11 7 17
13 11 8 3
13 11 9 3
13 11 10 3
13 11 11 2
13 12 9 2
13 12 10 1
13 12 11 13
13 12 12 6
13 12 14 1
13 13 7 1
13 13 11 14
13 13 12 101
13 13 13 61
13 13 14 4
13 14 12 7
13 14 13 48
13 14 14 8
13 15 13 3
13 15 14 5
14 5 8 2
14 9 9 1
14 10 7 1
14 11 7 7
14 11 8 24
14 11 9 2
14 12 8 4
14 12 9 4
14 12 10 3
14 12 12 1
14 13 10 2
14 13 11 2
14 13 12 9
14 13 13 19
14 14 12 4
14 14 13 141
14 14 14 37
14 14 15 2
14 15 13 11
14 15 14 59
14 15 15 12
14 16 14 1
14 16 15 2
15 11 8 1
15 11 12 1
15 12 8 32
15 12 9 20
15 12 10 2
15 12 13 1
15 13 9 6
15 13 10 9
15 13 11 4
15 13 12 2
15 13 13 3
15 14 11 2
15 14 12 10
15 14 13 14
15 14 14 5
15 14 15 1
15 15 11 1
15 15 13 9
15 15 14 143
15 15 15 45
15 15 16 1
15 16 14 14
15 16 15 106
15 16 16 6
15 17 16 3
16 12 9 1
16 13 9 4
16 13 10 8
16 13 11 1
16 13 12 1
16 13 13 1
16 14 10 2
16 14 11 5
16 14 12 7
16 14 13 1
16 14 14 2
16 15 12 4
16 15 13 7
16 15 14 32
16 15 15 4
16 16 10 1
16 16 14 57
16 16 15 147
16 16 16 29
16 16 17 1
16 17 15 23
16 17 16 125
16 17 17 7
16 18 17 4
17 14 11 3
17 15 11 1
17 15 12 2
17 15 13 6
17 15 14 2
17 15 15 1
17 16 13 1
17 16 14 8
17 16 15 8
17 16 16 1
17 17 12 2
17 17 14 2
17 17 15 10
17 17 16 166
17 17 17 74
17 17 18 1
17 18 16 4
17 18 17 142
17 18 18 10
17 18 19 1
17 19 18 1
17 20 19 1
18 15 12 1
18 16 13 3
18 16 14 1
18 16 15 1
18 17 14 5
18 17 15 5
18 17 16 3
18 17 17 2
18 18 12 2
18 18 16 9
18 18 17 124
18 18 18 45
18 18 19 2
18 19 17 13
18 19 18 180
18 19 19 9
18 20 19 1
18 20 20 1
19 17 13 1
19 17 14 1
19 17 15 5
19 17 16 1
19 18 12 1
19 18 15 1
19 18 16 2
19 18 17 9
19 18 18 4
19 18 19 1
19 19 17 10
19 19 18 224
19 19 19 59
19 19 20 2
19 20 18 13
19 20 19 291
19 20 20 17
19 21 19 3
19 21 20 6
20 17 14 3
20 18 10 1
20 18 15 2
20 18 16 2
20 19 11 2
20 19 13 1
20 19 15 1
20 19 16 1
20 19 17 7
20 19 18 2
20 19 19 1
20 20 13 1
20 20 14 1
20 20 18 6
20 20 19 61
20 20 20 24
20 20 21 4
20 21 19 10
20 21 20 262
20 21 21 43
20 21 22 1
20 22 21 16
20 22 22 1
21 18 15 1
21 19 10 1
21 19 16 6
21 19 17 1
21 20 11 1
21 20 14 1
21 20 17 2
21 20 18 1
21 20 19 5
21 20 20 3
21 21 13 1
21 21 19 1
21 21 20 37
21 21 21 32
21 21 22 5
21 22 20 2
21 22 21 151
21 22 22 114
21 22 23 3
21 23 22 7
22 19 19 1
22 20 17 2
22 20 18 1
22 21 13 3
22 21 17 1
22 21 18 5
22 21 19 6
22 21 20 2
22 21 21 3
22 22 15 1
22 22 20 1
22 22 21 36
22 22 22 126
22 22 23 17
22 23 22 378
22 23 23 147
22 23 24 6
22 24 23 15
22 24 24 4
23 20 17 15
23 20 18 3
23 20 19 1
23 21 10 1
23 21 17 19
23 21 18 73
23 21 19 8
23 22 10 1
23 22 12 1
23 22 13 1
23 22 15 1
23 22 17 1
23 22 19 8
23 22 20 8
23 22 21 1
23 22 22 2
23 22 23 1
23 23 22 21
23 23 23 174
23 23 24 9
23 24 23 127
23 24 24 208
23 24 25 11
23 25 24 10
23 25 25 16
23 26 25 1
24 21 17 6
24 21 18 28
24 22 13 1
24 22 18 1
24 22 19 8
24 22 20 26
24 22 21 1
24 23 11 1
24 23 13 1
24 23 20 7
24 23 21 5
24 23 22 1
24 23 23 4
24 24 15 1
24 24 22 3
24 24 23 12
24 24 24 123
24 24 25 5
24 25 22 1
24 25 23 1
24 25 24 98
24 25 25 298
24 25 26 24
24 26 25 10
24 26 26 7
25 18 14 1
25 23 13 1
25 23 20 4
25 23 21 24
25 23 22 8
25 23 23 1
25 24 13 2
25 24 15 2
25 24 16 1
25 24 21 1
25 24 22 19
25 24 23 7
25 24 24 1
25 24 25 1
25 25 23 2
25 25 24 13
25 25 25 135
25 25 26 13
25 25 27 1
25 26 25 36
25 26 26 100
25 26 27 2
25 27 27 6
26 23 21 1
26 24 22 35
26 24 23 8
26 24 25 1
26 25 13 1
26 25 14 3
26 25 15 2
26 25 22 3
26 25 23 25
26 25 24 6
26 25 25 3
26 25 26 1
26 26 15 1
26 26 17 2
26 26 18 1
26 26 25 3
26 26 26 53
26 26 27 14
26 27 26 8
26 27 27 60
26 27 28 9
26 28 28 13
27 25 23 24
27 25 24 4
27 25 25 1
27 26 15 1
27 26 17 1
27 26 18 1
27 26 19 1
27 26 20 1
27 26 23 8
27 26 24 13
27 26 25 4
27 26 26 4
27 27 16 1
27 27 22 2
27 27 26 3
27 27 27 35
27 27 28 9
27 28 27 5
27 28 28 32
27 28 29 9
27 29 28 1
28 26 23 1
28 26 24 14
28 27 19 1
28 27 24 1
28 27 25 2
28 27 26 2
28 27 27 3
28 28 24 1
28 28 26 1
28 28 27 4
28 28 28 26
28 28 29 14
28 29 20 1
28 29 28 4
28 29 29 60
28 29 30 16
28 30 29 1
29 27 24 1
29 27 25 3
29 28 25 4
29 28 26 5
29 28 27 1
29 28 28 1
29 28 29 1
29 29 21 1
29 29 25 1
29 29 26 1
29 29 28 4
29 29 29 51
29 29 30 51
29 30 29 17
29 30 30 227
29 30 31 2
29 31 30 5
30 28 25 1
30 28 26 1
30 29 23 1
30 29 26 1
30 29 27 4
30 29 29 1
30 29 30 1
30 30 22 1
30 30 26 1
30 30 27 10
30 30 28 15
30 30 29 18
30 30 30 681
30 30 31 32
30 31 28 1
30 31 29 12
30 31 30 251
30 31 31 41
31 30 29 2
31 30 30 6
31 30 31 1
31 31 31 2
