32
0 0 0 7
0 1 0 4
0 1 1 2
1 0 0 1
1 1 0 16
1 1 1 6
1 2 0 1
1 2 1 70
1 2 2 2
2 2 1 28
2 2 2 62
2 2 3 1
2 3 2 123
2 3 3 1
2 8 13 2
2 12 17 1
3 2 1 2
3 2 2 4
3 3 2 115
3 3 3 57
3 3 4 1
3 4 3 143
3 4 4 14
3 5 4 1
3 6 3 1
3 8 11 1
3 8 12 2
3 11 15 1
3 11 16 1
3 12 16 1
3 12 17 1
4 3 2 2
4 4 3 35
4 4 4 90
4 4 5 1
4 5 3 5
4 5 4 145
4 5 5 13
4 6 4 13
4 6 5 14
4 7 6 1
4 7 7 1
4 7 9 1
4 8 8 1
4 8 9 1
4 9 11 1
4 9 13 1
4 11 16 2
4 13 17 1
5 4 2 2
5 4 3 1
5 4 4 2
5 5 4 17
5 5 5 19
5 5 6 2
5 6 4 4
5 6 5 49
5 6 6 19
5 7 6 3
5 8 9 2
5 8 11 1
5 9 11 2
5 10 14 2
5 11 14 2
5 11 15 1
5 12 16 2
6 5 3 5
6 5 4 2
6 5 5 4
6 5 6 1
6 6 4 1
6 6 5 29
6 6 6 14
6 7 5 3
6 7 6 26
6 7 7 3
6 8 6 2
6 8 7 4
6 10 14 1
6 11 13 1
6 11 14 1
6 12 15 1
6 12 16 3
7 4 2 4
7 4 3 1
7 5 2 9
7 5 3 13
7 5 4 4
7 6 4 4
7 6 5 3
7 6 6 1
7 7 5 2
7 7 6 21
7 7 7 15
7 8 6 8
7 8 7 22
7 8 8 5
7 9 6 1
7 9 7 1
7 9 8 2
7 10 11 1
7 11 14 1
7 11 15 1
7 12 15 1
7 13 16 1
8 4 2 4
8 4 6 1
8 5 2 77
8 5 3 70
8 5 7 1
8 6 3 14
8 6 4 56
8 6 5 1
8 7 4 1
8 7 5 5
8 7 6 2
8 8 6 2
8 8 7 31
8 8 8 19
8 8 9 1
8 9 8 29
8 9 9 6
8 10 7 2
8 10 8 3
8 10 9 7
8 11 13 1
9 4 6 1
9 5 3 4
9 6 3 23
9 6 4 5
9 6 7 1
9 7 5 10
9 7 6 2
9 8 5 1
9 8 6 4
9 8 7 6
9 8 8 4
9 9 7 2
9 9 8 60
9 9 9 14
9 9 10 1
9 10 8 4
9 10 9 30
9 10 10 13
9 10 11 2
9 11 9 1
9 11 10 1
9 12 11 1
10 4 6 1
10 6 3 1
10 6 4 3
10 6 7 2
10 6 8 1
10 7 4 24
10 8 5 2
10 8 6 7
10 8 7 4
10 8 8 1
10 8 9 1
10 9 7 4
10 9 8 10
10 9 9 1
10 9 10 2
10 10 8 4
10 10 9 52
10 10 10 19
10 11 9 14
10 11 10 48
10 11 11 5
10 12 10 3
10 12 11 2
11 4 7 1
11 5 7 1
11 6 7 3
11 6 8 3
11 7 4 9
11 7 8 3
11 7 9 1
11 8 4 1
11 8 5 1
11 8 6 4
11 8 8 1
11 9 5 2
11 9 6 2
11 9 7 3
11 9 8 8
11 9 10 1
11 9 11 1
11 10 8 4
11 10 9 5
11 10 10 1
11 11 9 6
11 11 10 59
11 11 11 15
11 11 12 1
11 12 9 1
11 12 10 10
11 12 11 31
11 12 12 9
11 13 11 1
11 13 12 1
11 13 13 1
12 5 7 1
12 5 8 1
12 6 7 1
12 6 8 1
12 6 9 1
12 7 8 2
12 7 9 1
12 8 5 1
12 9 5 2
12 9 6 7
12 9 7 1
12 10 6 1
12 10 7 1
12 10 8 4
12 10 9 1
12 10 10 2
12 10 11 2
12 11 10 13
12 11 11 4
12 11 12 1
12 12 10 3
12 12 11 55
12 12 12 26
12 12 13 3
12 13 11 5
12 13 12 36
12 13 13 4
12 14 13 2
12 14 14 1
13 6 8 1
13 10 6 7
13 10 7 11
13 10 11 2
13 11 7 6
13 11 8 1
13 11 9 3
13 11 10 1
13 11 11 2
13 12 10 6
13 12 11 11
13 12 12 7
13 12 13 1
13 13 8 1
13 13 11 5
13 13 12 97
13 13 13 71
13 13 14 3
13 13 15 1
13 14 12 4
13 14 13 63
13 14 14 5
13 15 13 2
14 9 10 1
14 11 7 8
14 11 8 31
14 11 9 1
14 11 12 2
14 12 8 5
14 12 9 6
14 13 9 1
14 13 11 2
14 13 12 11
14 13 13 18
14 13 14 1
14 14 12 3
14 14 13 125
14 14 14 47
14 14 15 2
14 15 13 2
14 15 14 49
14 15 15 12
14 16 14 2
14 16 15 2
15 5 9 2
15 6 9 1
15 11 13 1
15 12 8 35
15 12 9 19
15 12 10 2
15 13 9 7
15 13 10 10
15 13 11 5
15 13 12 1
15 13 13 5
15 14 11 1
15 14 12 4
15 14 13 10
15 14 14 13
15 14 15 1
15 15 12 2
15 15 13 8
15 15 14 111
15 15 15 41
15 15 16 4
15 16 14 7
15 16 15 118
15 16 16 7
15 16 17 1
15 17 15 1
15 17 16 1
16 12 13 1
16 13 10 9
16 13 11 2
16 13 14 1
16 14 10 1
16 14 11 2
16 14 12 3
16 14 13 6
16 14 14 1
16 15 13 8
16 15 14 25
16 15 15 6
16 16 6 1
16 16 11 1
16 16 14 30
16 16 15 144
16 16 16 34
16 16 17 2
16 17 15 4
16 17 16 122
16 17 17 9
16 18 17 1
16 18 20 1
17 14 10 1
17 14 11 5
17 15 11 2
17 15 12 7
17 15 13 4
17 15 14 1
17 15 15 1
17 16 12 1
17 16 13 2
17 16 14 7
17 16 15 7
17 16 16 3
17 16 17 1
17 16 18 1
17 17 12 1
17 17 14 2
17 17 15 9
17 17 16 111
17 17 17 63
17 17 18 1
17 18 16 3
17 18 17 118
17 18 18 10
17 19 18 4
17 19 19 1
18 15 11 2
18 15 12 3
18 16 12 5
18 16 13 1
18 16 14 4
18 16 15 4
18 17 10 1
18 17 11 1
18 17 14 1
18 17 15 4
18 17 16 13
18 17 17 2
18 18 13 1
18 18 16 6
18 18 17 105
18 18 18 42
18 18 19 4
18 19 17 12
18 19 18 155
18 19 19 11
18 20 19 3
19 16 12 1
19 16 13 2
19 17 13 4
19 17 14 7
19 17 15 7
19 17 16 1
19 18 10 1
19 18 15 4
19 18 16 1
19 18 17 12
19 18 18 11
19 19 10 1
19 19 11 2
19 19 14 1
19 19 17 13
19 19 18 155
19 19 19 51
19 19 20 3
19 20 18 12
19 20 19 275
19 20 20 20
19 20 21 1
19 21 19 3
19 21 20 3
20 17 14 1
20 18 15 3
20 18 16 6
20 18 17 5
20 19 12 1
20 19 13 2
20 19 16 2
20 19 17 5
20 19 18 3
20 19 19 3
20 19 20 1
20 20 18 9
20 20 19 67
20 20 20 24
20 21 19 3
20 21 20 271
20 21 21 41
20 21 22 1
20 22 21 12
20 22 22 3
21 18 15 2
21 18 16 1
21 19 16 3
21 19 17 2
21 19 18 1
21 20 14 1
21 20 17 2
21 20 18 6
21 20 19 2
21 21 13 1
21 21 16 1
21 21 19 1
21 21 20 36
21 21 21 24
21 21 22 6
21 22 21 157
21 22 22 120
21 22 23 4
21 23 22 9
21 23 23 1
22 19 18 1
22 19 19 1
22 20 17 5
22 20 18 10
22 20 21 1
22 21 10 1
22 21 18 7
22 21 19 4
22 21 20 5
22 21 21 5
22 22 20 1
22 22 21 24
22 22 22 108
22 22 23 18
22 23 22 284
22 23 23 128
22 23 24 7
22 24 23 19
22 24 24 4
22 25 24 1
23 20 16 1
23 20 17 16
23 20 18 6
23 21 17 9
23 21 18 51
23 21 19 8
23 22 13 1
23 22 14 1
23 22 16 1
23 22 19 6
23 22 20 7
23 22 21 5
23 22 22 2
23 22 23 1
23 23 15 1
23 23 20 1
23 23 22 22
23 23 23 163
23 23 24 13
23 24 23 121
23 24 24 194
23 24 25 16
23 25 24 8
23 25 25 8
24 21 17 4
24 21 18 8
24 21 19 1
24 22 19 7
24 22 20 15
24 22 21 1
24 22 22 2
24 22 23 1
24 23 15 1
24 23 17 1
24 23 20 6
24 23 21 10
24 23 22 7
24 23 23 5
24 23 24 2
24 24 22 4
24 24 23 10
24 24 24 130
24 24 25 15
24 24 26 1
24 25 24 167
24 25 25 346
24 25 26 17
24 26 25 6
24 26 26 10
25 23 13 1
25 23 20 3
25 23 21 19
25 23 22 7
25 24 13 1
25 24 16 2
25 24 21 2
25 24 22 24
25 24 23 4
25 24 24 2
25 24 25 2
25 25 19 1
25 25 23 4
25 25 24 8
25 25 25 98
25 25 26 19
25 26 22 1
25 26 24 2
25 26 25 43
25 26 26 100
25 26 27 1
25 27 26 2
25 27 27 4
26 24 21 1
26 24 22 35
26 24 23 6
26 25 14 1
26 25 16 1
26 25 22 1
26 25 23 33
26 25 25 2
26 25 26 2
26 26 15 1
26 26 16 4
26 26 17 1
26 26 19 1
26 26 24 4
26 26 25 5
26 26 26 50
26 26 27 22
26 27 26 31
26 27 27 52
26 27 28 13
26 28 28 8
27 25 23 21
27 25 24 1
27 25 25 1
27 26 17 1
27 26 19 1
27 26 20 1
27 26 23 2
27 26 24 10
27 26 25 4
27 26 26 3
27 26 27 1
27 27 21 1
27 27 26 3
27 27 27 52
27 27 28 8
27 28 27 10
27 28 28 38
27 28 29 9
27 29 28 2
28 26 23 1
28 26 24 5
28 26 25 4
28 27 19 1
28 27 22 1
28 27 23 1
28 27 24 1
28 27 25 1
28 27 26 5
28 27 27 1
28 28 18 1
28 28 23 1
28 28 24 1
28 28 27 8
28 28 28 45
28 28 29 13
28 29 23 1
28 29 28 8
28 29 29 74
28 29 30 28
28 30 29 1
28 30 30 2
29 27 25 9
29 28 25 2
29 28 26 4
29 28 27 2
29 28 28 1
29 29 20 1
29 29 22 1
29 29 26 1
29 29 28 3
29 29 29 44
29 29 30 64
29 30 29 14
29 30 30 198
29 30 31 9
29 31 30 3
29 31 31 1
30 28 26 1
30 29 26 1
30 29 27 4
30 29 28 1
30 29 29 3
30 30 27 6
30 30 28 7
30 30 29 12
30 30 30 544
30 30 31 48
30 31 29 7
30 31 30 188
30 31 31 60
31 30 28 2
31 30 30 5
31 30 31 1
