32
0 0 0 4
0 1 0 3
1 1 0 19
1 1 1 6
1 2 0 1
1 2 1 71
1 2 2 2
2 2 0 1
2 2 1 40
2 2 2 47
2 3 2 152
2 3 3 2
2 8 13 1
3 2 1 1
3 2 2 4
3 3 1 2
3 3 2 99
3 3 3 64
3 3 4 1
3 4 3 141
3 4 4 6
3 5 3 1
3 5 4 1
3 8 12 3
3 11 16 1
3 12 17 2
4 3 2 2
4 3 3 1
4 4 2 2
4 4 3 27
4 4 4 89
4 5 3 1
4 5 4 149
4 5 5 15
4 6 3 2
4 6 4 9
4 6 5 12
4 7 7 1
4 8 10 1
4 8 11 1
4 8 12 1
4 10 13 1
4 10 14 1
4 11 15 2
4 11 16 2
4 12 16 1
5 4 2 1
5 4 4 2
5 4 5 1
5 5 4 15
5 5 5 21
5 5 6 1
5 6 3 1
5 6 4 4
5 6 5 61
5 6 6 15
5 7 4 1
5 7 5 1
5 7 6 4
5 7 7 1
5 7 9 1
5 8 8 1
5 8 11 1
5 9 13 1
5 10 14 2
5 11 15 2
5 12 14 1
5 13 17 1
6 4 3 1
6 5 3 2
6 5 4 2
6 5 5 3
6 5 6 1
6 6 4 1
6 6 5 36
6 6 6 13
6 6 7 1
6 7 5 4
6 7 6 17
6 7 7 3
6 8 6 1
6 8 7 2
6 9 11 1
6 11 14 1
6 11 15 2
7 4 2 2
7 5 2 12
7 5 3 14
7 5 4 5
7 6 4 5
7 6 5 1
7 6 6 1
7 7 5 3
7 7 6 18
7 7 7 12
7 7 8 4
7 8 6 6
7 8 7 20
7 8 8 5
7 8 11 1
7 11 14 3
7 12 16 1
7 13 16 1
8 4 2 2
8 5 2 93
8 5 3 60
8 5 4 1
8 6 3 23
8 6 4 49
8 6 7 2
8 7 4 5
8 7 5 5
8 7 6 4
8 7 7 1
8 8 6 3
8 8 7 31
8 8 8 18
8 8 9 1
8 9 7 3
8 9 8 27
8 9 9 4
8 10 8 2
8 10 9 3
8 10 10 2
8 11 13 1
8 12 14 1
9 4 5 1
9 5 3 5
9 5 6 1
9 5 7 1
9 6 3 23
9 6 4 3
9 7 5 6
9 7 6 4
9 7 8 2
9 8 5 2
9 8 6 5
9 8 7 4
9 8 8 3
9 9 8 58
9 9 9 18
9 9 10 3
9 9 11 1
9 10 8 9
9 10 9 30
9 10 10 4
9 11 9 2
9 11 10 4
9 11 11 1
9 12 9 1
9 14 17 1
10 5 6 2
10 5 7 2
10 6 3 4
10 6 4 1
10 6 6 1
10 6 7 2
10 7 3 3
10 7 4 22
10 7 5 1
10 7 8 1
10 7 9 1
10 8 4 1
10 8 6 7
10 8 7 3
10 8 8 1
10 8 10 1
10 9 7 5
10 9 8 5
10 9 9 1
10 9 10 1
10 10 8 2
10 10 9 59
10 10 10 17
10 10 11 2
10 11 9 17
10 11 10 43
10 11 11 4
10 12 9 1
10 12 10 2
10 12 11 1
11 4 7 1
11 5 7 1
11 6 7 4
11 6 8 3
11 6 9 1
11 7 4 5
11 7 8 3
11 8 4 3
11 8 5 1
11 8 6 4
11 8 8 1
11 8 9 1
11 9 5 3
11 9 7 5
11 9 8 7
11 9 10 1
11 10 8 5
11 10 9 8
11 10 10 3
11 10 11 1
11 11 9 5
11 11 10 55
11 11 11 19
11 11 12 3
11 12 10 6
11 12 11 24
11 12 12 2
11 13 11 1
11 13 12 4
12 5 7 1
12 6 8 1
12 8 5 1
12 8 10 1
12 9 5 3
12 9 6 4
12 9 7 2
12 9 9 1
12 10 6 3
12 10 7 5
12 10 8 6
12 10 9 2
12 11 9 2
12 11 10 14
12 11 11 4
12 12 10 7
12 12 11 55
12 12 12 18
12 12 13 2
12 13 11 4
12 13 12 43
12 13 13 5
12 14 13 2
13 5 8 3
13 9 6 1
13 9 11 1
13 10 6 18
13 10 7 28
13 10 11 1
13 10 12 2
13 11 7 16
13 11 8 4
13 11 9 1
13 11 10 1
13 11 11 2
13 12 9 1
13 12 10 4
13 12 11 8
13 12 12 4
13 13 8 1
13 13 11 8
13 13 12 74
13 13 13 79
13 13 14 5
13 14 12 5
13 14 13 51
13 14 14 6
13 14 15 1
13 15 13 2
13 15 14 4
14 10 7 2
14 10 10 1
14 11 7 9
14 11 8 20
14 11 9 4
14 12 8 7
14 12 9 6
14 12 10 1
14 12 11 1
14 12 12 2
14 12 13 1
14 13 10 2
14 13 11 5
14 13 12 12
14 13 13 17
14 13 14 1
14 14 11 1
14 14 12 4
14 14 13 121
14 14 14 49
14 14 15 2
14 15 13 7
14 15 14 45
14 15 15 11
14 16 14 1
14 16 16 1
14 17 19 1
15 5 9 1
15 11 8 4
15 12 8 32
15 12 9 22
15 13 9 3
15 13 10 11
15 13 11 4
15 13 13 4
15 14 11 4
15 14 12 7
15 14 13 14
15 14 14 6
15 14 15 2
15 15 12 1
15 15 13 7
15 15 14 100
15 15 15 40
15 15 16 3
15 16 13 1
15 16 14 9
15 16 15 121
15 16 16 7
15 17 16 1
16 13 8 1
16 13 9 4
16 13 10 2
16 14 11 3
16 14 12 2
16 14 13 1
16 14 14 5
16 14 15 1
16 15 11 1
16 15 12 2
16 15 13 8
16 15 14 32
16 15 15 5
16 16 10 1
16 16 11 1
16 16 13 3
16 16 14 29
16 16 15 142
16 16 16 33
16 16 17 3
16 17 15 8
16 17 16 124
16 17 17 7
16 18 17 5
17 15 11 1
17 15 12 2
17 15 13 5
17 15 14 1
17 15 15 1
17 16 13 1
17 16 14 8
17 16 15 7
17 16 16 2
17 16 17 1
17 17 12 1
17 17 15 7
17 17 16 127
17 17 17 55
17 17 18 2
17 18 16 2
17 18 17 118
17 18 18 12
17 19 17 1
17 19 18 1
18 15 12 3
18 16 12 1
18 16 13 1
18 16 14 7
18 16 15 2
18 16 16 1
18 17 12 1
18 17 13 1
18 17 14 2
18 17 15 7
18 17 16 5
18 17 17 2
18 17 18 2
18 18 11 1
18 18 16 4
18 18 17 105
18 18 18 51
18 18 19 5
18 19 17 11
18 19 18 141
18 19 19 14
19 16 13 1
19 16 16 1
19 17 14 5
19 17 15 3
19 18 11 1
19 18 14 1
19 18 16 5
19 18 17 9
19 18 18 10
19 18 19 1
19 19 11 1
19 19 17 11
19 19 18 153
19 19 19 40
19 19 20 1
19 20 18 16
19 20 19 265
19 20 20 24
19 21 19 1
19 21 20 4
20 18 9 1
20 18 15 1
20 18 16 2
20 18 17 2
20 19 11 1
20 19 13 1
20 19 17 5
20 19 18 10
20 20 14 1
20 20 18 10
20 20 19 51
20 20 20 29
20 20 21 4
20 21 19 9
20 21 20 264
20 21 21 43
20 21 22 1
20 22 20 1
20 22 21 13
20 23 22 1
21 19 10 1
21 19 13 1
21 19 17 3
21 19 18 2
21 19 19 1
21 20 14 1
21 20 17 1
21 20 18 3
21 20 19 3
21 20 20 1
21 21 12 1
21 21 17 1
21 21 19 1
21 21 20 29
21 21 21 29
21 21 22 6
21 22 20 3
21 22 21 164
21 22 22 111
21 22 23 2
21 23 22 8
21 23 23 2
22 20 17 4
22 20 18 2
22 20 19 3
22 20 20 1
22 21 13 2
22 21 17 1
22 21 18 4
22 21 19 4
22 21 20 5
22 21 21 2
22 22 15 1
22 22 20 1
22 22 21 29
22 22 22 108
22 22 23 14
22 23 21 1
22 23 22 358
22 23 23 144
22 23 24 3
22 24 22 1
22 24 23 19
22 24 24 5
23 20 17 14
23 20 18 3
23 21 17 11
23 21 18 103
23 21 19 17
23 21 20 1
23 21 21 1
23 22 12 1
23 22 13 1
23 22 15 1
23 22 19 7
23 22 20 4
23 22 22 2
23 22 23 2
23 23 14 1
23 23 22 23
23 23 23 164
23 23 24 11
23 24 23 128
23 24 24 188
23 24 25 11
23 25 24 11
23 25 25 9
23 26 25 2
24 21 17 6
24 21 18 12
24 21 19 1
24 22 11 1
24 22 16 1
24 22 19 10
24 22 20 28
24 22 21 4
24 23 11 1
24 23 13 1
24 23 20 5
24 23 21 10
24 23 22 2
24 23 23 4
24 23 24 1
24 24 16 1
24 24 18 1
24 24 19 1
24 24 22 4
24 24 23 11
24 24 24 119
24 24 25 15
24 25 23 1
24 25 24 116
24 25 25 320
24 25 26 18
24 26 25 8
24 26 26 7
25 21 13 1
25 23 20 3
25 23 21 24
25 23 22 6
25 24 13 2
25 24 14 2
25 24 16 1
25 24 21 2
25 24 22 21
25 24 23 5
25 24 24 2
25 25 23 1
25 25 24 4
25 25 25 163
25 25 26 14
25 26 24 1
25 26 25 23
25 26 26 110
25 26 27 6
25 27 26 3
25 27 27 4
26 24 21 2
26 24 22 41
26 24 23 7
26 25 13 1
26 25 14 1
26 25 15 1
26 25 22 5
26 25 23 30
26 25 24 4
26 25 25 1
26 26 14 1
26 26 15 1
26 26 16 1
26 26 17 3
26 26 19 1
26 26 25 6
26 26 26 37
26 26 27 18
26 27 26 13
26 27 27 56
26 27 28 9
26 28 27 1
26 28 28 14
27 25 13 1
27 25 23 29
27 25 24 3
27 26 16 2
27 26 18 1
27 26 23 3
27 26 24 16
27 26 25 3
27 26 26 2
27 26 27 1
27 27 19 1
27 27 20 1
27 27 26 5
27 27 27 23
27 27 28 9
27 28 27 3
27 28 28 32
27 28 29 8
27 29 28 3
27 29 29 1
28 26 24 10
28 26 25 2
28 27 19 1
28 27 23 1
28 27 24 1
28 27 25 4
28 27 26 2
28 27 27 6
28 27 28 2
28 28 24 1
28 28 27 3
28 28 28 23
28 28 29 14
28 29 28 4
28 29 29 60
28 29 30 22
28 30 30 1
29 27 24 2
29 27 25 4
29 28 22 1
29 28 25 6
29 28 26 5
29 28 27 1
29 28 28 4
29 28 29 1
29 29 20 1
29 29 21 1
29 29 28 3
29 29 29 53
29 29 30 49
29 30 29 17
29 30 30 228
29 30 31 7
29 31 30 1
30 28 26 1
30 29 26 1
30 29 27 6
30 29 28 1
30 29 29 1
30 29 30 3
30 30 22 1
30 30 27 5
30 30 28 10
30 30 29 15
30 30 30 598
30 30 31 50
30 31 29 7
30 31 30 245
30 31 31 52
31 30 28 1
31 30 29 2
31 30 30 2
31 30 31 1
31 31 31 1
