32
0 0 0 6
0 1 0 2
0 1 1 1
1 1 0 16
1 1 1 5
1 2 1 62
1 2 2 2
2 1 0 1
2 1 1 2
2 2 1 46
2 2 2 63
2 3 2 126
2 3 3 5
2 7 12 1
2 8 12 2
2 8 13 3
2 10 14 1
2 10 15 2
2 11 16 1
3 2 2 4
3 3 2 94
3 3 3 72
3 3 4 2
3 4 3 130
3 4 4 14
3 5 4 4
3 8 10 1
3 8 12 1
3 9 13 1
3 10 15 2
3 11 15 2
3 11 16 1
4 3 2 2
4 3 3 3
4 4 2 1
4 4 3 25
4 4 4 84
4 5 3 2
4 5 4 135
4 5 5 22
4 6 3 4
4 6 4 6
4 6 5 14
4 6 6 1
4 7 6 1
4 7 7 1
4 7 11 1
4 8 11 1
4 9 13 1
4 10 13 1
4 10 14 1
4 12 16 1
5 3 2 1
5 4 2 1
5 4 4 4
5 5 4 20
5 5 5 24
5 5 6 2
5 6 4 5
5 6 5 49
5 6 6 11
5 7 4 1
5 7 5 1
5 7 6 2
5 7 7 1
5 7 8 1
5 8 10 1
5 8 11 1
5 9 12 1
5 9 13 1
5 10 14 1
5 11 12 1
5 11 14 3
5 11 15 2
6 4 2 1
6 4 3 3
6 5 2 1
6 5 5 3
6 5 6 1
6 6 4 2
6 6 5 14
6 6 6 11
6 6 7 3
6 7 5 4
6 7 6 16
6 7 7 3
6 8 7 3
6 8 11 1
6 9 12 2
6 10 13 2
6 10 14 1
6 11 14 4
6 11 15 1
6 12 16 1
6 13 17 1
7 4 2 2
7 5 2 9
7 5 3 11
7 5 4 6
7 6 4 1
7 6 5 1
7 6 6 1
7 7 5 2
7 7 6 26
7 7 7 8
7 7 8 2
7 8 6 10
7 8 7 11
7 8 8 5
7 9 7 1
7 9 8 3
7 10 13 1
7 11 14 1
8 5 2 69
8 5 3 66
8 5 4 2
8 6 3 20
8 6 4 68
8 6 5 3
8 6 6 1
8 7 4 2
8 7 5 5
8 7 6 3
8 7 7 1
8 8 6 4
8 8 7 39
8 8 8 24
8 8 9 4
8 9 7 6
8 9 8 30
8 9 9 4
8 9 10 2
8 10 8 1
8 10 9 3
8 10 10 2
9 5 3 5
9 6 3 20
9 6 4 7
9 6 7 2
9 7 4 2
9 7 5 15
9 7 6 2
9 8 6 5
9 8 7 1
9 8 9 1
9 9 8 39
9 9 9 14
9 9 10 1
9 10 8 2
9 10 9 34
9 10 10 7
9 11 8 1
9 11 9 2
9 11 10 1
9 11 11 1
10 4 6 2
10 5 6 1
10 5 7 3
10 6 3 3
10 6 4 3
10 6 6 1
10 7 3 1
10 7 4 19
10 7 5 3
10 7 7 1
10 7 8 1
10 8 5 4
10 8 6 2
10 8 7 3
10 9 7 3
10 9 8 9
10 9 9 2
10 10 8 2
10 10 9 40
10 10 10 14
10 11 9 13
10 11 10 27
10 11 11 5
10 12 9 2
10 12 11 3
10 12 12 1
10 13 11 1
11 5 7 1
11 6 7 2
11 6 8 1
11 7 4 5
11 7 8 3
11 7 9 1
11 8 4 5
11 8 5 1
11 8 6 2
11 8 10 1
11 9 5 1
11 9 6 2
11 9 7 3
11 9 8 2
11 9 9 3
11 9 10 1
11 9 11 1
11 10 7 1
11 10 8 3
11 10 9 7
11 10 10 1
11 10 11 2
11 11 9 5
11 11 10 30
11 11 11 7
11 11 12 3
11 12 10 3
11 12 11 22
11 12 12 1
11 13 10 1
11 13 11 2
11 13 12 2
11 13 13 1
12 5 7 2
12 6 8 4
12 7 8 1
12 8 5 1
12 9 5 3
12 9 6 1
12 9 7 1
12 10 7 7
12 10 8 4
12 10 11 3
12 11 9 1
12 11 10 7
12 11 11 5
12 11 12 1
12 11 13 1
12 12 10 2
12 12 11 44
12 12 12 18
12 13 11 7
12 13 12 41
12 13 13 6
12 13 14 1
12 14 13 2
12 15 17 1
13 4 7 1
13 5 8 2
13 6 8 1
13 10 6 9
13 10 7 15
13 10 11 2
13 11 7 14
13 11 8 2
13 11 9 4
13 11 11 2
13 12 10 5
13 12 11 12
13 12 12 5
13 13 10 1
13 13 11 1
13 13 12 88
13 13 13 71
13 14 12 4
13 14 13 46
13 14 14 6
13 15 13 1
13 15 14 3
13 16 17 1
14 6 8 1
14 7 9 1
14 11 7 11
14 11 8 24
14 11 9 1
14 11 11 1
14 11 12 1
14 12 8 13
14 12 9 6
14 12 10 3
14 13 10 1
14 13 11 2
14 13 12 10
14 13 13 12
14 14 11 1
14 14 12 5
14 14 13 131
14 14 14 51
14 14 15 2
14 15 13 13
14 15 14 58
14 15 15 2
14 16 14 4
14 16 15 3
15 6 9 1
15 12 8 26
15 12 9 16
15 13 9 5
15 13 10 7
15 13 11 6
15 13 12 1
15 13 13 3
15 14 11 5
15 14 12 7
15 14 13 11
15 14 14 8
15 14 15 1
15 15 12 1
15 15 13 4
15 15 14 134
15 15 15 50
15 15 16 3
15 16 11 1
15 16 14 11
15 16 15 129
15 16 16 9
15 17 16 2
16 6 10 1
16 13 9 1
16 13 10 10
16 13 13 1
16 14 10 1
16 14 11 6
16 14 12 3
16 14 13 3
16 14 14 1
16 15 12 2
16 15 13 12
16 15 14 30
16 15 15 3
16 16 6 1
16 16 13 1
16 16 14 24
16 16 15 186
16 16 16 43
16 16 17 2
16 17 14 1
16 17 15 12
16 17 16 134
16 17 17 6
16 18 16 1
17 14 10 1
17 14 11 4
17 15 11 2
17 15 12 4
17 15 13 1
17 15 15 4
17 15 16 1
17 16 12 1
17 16 13 3
17 16 14 11
17 16 15 8
17 16 16 2
17 17 13 2
17 17 14 1
17 17 15 7
17 17 16 150
17 17 17 67
17 17 18 6
17 18 16 4
17 18 17 133
17 18 18 8
17 18 19 1
17 19 17 1
17 19 18 2
18 6 9 1
18 15 11 1
18 15 12 5
18 16 12 4
18 16 13 3
18 16 14 5
18 16 15 3
18 16 16 1
18 17 9 1
18 17 11 1
18 17 14 5
18 17 15 9
18 17 16 4
18 17 17 2
18 18 12 1
18 18 16 10
18 18 17 127
18 18 18 46
18 18 19 4
18 19 17 15
18 19 18 183
18 19 19 11
18 20 19 1
19 16 13 3
19 16 16 1
19 17 13 1
19 17 14 4
19 17 15 3
19 17 16 3
19 17 17 1
19 18 12 1
19 18 15 2
19 18 16 4
19 18 17 7
19 18 18 3
19 18 20 1
19 19 13 1
19 19 16 2
19 19 17 13
19 19 18 212
19 19 19 63
19 19 20 1
19 20 18 11
19 20 19 315
19 20 20 14
19 20 21 1
19 21 20 2
20 17 14 6
20 18 10 1
20 18 14 1
20 18 15 4
20 18 16 2
20 18 17 1
20 19 17 7
20 19 18 4
20 19 19 2
20 19 21 1
20 20 12 1
20 20 18 6
20 20 19 64
20 20 20 25
20 20 21 3
20 21 19 7
20 21 20 283
20 21 21 32
20 22 21 19
20 22 22 1
21 18 15 1
21 19 13 1
21 19 16 1
21 19 17 5
21 19 18 1
21 20 15 1
21 20 17 2
21 20 18 2
21 20 19 2
21 20 20 2
21 21 13 1
21 21 19 1
21 21 20 35
21 21 21 34
21 21 22 7
21 22 20 1
21 22 21 181
21 22 22 104
21 22 23 3
21 23 22 15
21 23 23 2
22 19 17 1
22 19 18 1
22 20 14 1
22 20 16 1
22 20 17 8
22 20 18 9
22 21 13 1
22 21 18 4
22 21 19 4
22 21 20 2
22 21 21 4
22 22 18 1
22 22 20 1
22 22 21 29
22 22 22 89
22 22 23 14
22 23 22 324
22 23 23 113
22 23 24 5
22 24 23 17
22 24 24 4
23 20 16 1
23 20 17 24
23 20 18 3
23 20 19 1
23 21 17 16
23 21 18 46
23 21 19 10
23 21 20 2
23 22 13 1
23 22 16 1
23 22 18 1
23 22 19 12
23 22 20 3
23 22 21 2
23 22 22 4
23 23 13 1
23 23 15 1
23 23 21 2
23 23 22 23
23 23 23 128
23 23 24 10
23 24 23 137
23 24 24 165
23 24 25 15
23 25 24 10
23 25 25 5
24 21 17 5
24 21 18 9
24 22 11 1
24 22 13 1
24 22 19 7
24 22 20 24
24 22 22 1
24 23 11 1
24 23 15 1
24 23 19 1
24 23 20 3
24 23 21 6
24 23 22 3
24 23 23 3
24 23 24 1
24 24 22 4
24 24 23 7
24 24 24 104
24 24 25 10
24 25 22 1
24 25 23 1
24 25 24 138
24 25 25 282
24 25 26 19
24 26 25 7
24 26 26 12
25 23 13 1
25 23 20 6
25 23 21 24
25 23 22 3
25 24 15 1
25 24 16 1
25 24 21 2
25 24 22 18
25 24 23 9
25 24 24 6
25 24 25 2
25 25 19 1
25 25 23 2
25 25 24 19
25 25 25 131
25 25 26 14
25 26 25 48
25 26 26 78
25 26 27 2
25 27 26 2
25 27 27 7
26 23 23 1
26 24 21 1
26 24 22 34
26 24 23 3
26 24 24 1
26 25 14 1
26 25 15 1
26 25 16 3
26 25 22 8
26 25 23 23
26 25 24 4
26 25 25 2
26 25 26 2
26 26 14 2
26 26 17 2
26 26 18 1
26 26 24 2
26 26 25 4
26 26 26 41
26 26 27 13
26 27 26 21
26 27 27 53
26 27 28 11
26 28 27 1
26 28 28 8
27 25 15 1
27 25 22 1
27 25 23 18
27 25 24 4
27 26 15 1
27 26 17 1
27 26 18 1
27 26 20 1
27 26 23 3
27 26 24 10
27 26 25 2
27 26 26 1
27 27 21 1
27 27 22 2
27 27 26 5
27 27 27 34
27 27 28 13
27 28 27 11
27 28 28 30
27 28 29 7
27 29 29 2
28 26 23 1
28 26 24 9
28 27 24 2
28 27 25 6
28 27 26 2
28 27 27 2
28 27 28 1
28 28 19 1
28 28 22 1
28 28 24 2
28 28 26 1
28 28 27 5
28 28 28 26
28 28 29 7
28 29 28 6
28 29 29 61
28 29 30 26
28 30 29 1
28 30 30 1
29 27 24 1
29 27 25 3
29 28 24 1
29 28 25 2
29 28 26 1
29 28 27 1
29 28 28 1
29 28 29 2
29 29 18 1
29 29 20 1
29 29 23 1
29 29 28 4
29 29 29 32
29 29 30 43
29 30 29 17
29 30 30 244
29 30 31 4
29 31 30 3
29 31 31 1
30 28 25 1
30 28 26 1
30 29 26 9
30 29 27 4
30 29 29 4
30 30 22 1
30 30 27 6
30 30 28 15
30 30 29 15
30 30 30 600
30 30 31 43
30 31 29 13
30 31 30 259
30 31 31 51
31 30 28 5
31 30 29 1
31 30 30 2
31 31 28 1
31 31 29 1
