32
0 0 0 3
0 1 0 1
0 1 1 3
1 1 0 7
1 1 1 7
1 2 1 74
1 2 2 1
2 1 1 1
2 2 1 42
2 2 2 54
2 3 2 140
2 4 3 2
2 7 12 1
3 2 2 5
3 3 2 105
3 3 3 62
3 4 3 150
3 4 4 10
3 5 4 1
3 8 11 1
3 9 12 1
3 10 14 1
3 10 15 1
3 11 15 3
4 3 1 1
4 3 2 2
4 3 3 3
4 4 3 34
4 4 4 90
4 5 3 3
4 5 4 140
4 5 5 6
4 6 3 1
4 6 4 10
4 6 5 11
4 6 6 1
4 7 5 1
4 8 11 1
4 11 15 1
5 4 2 2
5 4 3 1
5 4 5 2
5 5 4 17
5 5 5 23
5 5 6 2
5 6 4 6
5 6 5 57
5 6 6 16
5 7 4 1
5 7 6 3
5 7 8 1
5 7 9 1
5 8 10 1
5 8 11 1
5 9 12 1
5 9 13 1
5 10 13 1
5 10 14 3
5 11 12 1
6 4 2 1
6 5 3 3
6 5 4 1
6 5 5 4
6 5 6 1
6 6 5 19
6 6 6 6
6 6 7 1
6 7 5 6
6 7 6 17
6 7 7 5
6 8 7 2
6 8 9 1
6 9 10 1
6 9 12 2
6 10 6 1
6 10 13 2
6 11 14 1
6 11 15 2
6 12 15 1
7 4 2 1
7 5 2 12
7 5 3 18
7 5 4 7
7 6 4 2
7 6 7 1
7 7 5 1
7 7 6 31
7 7 7 13
7 7 8 3
7 8 6 8
7 8 7 12
7 8 8 3
7 8 10 1
7 9 7 2
7 9 8 4
7 9 9 1
7 10 13 1
7 11 13 1
7 11 14 1
7 11 15 1
7 13 17 1
8 4 2 3
8 5 2 58
8 5 3 66
8 6 3 10
8 6 4 57
8 6 5 2
8 6 6 1
8 7 4 1
8 7 5 7
8 7 6 3
8 8 6 4
8 8 7 45
8 8 8 16
8 8 9 2
8 9 7 8
8 9 8 31
8 9 9 2
8 9 10 1
8 10 8 1
8 10 9 3
8 10 10 2
9 4 5 1
9 4 6 1
9 5 3 7
9 5 6 1
9 5 7 1
9 6 3 21
9 6 4 4
9 6 5 1
9 6 7 1
9 7 4 4
9 7 5 14
9 7 6 1
9 8 5 2
9 8 6 5
9 8 7 2
9 8 8 2
9 8 9 1
9 9 7 1
9 9 8 48
9 9 9 23
9 9 10 1
9 10 8 14
9 10 9 33
9 10 10 6
9 10 11 1
9 11 8 1
9 11 10 2
9 11 11 3
10 5 7 4
10 6 3 5
10 6 4 1
10 6 7 1
10 6 8 1
10 7 4 22
10 7 5 5
10 8 5 2
10 8 6 2
10 8 7 1
10 9 7 1
10 9 8 7
10 9 9 3
10 10 8 3
10 10 9 68
10 10 10 14
10 10 11 1
10 11 9 16
10 11 10 36
10 11 11 3
10 12 9 1
10 12 10 2
10 12 11 5
10 13 12 2
11 4 6 1
11 5 7 2
11 5 8 1
11 6 8 1
11 7 4 4
11 7 8 4
11 8 4 4
11 8 5 2
11 8 6 1
11 8 8 1
11 8 9 2
11 9 5 2
11 9 6 2
11 9 7 2
11 9 8 2
11 9 9 2
11 9 10 1
11 10 8 3
11 10 9 5
11 10 10 1
11 10 11 1
11 11 9 1
11 11 10 81
11 11 11 15
11 11 12 1
11 12 10 16
11 12 11 45
11 12 12 1
11 13 11 2
11 13 12 2
12 5 7 2
12 6 7 1
12 6 8 1
12 8 9 2
12 9 5 2
12 9 6 8
12 9 7 1
12 9 11 1
12 10 6 2
12 10 7 3
12 10 8 3
12 10 10 2
12 10 11 2
12 11 8 2
12 11 9 3
12 11 10 7
12 11 11 7
12 11 12 1
12 11 13 1
12 12 10 8
12 12 11 87
12 12 12 22
12 12 13 1
12 13 11 11
12 13 12 54
12 13 13 7
12 14 13 3
13 6 9 1
13 7 9 1
13 9 6 1
13 10 6 10
13 10 7 16
13 11 7 11
13 11 8 8
13 11 9 2
13 11 10 1
13 11 11 3
13 12 10 7
13 12 11 5
13 12 12 8
13 12 13 1
13 13 11 3
13 13 12 96
13 13 13 73
13 14 12 4
13 14 13 43
13 14 14 11
13 15 13 2
13 15 14 2
13 15 15 2
14 5 8 2
14 11 7 9
14 11 8 22
14 11 9 1
14 11 11 1
14 12 8 12
14 12 9 2
14 12 11 1
14 12 13 1
14 13 10 1
14 13 11 6
14 13 12 12
14 13 13 16
14 14 11 1
14 14 12 2
14 14 13 134
14 14 14 57
14 14 15 5
14 15 13 10
14 15 14 63
14 15 15 7
14 17 16 1
15 12 8 25
15 12 9 19
15 12 12 1
15 13 9 12
15 13 10 6
15 13 11 3
15 13 12 3
15 14 11 1
15 14 12 6
15 14 13 15
15 14 14 7
15 15 11 1
15 15 13 9
15 15 14 116
15 15 15 47
15 15 16 1
15 16 14 9
15 16 15 137
15 16 16 9
15 16 17 2
15 17 16 1
16 11 12 1
16 13 10 3
16 13 11 1
16 14 10 1
16 14 11 8
16 14 12 4
16 14 13 3
16 14 14 3
16 15 12 1
16 15 13 11
16 15 14 26
16 15 15 5
16 15 16 1
16 16 11 1
16 16 13 1
16 16 14 29
16 16 15 181
16 16 16 33
16 16 17 4
16 17 15 6
16 17 16 134
16 17 17 10
16 18 17 4
17 14 11 3
17 14 15 1
17 15 12 6
17 15 13 4
17 15 14 2
17 15 15 3
17 16 13 2
17 16 14 12
17 16 15 10
17 16 16 2
17 17 14 1
17 17 15 10
17 17 16 132
17 17 17 72
17 17 18 4
17 18 16 6
17 18 17 159
17 18 18 8
17 19 18 4
18 15 12 3
18 16 12 11
18 16 13 5
18 16 14 3
18 16 16 2
18 17 10 1
18 17 12 1
18 17 14 2
18 17 15 4
18 17 16 5
18 17 17 2
18 18 12 1
18 18 15 1
18 18 16 7
18 18 17 133
18 18 18 41
18 19 17 13
18 19 18 195
18 19 19 14
18 20 18 1
18 20 19 4
19 16 13 1
19 17 14 1
19 17 15 2
19 17 16 1
19 17 17 1
19 18 13 1
19 18 16 8
19 18 17 14
19 18 18 7
19 18 19 1
19 18 20 1
19 19 12 1
19 19 17 8
19 19 18 198
19 19 19 64
19 19 20 1
19 20 18 12
19 20 19 358
19 20 20 11
19 20 21 1
19 21 20 1
20 17 14 3
20 18 15 5
20 18 16 1
20 18 17 1
20 19 10 1
20 19 11 2
20 19 13 1
20 19 17 3
20 19 18 1
20 19 19 4
20 19 20 2
20 20 13 1
20 20 15 1
20 20 18 4
20 20 19 84
20 20 20 25
20 20 21 2
20 21 19 9
20 21 20 292
20 21 21 42
20 21 22 1
20 22 20 2
20 22 21 17
21 19 11 1
21 19 16 1
21 19 17 6
21 19 20 1
21 20 13 1
21 20 14 2
21 20 17 2
21 20 18 2
21 20 19 1
21 20 20 2
21 20 21 1
21 21 12 1
21 21 19 2
21 21 20 29
21 21 21 28
21 21 22 8
21 22 20 2
21 22 21 171
21 22 22 127
21 22 23 2
21 23 22 18
21 23 23 1
22 19 16 1
22 19 17 2
22 20 16 1
22 20 17 4
22 20 18 9
22 20 19 2
22 21 13 1
22 21 16 1
22 21 17 1
22 21 18 5
22 21 19 11
22 21 20 2
22 21 21 3
22 22 14 1
22 22 20 3
22 22 21 37
22 22 22 109
22 22 23 11
22 23 21 1
22 23 22 343
22 23 23 123
22 23 24 3
22 24 23 21
22 24 24 7
22 25 24 1
23 20 16 1
23 20 17 19
23 20 18 2
23 21 17 17
23 21 18 54
23 21 19 9
23 21 20 1
23 22 10 1
23 22 19 7
23 22 20 6
23 22 21 2
23 22 22 3
23 23 17 1
23 23 18 1
23 23 20 1
23 23 21 1
23 23 22 30
23 23 23 153
23 23 24 8
23 24 23 121
23 24 24 190
23 24 25 17
23 25 24 9
23 25 25 12
23 26 25 1
24 21 17 6
24 21 18 12
24 22 12 1
24 22 18 1
24 22 19 12
24 22 20 18
24 23 11 1
24 23 13 1
24 23 15 2
24 23 20 10
24 23 21 2
24 23 22 2
24 23 23 1
24 24 22 1
24 24 23 10
24 24 24 109
24 24 25 12
24 25 23 1
24 25 24 127
24 25 25 292
24 25 26 13
24 26 25 9
24 26 26 9
25 22 20 1
25 23 13 1
25 23 14 1
25 23 20 7
25 23 21 21
25 23 22 5
25 24 14 2
25 24 16 1
25 24 21 1
25 24 22 20
25 24 23 6
25 24 24 1
25 25 14 1
25 25 22 1
25 25 23 2
25 25 24 10
25 25 25 145
25 25 26 15
25 25 27 1
25 26 24 1
25 26 25 35
25 26 26 89
25 26 27 4
25 27 26 1
25 27 27 6
26 24 22 35
26 24 23 6
26 25 15 1
26 25 16 1
26 25 17 1
26 25 18 1
26 25 22 4
26 25 23 19
26 25 24 2
26 25 25 1
26 26 15 1
26 26 16 2
26 26 17 2
26 26 23 1
26 26 25 7
26 26 26 54
26 26 27 15
26 27 26 17
26 27 27 50
26 27 28 10
26 28 28 10
27 25 14 2
27 25 15 1
27 25 22 1
27 25 23 20
27 25 24 4
27 26 17 2
27 26 18 1
27 26 20 1
27 26 23 1
27 26 24 8
27 26 25 4
27 26 26 8
27 27 19 1
27 27 20 3
27 27 26 5
27 27 27 33
27 27 28 8
27 28 27 7
27 28 28 36
27 28 29 9
27 29 29 1
28 25 23 1
28 26 24 9
28 27 25 1
28 27 26 1
28 27 27 5
28 27 28 1
28 28 26 1
28 28 27 3
28 28 28 21
28 28 29 14
28 29 28 9
28 29 29 57
28 29 30 29
28 30 30 4
29 27 24 4
29 27 25 5
29 28 23 1
29 28 25 2
29 28 26 2
29 28 27 2
29 28 28 1
29 29 20 2
29 29 25 1
29 29 28 7
29 29 29 33
29 29 30 34
29 30 27 1
29 30 29 14
29 30 30 247
29 30 31 7
29 31 30 2
29 31 31 1
30 29 26 4
30 29 27 4
30 29 28 2
30 29 29 3
30 29 30 1
30 30 22 1
30 30 27 6
30 30 28 14
30 30 29 16
30 30 30 632
30 30 31 49
30 31 29 16
30 31 30 255
30 31 31 44
31 30 28 3
31 30 29 1
31 30 30 2
31 30 31 1
31 31 28 1
31 31 29 2
