32
0 0 0 5
0 0 1 1
0 1 0 1
0 2 1 1
1 1 0 6
1 1 1 5
1 2 1 86
1 2 2 6
2 2 1 29
2 2 2 49
2 2 3 2
2 3 2 162
2 3 3 7
2 9 16 1
3 3 2 70
3 3 3 67
3 3 4 1
3 4 3 136
3 4 4 34
3 5 4 9
3 9 14 2
3 9 15 1
3 10 15 1
3 12 18 1
3 12 19 1
3 13 19 1
3 13 20 3
4 3 3 1
4 4 2 1
4 4 3 8
4 4 4 71
4 4 5 4
4 5 4 143
4 5 5 41
4 5 6 4
4 6 4 3
4 6 5 29
4 6 6 1
4 7 4 2
4 7 5 1
4 8 8 1
4 8 9 1
4 9 12 1
4 10 13 1
4 10 14 1
4 10 17 1
4 11 15 1
4 13 18 2
4 13 19 1
4 14 20 1
5 4 5 1
5 5 3 2
5 5 4 5
5 5 5 16
5 5 6 6
5 6 5 23
5 6 6 40
5 6 7 2
5 7 4 2
5 7 5 1
5 7 6 12
5 7 7 2
5 8 5 1
5 8 7 1
5 8 10 1
5 9 11 1
5 9 12 1
5 11 17 1
5 12 17 1
5 12 18 1
5 13 17 1
5 13 18 1
6 5 3 1
6 5 6 2
6 6 4 2
6 6 5 5
6 6 6 11
6 6 7 5
6 7 5 2
6 7 6 14
6 7 7 25
6 7 8 1
6 8 6 1
6 8 7 9
6 8 8 2
6 9 7 1
6 9 11 1
6 11 16 3
6 13 18 2
6 15 20 1
7 5 2 8
7 5 3 38
7 5 4 2
7 6 3 11
7 6 4 12
7 7 5 1
7 7 7 5
7 7 8 4
7 8 6 4
7 8 7 21
7 8 8 23
7 8 9 4
7 9 8 9
7 9 9 2
7 9 11 1
7 10 7 2
7 10 14 1
7 12 17 1
7 15 21 1
8 5 2 1
8 5 3 15
8 6 3 94
8 6 4 15
8 7 4 35
8 7 5 17
8 7 6 4
8 8 5 2
8 8 6 5
8 8 7 1
8 8 8 10
8 8 9 2
8 8 11 1
8 9 8 25
8 9 9 20
8 9 11 2
8 10 8 3
8 10 9 14
8 10 10 4
8 11 12 1
8 11 13 1
8 12 16 1
8 16 22 1
9 4 8 1
9 5 8 1
9 6 3 4
9 6 8 2
9 7 3 9
9 7 4 12
9 7 5 1
9 7 7 1
9 7 8 1
9 8 4 1
9 8 5 3
9 8 6 5
9 8 7 7
9 8 9 1
9 8 10 1
9 9 7 2
9 9 8 6
9 9 9 9
9 9 10 3
9 10 8 2
9 10 9 37
9 10 10 46
9 10 11 7
9 10 14 1
9 11 9 2
9 11 10 17
9 11 11 7
9 11 13 1
9 12 11 1
9 12 12 1
9 12 13 3
10 4 8 1
10 6 9 5
10 7 4 4
10 7 10 1
10 8 4 18
10 8 5 4
10 8 6 3
10 8 10 1
10 9 6 1
10 9 7 3
10 9 8 4
10 9 11 2
10 10 8 1
10 10 9 8
10 10 10 12
10 10 11 3
10 11 10 41
10 11 11 38
10 11 13 3
10 12 10 2
10 12 11 19
10 12 12 10
10 12 13 4
10 12 14 1
10 13 11 2
11 5 9 1
11 6 9 2
11 6 10 1
11 7 10 4
11 8 4 4
11 8 5 1
11 8 10 1
11 9 4 1
11 9 5 1
11 9 6 6
11 9 7 1
11 9 11 1
11 10 7 3
11 10 8 5
11 10 9 1
11 10 10 1
11 10 12 1
11 11 9 3
11 11 10 11
11 11 11 18
11 11 12 5
11 11 14 1
11 12 10 1
11 12 11 50
11 12 12 50
11 12 13 10
11 12 14 1
11 13 11 2
11 13 12 15
11 13 13 15
11 13 14 1
11 14 13 1
12 6 10 1
12 7 11 1
12 9 6 3
12 10 6 6
12 10 7 10
12 10 8 1
12 10 9 1
12 10 13 1
12 11 7 1
12 11 8 1
12 11 9 4
12 11 10 4
12 11 13 2
12 12 10 1
12 12 11 1
12 12 12 13
12 12 13 7
12 13 11 2
12 13 12 30
12 13 13 74
12 13 14 6
12 14 13 10
12 14 14 15
12 14 15 1
12 15 14 1
12 15 15 1
12 15 17 1
13 5 10 2
13 7 11 1
13 9 13 1
13 10 7 4
13 11 7 13
13 11 8 21
13 11 9 3
13 11 13 1
13 12 9 4
13 12 11 4
13 12 12 1
13 12 13 3
13 13 10 2
13 13 11 3
13 13 12 8
13 13 13 21
13 13 14 5
13 14 12 2
13 14 13 28
13 14 14 85
13 14 15 38
13 15 13 5
13 15 14 14
13 15 15 40
13 15 16 13
13 15 17 3
13 16 16 1
14 6 11 1
14 11 8 6
14 12 8 29
14 12 9 11
14 12 10 4
14 12 13 1
14 12 14 1
14 13 9 1
14 13 10 3
14 13 11 1
14 13 12 5
14 13 14 2
14 14 11 1
14 14 12 1
14 14 13 4
14 14 14 5
14 14 15 6
14 14 16 1
14 15 13 3
14 15 14 19
14 15 15 91
14 15 16 39
14 16 14 2
14 16 15 10
14 16 16 52
14 16 17 22
14 16 18 5
14 17 16 2
14 17 17 2
14 17 18 1
15 12 8 4
15 12 9 25
15 13 9 7
15 13 10 14
15 13 11 4
15 13 14 1
15 14 11 6
15 14 12 5
15 14 13 3
15 14 15 2
15 14 16 1
15 15 12 2
15 15 13 4
15 15 14 4
15 15 15 9
15 15 16 8
15 15 17 1
15 16 9 1
15 16 15 29
15 16 16 71
15 16 17 31
15 16 18 1
15 17 16 16
15 17 17 143
15 17 18 18
15 17 19 1
15 18 17 1
15 18 18 7
15 18 19 1
15 18 20 1
15 19 17 1
16 13 10 1
16 13 11 1
16 14 10 1
16 14 11 7
16 14 12 3
16 14 13 3
16 15 12 3
16 15 13 8
16 15 14 4
16 15 17 2
16 16 12 1
16 16 14 3
16 16 15 9
16 16 16 18
16 16 17 9
16 17 11 1
16 17 14 1
16 17 15 2
16 17 16 30
16 17 17 169
16 17 18 18
16 18 17 6
16 18 18 92
16 18 19 37
16 18 20 4
16 19 18 2
16 19 19 8
16 19 20 3
17 15 12 2
17 15 13 5
17 15 14 1
17 16 13 2
17 16 14 9
17 16 15 6
17 16 16 1
17 16 17 1
17 17 13 1
17 17 15 6
17 17 16 11
17 17 17 14
17 17 18 3
17 18 16 2
17 18 17 36
17 18 18 61
17 18 19 11
17 18 20 1
17 19 18 5
17 19 19 139
17 19 20 30
17 19 21 2
17 20 19 2
17 20 20 25
17 20 21 5
17 20 22 1
18 16 13 3
18 16 14 2
18 17 11 1
18 17 14 9
18 17 15 4
18 17 16 4
18 17 17 1
18 17 18 1
18 18 12 1
18 18 13 1
18 18 15 1
18 18 16 6
18 18 17 12
18 18 18 8
18 18 19 9
18 19 17 3
18 19 18 35
18 19 19 41
18 19 20 7
18 20 19 3
18 20 20 108
18 20 21 67
18 20 22 1
18 21 19 1
18 21 20 1
18 21 21 76
18 21 22 15
18 22 22 5
19 17 15 2
19 18 9 1
19 18 12 1
19 18 15 4
19 18 16 4
19 18 17 6
19 18 18 2
19 19 11 1
19 19 12 1
19 19 14 1
19 19 17 2
19 19 18 15
19 19 19 8
19 19 20 3
19 20 18 3
19 20 19 34
19 20 20 39
19 20 21 25
19 20 22 1
19 21 20 14
19 21 21 131
19 21 22 91
19 21 23 3
19 22 21 3
19 22 22 197
19 22 23 37
19 23 23 5
20 19 11 1
20 19 13 1
20 19 16 1
20 19 17 3
20 19 18 6
20 19 20 1
20 20 12 1
20 20 13 1
20 20 15 1
20 20 16 1
20 20 17 1
20 20 18 1
20 20 19 13
20 20 20 10
20 20 21 4
20 21 20 31
20 21 21 54
20 21 22 11
20 22 21 12
20 22 22 76
20 22 23 61
20 23 23 131
20 23 24 5
20 23 25 1
21 19 16 1
21 19 17 4
21 19 20 1
21 20 14 1
21 20 18 1
21 20 19 2
21 21 13 2
21 21 19 2
21 21 20 8
21 21 21 18
21 21 22 1
21 22 20 1
21 22 21 24
21 22 22 112
21 22 23 33
21 23 22 10
21 23 23 72
21 23 24 49
21 23 25 1
21 24 24 20
21 24 26 1
22 20 18 2
22 21 15 1
22 21 18 3
22 21 19 7
22 21 20 3
22 21 22 1
22 22 20 12
22 22 21 18
22 22 22 41
22 22 23 11
22 23 21 1
22 23 22 103
22 23 23 290
22 23 24 43
22 23 25 1
22 24 23 9
22 24 24 101
22 24 25 32
22 24 26 1
22 25 24 1
22 25 25 18
22 25 26 9
22 25 27 1
22 26 27 1
23 21 19 6
23 22 12 1
23 22 14 1
23 22 15 1
23 22 19 3
23 22 20 63
23 22 21 33
23 22 22 4
23 22 24 1
23 23 16 1
23 23 17 1
23 23 20 2
23 23 21 18
23 23 22 9
23 23 23 106
23 23 24 19
23 24 23 38
23 24 24 256
23 24 25 52
23 25 24 7
23 25 25 73
23 25 26 25
23 26 25 4
23 26 26 16
23 26 27 2
23 26 28 1
24 22 13 1
24 22 19 1
24 22 20 12
24 22 21 1
24 23 12 1
24 23 20 5
24 23 21 31
24 23 22 3
24 24 16 1
24 24 19 1
24 24 22 2
24 24 23 5
24 24 24 34
24 24 25 27
24 25 22 1
24 25 24 15
24 25 25 378
24 25 26 95
24 26 25 2
24 26 26 58
24 26 27 20
24 27 26 1
24 27 27 4
24 27 28 7
24 27 29 2
24 28 29 1
25 23 21 4
25 23 22 6
25 24 13 1
25 24 17 1
25 24 19 1
25 24 22 33
25 24 23 11
25 25 14 1
25 25 15 1
25 25 23 3
25 25 24 3
25 25 25 34
25 25 26 51
25 26 17 1
25 26 25 5
25 26 26 120
25 26 27 23
25 26 28 1
25 27 27 24
25 27 28 8
25 28 29 1
25 29 30 1
26 24 22 10
26 24 23 8
26 25 15 1
26 25 23 41
26 25 24 15
26 25 25 1
26 26 16 3
26 26 17 3
26 26 18 1
26 26 19 1
26 26 20 1
26 26 21 1
26 26 24 2
26 26 25 5
26 26 26 26
26 26 27 12
26 27 26 11
26 27 27 49
26 27 28 17
26 28 27 2
26 28 28 29
26 28 29 1
26 29 30 1
26 30 30 3
26 30 31 1
27 25 23 3
27 25 24 2
27 26 15 1
27 26 17 1
27 26 19 1
27 26 23 3
27 26 24 18
27 26 25 5
27 26 26 2
27 27 19 1
27 27 21 1
27 27 22 1
27 27 27 12
27 27 28 12
27 28 27 5
27 28 28 27
27 28 29 13
27 28 30 1
27 29 29 13
27 29 30 2
27 30 30 7
28 26 24 4
28 26 25 2
28 27 18 1
28 27 22 1
28 27 25 6
28 27 26 1
28 27 27 1
28 28 24 1
28 28 26 1
28 28 27 4
28 28 28 7
28 28 29 10
28 29 21 1
28 29 27 1
28 29 28 4
28 29 29 57
28 29 30 37
28 30 30 78
28 30 31 1
28 31 30 6
28 31 31 15
29 27 25 2
29 28 26 8
29 28 28 2
29 29 21 1
29 29 26 1
29 29 27 1
29 29 28 2
29 29 29 15
29 29 30 15
29 30 27 1
29 30 29 4
29 30 30 175
29 30 31 2
29 31 30 33
29 31 31 61
30 28 26 1
30 29 22 1
30 29 26 1
30 29 27 3
30 29 28 1
30 29 29 3
30 30 25 1
30 30 27 3
30 30 28 10
30 30 29 12
30 30 30 568
30 30 31 15
30 31 29 3
30 31 30 279
30 31 31 57
31 30 29 3
31 30 30 5
31 30 31 3
