32
0 0 0 5
0 1 0 3
0 1 1 1
1 0 0 1
1 1 0 14
1 1 1 9
1 2 1 75
1 2 2 3
2 2 1 37
2 2 2 66
2 3 2 134
2 3 3 4
2 8 12 1
2 11 16 1
3 2 1 1
3 2 2 5
3 3 2 103
3 3 3 55
3 4 3 133
3 4 4 8
3 5 4 1
3 8 11 1
3 8 12 1
3 10 15 1
3 11 15 3
3 11 16 2
4 2 2 1
4 3 3 5
4 4 3 27
4 4 4 73
4 4 5 1
4 5 3 2
4 5 4 150
4 5 5 12
4 6 3 3
4 6 4 7
4 6 5 11
4 6 6 1
4 6 7 1
4 7 8 1
4 8 11 1
4 9 13 3
4 10 15 1
4 11 16 1
5 3 1 1
5 4 2 1
5 4 3 1
5 4 4 3
5 4 5 2
5 5 4 12
5 5 5 28
5 5 6 2
5 6 4 5
5 6 5 48
5 6 6 21
5 7 4 2
5 7 5 2
5 7 6 4
5 7 7 1
5 7 8 1
5 8 11 2
5 9 13 1
5 10 13 1
5 10 14 1
5 11 14 3
5 11 15 1
5 12 15 1
6 5 3 3
6 5 4 2
6 5 5 5
6 6 5 21
6 6 6 17
6 6 7 3
6 7 5 4
6 7 6 19
6 7 7 5
6 8 7 2
6 8 8 1
6 8 9 1
6 9 12 2
6 10 13 1
6 11 13 1
6 11 14 2
6 11 15 1
7 4 2 4
7 5 2 13
7 5 3 15
7 5 4 6
7 6 3 3
7 6 4 1
7 6 5 2
7 6 6 3
7 7 5 2
7 7 6 26
7 7 7 9
7 7 8 1
7 8 6 11
7 8 7 20
7 8 8 2
7 8 11 1
7 9 6 1
7 9 7 2
7 9 8 1
7 11 13 2
7 11 14 1
8 4 2 4
8 5 2 68
8 5 3 55
8 6 3 13
8 6 4 66
8 6 5 5
8 7 4 1
8 7 5 6
8 7 6 2
8 7 7 1
8 8 6 2
8 8 7 44
8 8 8 21
8 8 9 1
8 9 7 3
8 9 8 31
8 9 9 3
8 9 11 1
8 10 7 1
8 10 9 4
8 10 10 1
8 11 12 1
8 11 14 1
9 5 3 7
9 5 6 2
9 6 3 18
9 6 4 4
9 6 5 2
9 6 7 1
9 7 4 3
9 7 5 11
9 7 6 2
9 8 5 1
9 8 6 4
9 8 7 5
9 8 8 2
9 8 9 1
9 9 7 2
9 9 8 48
9 9 9 11
9 9 10 1
9 10 8 14
9 10 9 30
9 10 10 7
9 11 8 1
9 11 10 8
9 11 11 3
10 4 6 1
10 5 6 1
10 5 7 3
10 6 4 8
10 6 8 1
10 7 4 21
10 7 5 1
10 7 7 2
10 7 8 1
10 8 5 3
10 8 6 3
10 8 7 1
10 8 8 1
10 9 7 1
10 9 8 12
10 9 9 1
10 9 10 1
10 10 8 1
10 10 9 54
10 10 10 17
10 10 11 2
10 11 9 16
10 11 10 46
10 11 11 3
10 11 12 1
10 12 10 1
10 12 11 4
10 12 12 1
11 5 7 1
11 6 7 3
11 7 4 4
11 7 8 2
11 8 4 4
11 8 5 3
11 8 6 1
11 8 9 1
11 9 5 3
11 9 6 3
11 9 7 3
11 9 8 2
11 9 9 1
11 9 11 1
11 10 8 5
11 10 9 6
11 10 10 2
11 10 11 2
11 11 9 12
11 11 10 56
11 11 11 20
11 12 10 12
11 12 11 33
11 12 12 4
11 13 10 1
11 13 11 1
11 13 12 1
12 4 7 1
12 5 7 2
12 5 8 1
12 6 8 1
12 7 8 1
12 8 5 1
12 8 10 1
12 9 5 4
12 9 6 4
12 9 7 1
12 9 11 2
12 10 6 1
12 10 7 1
12 10 8 2
12 10 9 2
12 10 10 1
12 10 11 2
12 11 8 1
12 11 9 1
12 11 10 9
12 11 11 6
12 11 12 1
12 12 10 8
12 12 11 76
12 12 12 11
12 12 13 2
12 13 11 11
12 13 12 59
12 13 13 5
12 14 12 1
12 16 18 1
13 6 8 1
13 9 6 1
13 9 8 1
13 10 6 12
13 10 7 21
13 11 7 16
13 11 8 4
13 11 9 2
13 11 10 1
13 11 11 2
13 11 12 1
13 12 9 3
13 12 10 5
13 12 11 13
13 12 12 5
13 12 14 1
13 13 7 1
13 13 11 4
13 13 12 99
13 13 13 62
13 13 14 2
13 14 12 6
13 14 13 57
13 14 14 3
13 14 15 1
13 15 13 4
14 5 9 1
14 11 7 6
14 11 8 24
14 11 9 1
14 11 11 1
14 12 8 15
14 12 9 5
14 12 10 2
14 12 11 2
14 12 12 1
14 13 9 1
14 13 10 1
14 13 11 5
14 13 12 12
14 13 13 11
14 13 14 2
14 14 10 1
14 14 12 2
14 14 13 131
14 14 14 75
14 14 15 2
14 15 13 8
14 15 14 58
14 15 15 7
14 16 15 2
14 16 16 1
15 5 8 1
15 12 8 28
15 12 9 17
15 12 12 1
15 12 13 1
15 13 9 1
15 13 10 10
15 13 11 3
15 13 12 3
15 13 13 3
15 14 8 1
15 14 11 3
15 14 12 5
15 14 13 6
15 14 14 4
15 15 11 1
15 15 13 14
15 15 14 122
15 15 15 41
15 15 16 3
15 16 14 30
15 16 15 102
15 16 16 5
15 17 15 2
16 12 9 1
16 13 9 3
16 13 10 10
16 13 11 1
16 13 13 1
16 14 10 3
16 14 11 4
16 14 12 4
16 14 13 2
16 14 14 2
16 15 12 1
16 15 13 9
16 15 14 33
16 15 15 5
16 16 11 1
16 16 13 1
16 16 14 33
16 16 15 164
16 16 16 35
16 16 17 3
16 17 15 9
16 17 16 138
16 17 17 10
16 18 17 3
17 14 11 1
17 15 11 1
17 15 12 2
17 15 13 4
17 15 14 3
17 16 14 10
17 16 15 6
17 16 16 2
17 16 17 1
17 17 12 1
17 17 14 2
17 17 15 6
17 17 16 147
17 17 17 85
17 17 18 1
17 18 16 1
17 18 17 137
17 18 18 12
17 19 17 2
17 19 18 4
18 15 12 1
18 15 15 1
18 16 12 8
18 16 13 2
18 16 14 4
18 16 15 2
18 17 11 1
18 17 12 1
18 17 13 1
18 17 14 1
18 17 15 6
18 17 16 8
18 17 17 3
18 17 18 2
18 18 16 6
18 18 17 141
18 18 18 48
18 18 19 3
18 19 17 6
18 19 18 211
18 19 19 16
18 20 19 4
19 16 13 4
19 17 13 2
19 17 14 4
19 17 15 2
19 17 17 1
19 18 10 1
19 18 11 2
19 18 14 1
19 18 15 2
19 18 16 4
19 18 17 12
19 18 18 8
19 18 19 1
19 19 13 1
19 19 17 10
19 19 18 192
19 19 19 76
19 19 20 2
19 20 18 13
19 20 19 301
19 20 20 14
19 21 19 3
19 21 20 9
19 21 21 1
19 22 21 1
20 17 14 1
20 18 9 1
20 18 15 3
20 18 16 2
20 18 17 1
20 18 18 2
20 19 10 1
20 19 11 1
20 19 17 3
20 19 18 4
20 19 19 2
20 19 20 2
20 20 18 7
20 20 19 54
20 20 20 30
20 21 13 1
20 21 19 8
20 21 20 263
20 21 21 40
20 21 22 1
20 22 20 2
20 22 21 19
21 19 16 2
21 19 17 1
21 20 14 1
21 20 15 1
21 20 18 2
21 20 19 6
21 20 20 3
21 21 13 2
21 21 19 2
21 21 20 36
21 21 21 32
21 21 22 6
21 22 21 162
21 22 22 125
21 22 23 2
21 23 22 11
21 23 23 1
22 20 13 1
22 20 17 2
22 20 18 3
22 20 20 1
22 21 13 1
22 21 18 7
22 21 19 6
22 21 20 2
22 21 21 3
22 21 22 1
22 22 16 1
22 22 20 2
22 22 21 24
22 22 22 88
22 22 23 13
22 23 22 327
22 23 23 130
22 23 24 6
22 24 23 20
22 24 24 4
23 20 17 7
23 21 17 17
23 21 18 73
23 21 19 11
23 22 10 1
23 22 19 10
23 22 20 5
23 22 21 1
23 22 22 2
23 23 22 22
23 23 23 151
23 23 24 4
23 24 17 1
23 24 23 117
23 24 24 175
23 24 25 17
23 25 24 8
23 25 25 11
24 21 12 1
24 21 17 5
24 21 18 21
24 21 19 1
24 22 12 1
24 22 18 1
24 22 19 10
24 22 20 25
24 22 21 2
24 23 11 1
24 23 13 1
24 23 14 1
24 23 16 1
24 23 20 5
24 23 21 5
24 23 22 3
24 23 23 1
24 23 24 2
24 24 22 2
24 24 23 7
24 24 24 111
24 24 25 17
24 25 23 1
24 25 24 107
24 25 25 308
24 25 26 18
24 26 25 10
24 26 26 12
25 23 20 5
25 23 21 24
25 23 22 3
25 23 23 1
25 24 13 3
25 24 14 1
25 24 16 1
25 24 21 1
25 24 22 19
25 24 23 6
25 24 24 1
25 24 25 1
25 25 14 1
25 25 23 2
25 25 24 8
25 25 25 145
25 25 26 12
25 26 25 40
25 26 26 89
25 26 27 3
25 27 26 2
25 27 27 4
26 24 21 1
26 24 22 32
26 24 23 4
26 24 24 2
26 25 16 3
26 25 18 1
26 25 22 2
26 25 23 28
26 25 24 5
26 25 25 3
26 26 15 1
26 26 17 1
26 26 18 2
26 26 19 1
26 26 24 2
26 26 25 6
26 26 26 55
26 26 27 14
26 27 26 17
26 27 27 51
26 27 28 16
26 28 27 1
26 28 28 6
26 29 28 1
27 25 14 1
27 25 15 2
27 25 22 1
27 25 23 22
27 25 24 5
27 25 25 2
27 26 15 2
27 26 17 1
27 26 18 1
27 26 23 3
27 26 24 12
27 26 25 2
27 26 26 5
27 27 16 1
27 27 21 1
27 27 22 1
27 27 25 1
27 27 26 8
27 27 27 51
27 27 28 6
27 28 27 10
27 28 28 40
27 28 29 4
27 29 29 2
28 26 24 12
28 27 22 2
28 27 23 1
28 27 25 3
28 27 26 6
28 27 27 3
28 28 19 1
28 28 24 1
28 28 27 4
28 28 28 24
28 28 29 12
28 29 28 6
28 29 29 58
28 29 30 30
29 27 25 4
29 28 25 4
29 28 27 1
29 28 28 1
29 28 29 1
29 29 20 1
29 29 23 1
29 29 27 1
29 29 28 1
29 29 29 41
29 29 30 35
29 30 28 1
29 30 29 16
29 30 30 238
29 30 31 10
29 31 31 1
30 28 26 1
30 29 25 1
30 29 26 5
30 29 27 8
30 29 30 2
30 30 22 1
30 30 26 1
30 30 27 5
30 30 28 11
30 30 29 19
30 30 30 674
30 30 31 31
30 31 29 13
30 31 30 227
30 31 31 36
31 30 29 3
31 30 30 2
31 31 28 1
31 31 29 1
