32
0 0 0 6
0 1 1 1
1 0 0 2
1 1 0 9
1 1 1 8
1 2 1 73
1 2 2 2
2 1 1 1
2 2 1 41
2 2 2 70
2 2 3 1
2 3 1 1
2 3 2 130
2 3 3 1
2 8 12 1
2 10 15 1
3 2 2 6
3 3 2 96
3 3 3 50
3 4 3 153
3 4 4 8
3 5 4 1
3 6 6 1
3 8 10 1
3 8 11 1
3 8 12 1
3 10 14 1
3 10 15 1
3 11 15 2
4 3 2 3
4 3 3 4
4 3 4 2
4 4 2 1
4 4 3 32
4 4 4 76
4 4 5 3
4 5 3 3
4 5 4 146
4 5 5 13
4 6 3 2
4 6 4 6
4 6 5 13
4 6 7 1
4 7 9 1
4 8 10 1
4 8 11 1
4 9 13 1
4 10 13 1
4 10 14 1
5 4 2 1
5 4 3 1
5 4 4 1
5 4 5 1
5 5 4 15
5 5 5 37
5 5 6 3
5 6 4 8
5 6 5 53
5 6 6 10
5 7 4 3
5 7 5 3
5 7 6 6
5 8 9 1
5 8 10 2
5 8 11 1
5 9 11 1
5 10 12 2
5 10 13 2
5 11 14 1
5 11 15 1
6 4 3 1
6 5 3 3
6 5 5 2
6 5 6 2
6 6 4 1
6 6 5 17
6 6 6 15
6 7 5 2
6 7 6 20
6 7 7 2
6 8 6 1
6 8 7 7
6 8 8 1
6 8 11 1
6 10 11 1
6 10 12 1
6 11 14 2
6 11 15 1
6 11 16 1
6 12 14 1
7 4 2 2
7 5 2 3
7 5 3 12
7 5 4 7
7 5 5 1
7 6 3 1
7 6 4 3
7 6 5 1
7 6 6 1
7 7 5 1
7 7 6 24
7 7 7 13
7 7 8 1
7 8 6 7
7 8 7 22
7 8 8 6
7 9 8 4
7 9 10 1
7 10 13 1
7 11 14 2
8 4 2 2
8 4 3 1
8 5 2 70
8 5 3 67
8 5 4 1
8 6 3 8
8 6 4 60
8 6 5 4
8 7 4 2
8 7 5 5
8 7 6 2
8 8 6 2
8 8 7 39
8 8 8 29
8 9 7 8
8 9 8 27
8 9 9 8
8 10 7 1
8 10 8 1
8 10 9 1
8 10 10 1
8 11 13 1
9 4 6 1
9 5 3 7
9 5 6 1
9 5 7 1
9 6 3 19
9 6 4 5
9 7 4 3
9 7 5 9
9 7 6 2
9 7 8 1
9 8 5 2
9 8 6 5
9 8 7 2
9 8 8 1
9 9 7 1
9 9 8 48
9 9 9 20
9 9 10 2
9 10 8 12
9 10 9 45
9 10 10 5
9 10 11 1
9 11 9 1
9 11 10 5
9 11 11 2
9 15 18 1
10 4 6 1
10 5 7 3
10 6 3 6
10 6 4 1
10 6 7 3
10 7 4 21
10 7 5 5
10 7 8 2
10 8 4 1
10 8 5 2
10 8 6 4
10 8 7 4
10 8 9 1
10 9 8 7
10 9 9 2
10 9 10 2
10 10 8 2
10 10 9 74
10 10 10 13
10 10 11 3
10 11 9 6
10 11 10 40
10 11 11 6
10 12 9 1
10 12 10 1
10 12 11 2
11 4 7 1
11 5 8 1
11 6 7 1
11 6 8 1
11 7 4 4
11 7 8 4
11 8 4 3
11 8 5 4
11 8 7 1
11 8 8 1
11 8 10 1
11 9 6 2
11 9 7 2
11 9 8 1
11 9 9 2
11 9 10 1
11 10 8 4
11 10 9 10
11 10 10 2
11 11 9 5
11 11 10 60
11 11 11 19
11 12 10 14
11 12 11 37
11 12 12 3
11 13 12 1
11 15 17 1
12 5 7 1
12 5 8 1
12 6 7 1
12 6 8 2
12 7 9 1
12 8 5 1
12 8 10 1
12 9 6 3
12 9 11 1
12 10 6 2
12 10 7 4
12 10 8 2
12 10 9 1
12 10 10 1
12 10 11 1
12 11 9 3
12 11 10 7
12 11 11 3
12 11 12 1
12 12 9 1
12 12 10 10
12 12 11 81
12 12 12 18
12 12 13 3
12 13 11 11
12 13 12 54
12 13 13 9
12 14 13 1
13 6 8 1
13 9 6 1
13 10 6 8
13 10 7 25
13 10 8 1
13 11 7 11
13 11 8 3
13 11 9 6
13 11 11 2
13 11 12 1
13 12 9 1
13 12 10 5
13 12 11 16
13 12 12 7
13 13 7 1
13 13 11 4
13 13 12 112
13 13 13 74
13 13 14 2
13 14 12 2
13 14 13 49
13 14 14 6
13 14 15 1
13 15 13 3
13 15 14 2
14 5 8 1
14 6 9 1
14 10 7 1
14 10 12 1
14 11 7 6
14 11 8 27
14 11 9 2
14 12 8 9
14 12 9 3
14 12 11 2
14 12 12 4
14 13 10 1
14 13 11 6
14 13 12 10
14 13 13 14
14 14 12 1
14 14 13 124
14 14 14 54
14 14 15 1
14 15 13 9
14 15 14 62
14 15 15 7
14 16 14 1
14 16 15 1
15 12 8 29
15 12 9 19
15 12 12 1
15 12 13 1
15 13 8 1
15 13 9 6
15 13 10 8
15 13 11 3
15 13 12 3
15 14 12 6
15 14 13 15
15 14 14 8
15 14 15 2
15 15 11 2
15 15 13 6
15 15 14 133
15 15 15 43
15 16 14 21
15 16 15 123
15 16 16 15
15 16 17 1
15 17 16 5
16 6 9 1
16 13 9 1
16 13 10 4
16 13 13 1
16 14 10 3
16 14 11 5
16 14 12 5
16 14 13 3
16 14 14 1
16 15 13 13
16 15 14 31
16 15 15 4
16 15 16 1
16 15 17 1
16 16 5 1
16 16 11 1
16 16 13 1
16 16 14 33
16 16 15 188
16 16 16 45
16 17 15 3
16 17 16 125
16 17 17 12
16 18 16 2
16 18 17 1
16 19 18 1
17 14 10 3
17 14 11 4
17 15 11 1
17 15 12 4
17 15 13 3
17 15 14 2
17 15 15 1
17 16 13 3
17 16 14 5
17 16 15 6
17 16 17 1
17 17 12 1
17 17 13 1
17 17 15 8
17 17 16 145
17 17 17 76
17 17 18 3
17 18 17 151
17 18 18 15
17 18 19 1
18 15 12 5
18 15 14 1
18 16 12 4
18 16 13 2
18 16 14 4
18 16 15 7
18 17 11 1
18 17 14 6
18 17 15 9
18 17 16 10
18 17 17 6
18 18 10 1
18 18 12 1
18 18 16 6
18 18 17 128
18 18 18 49
18 19 17 11
18 19 18 211
18 19 19 12
18 20 18 1
18 20 19 2
18 20 20 1
19 16 13 3
19 17 14 2
19 17 15 2
19 17 16 2
19 18 11 1
19 18 13 1
19 18 15 2
19 18 16 4
19 18 17 7
19 18 18 1
19 19 10 1
19 19 13 1
19 19 17 12
19 19 18 205
19 19 19 74
19 19 20 4
19 20 18 7
19 20 19 339
19 20 20 15
19 21 20 6
20 17 13 1
20 17 14 4
20 18 9 1
20 18 10 1
20 18 15 2
20 18 16 3
20 18 17 2
20 19 10 1
20 19 12 2
20 19 13 1
20 19 16 1
20 19 17 5
20 19 18 2
20 19 19 3
20 20 12 1
20 20 13 1
20 20 15 1
20 20 18 8
20 20 19 72
20 20 20 23
20 20 21 2
20 21 19 6
20 21 20 294
20 21 21 32
20 22 21 25
21 19 16 5
21 20 14 1
21 20 17 1
21 20 19 3
21 20 20 1
21 21 16 1
21 21 17 1
21 21 20 30
21 21 21 33
21 21 22 5
21 22 20 2
21 22 21 165
21 22 22 136
21 22 23 1
21 23 22 10
21 23 23 1
22 19 16 1
22 19 17 1
22 20 17 10
22 20 18 8
22 20 19 1
22 20 20 1
22 21 11 1
22 21 13 1
22 21 17 2
22 21 18 6
22 21 19 6
22 21 20 1
22 21 21 2
22 21 22 1
22 22 14 1
22 22 16 1
22 22 21 26
22 22 22 115
22 22 23 23
22 23 22 346
22 23 23 115
22 23 24 4
22 24 23 18
22 24 24 6
23 20 17 31
23 20 18 4
23 21 10 1
23 21 11 1
23 21 17 21
23 21 18 54
23 21 19 5
23 22 13 1
23 22 14 1
23 22 17 1
23 22 19 10
23 22 20 6
23 22 21 2
23 22 22 3
23 22 23 1
23 23 16 1
23 23 22 22
23 23 23 148
23 23 24 8
23 24 23 125
23 24 24 180
23 24 25 15
23 25 24 16
23 25 25 6
24 21 12 1
24 21 17 8
24 21 18 10
24 22 10 1
24 22 18 3
24 22 19 7
24 22 20 23
24 22 21 1
24 23 12 1
24 23 15 1
24 23 20 4
24 23 21 9
24 23 22 2
24 24 22 2
24 24 23 13
24 24 24 117
24 24 25 11
24 25 23 1
24 25 24 140
24 25 25 281
24 25 26 9
24 26 25 7
24 26 26 9
25 15 16 1
25 19 14 1
25 23 12 1
25 23 13 1
25 23 20 6
25 23 21 19
25 23 22 3
25 24 13 1
25 24 14 2
25 24 16 1
25 24 21 3
25 24 22 17
25 24 23 5
25 24 24 3
25 25 13 2
25 25 19 1
25 25 23 3
25 25 24 11
25 25 25 146
25 25 26 21
25 25 27 1
25 26 25 35
25 26 26 84
25 26 27 3
25 27 26 1
25 27 27 3
26 24 21 1
26 24 22 35
26 24 23 4
26 25 13 1
26 25 15 1
26 25 16 1
26 25 22 7
26 25 23 23
26 25 24 5
26 25 25 2
26 25 26 2
26 26 15 1
26 26 16 2
26 26 17 1
26 26 18 2
26 26 19 1
26 26 24 2
26 26 25 7
26 26 26 36
26 26 27 15
26 27 26 23
26 27 27 51
26 27 28 8
26 28 27 2
26 28 28 9
27 25 13 1
27 25 15 1
27 25 23 23
27 25 24 2
27 26 15 1
27 26 17 1
27 26 18 1
27 26 19 1
27 26 23 7
27 26 24 9
27 26 25 1
27 26 26 8
27 26 27 2
27 27 20 3
27 27 22 1
27 27 25 1
27 27 26 6
27 27 27 33
27 27 28 11
27 28 27 14
27 28 28 32
27 28 29 8
28 26 23 1
28 26 24 8
28 26 25 1
28 26 26 1
28 27 24 4
28 27 25 2
28 27 26 3
28 27 27 2
28 27 28 1
28 28 19 2
28 28 22 1
28 28 27 4
28 28 28 28
28 28 29 12
28 29 28 3
28 29 29 58
28 29 30 28
28 30 30 1
29 27 24 1
29 27 25 5
29 28 25 2
29 28 26 1
29 28 27 2
29 28 28 3
29 28 29 1
29 29 20 1
29 29 27 2
29 29 28 4
29 29 29 48
29 29 30 44
29 30 27 1
29 30 29 19
29 30 30 239
29 30 31 7
29 31 30 5
30 28 25 1
30 28 26 2
30 29 26 7
30 29 27 4
30 29 29 2
30 29 30 1
30 30 22 1
30 30 27 8
30 30 28 14
30 30 29 13
30 30 30 632
30 30 31 39
30 31 29 17
30 31 30 257
30 31 31 54
31 30 28 1
31 30 29 3
31 30 30 2
31 31 29 3
