32
0 0 0 7
0 1 0 2
1 1 0 23
1 1 1 6
1 2 1 63
1 2 2 3
2 2 1 36
2 2 2 62
2 3 1 1
2 3 2 127
2 3 3 2
2 8 12 2
3 2 2 4
3 3 2 108
3 3 3 52
3 4 3 151
3 4 4 6
3 5 4 2
3 7 11 1
3 8 11 2
3 10 14 1
3 10 15 1
3 11 15 2
3 11 16 1
4 3 2 1
4 3 3 1
4 4 2 1
4 4 3 32
4 4 4 88
4 4 5 1
4 5 3 1
4 5 4 144
4 5 5 7
4 6 3 2
4 6 4 4
4 6 5 21
4 6 6 1
4 7 6 1
4 7 8 1
4 8 10 1
4 8 11 1
4 10 14 1
4 11 15 1
4 12 16 1
5 4 2 1
5 4 3 1
5 4 4 4
5 4 5 1
5 5 3 1
5 5 4 17
5 5 5 25
5 5 6 3
5 6 3 1
5 6 4 6
5 6 5 40
5 6 6 14
5 7 5 2
5 7 6 6
5 7 8 1
5 8 11 2
5 10 12 1
5 10 13 2
5 10 14 1
5 11 13 1
5 11 15 1
5 12 14 1
5 12 15 1
6 4 2 2
6 4 3 2
6 5 3 1
6 5 4 2
6 5 5 4
6 5 6 3
6 6 5 29
6 6 6 15
6 6 7 1
6 7 5 5
6 7 6 20
6 7 7 1
6 8 5 1
6 8 7 3
6 9 10 1
6 9 12 1
6 11 14 1
6 11 15 1
7 4 2 4
7 4 3 2
7 5 2 9
7 5 3 12
7 5 4 7
7 6 4 3
7 6 5 1
7 7 5 4
7 7 6 29
7 7 7 16
7 7 8 1
7 8 6 12
7 8 7 17
7 8 8 3
7 8 9 1
7 8 11 1
7 9 8 3
7 9 12 1
7 10 6 1
7 10 7 1
7 10 13 1
7 11 13 1
7 11 15 1
7 12 15 2
7 13 16 1
8 4 2 4
8 5 2 78
8 5 3 53
8 5 4 2
8 6 3 18
8 6 4 48
8 6 5 3
8 7 5 5
8 7 6 1
8 7 8 1
8 8 6 4
8 8 7 47
8 8 8 12
8 8 9 3
8 9 7 6
8 9 8 21
8 9 9 4
8 10 8 1
8 10 9 1
8 10 10 2
8 11 13 1
8 14 17 1
9 4 6 1
9 5 3 4
9 5 6 2
9 5 7 1
9 6 3 19
9 6 4 5
9 7 4 3
9 7 5 7
9 7 6 1
9 8 5 1
9 8 6 4
9 8 7 4
9 8 8 4
9 8 9 1
9 9 7 5
9 9 8 62
9 9 9 11
9 9 10 2
9 10 8 9
9 10 9 36
9 10 10 5
9 10 11 1
9 11 9 1
9 11 10 3
9 11 11 3
10 4 6 1
10 5 6 1
10 5 7 1
10 6 3 3
10 6 4 1
10 6 7 4
10 7 3 2
10 7 4 23
10 7 5 3
10 7 8 1
10 8 5 3
10 8 6 8
10 8 7 1
10 8 8 1
10 9 7 3
10 9 8 6
10 9 9 1
10 9 10 3
10 10 8 1
10 10 9 67
10 10 10 11
10 10 11 2
10 11 9 15
10 11 10 32
10 11 11 3
10 12 9 1
10 12 10 1
10 12 11 4
10 13 11 1
11 6 7 5
11 7 4 8
11 7 8 3
11 8 4 3
11 8 5 3
11 8 6 2
11 8 8 1
11 8 9 1
11 9 5 1
11 9 6 3
11 9 7 5
11 9 8 3
11 9 10 2
11 10 8 7
11 10 9 6
11 10 10 2
11 10 11 1
11 11 9 5
11 11 10 85
11 11 11 27
11 11 12 1
11 12 10 11
11 12 11 29
11 12 12 6
11 13 11 1
11 13 12 2
12 5 7 1
12 5 8 3
12 7 8 1
12 9 5 3
12 9 6 5
12 9 7 1
12 9 10 1
12 9 11 2
12 10 6 5
12 10 7 3
12 10 8 4
12 10 9 1
12 11 8 1
12 11 9 2
12 11 10 16
12 11 11 6
12 12 10 2
12 12 11 66
12 12 12 22
12 12 13 2
12 12 14 1
12 13 11 15
12 13 12 39
12 13 13 5
12 14 11 1
12 14 13 2
13 5 8 1
13 6 9 1
13 7 8 1
13 8 9 1
13 9 10 1
13 10 6 12
13 10 7 23
13 10 11 1
13 11 7 13
13 11 8 4
13 11 9 2
13 11 11 1
13 11 12 1
13 12 9 2
13 12 10 6
13 12 11 13
13 12 12 9
13 12 14 1
13 13 11 3
13 13 12 99
13 13 13 76
13 13 14 1
13 14 12 5
13 14 13 46
13 14 14 10
13 15 13 4
13 15 14 1
14 5 8 1
14 9 9 1
14 10 11 1
14 11 7 11
14 11 8 24
14 11 9 1
14 12 8 11
14 12 9 2
14 12 10 1
14 12 11 1
14 12 12 1
14 13 8 1
14 13 10 1
14 13 11 1
14 13 12 16
14 13 13 12
14 13 14 1
14 14 9 1
14 14 12 4
14 14 13 130
14 14 14 55
14 14 15 3
14 15 13 7
14 15 14 50
14 15 15 6
14 16 14 1
14 16 15 1
15 5 8 1
15 11 8 1
15 12 8 28
15 12 9 22
15 13 9 8
15 13 10 6
15 13 11 1
15 13 12 6
15 13 13 1
15 13 14 2
15 14 11 3
15 14 12 6
15 14 13 4
15 14 14 7
15 14 15 1
15 15 8 1
15 15 13 5
15 15 14 133
15 15 15 42
15 15 16 2
15 16 14 16
15 16 15 107
15 16 16 11
15 17 15 1
15 17 16 4
15 17 17 2
16 13 9 2
16 13 10 5
16 13 11 1
16 13 12 1
16 14 10 2
16 14 11 3
16 14 12 5
16 14 13 3
16 14 14 2
16 15 11 1
16 15 12 3
16 15 13 12
16 15 14 35
16 15 15 5
16 16 14 47
16 16 15 160
16 16 16 41
16 16 17 3
16 17 15 13
16 17 16 135
16 17 17 11
16 18 17 6
16 18 20 1
17 14 10 1
17 14 11 1
17 14 13 1
17 15 12 4
17 15 13 1
17 15 14 5
17 15 15 1
17 16 14 9
17 16 15 14
17 16 16 2
17 16 18 1
17 17 13 1
17 17 15 10
17 17 16 150
17 17 17 59
17 17 18 2
17 18 16 4
17 18 17 115
17 18 18 8
17 19 18 5
18 15 12 4
18 15 15 1
18 16 12 3
18 16 13 2
18 16 14 3
18 16 15 1
18 16 16 1
18 17 12 2
18 17 14 4
18 17 15 7
18 17 16 7
18 17 17 3
18 18 12 1
18 18 16 7
18 18 17 118
18 18 18 49
18 18 19 1
18 19 17 15
18 19 18 174
18 19 19 11
18 20 19 1
18 21 20 1
19 16 13 3
19 17 14 1
19 17 15 2
19 18 10 1
19 18 11 1
19 18 15 1
19 18 16 3
19 18 17 9
19 18 18 4
19 18 19 1
19 19 11 1
19 19 16 1
19 19 17 14
19 19 18 213
19 19 19 48
19 19 20 2
19 20 18 5
19 20 19 300
19 20 20 15
19 21 19 4
19 21 20 2
20 17 18 1
20 18 15 3
20 18 16 4
20 19 10 1
20 19 13 1
20 19 14 2
20 19 16 1
20 19 17 3
20 19 18 1
20 19 20 2
20 20 13 1
20 20 15 1
20 20 17 1
20 20 18 5
20 20 19 68
20 20 20 25
20 20 21 5
20 21 19 9
20 21 20 270
20 21 21 25
20 22 21 18
20 22 22 2
20 23 22 1
21 18 15 1
21 18 16 2
21 18 18 1
21 19 15 1
21 19 16 3
21 19 17 2
21 19 18 1
21 20 13 1
21 20 17 2
21 20 18 2
21 20 19 1
21 20 20 5
21 21 12 1
21 21 13 1
21 21 19 1
21 21 20 27
21 21 21 34
21 21 22 8
21 22 20 2
21 22 21 154
21 22 22 125
21 22 23 5
21 23 22 9
21 23 23 3
22 19 16 1
22 20 13 1
22 20 17 1
22 20 18 4
22 21 13 1
22 21 18 7
22 21 19 8
22 21 20 3
22 21 21 2
22 22 20 2
22 22 21 30
22 22 22 115
22 22 23 12
22 23 22 380
22 23 23 138
22 23 24 8
22 24 23 16
22 24 24 8
23 20 16 1
23 20 17 9
23 20 18 5
23 21 17 15
23 21 18 65
23 21 19 12
23 21 21 1
23 22 19 9
23 22 20 4
23 22 21 3
23 22 22 4
23 22 23 1
23 23 21 2
23 23 22 34
23 23 23 185
23 23 24 16
23 24 23 112
23 24 24 186
23 24 25 16
23 25 24 12
23 25 25 7
24 21 17 9
24 21 18 24
24 22 11 1
24 22 19 8
24 22 20 24
24 22 21 2
24 23 15 1
24 23 20 11
24 23 21 4
24 23 22 4
24 23 23 3
24 23 24 2
24 24 21 1
24 24 22 2
24 24 23 9
24 24 24 122
24 24 25 12
24 25 23 1
24 25 24 107
24 25 25 316
24 25 26 20
24 26 25 11
24 26 26 9
25 22 20 1
25 23 13 2
25 23 20 5
25 23 21 24
25 23 22 4
25 24 13 1
25 24 14 1
25 24 16 2
25 24 21 3
25 24 22 19
25 24 23 7
25 24 24 3
25 24 25 1
25 25 19 1
25 25 21 1
25 25 24 14
25 25 25 126
25 25 26 18
25 26 25 35
25 26 26 92
25 26 27 6
25 27 26 2
25 27 27 5
26 24 22 38
26 24 23 6
26 25 15 1
26 25 22 7
26 25 23 26
26 25 24 10
26 25 26 1
26 26 14 1
26 26 15 1
26 26 16 1
26 26 17 2
26 26 18 1
26 26 25 5
26 26 26 48
26 26 27 22
26 27 26 14
26 27 27 59
26 27 28 13
26 28 28 9
27 25 23 23
27 25 24 4
27 26 15 1
27 26 17 1
27 26 18 2
27 26 23 5
27 26 24 9
27 26 25 5
27 26 26 3
27 26 27 1
27 27 26 7
27 27 27 27
27 27 28 9
27 28 27 5
27 28 28 34
27 28 29 8
27 29 29 1
28 26 23 1
28 26 24 14
28 26 26 1
28 27 19 1
28 27 22 2
28 27 25 5
28 27 26 1
28 27 27 8
28 28 24 2
28 28 27 7
28 28 28 17
28 28 29 15
28 29 28 9
28 29 29 64
28 29 30 18
28 30 30 3
29 27 24 3
29 27 25 7
29 28 19 1
29 28 25 2
29 28 26 3
29 29 20 1
29 29 27 3
29 29 28 7
29 29 29 43
29 29 30 52
29 30 29 18
29 30 30 222
29 30 31 5
29 31 30 4
30 28 26 1
30 29 26 4
30 29 27 3
30 29 28 1
30 29 29 2
30 29 30 1
30 30 22 1
30 30 27 6
30 30 28 13
30 30 29 23
30 30 30 668
30 30 31 38
30 31 29 4
30 31 30 246
30 31 31 42
31 30 28 2
31 30 29 3
31 30 30 1
31 31 29 1
