32
0 0 0 7
0 1 0 1
0 1 1 1
1 0 0 1
1 1 0 9
1 1 1 12
1 2 1 76
1 2 2 1
2 2 1 56
2 2 2 47
2 2 3 1
2 3 2 138
2 3 3 4
2 4 3 1
2 8 12 1
2 10 15 1
3 2 2 7
3 3 1 1
3 3 2 95
3 3 3 52
3 3 4 1
3 4 2 1
3 4 3 144
3 4 4 8
3 5 4 3
3 7 11 1
3 8 11 1
3 11 15 2
3 11 16 3
4 3 1 1
4 3 2 1
4 3 3 2
4 3 4 2
4 4 2 1
4 4 3 31
4 4 4 94
4 4 5 1
4 5 3 3
4 5 4 138
4 5 5 8
4 6 3 4
4 6 4 8
4 6 5 16
4 6 6 1
4 6 7 1
4 8 10 1
4 11 15 1
5 4 2 3
5 4 5 2
5 5 4 15
5 5 5 16
5 5 6 1
5 6 4 7
5 6 5 55
5 6 6 20
5 7 4 2
5 7 6 4
5 7 8 1
5 8 8 1
5 8 9 2
5 9 11 1
5 9 12 1
5 10 12 1
5 10 13 2
5 10 14 1
5 11 13 1
5 11 14 2
5 11 15 2
5 12 15 1
5 12 16 1
6 4 3 2
6 5 2 1
6 5 3 1
6 5 4 1
6 5 5 2
6 5 6 3
6 6 5 21
6 6 6 17
6 6 7 1
6 7 5 8
6 7 6 17
6 7 7 1
6 7 8 1
6 8 5 1
6 8 7 2
6 9 12 1
6 10 13 1
6 11 14 2
6 11 15 1
6 12 14 1
6 12 16 1
7 4 2 1
7 5 2 8
7 5 3 12
7 5 4 4
7 6 3 1
7 6 4 1
7 6 5 2
7 6 6 2
7 6 7 1
7 7 5 2
7 7 6 26
7 7 7 16
7 8 6 10
7 8 7 14
7 8 8 6
7 8 11 1
7 9 6 1
7 9 8 2
7 10 10 1
7 11 14 2
7 11 15 1
8 4 2 2
8 5 2 65
8 5 3 65
8 5 4 1
8 6 3 7
8 6 4 63
8 6 5 2
8 7 4 3
8 7 5 9
8 7 6 3
8 7 7 2
8 7 8 1
8 8 6 6
8 8 7 48
8 8 8 17
8 8 9 1
8 8 10 1
8 9 7 5
8 9 8 31
8 9 9 2
8 10 7 1
8 10 9 1
8 10 10 3
8 11 15 1
9 4 5 1
9 4 6 1
9 5 3 9
9 6 3 17
9 6 4 5
9 7 4 5
9 7 5 11
9 7 6 3
9 8 5 1
9 8 6 3
9 8 7 4
9 8 8 2
9 8 9 1
9 9 7 7
9 9 8 59
9 9 9 9
9 9 10 1
9 10 8 8
9 10 9 26
9 10 10 3
9 11 9 2
9 11 10 5
9 11 12 1
10 4 6 2
10 5 6 1
10 5 7 3
10 6 3 2
10 6 4 1
10 6 7 2
10 6 8 1
10 7 3 5
10 7 4 23
10 7 5 3
10 8 5 3
10 8 6 2
10 8 7 2
10 9 6 1
10 9 7 2
10 9 8 4
10 9 10 4
10 10 8 3
10 10 9 58
10 10 10 14
10 10 11 2
10 11 9 12
10 11 10 35
10 11 11 3
10 12 10 1
10 12 11 3
11 6 7 4
11 6 8 1
11 7 4 6
11 7 8 4
11 8 4 3
11 8 5 3
11 8 6 1
11 8 9 1
11 9 5 2
11 9 6 2
11 9 7 3
11 9 8 4
11 9 9 2
11 9 10 1
11 10 7 1
11 10 8 3
11 10 9 6
11 10 10 1
11 10 11 3
11 11 9 12
11 11 10 70
11 11 11 20
11 11 12 1
11 12 10 11
11 12 11 31
11 12 12 6
11 13 10 1
11 13 12 5
11 13 13 1
12 4 7 1
12 5 7 1
12 5 8 2
12 6 8 1
12 7 9 1
12 8 5 1
12 8 10 1
12 9 5 3
12 9 6 6
12 9 7 2
12 9 11 2
12 10 6 2
12 10 7 6
12 10 8 6
12 10 9 2
12 10 10 3
12 11 9 1
12 11 10 10
12 11 11 3
12 12 10 9
12 12 11 84
12 12 12 27
12 13 11 17
12 13 12 40
12 13 13 5
12 14 13 4
12 16 18 1
13 4 8 1
13 5 8 1
13 6 8 2
13 9 10 1
13 10 6 13
13 10 7 26
13 11 7 16
13 11 8 2
13 11 9 4
13 11 11 2
13 12 10 4
13 12 11 12
13 12 12 7
13 12 13 1
13 12 14 1
13 13 10 2
13 13 11 7
13 13 12 103
13 13 13 64
13 13 14 4
13 14 12 8
13 14 13 42
13 14 14 8
13 15 13 2
13 15 14 2
14 6 9 1
14 11 7 9
14 11 8 23
14 11 9 2
14 12 8 6
14 12 9 3
14 12 10 3
14 12 11 1
14 12 12 1
14 12 13 1
14 13 11 3
14 13 12 7
14 13 13 14
14 14 8 1
14 14 12 7
14 14 13 137
14 14 14 56
14 14 15 3
14 15 13 10
14 15 14 55
14 15 15 7
14 16 14 1
14 16 15 2
14 16 16 1
14 17 15 1
15 11 8 1
15 12 8 34
15 12 9 16
15 13 9 4
15 13 10 6
15 13 11 6
15 13 12 3
15 13 13 4
15 13 14 1
15 14 11 4
15 14 12 2
15 14 13 19
15 14 14 6
15 15 11 2
15 15 13 10
15 15 14 127
15 15 15 38
15 15 16 2
15 16 14 22
15 16 15 98
15 16 16 4
15 17 16 1
16 12 9 2
16 13 9 2
16 13 10 9
16 13 13 1
16 14 10 2
16 14 11 5
16 14 12 4
16 14 13 6
16 14 14 2
16 15 12 4
16 15 13 11
16 15 14 42
16 15 15 7
16 15 16 2
16 15 17 1
16 16 11 1
16 16 13 1
16 16 14 46
16 16 15 173
16 16 16 23
16 16 17 2
16 17 15 17
16 17 16 119
16 17 17 7
16 18 17 1
17 14 11 1
17 15 11 2
17 15 12 4
17 15 13 7
17 15 14 3
17 15 15 3
17 16 13 5
17 16 14 9
17 16 15 5
17 16 16 2
17 16 17 1
17 17 11 1
17 17 12 1
17 17 13 1
17 17 14 1
17 17 15 14
17 17 16 169
17 17 17 70
17 17 18 3
17 18 16 4
17 18 17 124
17 18 18 8
17 19 17 1
17 19 18 3
18 15 12 2
18 16 12 1
18 16 13 3
18 17 14 2
18 17 15 8
18 17 16 6
18 17 17 3
18 17 18 1
18 18 16 9
18 18 17 145
18 18 18 48
18 18 19 4
18 19 17 10
18 19 18 172
18 19 19 10
18 19 20 1
18 20 18 1
18 20 19 1
19 17 13 1
19 17 14 2
19 17 15 6
19 17 16 3
19 17 17 2
19 18 10 1
19 18 12 1
19 18 15 1
19 18 16 3
19 18 17 7
19 18 18 9
19 18 19 1
19 19 13 1
19 19 15 1
19 19 17 12
19 19 18 230
19 19 19 68
19 19 20 3
19 20 18 15
19 20 19 306
19 20 20 16
19 20 21 1
19 21 19 1
19 21 20 7
20 17 14 1
20 17 15 1
20 18 15 1
20 18 16 2
20 18 17 1
20 18 19 1
20 19 10 1
20 19 12 1
20 19 17 6
20 19 18 3
20 19 19 1
20 19 20 2
20 20 10 1
20 20 13 1
20 20 18 7
20 20 19 76
20 20 20 30
20 20 21 1
20 21 19 6
20 21 20 267
20 21 21 34
20 22 21 14
20 22 22 1
21 19 11 1
21 19 16 4
21 19 17 3
21 19 18 2
21 20 11 1
21 20 14 1
21 20 16 1
21 20 17 1
21 20 18 2
21 20 19 3
21 20 20 3
21 20 21 1
21 21 14 1
21 21 18 1
21 21 20 35
21 21 21 31
21 21 22 8
21 22 20 3
21 22 21 155
21 22 22 114
21 23 22 9
21 23 23 1
22 19 18 1
22 20 17 2
22 20 18 6
22 20 19 1
22 21 13 1
22 21 14 1
22 21 18 10
22 21 19 7
22 21 20 4
22 21 21 4
22 22 14 1
22 22 19 1
22 22 20 6
22 22 21 32
22 22 22 116
22 22 23 14
22 22 24 1
22 23 22 324
22 23 23 156
22 23 24 5
22 24 23 15
22 24 24 6
23 20 17 10
23 20 18 4
23 21 17 15
23 21 18 58
23 21 19 21
23 21 20 2
23 22 14 1
23 22 19 8
23 22 20 5
23 22 21 2
23 22 22 4
23 23 14 1
23 23 17 1
23 23 22 30
23 23 23 167
23 23 24 9
23 24 22 1
23 24 23 119
23 24 24 183
23 24 25 14
23 25 24 12
23 25 25 12
24 21 17 11
24 21 18 30
24 21 19 3
24 22 11 1
24 22 12 1
24 22 18 1
24 22 19 8
24 22 20 19
24 22 21 1
24 22 23 1
24 23 12 1
24 23 13 1
24 23 15 1
24 23 17 1
24 23 20 6
24 23 21 7
24 23 22 1
24 23 23 3
24 23 24 2
24 24 22 1
24 24 23 6
24 24 24 118
24 24 25 12
24 25 24 96
24 25 25 302
24 25 26 22
24 26 25 8
24 26 26 4
25 22 20 1
25 23 13 1
25 23 20 6
25 23 21 23
25 23 22 3
25 24 13 1
25 24 15 1
25 24 17 1
25 24 21 3
25 24 22 14
25 24 23 7
25 24 24 2
25 24 25 1
25 25 23 6
25 25 24 16
25 25 25 161
25 25 26 17
25 26 24 1
25 26 25 33
25 26 26 96
25 26 27 6
25 27 26 1
25 27 27 4
26 24 22 37
26 24 23 2
26 24 24 1
26 25 15 2
26 25 17 1
26 25 22 3
26 25 23 31
26 25 24 8
26 25 25 2
26 25 26 1
26 26 15 2
26 26 16 1
26 26 17 1
26 26 20 1
26 26 24 1
26 26 25 6
26 26 26 55
26 26 27 17
26 27 26 13
26 27 27 54
26 27 28 14
26 28 28 11
27 25 22 1
27 25 23 22
27 25 24 6
27 26 15 3
27 26 17 2
27 26 22 1
27 26 23 2
27 26 24 12
27 26 25 1
27 26 26 4
27 27 20 1
27 27 25 1
27 27 26 2
27 27 27 36
27 27 28 12
27 28 27 7
27 28 28 34
27 28 29 7
27 29 28 1
27 29 29 3
28 26 23 2
28 26 24 8
28 26 25 1
28 26 26 1
28 27 22 1
28 27 24 1
28 27 25 4
28 27 26 3
28 27 27 4
28 28 26 1
28 28 27 5
28 28 28 18
28 28 29 13
28 29 27 1
28 29 28 7
28 29 29 50
28 29 30 28
28 30 29 1
29 27 25 5
29 28 20 1
29 28 25 2
29 28 26 2
29 28 27 1
29 28 28 3
29 29 21 2
29 29 25 2
29 29 27 1
29 29 28 3
29 29 29 54
29 29 30 35
29 30 29 19
29 30 30 253
29 30 31 4
29 31 30 2
30 28 25 1
30 28 26 5
30 29 25 1
30 29 26 1
30 29 27 4
30 29 29 1
30 29 30 1
30 30 23 1
30 30 27 8
30 30 28 12
30 30 29 20
30 30 30 677
30 30 31 40
30 31 28 1
30 31 29 11
30 31 30 262
30 31 31 34
31 30 28 1
31 30 29 1
31 30 30 2
31 30 31 1
31 31 29 3
