32
0 0 0 3
0 0 1 2
1 0 0 2
1 1 0 3
1 1 1 5
1 1 2 1
1 2 0 1
1 2 1 25
2 1 0 3
2 2 0 4
2 2 1 28
2 2 2 13
2 3 1 3
2 3 2 111
2 4 5 2
3 2 0 2
3 2 1 7
3 2 2 4
3 3 1 3
3 3 2 159
3 3 3 46
3 4 2 8
3 4 3 117
3 4 4 4
3 5 4 2
3 5 6 2
3 10 15 2
3 12 18 1
4 3 1 1
4 3 3 2
4 4 2 1
4 4 3 43
4 4 4 68
4 5 3 6
4 5 4 181
4 5 5 14
4 5 6 2
4 6 4 6
4 6 5 12
4 6 6 2
4 11 16 2
4 11 17 1
4 12 17 1
5 3 2 1
5 4 4 7
5 4 5 1
5 5 3 1
5 5 4 23
5 5 5 18
5 5 6 2
5 6 4 1
5 6 5 38
5 6 6 9
5 7 6 1
5 9 13 1
5 10 14 2
6 5 4 2
6 5 5 4
6 5 6 1
6 6 4 7
6 6 5 5
6 6 6 9
6 6 7 1
6 7 5 1
6 7 6 5
6 7 7 5
6 8 4 1
6 8 7 2
6 8 10 1
6 10 11 1
6 10 13 1
6 10 14 2
6 11 15 2
6 12 17 1
6 13 17 1
7 6 4 1
7 6 5 1
7 6 6 3
7 6 7 1
7 7 4 1
7 7 5 6
7 7 6 6
7 7 7 9
7 7 8 1
7 8 6 2
7 8 7 3
7 8 8 2
7 9 4 1
7 9 6 1
7 9 9 1
7 10 9 1
7 10 12 1
7 10 13 2
7 10 14 1
7 11 15 1
7 12 15 2
7 12 16 1
7 13 17 1
8 6 2 1
8 6 3 1
8 7 4 1
8 7 5 5
8 7 6 1
8 7 7 1
8 8 5 6
8 8 6 15
8 8 7 13
8 8 8 10
8 8 9 4
8 9 6 1
8 9 8 7
8 9 9 3
8 10 8 1
8 10 9 2
8 10 11 1
8 11 7 2
8 11 13 1
8 12 15 1
9 6 3 1
9 7 4 1
9 8 5 1
9 8 6 7
9 8 7 7
9 8 8 5
9 8 10 1
9 9 6 1
9 9 7 12
9 9 8 10
9 9 9 4
9 9 10 2
9 10 6 3
9 10 7 1
9 10 10 5
9 10 11 1
9 11 6 1
9 11 10 4
9 11 12 3
9 11 13 1
9 11 15 1
9 12 14 1
9 13 17 1
9 15 19 1
10 7 4 1
10 8 4 2
10 8 6 1
10 9 7 1
10 9 8 6
10 9 9 1
10 9 10 1
10 10 7 1
10 10 8 6
10 10 9 6
10 10 10 8
10 11 6 2
10 11 9 2
10 11 10 5
10 11 13 1
10 12 8 1
10 12 11 1
10 13 14 1
10 13 16 2
11 6 7 1
11 7 8 1
11 8 3 1
11 9 4 1
11 9 5 1
11 9 7 3
11 10 8 12
11 10 9 7
11 10 10 1
11 10 12 1
11 10 13 1
11 11 8 4
11 11 9 9
11 11 10 14
11 11 11 7
11 11 12 2
11 12 10 1
11 12 11 10
11 12 12 3
11 12 13 1
11 13 10 2
11 13 11 1
11 13 12 1
11 14 15 1
12 6 7 1
12 9 4 2
12 9 5 2
12 10 6 2
12 10 7 1
12 10 8 1
12 10 9 2
12 10 10 2
12 11 8 1
12 11 9 7
12 11 10 6
12 11 11 1
12 11 12 1
12 12 10 9
12 12 11 14
12 12 12 9
12 12 13 1
12 13 11 2
12 13 12 16
12 13 13 5
12 13 15 1
12 14 13 3
12 14 15 1
12 14 16 3
13 8 9 4
13 9 4 2
13 9 9 2
13 9 11 1
13 10 5 4
13 10 10 2
13 11 7 2
13 11 8 3
13 11 9 3
13 11 10 2
13 11 11 1
13 12 9 1
13 12 10 18
13 12 11 7
13 12 12 7
13 12 13 2
13 12 14 2
13 13 10 4
13 13 11 17
13 13 12 29
13 13 13 28
13 13 14 1
13 14 11 2
13 14 12 5
13 14 13 16
13 14 14 5
13 15 14 3
13 15 15 1
13 15 16 2
13 16 18 1
14 7 8 1
14 7 9 1
14 8 9 1
14 9 10 3
14 9 11 1
14 10 5 1
14 10 6 1
14 10 9 1
14 10 10 5
14 11 5 1
14 11 6 5
14 11 7 9
14 11 10 4
14 11 11 1
14 12 7 1
14 12 9 7
14 12 11 1
14 12 12 3
14 12 13 1
14 12 15 1
14 13 10 1
14 13 11 19
14 13 12 15
14 13 13 10
14 13 14 2
14 14 11 4
14 14 12 13
14 14 13 26
14 14 14 16
14 14 15 4
14 14 16 1
14 15 13 2
14 15 14 9
14 15 15 5
14 15 16 1
14 16 13 1
14 16 15 1
14 16 16 1
14 16 18 2
14 16 19 1
15 9 10 1
15 10 4 47
15 10 5 3
15 10 6 1
15 11 4 1
15 11 5 2
15 11 6 16
15 11 7 13
15 12 6 6
15 12 7 32
15 12 8 72
15 12 9 18
15 12 10 1
15 12 11 1
15 12 13 1
15 12 14 1
15 13 8 4
15 13 9 11
15 13 10 7
15 13 11 6
15 13 12 58
15 13 13 4
15 13 14 2
15 14 10 1
15 14 11 4
15 14 12 43
15 14 13 32
15 14 14 5
15 15 12 2
15 15 13 17
15 15 14 30
15 15 15 16
15 15 16 1
15 15 17 1
15 16 13 1
15 16 15 11
15 16 16 4
15 16 17 2
15 17 16 1
15 17 17 1
15 17 18 1
15 17 19 1
15 17 20 1
15 18 21 1
16 7 9 1
16 7 10 1
16 8 10 1
16 10 4 74
16 11 4 74
16 11 5 10
16 11 6 3
16 12 5 5
16 12 6 49
16 12 7 25
16 12 8 5
16 12 9 3
16 13 7 2
16 13 8 4
16 13 9 11
16 13 10 4
16 13 11 1
16 14 9 1
16 14 10 3
16 14 11 5
16 14 12 16
16 14 13 15
16 14 14 1
16 15 12 1
16 15 13 15
16 15 14 7
16 15 15 11
16 15 16 2
16 16 13 3
16 16 14 12
16 16 15 42
16 16 16 9
16 16 17 1
16 16 18 1
16 17 14 2
16 17 15 2
16 17 16 26
16 17 17 3
16 17 19 1
16 18 17 2
16 18 18 1
16 18 19 1
16 18 20 1
16 19 21 1
17 8 11 1
17 11 4 13
17 11 5 1
17 12 4 2
17 12 5 16
17 12 6 5
17 12 7 7
17 13 6 2
17 13 7 3
17 13 8 5
17 13 9 1
17 13 13 1
17 14 8 1
17 14 9 1
17 14 10 2
17 14 11 6
17 14 14 1
17 15 11 4
17 15 12 10
17 15 13 3
17 15 14 2
17 15 15 1
17 15 16 3
17 15 17 1
17 16 7 1
17 16 12 1
17 16 13 5
17 16 14 13
17 16 15 25
17 16 16 7
17 16 17 5
17 16 18 1
17 17 14 11
17 17 15 24
17 17 16 33
17 17 17 11
17 17 18 1
17 18 15 1
17 18 16 1
17 18 17 19
17 18 18 9
17 18 19 3
17 18 20 1
17 19 17 1
17 19 18 1
17 19 21 2
17 19 22 1
18 14 8 2
18 14 9 3
18 14 10 1
18 15 11 4
18 15 12 2
18 15 13 1
18 16 11 1
18 16 12 3
18 16 13 5
18 16 14 2
18 16 15 1
18 17 12 1
18 17 14 2
18 17 15 21
18 17 16 18
18 17 17 5
18 17 18 3
18 18 14 1
18 18 15 5
18 18 16 26
18 18 17 18
18 18 18 16
18 18 19 3
18 18 20 1
18 19 17 1
18 19 18 12
18 19 19 7
18 19 20 1
18 20 20 1
18 20 22 1
18 21 23 4
19 7 10 1
19 8 11 1
19 9 12 1
19 15 10 1
19 15 11 4
19 16 11 4
19 16 12 5
19 16 14 1
19 16 15 1
19 17 13 3
19 17 14 1
19 17 15 3
19 17 16 3
19 17 17 1
19 18 10 1
19 18 12 1
19 18 15 3
19 18 16 14
19 18 17 16
19 18 18 1
19 18 19 3
19 18 20 1
19 19 16 14
19 19 17 20
19 19 18 16
19 19 19 8
19 19 20 5
19 20 17 1
19 20 18 2
19 20 19 20
19 20 20 7
19 20 21 1
19 21 20 2
19 21 21 1
19 22 24 2
19 22 25 1
20 16 16 1
20 17 9 1
20 17 12 1
20 17 13 2
20 17 14 5
20 17 15 1
20 17 16 1
20 18 14 7
20 18 15 8
20 18 16 4
20 18 17 4
20 18 18 1
20 19 13 2
20 19 16 8
20 19 17 31
20 19 18 8
20 19 19 4
20 19 20 1
20 19 21 1
20 20 17 18
20 20 18 9
20 20 19 14
20 20 20 9
20 20 21 3
20 21 17 1
20 21 19 4
20 21 20 17
20 21 21 14
20 21 22 1
20 21 23 2
20 22 21 3
20 22 22 1
20 23 26 1
21 17 13 1
21 17 14 1
21 18 14 1
21 18 15 3
21 19 8 2
21 19 11 1
21 19 12 1
21 19 16 11
21 19 17 8
21 19 19 1
21 19 20 1
21 20 13 1
21 20 14 1
21 20 16 3
21 20 17 13
21 20 18 34
21 20 19 5
21 20 20 1
21 20 21 1
21 21 13 1
21 21 16 1
21 21 17 1
21 21 18 26
21 21 19 14
21 21 20 7
21 21 21 7
21 21 22 4
21 22 20 2
21 22 21 20
21 22 22 23
21 22 23 6
21 22 24 2
21 23 25 3
21 23 26 1
21 24 23 1
21 24 26 1
21 24 27 2
21 25 27 1
22 19 16 3
22 19 17 1
22 20 9 2
22 20 11 1
22 20 16 3
22 20 17 12
22 20 18 2
22 20 19 2
22 20 20 1
22 21 11 3
22 21 12 2
22 21 14 1
22 21 18 39
22 21 19 53
22 21 20 12
22 21 21 7
22 21 22 1
22 22 18 1
22 22 19 23
22 22 20 32
22 22 21 28
22 22 22 26
22 22 23 2
22 22 24 1
22 23 21 1
22 23 22 28
22 23 23 25
22 23 24 8
22 23 25 1
22 23 26 2
22 24 23 4
22 24 24 1
22 24 25 2
22 24 26 2
22 24 27 4
22 25 27 7
22 25 28 21
22 26 28 6
23 21 9 1
23 21 18 14
23 21 19 9
23 21 20 1
23 21 23 1
23 22 11 1
23 22 12 1
23 22 13 1
23 22 16 1
23 22 19 10
23 22 20 24
23 22 21 16
23 22 22 2
23 22 23 2
23 23 14 1
23 23 15 1
23 23 20 3
23 23 21 39
23 23 22 60
23 23 23 68
23 23 24 8
23 23 25 1
23 23 27 1
23 24 22 5
23 24 23 127
23 24 24 103
23 24 25 26
23 24 26 4
23 25 24 13
23 25 25 36
23 25 26 4
23 25 27 20
23 25 28 62
23 26 28 28
23 26 29 40
23 27 29 35
24 18 13 1
24 21 12 1
24 22 12 1
24 22 19 16
24 22 20 17
24 22 21 2
24 22 22 2
24 23 11 2
24 23 14 2
24 23 20 10
24 23 21 88
24 23 22 25
24 23 23 1
24 23 24 1
24 24 12 1
24 24 13 1
24 24 20 3
24 24 21 10
24 24 22 65
24 24 23 144
24 24 24 90
24 24 25 20
24 24 26 1
24 25 23 4
24 25 24 81
24 25 25 118
24 25 26 45
24 25 27 22
24 25 28 3
24 26 25 2
24 26 26 19
24 26 27 14
24 26 28 76
24 26 29 21
24 26 30 1
24 27 26 1
24 27 29 12
24 27 30 4
25 19 19 1
25 21 20 1
25 22 22 1
25 23 11 2
25 23 12 1
25 23 20 3
25 23 21 28
25 23 22 23
25 24 12 1
25 24 13 3
25 24 15 1
25 24 16 1
25 24 19 1
25 24 21 21
25 24 22 268
25 24 23 77
25 24 24 8
25 25 17 1
25 25 20 1
25 25 22 22
25 25 23 134
25 25 24 244
25 25 25 118
25 25 26 4
25 25 27 1
25 26 24 1
25 26 25 138
25 26 26 47
25 26 27 24
25 26 28 71
25 26 29 1
25 27 27 27
25 27 28 136
25 27 29 66
25 27 30 4
25 28 30 1
26 17 17 1
26 21 19 1
26 21 21 1
26 24 13 2
26 24 22 39
26 24 23 14
26 24 24 1
26 25 14 1
26 25 15 1
26 25 16 1
26 25 17 1
26 25 22 28
26 25 23 223
26 25 24 150
26 25 25 7
26 25 26 2
26 26 15 1
26 26 16 2
26 26 18 2
26 26 19 2
26 26 23 18
26 26 24 224
26 26 25 334
26 26 26 112
26 26 27 6
26 26 28 1
26 27 25 2
26 27 26 17
26 27 27 47
26 27 28 6
26 27 29 7
26 27 30 1
26 28 28 7
26 28 29 4
27 25 23 11
27 26 19 1
27 26 22 1
27 26 23 1
27 26 24 103
27 26 25 62
27 26 26 9
27 26 27 1
27 26 28 1
27 27 22 1
27 27 23 1
27 27 24 2
27 27 25 192
27 27 26 47
27 27 27 18
27 27 28 10
27 27 29 1
27 28 27 4
27 28 28 22
27 28 29 6
27 29 29 10
28 26 24 1
28 26 25 1
28 27 25 58
28 27 26 115
28 27 27 9
28 27 28 1
28 28 19 1
28 28 23 1
28 28 24 1
28 28 25 1
28 28 26 265
28 28 27 44
28 28 28 19
28 28 29 33
28 29 25 1
28 29 27 1
28 29 28 2
28 29 29 123
28 29 30 46
28 30 30 28
29 27 25 5
29 28 20 1
29 28 22 1
29 28 25 1
29 28 26 21
29 28 27 76
29 28 28 2
29 29 21 1
29 29 26 3
29 29 27 69
29 29 28 22
29 29 29 12
29 29 30 11
29 30 29 1
29 30 30 37
29 30 31 2
29 31 30 2
29 31 31 16
30 29 26 1
30 29 27 10
30 29 28 29
30 29 29 1
30 29 30 1
30 30 27 2
30 30 28 15
30 30 29 16
30 30 30 250
30 30 31 12
30 31 29 15
30 31 30 74
30 31 31 4
31 30 28 1
31 30 29 2
31 30 30 6
31 30 31 1
31 31 28 3
31 31 29 2
