32
0 0 0 7
0 1 0 2
0 1 1 1
1 1 0 17
1 1 1 4
1 1 2 1
1 2 0 1
1 2 1 71
1 2 2 1
1 3 1 1
2 1 1 1
2 2 1 43
2 2 2 51
2 3 1 1
2 3 2 131
2 3 3 2
2 4 3 1
2 8 12 1
2 8 13 2
2 11 17 1
3 2 2 3
3 3 2 103
3 3 3 56
3 3 4 2
3 4 2 1
3 4 3 155
3 4 4 3
3 5 4 2
3 8 11 1
3 8 12 1
3 10 15 1
3 11 16 3
4 2 2 1
4 3 2 2
4 3 3 2
4 4 2 1
4 4 3 32
4 4 4 81
4 4 5 1
4 5 4 142
4 5 5 12
4 6 3 2
4 6 4 9
4 6 5 9
4 6 7 1
4 7 8 1
4 8 11 1
4 9 13 1
4 10 13 1
4 11 16 2
5 4 2 1
5 4 3 2
5 4 4 1
5 4 5 2
5 5 4 19
5 5 5 12
5 5 6 1
5 6 4 4
5 6 5 48
5 6 6 22
5 7 4 2
5 7 5 2
5 7 6 2
5 7 7 1
5 7 8 1
5 7 9 1
5 9 12 1
5 10 14 1
5 11 14 3
5 11 15 2
5 12 15 1
5 12 16 1
6 4 3 2
6 5 3 2
6 5 4 1
6 5 5 6
6 6 4 1
6 6 5 23
6 6 6 12
6 6 7 1
6 7 5 2
6 7 6 22
6 7 7 7
6 8 6 2
6 8 7 1
6 8 9 1
6 8 10 1
6 10 14 1
6 11 14 1
6 11 15 1
7 4 2 3
7 5 2 16
7 5 3 18
7 5 4 2
7 6 4 4
7 6 5 2
7 6 6 1
7 7 5 2
7 7 6 15
7 7 7 10
7 7 8 1
7 8 6 7
7 8 7 21
7 8 8 3
7 9 8 3
7 11 14 1
7 11 15 1
7 11 16 1
7 12 14 1
7 14 17 1
8 4 2 4
8 5 2 83
8 5 3 62
8 5 4 1
8 5 6 1
8 6 3 13
8 6 4 55
8 6 7 1
8 7 4 2
8 7 5 4
8 7 6 1
8 7 8 1
8 8 6 1
8 8 7 34
8 8 8 12
8 8 11 1
8 9 7 7
8 9 8 43
8 9 9 4
8 10 8 1
8 10 9 5
8 10 10 1
8 10 11 1
8 11 13 1
8 12 15 1
8 14 17 1
9 4 6 1
9 5 3 4
9 6 3 20
9 6 4 4
9 6 7 1
9 7 4 2
9 7 5 5
9 7 6 5
9 8 5 2
9 8 6 5
9 8 7 6
9 8 8 1
9 8 9 1
9 9 7 4
9 9 8 56
9 9 9 14
9 10 8 6
9 10 9 33
9 10 10 8
9 10 11 1
9 11 8 1
9 11 9 2
9 11 10 2
9 11 11 1
10 4 7 1
10 5 6 1
10 5 7 2
10 6 3 3
10 6 7 3
10 7 3 4
10 7 4 21
10 7 5 3
10 7 8 2
10 8 5 2
10 8 6 8
10 8 7 3
10 8 8 3
10 8 9 1
10 9 7 2
10 9 8 5
10 9 10 1
10 10 8 2
10 10 9 59
10 10 10 14
10 10 11 1
10 11 9 12
10 11 10 41
10 11 11 8
10 12 9 1
10 12 11 2
10 12 12 1
10 13 10 1
10 13 11 1
11 5 6 1
11 6 7 4
11 6 8 2
11 7 4 5
11 7 8 2
11 7 9 1
11 8 4 4
11 8 5 2
11 8 6 3
11 8 8 1
11 8 9 1
11 9 6 1
11 9 7 7
11 9 8 6
11 10 7 1
11 10 8 8
11 10 9 8
11 11 9 8
11 11 10 59
11 11 11 30
11 11 12 1
11 12 10 7
11 12 11 35
11 12 12 4
11 12 13 1
11 13 10 1
11 13 11 2
11 13 12 3
11 13 13 2
12 5 8 1
12 6 7 2
12 8 9 1
12 9 5 4
12 9 6 9
12 9 7 1
12 9 11 1
12 10 6 1
12 10 7 3
12 10 8 3
12 10 9 2
12 10 10 1
12 11 7 1
12 11 9 2
12 11 10 12
12 11 11 1
12 11 12 2
12 12 9 1
12 12 10 6
12 12 11 51
12 12 12 20
12 13 11 12
12 13 12 28
12 13 13 10
12 14 12 1
12 14 13 2
13 10 6 7
13 10 7 11
13 10 8 1
13 10 12 2
13 11 7 9
13 11 8 7
13 11 9 2
13 11 12 1
13 12 9 2
13 12 10 3
13 12 11 9
13 12 12 8
13 13 11 9
13 13 12 81
13 13 13 82
13 14 12 8
13 14 13 64
13 14 14 5
13 15 13 1
13 15 14 2
14 11 7 10
14 11 8 16
14 11 9 1
14 11 11 1
14 12 8 6
14 12 9 7
14 12 10 3
14 12 13 1
14 13 10 1
14 13 11 2
14 13 12 12
14 13 13 8
14 14 12 3
14 14 13 123
14 14 14 48
14 14 15 1
14 15 13 7
14 15 14 47
14 15 15 5
14 15 16 2
14 16 14 3
14 16 15 2
14 17 18 1
15 9 11 1
15 11 8 2
15 11 11 1
15 12 8 32
15 12 9 22
15 12 10 2
15 12 12 1
15 13 9 4
15 13 10 7
15 13 11 1
15 13 12 2
15 14 11 5
15 14 12 7
15 14 13 8
15 14 14 11
15 14 15 1
15 15 9 1
15 15 13 9
15 15 14 102
15 15 15 41
15 15 16 6
15 16 14 4
15 16 15 111
15 16 16 10
15 17 15 1
15 17 16 1
16 12 9 1
16 12 10 1
16 13 9 1
16 13 10 8
16 13 12 1
16 14 10 4
16 14 11 3
16 14 12 4
16 14 13 3
16 14 14 2
16 15 12 1
16 15 13 8
16 15 14 28
16 15 15 5
16 16 5 1
16 16 11 1
16 16 13 1
16 16 14 29
16 16 15 144
16 16 16 34
16 16 17 2
16 17 15 4
16 17 16 132
16 17 17 8
16 18 17 2
17 14 11 3
17 14 12 1
17 15 11 2
17 15 12 3
17 15 13 5
17 15 14 2
17 16 11 1
17 16 12 1
17 16 13 3
17 16 14 6
17 16 15 5
17 16 16 1
17 17 15 5
17 17 16 119
17 17 17 63
17 17 18 3
17 18 16 5
17 18 17 109
17 18 18 16
17 19 17 1
17 19 18 1
17 20 19 1
18 15 12 2
18 16 8 1
18 16 12 6
18 16 13 6
18 16 14 4
18 16 15 4
18 16 16 2
18 17 13 1
18 17 14 3
18 17 15 5
18 17 16 12
18 17 17 4
18 17 18 2
18 18 11 1
18 18 12 1
18 18 16 7
18 18 17 108
18 18 18 48
18 18 19 2
18 19 17 11
18 19 18 153
18 19 19 10
18 20 19 3
19 16 13 3
19 17 9 2
19 17 13 3
19 17 14 7
19 17 15 4
19 17 16 1
19 17 17 1
19 18 11 1
19 18 16 5
19 18 17 16
19 18 18 10
19 18 19 1
19 19 11 1
19 19 13 1
19 19 14 1
19 19 17 7
19 19 18 149
19 19 19 54
19 19 20 1
19 20 18 14
19 20 19 273
19 20 20 11
19 20 21 1
19 21 19 1
19 21 20 4
20 16 16 1
20 17 14 2
20 17 15 1
20 18 15 2
20 18 16 3
20 18 18 1
20 19 10 1
20 19 11 2
20 19 13 1
20 19 15 1
20 19 16 5
20 19 18 8
20 19 19 1
20 19 20 2
20 20 17 1
20 20 18 6
20 20 19 52
20 20 20 26
20 21 19 5
20 21 20 273
20 21 21 28
20 22 21 14
20 22 22 1
21 18 13 1
21 18 15 2
21 18 16 1
21 19 11 1
21 19 12 1
21 19 16 4
21 19 17 6
21 19 18 1
21 19 19 1
21 20 14 1
21 20 18 2
21 20 19 7
21 20 20 1
21 21 15 1
21 21 20 27
21 21 21 31
21 21 22 9
21 22 20 2
21 22 21 153
21 22 22 98
21 22 23 4
21 23 22 9
22 19 17 1
22 20 17 1
22 20 18 3
22 20 19 4
22 21 11 1
22 21 14 2
22 21 18 6
22 21 19 5
22 21 20 4
22 21 21 1
22 21 22 3
22 22 17 1
22 22 20 3
22 22 21 23
22 22 22 86
22 22 23 15
22 23 22 272
22 23 23 125
22 23 24 13
22 24 23 16
22 24 24 7
23 20 17 10
23 20 18 1
23 21 10 1
23 21 17 8
23 21 18 72
23 21 19 16
23 22 11 1
23 22 12 2
23 22 13 1
23 22 14 1
23 22 15 1
23 22 16 1
23 22 18 1
23 22 19 8
23 22 20 4
23 22 21 1
23 22 22 3
23 23 15 1
23 23 21 1
23 23 22 30
23 23 23 128
23 23 24 9
23 24 23 137
23 24 24 165
23 24 25 18
23 25 24 10
23 25 25 5
23 26 25 2
24 21 17 2
24 21 18 16
24 21 19 2
24 22 13 1
24 22 19 13
24 22 20 21
24 22 21 1
24 23 11 1
24 23 12 1
24 23 13 1
24 23 14 1
24 23 20 5
24 23 21 6
24 23 22 2
24 23 23 3
24 23 24 2
24 24 21 1
24 24 22 4
24 24 23 10
24 24 24 107
24 24 25 16
24 25 24 126
24 25 25 314
24 25 26 28
24 26 25 9
24 26 26 9
25 23 20 1
25 23 21 28
25 23 22 9
25 24 13 1
25 24 15 1
25 24 16 2
25 24 21 2
25 24 22 17
25 24 23 3
25 24 24 1
25 24 25 3
25 25 23 3
25 25 24 14
25 25 25 170
25 25 26 15
25 26 25 45
25 26 26 104
25 26 27 2
25 27 27 3
26 18 16 1
26 19 15 1
26 24 12 1
26 24 22 45
26 24 23 4
26 25 14 2
26 25 16 1
26 25 22 4
26 25 23 27
26 25 24 5
26 25 25 2
26 26 15 2
26 26 17 3
26 26 18 1
26 26 19 2
26 26 24 2
26 26 25 6
26 26 26 58
26 26 27 15
26 26 28 1
26 27 26 42
26 27 27 62
26 27 28 6
26 28 28 15
27 25 23 25
27 25 24 5
27 26 16 3
27 26 17 2
27 26 18 1
27 26 19 1
27 26 20 2
27 26 23 6
27 26 24 15
27 26 25 6
27 26 26 4
27 26 27 1
27 27 20 1
27 27 21 1
27 27 26 4
27 27 27 56
27 27 28 12
27 28 27 15
27 28 28 40
27 28 29 10
27 29 28 1
28 26 23 1
28 26 24 7
28 26 25 2
28 27 22 1
28 27 23 1
28 27 24 1
28 27 25 4
28 27 26 2
28 27 27 4
28 28 19 1
28 28 27 7
28 28 28 42
28 28 29 11
28 29 28 14
28 29 29 59
28 29 30 21
28 30 29 1
29 27 25 2
29 28 25 2
29 28 26 4
29 28 27 1
29 28 28 1
29 29 20 2
29 29 26 1
29 29 27 1
29 29 28 3
29 29 29 45
29 29 30 56
29 30 29 12
29 30 30 214
29 30 31 4
29 31 30 3
29 31 31 2
30 28 25 1
30 28 26 2
30 29 22 1
30 29 26 3
30 29 27 6
30 29 28 1
30 29 29 1
30 30 22 1
30 30 27 2
30 30 28 10
30 30 29 10
30 30 30 603
30 30 31 39
30 31 29 7
30 31 30 152
30 31 31 29
31 30 28 2
31 30 29 3
31 30 30 4
