32
0 0 0 8
0 1 0 1
1 0 0 2
1 1 0 3
1 1 1 5
1 2 1 22
1 2 2 1
2 1 0 5
2 1 1 1
2 1 2 1
2 2 0 3
2 2 1 41
2 2 2 17
2 3 1 5
2 3 2 90
2 4 5 1
3 2 0 2
3 2 1 8
3 2 2 4
3 3 1 4
3 3 2 172
3 3 3 38
3 3 4 2
3 4 2 7
3 4 3 112
3 4 4 6
3 5 4 3
3 5 6 1
3 10 15 2
3 10 16 1
3 11 17 1
3 12 18 1
4 3 2 1
4 3 3 5
4 4 2 2
4 4 3 60
4 4 4 52
4 4 5 1
4 5 3 3
4 5 4 184
4 5 5 18
4 5 6 2
4 6 4 4
4 6 5 8
4 6 6 1
4 6 7 1
4 11 16 2
4 11 17 1
5 4 1 1
5 4 3 3
5 4 4 7
5 5 3 3
5 5 4 19
5 5 5 21
5 5 6 4
5 6 4 1
5 6 5 25
5 6 6 4
5 7 6 1
5 10 13 1
5 10 14 2
5 10 15 1
5 12 17 1
6 5 2 1
6 5 4 1
6 5 5 4
6 5 6 2
6 6 5 2
6 6 6 7
6 6 7 1
6 7 4 1
6 7 5 1
6 7 6 2
6 7 7 3
6 8 7 2
6 10 13 1
6 11 15 2
7 5 2 1
7 6 4 2
7 6 5 1
7 6 6 2
7 6 7 1
7 7 4 1
7 7 5 1
7 7 6 3
7 7 7 4
7 7 8 1
7 8 7 5
7 8 8 1
7 8 9 1
7 9 7 2
7 9 8 4
7 9 9 2
7 11 15 4
7 12 17 1
8 7 5 4
8 7 6 3
8 7 7 5
8 7 8 2
8 8 5 2
8 8 6 12
8 8 7 6
8 8 8 13
8 8 9 4
8 9 8 9
8 9 9 3
8 9 10 1
8 10 9 2
8 10 10 1
8 10 12 1
8 11 13 1
8 11 14 4
8 12 16 1
8 13 17 1
8 14 19 1
9 7 3 2
9 7 4 2
9 7 5 1
9 8 4 1
9 8 5 1
9 8 6 14
9 8 7 4
9 8 9 3
9 9 7 12
9 9 8 13
9 9 9 5
9 9 10 2
9 10 8 1
9 10 9 4
9 10 10 3
9 11 6 2
9 11 7 1
9 11 10 3
9 11 14 1
9 12 15 2
9 13 15 1
9 13 17 1
10 7 3 1
10 8 5 3
10 9 7 3
10 9 8 4
10 9 9 4
10 9 10 1
10 9 11 1
10 10 8 6
10 10 9 3
10 10 10 10
10 10 11 1
10 11 6 3
10 11 9 1
10 11 10 6
10 11 11 1
10 11 13 1
10 12 8 1
10 12 10 2
10 12 11 1
10 12 12 1
11 8 4 1
11 8 5 1
11 9 5 2
11 9 9 1
11 9 10 1
11 10 8 7
11 10 9 14
11 10 10 4
11 11 8 1
11 11 9 6
11 11 10 12
11 11 11 6
11 11 12 5
11 12 11 8
11 12 12 1
11 12 13 1
11 12 14 1
11 13 11 1
11 13 12 1
12 6 7 1
12 7 8 1
12 9 4 1
12 9 5 2
12 9 10 1
12 10 9 1
12 10 10 1
12 10 11 2
12 11 8 3
12 11 9 9
12 11 10 13
12 11 11 3
12 11 12 1
12 11 13 1
12 12 8 1
12 12 9 5
12 12 10 16
12 12 11 14
12 12 12 14
12 12 13 1
12 13 11 1
12 13 12 15
12 13 13 3
12 14 11 1
12 14 17 1
12 15 17 2
13 8 9 3
13 9 4 1
13 9 9 4
13 9 10 1
13 10 5 4
13 10 10 1
13 10 11 1
13 10 13 1
13 11 6 1
13 11 7 1
13 11 8 1
13 11 9 3
13 11 10 2
13 11 12 1
13 12 8 1
13 12 9 2
13 12 10 15
13 12 11 11
13 12 12 4
13 12 13 3
13 13 10 6
13 13 11 20
13 13 12 24
13 13 13 31
13 13 14 3
13 14 10 1
13 14 11 1
13 14 12 4
13 14 13 17
13 14 14 4
13 14 15 1
13 15 13 1
13 15 17 4
14 6 8 1
14 8 9 2
14 9 10 1
14 9 11 1
14 10 5 2
14 10 9 2
14 10 10 4
14 11 5 1
14 11 6 4
14 11 7 5
14 11 8 3
14 11 9 4
14 11 10 2
14 12 7 2
14 12 8 1
14 12 9 2
14 12 10 3
14 12 11 5
14 12 12 1
14 12 13 1
14 13 10 1
14 13 11 18
14 13 12 19
14 13 13 6
14 14 11 4
14 14 12 12
14 14 13 22
14 14 14 19
14 14 15 2
14 14 16 1
14 15 13 2
14 15 14 19
14 15 15 6
14 16 15 2
14 16 18 4
15 8 10 2
15 10 3 2
15 10 4 49
15 10 5 2
15 10 10 1
15 11 4 2
15 11 5 4
15 11 6 15
15 11 7 10
15 11 13 2
15 12 6 4
15 12 7 20
15 12 8 71
15 12 9 27
15 12 10 1
15 12 11 2
15 12 14 1
15 13 8 4
15 13 9 13
15 13 10 11
15 13 11 19
15 13 12 60
15 13 13 1
15 13 15 1
15 14 11 1
15 14 12 23
15 14 13 27
15 14 14 7
15 15 12 1
15 15 13 18
15 15 14 22
15 15 15 17
15 16 13 1
15 16 14 2
15 16 15 12
15 16 16 2
15 16 17 3
15 17 16 2
15 17 17 2
15 17 19 1
15 17 20 1
15 18 20 1
16 7 10 1
16 8 10 1
16 10 4 66
16 11 4 77
16 11 5 14
16 11 6 3
16 12 5 3
16 12 6 42
16 12 7 14
16 12 8 7
16 12 9 2
16 13 7 2
16 13 8 5
16 13 9 9
16 13 10 8
16 13 11 1
16 13 12 1
16 13 13 1
16 14 10 3
16 14 11 4
16 14 12 6
16 14 13 11
16 14 14 2
16 14 15 1
16 15 12 2
16 15 13 15
16 15 14 10
16 15 15 9
16 15 16 1
16 16 13 3
16 16 14 14
16 16 15 39
16 16 16 11
16 16 17 2
16 17 14 2
16 17 15 3
16 17 16 21
16 17 17 7
16 17 18 2
16 18 17 1
16 18 20 1
16 18 21 1
17 11 4 16
17 11 5 4
17 12 4 1
17 12 5 13
17 12 6 6
17 12 7 6
17 13 7 2
17 13 8 6
17 13 9 2
17 14 9 2
17 14 10 4
17 14 11 1
17 14 12 2
17 15 11 4
17 15 12 11
17 15 13 8
17 15 14 2
17 15 17 1
17 16 13 1
17 16 14 8
17 16 15 24
17 16 16 17
17 16 17 3
17 16 18 1
17 17 13 1
17 17 14 8
17 17 15 22
17 17 16 19
17 17 17 19
17 17 18 4
17 17 19 1
17 18 15 2
17 18 16 4
17 18 17 24
17 18 18 4
17 18 19 3
17 19 18 2
17 19 21 1
17 19 22 2
17 20 21 1
17 20 22 1
18 13 7 1
18 14 8 1
18 14 9 2
18 14 10 4
18 14 11 1
18 15 10 2
18 15 11 4
18 15 12 1
18 16 13 4
18 16 14 4
18 16 15 1
18 16 16 2
18 16 18 1
18 17 13 1
18 17 14 3
18 17 15 34
18 17 16 17
18 17 17 4
18 17 18 3
18 18 15 3
18 18 16 12
18 18 17 12
18 18 18 11
18 18 19 3
18 19 15 1
18 19 17 4
18 19 18 17
18 19 19 5
18 19 20 1
18 20 18 1
18 20 20 1
18 20 21 1
18 20 22 1
18 21 23 2
18 21 24 1
19 15 10 1
19 15 11 3
19 15 15 1
19 16 11 3
19 16 12 4
19 16 13 3
19 16 14 1
19 16 15 1
19 17 14 5
19 17 15 4
19 17 16 3
19 17 18 1
19 18 10 1
19 18 15 4
19 18 16 20
19 18 17 13
19 18 18 7
19 18 19 2
19 19 15 1
19 19 16 2
19 19 17 17
19 19 18 8
19 19 19 8
19 19 20 1
19 19 21 2
19 20 17 1
19 20 18 2
19 20 19 13
19 20 20 22
19 20 21 2
19 21 20 3
19 21 22 1
19 21 23 1
19 21 24 1
19 22 21 1
19 22 24 1
19 22 25 3
20 16 12 1
20 16 13 1
20 16 16 1
20 17 12 1
20 17 13 4
20 17 14 2
20 18 14 2
20 18 15 9
20 18 16 3
20 18 17 1
20 18 20 1
20 19 12 1
20 19 13 1
20 19 16 6
20 19 17 37
20 19 18 12
20 19 19 3
20 20 11 1
20 20 13 1
20 20 15 1
20 20 17 17
20 20 18 19
20 20 19 8
20 20 20 17
20 20 21 2
20 20 22 1
20 21 19 1
20 21 20 10
20 21 21 16
20 21 22 2
20 22 22 1
20 22 23 2
20 22 25 1
20 23 24 1
21 17 12 1
21 18 13 1
21 18 14 1
21 18 15 7
21 18 16 1
21 19 9 1
21 19 12 1
21 19 13 1
21 19 16 9
21 19 17 8
21 19 18 1
21 19 19 1
21 20 14 1
21 20 17 13
21 20 18 44
21 20 19 10
21 20 20 2
21 21 13 1
21 21 14 1
21 21 16 1
21 21 17 1
21 21 18 13
21 21 19 20
21 21 20 10
21 21 21 9
21 21 22 7
21 22 20 3
21 22 21 17
21 22 22 24
21 22 23 4
21 22 24 1
21 22 25 2
21 23 22 3
21 23 24 1
21 23 25 2
21 23 26 1
21 24 26 3
21 24 27 2
22 18 18 1
22 19 16 2
22 20 9 1
22 20 13 1
22 20 17 9
22 20 18 3
22 20 19 2
22 21 10 1
22 21 11 2
22 21 12 3
22 21 13 1
22 21 15 1
22 21 17 2
22 21 18 38
22 21 19 58
22 21 20 12
22 21 21 6
22 22 19 21
22 22 20 40
22 22 21 29
22 22 22 24
22 22 23 5
22 22 24 1
22 22 25 2
22 23 21 1
22 23 22 24
22 23 23 24
22 23 24 5
22 23 25 3
22 24 23 1
22 24 24 1
22 24 25 1
22 24 27 6
22 25 27 8
22 25 28 34
22 26 28 2
23 16 16 1
23 21 9 1
23 21 10 1
23 21 18 14
23 21 19 11
23 21 20 1
23 22 11 1
23 22 13 1
23 22 14 1
23 22 19 11
23 22 20 26
23 22 21 20
23 22 22 4
23 23 20 5
23 23 21 37
23 23 22 55
23 23 23 44
23 23 24 7
23 23 25 1
23 23 26 1
23 23 27 1
23 24 22 2
23 24 23 113
23 24 24 95
23 24 25 30
23 24 26 4
23 24 27 2
23 25 24 17
23 25 25 36
23 25 26 2
23 25 27 26
23 25 28 63
23 26 28 25
23 26 29 60
23 27 29 12
24 17 14 1
24 21 12 1
24 22 11 1
24 22 16 1
24 22 19 15
24 22 20 23
24 22 21 3
24 23 10 1
24 23 12 1
24 23 13 4
24 23 14 1
24 23 15 1
24 23 20 12
24 23 21 88
24 23 22 29
24 23 23 2
24 24 12 1
24 24 20 2
24 24 21 13
24 24 22 61
24 24 23 146
24 24 24 86
24 24 25 18
24 25 18 1
24 25 23 2
24 25 24 88
24 25 25 120
24 25 26 41
24 25 27 15
24 25 28 6
24 26 26 21
24 26 27 6
24 26 28 93
24 26 29 21
24 27 29 1
24 27 30 6
25 20 20 1
25 21 20 1
25 23 12 1
25 23 15 1
25 23 21 30
25 23 22 34
25 23 23 2
25 24 12 1
25 24 13 4
25 24 16 1
25 24 21 12
25 24 22 254
25 24 23 74
25 24 24 4
25 25 6 1
25 25 16 1
25 25 22 19
25 25 23 140
25 25 24 263
25 25 25 133
25 25 26 2
25 26 24 1
25 26 25 107
25 26 26 58
25 26 27 21
25 26 28 89
25 26 29 2
25 27 26 1
25 27 27 29
25 27 28 119
25 27 29 65
25 27 30 4
25 28 27 1
25 28 30 1
26 22 20 1
26 24 13 1
26 24 15 1
26 24 20 1
26 24 21 2
26 24 22 41
26 24 23 9
26 25 14 1
26 25 16 3
26 25 17 1
26 25 22 8
26 25 23 235
26 25 24 198
26 25 25 12
26 26 15 1
26 26 18 3
26 26 20 1
26 26 23 19
26 26 24 206
26 26 25 315
26 26 26 118
26 26 27 9
26 26 28 2
26 27 25 2
26 27 26 16
26 27 27 43
26 27 28 7
26 27 29 4
26 28 27 1
26 28 28 3
26 28 29 4
26 28 30 3
26 29 28 1
27 25 23 10
27 25 24 4
27 26 18 1
27 26 20 1
27 26 21 1
27 26 22 1
27 26 23 3
27 26 24 86
27 26 25 85
27 26 26 12
27 26 27 2
27 27 20 1
27 27 23 1
27 27 25 188
27 27 26 39
27 27 27 27
27 27 28 8
27 27 29 1
27 28 26 1
27 28 27 3
27 28 28 21
27 28 29 8
27 29 29 9
27 30 30 1
28 26 24 3
28 27 25 41
28 27 26 145
28 27 27 16
28 27 28 1
28 28 19 2
28 28 23 1
28 28 26 246
28 28 27 51
28 28 28 16
28 28 29 40
28 29 28 1
28 29 29 117
28 29 30 46
28 30 30 26
29 27 24 1
29 27 25 2
29 27 26 1
29 28 23 1
29 28 26 22
29 28 27 76
29 28 28 4
29 29 21 1
29 29 24 1
29 29 25 1
29 29 26 1
29 29 27 75
29 29 28 15
29 29 29 16
29 29 30 10
29 30 27 1
29 30 30 36
29 30 31 9
29 31 30 2
29 31 31 5
30 29 26 4
30 29 27 9
30 29 28 29
30 29 30 2
30 30 27 1
30 30 28 12
30 30 29 18
30 30 30 216
30 30 31 9
30 31 28 1
30 31 29 15
30 31 30 72
30 31 31 5
31 30 28 2
31 30 29 2
31 30 30 6
31 30 31 2
31 31 28 2
