32
0 0 0 8
0 1 0 1
1 1 0 11
1 1 1 7
1 2 1 74
1 2 2 1
2 2 1 30
2 2 2 71
2 2 3 1
2 3 2 126
2 3 3 2
2 4 3 1
2 7 11 1
2 7 12 1
2 8 12 1
2 10 14 1
3 2 2 7
3 3 1 1
3 3 2 106
3 3 3 54
3 4 3 136
3 4 4 4
3 5 4 1
3 8 11 2
3 10 15 1
3 11 15 2
3 11 16 1
4 3 1 1
4 3 2 3
4 3 3 2
4 3 4 1
4 4 2 2
4 4 3 25
4 4 4 85
4 4 5 3
4 5 3 1
4 5 4 154
4 5 5 10
4 6 3 1
4 6 4 11
4 6 5 10
4 6 6 1
4 7 5 1
4 7 7 1
4 7 11 1
4 8 11 1
4 9 13 1
4 10 14 2
5 4 2 1
5 4 3 2
5 4 4 3
5 4 5 2
5 5 3 1
5 5 4 18
5 5 5 22
5 6 4 6
5 6 5 50
5 6 6 10
5 7 4 2
5 7 6 5
5 7 7 3
5 7 10 1
5 9 11 1
5 9 12 1
5 9 13 1
5 10 12 1
5 10 13 2
5 10 14 1
5 11 14 1
5 12 16 1
6 4 3 1
6 5 3 2
6 5 5 3
6 5 6 2
6 6 4 2
6 6 5 13
6 6 6 11
6 7 5 2
6 7 6 25
6 7 7 4
6 9 11 1
6 9 12 1
6 10 14 1
6 11 13 2
6 11 14 1
6 11 15 3
6 12 14 1
7 4 2 2
7 5 2 7
7 5 3 11
7 5 4 7
7 6 3 2
7 6 4 3
7 6 5 1
7 6 7 1
7 7 5 1
7 7 6 25
7 7 7 13
7 7 8 1
7 8 6 8
7 8 7 21
7 8 8 4
7 9 6 1
7 9 7 4
7 9 8 1
7 9 10 1
7 9 12 1
7 10 7 1
7 11 15 1
8 4 2 4
8 5 2 69
8 5 3 62
8 5 4 2
8 5 6 1
8 6 3 4
8 6 4 59
8 7 4 1
8 7 5 10
8 7 6 1
8 7 7 1
8 8 6 5
8 8 7 39
8 8 8 20
8 9 7 5
8 9 8 35
8 9 9 2
8 10 7 1
8 10 9 1
8 10 10 2
9 4 5 1
9 5 3 8
9 5 6 2
9 6 3 20
9 6 4 5
9 6 7 3
9 7 4 1
9 7 5 15
9 8 5 1
9 8 6 7
9 8 7 3
9 8 8 2
9 8 9 2
9 9 7 4
9 9 8 50
9 9 9 6
9 9 10 3
9 10 8 9
9 10 9 38
9 10 10 8
9 10 11 1
9 11 9 2
9 11 10 1
9 11 11 4
10 4 6 1
10 5 7 3
10 6 4 3
10 6 7 2
10 6 8 1
10 7 3 1
10 7 4 25
10 7 5 3
10 7 8 1
10 8 5 2
10 8 6 7
10 8 8 1
10 9 7 2
10 9 8 4
10 9 9 1
10 9 10 2
10 10 8 2
10 10 9 56
10 10 10 17
10 10 11 1
10 11 9 17
10 11 10 40
10 11 11 7
10 11 12 1
10 12 10 1
10 12 11 3
11 4 7 1
11 5 7 1
11 6 8 3
11 7 4 7
11 7 8 2
11 8 4 2
11 8 5 2
11 8 6 3
11 9 7 1
11 9 8 7
11 9 9 3
11 9 10 1
11 10 8 5
11 10 9 7
11 10 10 1
11 10 11 1
11 11 9 6
11 11 10 70
11 11 11 6
11 11 12 2
11 12 10 19
11 12 11 39
11 13 11 1
11 13 12 3
12 5 7 1
12 6 8 2
12 7 8 1
12 9 5 4
12 9 6 1
12 9 7 4
12 9 9 1
12 9 11 1
12 10 6 5
12 10 7 2
12 10 8 3
12 10 10 2
12 10 11 1
12 11 8 1
12 11 9 1
12 11 10 9
12 11 11 2
12 11 12 1
12 12 10 4
12 12 11 75
12 12 12 29
12 13 11 10
12 13 12 49
12 13 13 11
12 14 12 1
12 14 13 5
12 16 18 1
13 6 9 1
13 7 8 1
13 9 10 1
13 10 6 14
13 10 7 23
13 10 8 1
13 10 9 1
13 11 7 11
13 11 8 7
13 11 9 3
13 11 11 1
13 11 12 1
13 12 9 1
13 12 10 4
13 12 11 10
13 12 12 5
13 12 13 1
13 13 9 1
13 13 11 7
13 13 12 117
13 13 13 66
13 13 14 2
13 14 12 5
13 14 13 53
13 14 14 6
13 15 13 2
13 15 14 4
14 5 8 1
14 10 7 2
14 10 12 1
14 11 7 7
14 11 8 25
14 11 9 1
14 12 8 11
14 12 9 4
14 12 11 4
14 12 12 2
14 13 10 4
14 13 11 5
14 13 12 12
14 13 13 10
14 14 12 2
14 14 13 113
14 14 14 46
14 14 15 2
14 15 13 14
14 15 14 68
14 15 15 5
14 16 14 1
14 16 15 2
14 16 16 1
15 12 8 26
15 12 9 20
15 13 9 7
15 13 10 4
15 13 11 2
15 13 12 3
15 13 13 3
15 14 12 6
15 14 13 16
15 14 14 11
15 15 9 1
15 15 12 1
15 15 13 13
15 15 14 119
15 15 15 41
15 15 16 2
15 16 14 23
15 16 15 123
15 16 16 5
15 17 15 2
15 17 16 2
16 6 9 1
16 13 9 1
16 13 10 9
16 13 11 1
16 14 10 2
16 14 11 5
16 14 12 3
16 14 13 2
16 14 14 4
16 15 13 7
16 15 14 29
16 15 15 4
16 15 16 2
16 16 11 1
16 16 12 1
16 16 14 33
16 16 15 176
16 16 16 32
16 16 17 3
16 17 15 9
16 17 16 117
16 17 17 17
16 18 16 1
16 18 17 2
17 14 10 1
17 14 11 2
17 14 12 1
17 15 12 10
17 15 13 4
17 15 14 2
17 15 16 2
17 16 13 1
17 16 14 10
17 16 15 13
17 16 17 2
17 17 13 1
17 17 14 2
17 17 15 10
17 17 16 161
17 17 17 81
17 17 18 5
17 18 16 2
17 18 17 147
17 18 18 9
17 19 18 3
17 19 19 1
18 15 12 3
18 15 14 1
18 15 15 1
18 16 13 2
18 16 15 2
18 16 16 1
18 17 11 1
18 17 14 5
18 17 15 8
18 17 16 7
18 18 12 1
18 18 16 12
18 18 17 129
18 18 18 53
18 18 19 3
18 19 17 9
18 19 18 195
18 19 19 8
18 20 19 2
18 20 20 1
19 16 13 3
19 17 14 3
19 17 15 2
19 17 16 2
19 18 10 1
19 18 11 2
19 18 15 4
19 18 16 4
19 18 17 9
19 18 18 5
19 18 19 1
19 19 17 10
19 19 18 219
19 19 19 66
19 19 20 6
19 20 18 11
19 20 19 336
19 20 20 20
19 20 21 1
19 21 20 2
19 21 21 1
20 17 14 1
20 18 15 2
20 18 16 1
20 18 17 1
20 18 18 1
20 19 10 1
20 19 13 2
20 19 17 5
20 19 18 3
20 19 19 4
20 20 12 1
20 20 18 5
20 20 19 79
20 20 20 30
20 20 21 1
20 21 19 14
20 21 20 293
20 21 21 32
20 21 22 1
20 22 20 1
20 22 21 15
21 18 15 1
21 19 16 3
21 19 17 2
21 19 18 1
21 20 11 1
21 20 13 1
21 20 14 1
21 20 15 1
21 20 17 4
21 20 18 1
21 20 19 1
21 20 20 3
21 21 13 1
21 21 15 1
21 21 19 5
21 21 20 31
21 21 21 35
21 21 22 3
21 22 20 3
21 22 21 181
21 22 22 132
21 22 23 2
21 23 22 14
22 20 17 5
22 20 18 8
22 21 17 2
22 21 18 5
22 21 19 7
22 21 20 1
22 21 21 2
22 22 20 1
22 22 21 30
22 22 22 117
22 22 23 14
22 23 22 325
22 23 23 147
22 23 24 5
22 24 23 17
22 24 24 8
23 20 17 22
23 20 18 5
23 21 17 24
23 21 18 59
23 21 19 13
23 22 14 1
23 22 18 1
23 22 19 12
23 22 20 2
23 22 21 1
23 22 22 3
23 23 15 2
23 23 17 1
23 23 19 1
23 23 21 1
23 23 22 30
23 23 23 138
23 23 24 8
23 24 22 1
23 24 23 127
23 24 24 170
23 24 25 18
23 25 24 20
23 25 25 8
24 21 17 5
24 21 18 9
24 21 20 1
24 22 15 1
24 22 19 11
24 22 20 22
24 22 21 2
24 23 11 1
24 23 20 7
24 23 21 5
24 23 22 2
24 23 23 4
24 24 15 1
24 24 22 3
24 24 23 10
24 24 24 113
24 24 25 8
24 25 23 1
24 25 24 134
24 25 25 290
24 25 26 15
24 26 25 7
24 26 26 8
25 23 13 1
25 23 20 4
25 23 21 23
25 23 22 3
25 23 24 1
25 24 13 1
25 24 14 2
25 24 16 1
25 24 21 2
25 24 22 16
25 24 23 10
25 24 25 1
25 25 22 1
25 25 23 1
25 25 24 6
25 25 25 122
25 25 26 21
25 26 24 1
25 26 25 49
25 26 26 78
25 26 27 4
25 27 26 3
25 27 27 6
26 24 22 40
26 24 24 1
26 25 14 1
26 25 15 1
26 25 22 6
26 25 23 19
26 25 24 2
26 25 25 2
26 25 26 2
26 26 15 3
26 26 16 1
26 26 17 2
26 26 25 9
26 26 26 41
26 26 27 14
26 27 26 16
26 27 27 58
26 27 28 12
26 28 28 9
27 25 15 1
27 25 22 2
27 25 23 20
27 25 24 3
27 26 15 2
27 26 17 1
27 26 18 1
27 26 23 3
27 26 24 8
27 26 25 3
27 26 26 3
27 27 19 1
27 27 20 1
27 27 22 2
27 27 23 2
27 27 26 6
27 27 27 34
27 27 28 10
27 28 27 11
27 28 28 34
27 28 29 7
27 29 28 1
27 29 29 3
28 26 24 5
28 27 19 1
28 27 24 3
28 27 25 3
28 27 26 5
28 27 27 5
28 27 28 1
28 28 23 1
28 28 27 3
28 28 28 25
28 28 29 9
28 29 28 12
28 29 29 64
28 29 30 25
28 30 29 1
28 30 30 1
29 27 24 3
29 27 25 7
29 28 20 1
29 28 26 2
29 28 27 2
29 28 28 3
29 28 29 2
29 29 19 1
29 29 23 1
29 29 27 2
29 29 28 2
29 29 29 47
29 29 30 50
29 30 27 1
29 30 29 18
29 30 30 233
29 30 31 13
29 31 30 3
29 31 31 1
30 28 25 1
30 28 26 1
30 29 26 4
30 29 27 2
30 29 29 5
30 29 30 2
30 30 21 1
30 30 26 1
30 30 27 5
30 30 28 18
30 30 29 15
30 30 30 596
30 30 31 53
30 31 28 1
30 31 29 15
30 31 30 266
30 31 31 65
31 30 28 4
31 30 29 1
31 30 30 1
31 30 31 1
31 31 28 2
31 31 29 2
