32
0 0 0 7
0 0 1 1
0 1 0 2
0 1 1 1
1 0 0 2
1 1 0 4
1 1 1 9
1 2 1 65
1 2 2 2
1 3 1 1
2 1 0 4
2 1 1 1
2 2 1 47
2 2 2 61
2 2 3 1
2 3 2 133
2 3 3 4
2 4 2 1
3 2 0 3
3 2 1 6
3 2 2 4
3 3 1 1
3 3 2 107
3 3 3 59
3 4 3 135
3 4 4 8
3 5 3 1
3 5 4 1
3 9 13 1
3 9 14 1
3 10 14 1
3 11 16 1
3 12 17 3
4 3 2 1
4 3 3 1
4 4 2 1
4 4 3 21
4 4 4 62
4 5 4 147
4 5 5 6
4 6 4 2
4 6 5 15
4 9 12 1
4 12 16 1
4 12 17 1
5 3 2 1
5 4 2 1
5 4 3 1
5 4 4 6
5 4 5 2
5 5 2 1
5 5 3 2
5 5 4 5
5 5 5 19
5 6 5 42
5 6 6 17
5 7 5 2
5 7 6 2
5 7 7 1
5 8 9 1
5 10 12 1
5 11 14 1
5 11 16 1
6 4 1 1
6 4 2 1
6 4 4 1
6 5 2 6
6 5 3 5
6 5 4 1
6 5 5 5
6 5 6 2
6 6 3 7
6 6 4 3
6 6 5 2
6 6 6 3
6 6 7 2
6 7 4 2
6 7 6 4
6 7 7 3
6 8 6 1
6 8 7 1
6 8 9 1
6 10 13 1
6 10 14 1
6 12 16 1
6 13 15 1
6 13 16 1
6 14 18 1
7 5 3 1
7 6 3 1
7 6 4 1
7 6 6 3
7 7 5 3
7 7 6 3
7 7 7 2
7 8 5 1
7 8 7 6
7 8 8 5
7 8 9 1
7 9 8 3
7 9 9 1
7 9 10 1
7 10 12 1
7 11 14 1
7 12 14 1
7 12 15 2
7 12 16 1
7 13 16 2
8 6 3 3
8 6 4 1
8 7 5 5
8 7 6 4
8 7 7 3
8 8 5 1
8 8 6 10
8 8 7 2
8 8 8 6
8 9 5 1
8 9 7 1
8 9 8 11
8 9 9 2
8 9 10 2
8 9 12 1
8 10 7 1
8 10 9 6
8 10 10 2
8 11 13 1
8 11 14 2
8 12 15 2
8 14 17 1
9 6 3 1
9 6 7 1
9 7 4 1
9 7 6 1
9 8 5 4
9 8 6 2
9 8 7 4
9 8 8 1
9 9 7 5
9 9 8 7
9 9 9 4
9 9 10 1
9 9 12 1
9 10 7 1
9 10 8 2
9 10 9 7
9 10 10 7
9 10 11 1
9 11 10 3
9 11 11 1
9 12 15 1
9 15 18 1
10 7 7 1
10 8 5 1
10 8 6 1
10 9 7 10
10 9 8 8
10 9 9 3
10 9 11 1
10 10 7 3
10 10 8 9
10 10 9 10
10 10 10 12
10 10 11 1
10 11 8 1
10 11 9 2
10 11 10 13
10 11 11 6
10 11 12 1
10 12 10 1
10 12 11 2
10 12 13 1
11 5 6 2
11 8 4 3
11 8 5 3
11 8 9 1
11 8 10 1
11 9 7 2
11 9 8 1
11 10 7 2
11 10 8 9
11 10 9 4
11 10 10 1
11 10 11 1
11 11 8 2
11 11 9 7
11 11 10 8
11 11 11 15
11 11 12 3
11 12 8 1
11 12 10 4
11 12 11 15
11 12 12 5
11 13 10 1
11 13 12 3
12 8 4 2
12 8 5 1
12 9 5 6
12 10 6 5
12 10 7 1
12 10 8 3
12 10 9 2
12 10 11 1
12 11 8 6
12 11 9 15
12 11 10 3
12 11 11 3
12 11 12 2
12 12 9 2
12 12 10 3
12 12 11 7
12 12 12 13
12 12 13 1
12 13 11 1
12 13 12 19
12 13 13 2
12 14 12 1
12 14 13 2
13 5 7 1
13 6 8 1
13 7 8 1
13 8 3 4
13 8 4 31
13 8 8 1
13 8 10 2
13 9 4 1
13 9 5 5
13 9 6 3
13 10 6 11
13 10 7 14
13 11 7 16
13 11 8 6
13 11 9 3
13 11 10 1
13 11 11 1
13 11 12 2
13 12 9 9
13 12 10 19
13 12 11 2
13 12 12 8
13 13 9 1
13 13 10 3
13 13 11 2
13 13 12 19
13 13 13 21
13 13 14 4
13 14 12 1
13 14 13 24
13 14 14 4
13 15 13 2
14 7 9 1
14 8 3 5
14 8 4 23
14 8 8 1
14 8 9 1
14 9 4 57
14 9 5 5
14 9 6 1
14 9 9 1
14 9 10 1
14 10 5 39
14 10 6 13
14 10 7 1
14 10 12 1
14 11 6 1
14 11 7 5
14 11 8 21
14 11 9 4
14 11 11 1
14 11 13 1
14 12 8 14
14 12 9 6
14 12 10 5
14 12 11 1
14 12 12 1
14 13 10 6
14 13 11 13
14 13 12 12
14 13 13 4
14 14 11 1
14 14 12 7
14 14 13 23
14 14 14 25
14 14 15 3
14 15 13 6
14 15 14 16
14 15 15 8
14 15 16 1
14 16 14 1
14 16 15 1
15 6 9 1
15 7 9 2
15 8 9 3
15 9 4 40
15 9 5 2
15 9 9 1
15 9 10 2
15 10 4 17
15 10 5 11
15 10 6 13
15 10 9 1
15 10 10 3
15 11 5 1
15 11 6 5
15 11 7 6
15 11 8 2
15 11 10 2
15 11 11 2
15 12 8 31
15 12 9 19
15 12 11 1
15 13 9 8
15 13 10 8
15 13 11 6
15 13 12 4
15 14 11 8
15 14 12 29
15 14 13 15
15 14 14 3
15 14 15 2
15 15 11 2
15 15 12 4
15 15 13 12
15 15 14 31
15 15 15 27
15 15 16 2
15 16 15 15
15 16 16 8
15 16 17 1
15 17 15 1
15 17 16 1
16 6 10 1
16 8 10 1
16 9 10 1
16 10 4 3
16 10 5 17
16 11 5 25
16 11 6 4
16 11 7 1
16 12 7 4
16 12 8 2
16 12 9 2
16 13 9 4
16 13 10 8
16 13 11 1
16 13 13 2
16 14 10 4
16 14 11 9
16 14 12 10
16 14 13 7
16 14 14 2
16 14 15 1
16 15 12 15
16 15 13 31
16 15 14 31
16 15 15 7
16 16 11 1
16 16 12 1
16 16 13 10
16 16 14 8
16 16 15 33
16 16 16 18
16 17 15 5
16 17 16 17
16 17 17 7
16 18 17 2
16 18 20 1
17 7 10 1
17 8 9 1
17 8 11 1
17 9 11 1
17 11 5 6
17 11 6 3
17 12 5 1
17 12 6 1
17 12 7 2
17 12 8 1
17 13 8 7
17 13 9 3
17 14 10 3
17 14 11 6
17 14 12 2
17 15 12 9
17 15 13 6
17 15 14 2
17 15 15 1
17 16 12 3
17 16 13 17
17 16 14 28
17 16 15 16
17 16 16 5
17 16 17 2
17 17 13 1
17 17 14 8
17 17 15 11
17 17 16 26
17 17 17 16
17 17 18 3
17 18 16 3
17 18 17 32
17 18 18 8
17 19 18 2
18 7 10 1
18 8 9 1
18 13 7 1
18 13 8 11
18 13 9 3
18 14 8 1
18 14 9 1
18 14 10 8
18 14 11 3
18 14 13 1
18 14 14 1
18 15 11 7
18 15 12 8
18 15 13 2
18 16 12 3
18 16 13 8
18 16 14 8
18 16 15 1
18 17 11 1
18 17 13 1
18 17 14 18
18 17 15 19
18 17 16 9
18 17 17 1
18 17 18 2
18 18 12 1
18 18 14 1
18 18 16 9
18 18 17 29
18 18 18 14
18 18 19 1
18 19 16 1
18 19 17 11
18 19 18 24
18 19 19 7
18 20 19 3
18 20 20 1
19 7 10 1
19 14 8 1
19 14 9 3
19 14 10 1
19 15 10 1
19 15 11 2
19 15 12 2
19 15 14 1
19 16 11 1
19 16 12 2
19 16 13 7
19 17 13 1
19 17 14 23
19 17 15 13
19 17 16 4
19 17 17 3
19 18 11 2
19 18 14 2
19 18 15 16
19 18 16 6
19 18 17 15
19 18 18 4
19 19 13 2
19 19 15 2
19 19 16 3
19 19 17 14
19 19 18 26
19 19 19 21
19 19 20 4
19 20 18 4
19 20 19 31
19 20 20 10
20 16 12 1
20 17 13 1
20 17 14 6
20 17 15 1
20 18 15 4
20 18 16 13
20 18 17 2
20 19 10 2
20 19 11 1
20 19 13 1
20 19 15 3
20 19 16 18
20 19 17 17
20 19 18 9
20 19 19 5
20 19 20 1
20 20 14 1
20 20 17 1
20 20 18 11
20 20 19 31
20 20 20 20
20 20 21 3
20 21 19 8
20 21 20 50
20 21 21 42
20 22 21 12
20 22 22 2
21 17 13 1
21 18 14 2
21 18 15 5
21 18 16 3
21 19 13 1
21 19 15 1
21 19 16 12
21 19 17 19
21 19 18 3
21 20 12 1
21 20 14 1
21 20 16 3
21 20 17 17
21 20 18 15
21 20 19 9
21 20 20 6
21 20 21 2
21 21 12 1
21 21 13 1
21 21 14 1
21 21 15 1
21 21 18 2
21 21 19 9
21 21 20 9
21 21 21 24
21 21 22 4
21 22 20 5
21 22 21 65
21 22 22 120
21 22 23 1
21 23 22 8
21 24 23 1
22 14 13 1
22 19 16 2
22 19 17 2
22 20 11 2
22 20 16 8
22 20 17 99
22 20 18 31
22 20 19 3
22 20 20 1
22 21 12 1
22 21 17 25
22 21 18 58
22 21 19 13
22 21 20 7
22 21 21 3
22 22 19 3
22 22 20 5
22 22 21 17
22 22 22 99
22 22 23 17
22 23 22 316
22 23 23 127
22 23 24 3
22 24 23 14
22 24 24 8
23 18 17 1
23 20 17 41
23 20 18 2
23 21 16 1
23 21 17 10
23 21 18 80
23 21 19 12
23 21 20 5
23 22 11 1
23 22 14 1
23 22 17 1
23 22 18 41
23 22 19 111
23 22 20 30
23 22 21 3
23 22 22 4
23 23 20 12
23 23 21 6
23 23 22 27
23 23 23 163
23 23 24 11
23 24 23 107
23 24 24 181
23 24 25 17
23 25 24 9
23 25 25 9
24 19 16 1
24 21 18 2
24 21 19 3
24 21 20 1
24 22 11 1
24 22 17 2
24 22 18 3
24 22 19 132
24 22 20 59
24 22 21 1
24 23 13 1
24 23 19 14
24 23 20 129
24 23 21 38
24 23 22 6
24 23 23 4
24 23 24 2
24 24 20 1
24 24 22 7
24 24 23 13
24 24 24 106
24 24 25 11
24 25 23 1
24 25 24 118
24 25 25 309
24 25 26 12
24 26 25 10
24 26 26 9
25 22 20 2
25 23 12 1
25 23 19 2
25 23 20 45
25 23 21 67
25 23 22 2
25 24 13 2
25 24 14 2
25 24 20 2
25 24 21 91
25 24 22 81
25 24 23 7
25 24 24 9
25 24 25 1
25 25 16 2
25 25 22 2
25 25 23 5
25 25 24 16
25 25 25 117
25 25 26 14
25 26 25 28
25 26 26 99
25 26 27 3
25 27 26 1
25 27 27 4
26 23 22 1
26 24 21 19
26 24 22 107
26 24 23 5
26 25 14 1
26 25 22 117
26 25 23 150
26 25 24 10
26 25 25 8
26 25 26 1
26 26 14 1
26 26 16 1
26 26 17 3
26 26 18 1
26 26 23 28
26 26 24 13
26 26 25 17
26 26 26 52
26 26 27 12
26 27 26 18
26 27 27 50
26 27 28 12
26 28 27 1
26 28 28 12
27 25 15 2
27 25 22 2
27 25 23 69
27 26 16 2
27 26 17 1
27 26 19 1
27 26 20 1
27 26 22 1
27 26 23 99
27 26 24 185
27 26 25 15
27 26 26 12
27 26 27 1
27 27 21 2
27 27 23 1
27 27 24 11
27 27 25 8
27 27 26 32
27 27 27 31
27 27 28 8
27 28 27 4
27 28 28 37
27 28 29 8
27 29 29 1
28 26 23 4
28 26 24 35
28 26 25 1
28 27 20 1
28 27 24 61
28 27 25 135
28 27 26 26
28 27 27 10
28 27 28 2
28 28 25 10
28 28 26 12
28 28 27 12
28 28 28 23
28 28 29 15
28 29 28 3
28 29 29 56
28 29 30 60
28 30 29 1
28 30 30 11
29 27 24 3
29 27 25 10
29 28 24 1
29 28 25 46
29 28 26 39
29 28 27 3
29 28 28 6
29 28 29 1
29 29 20 2
29 29 25 1
29 29 26 2
29 29 27 1
29 29 28 7
29 29 29 40
29 29 30 50
29 30 26 1
29 30 29 11
29 30 30 239
29 30 31 21
29 31 30 5
30 28 25 2
30 28 26 8
30 29 21 1
30 29 26 41
30 29 27 8
30 29 29 3
30 29 30 1
30 30 26 2
30 30 27 3
30 30 28 14
30 30 29 25
30 30 30 686
30 30 31 24
30 31 29 6
30 31 30 173
30 31 31 27
31 30 29 4
31 30 30 7
