32
0 0 0 3
1 0 0 2
1 1 0 6
1 1 1 7
1 2 1 25
2 1 0 4
2 2 0 3
2 2 1 36
2 2 2 22
2 2 3 1
2 3 1 5
2 3 2 119
2 3 3 1
2 4 3 1
3 1 1 1
3 2 0 2
3 2 1 7
3 2 2 4
3 3 1 4
3 3 2 176
3 3 3 33
3 4 2 7
3 4 3 132
3 4 4 6
3 5 4 2
3 5 6 1
3 9 15 1
3 10 15 1
3 11 17 1
3 12 18 1
4 3 2 1
4 3 3 3
4 4 1 1
4 4 2 5
4 4 3 55
4 4 4 69
4 4 5 2
4 5 3 1
4 5 4 154
4 5 5 23
4 5 6 2
4 6 4 5
4 6 5 7
4 6 6 3
4 6 7 1
4 10 14 1
4 11 15 1
4 11 16 2
5 4 1 1
5 4 3 1
5 4 4 2
5 4 5 1
5 5 3 2
5 5 4 22
5 5 5 19
5 5 6 4
5 6 4 1
5 6 5 31
5 6 6 7
5 7 6 2
5 9 13 1
5 11 16 1
6 4 1 1
6 5 2 2
6 5 4 3
6 5 5 5
6 5 6 1
6 6 4 1
6 6 5 5
6 6 6 6
6 7 6 3
6 7 7 1
6 7 8 1
6 8 4 1
6 8 7 2
6 8 8 1
6 8 10 1
6 9 10 1
6 9 13 1
6 10 13 1
6 10 14 2
6 11 15 1
6 12 16 1
6 13 18 1
7 5 2 1
7 6 4 2
7 6 5 2
7 6 6 2
7 6 7 1
7 7 5 3
7 7 6 3
7 7 7 6
7 7 8 1
7 8 6 1
7 8 7 3
7 8 8 5
7 9 7 1
7 9 8 2
7 9 10 1
7 11 14 1
7 11 15 2
7 13 17 1
8 6 3 1
8 6 4 1
8 7 5 7
8 7 6 1
8 7 7 2
8 8 5 7
8 8 6 12
8 8 7 12
8 8 8 15
8 8 9 1
8 9 7 1
8 9 8 4
8 9 10 1
8 10 5 1
8 10 8 1
8 10 9 3
8 10 12 1
8 10 13 1
8 11 13 1
8 11 15 1
8 12 14 1
8 12 15 2
8 12 16 1
8 13 17 1
9 6 2 1
9 8 6 4
9 8 7 4
9 8 8 2
9 9 6 2
9 9 7 13
9 9 8 6
9 9 9 8
9 9 10 3
9 10 6 1
9 10 7 1
9 10 8 1
9 10 9 3
9 10 10 4
9 10 11 1
9 11 6 1
9 11 10 5
9 11 15 1
9 12 15 2
9 13 16 1
9 13 17 1
10 7 4 1
10 8 4 2
10 8 5 1
10 9 7 5
10 9 8 8
10 9 9 7
10 9 11 1
10 10 8 6
10 10 9 6
10 10 10 10
10 11 6 1
10 11 9 1
10 11 10 6
10 11 11 2
10 11 13 1
10 12 11 1
10 12 14 1
11 6 6 1
11 8 3 1
11 9 5 1
11 9 7 2
11 9 8 1
11 9 9 1
11 10 7 1
11 10 8 7
11 10 9 3
11 10 10 2
11 10 11 2
11 11 8 4
11 11 9 10
11 11 10 18
11 11 11 6
11 11 12 4
11 12 8 1
11 12 10 1
11 12 11 8
11 12 12 5
11 13 10 1
11 13 11 1
11 13 12 1
11 13 15 1
11 13 16 1
11 14 14 1
12 6 7 1
12 7 8 1
12 9 4 3
12 9 5 1
12 10 7 2
12 10 8 1
12 10 9 1
12 11 8 2
12 11 9 13
12 11 10 4
12 11 11 3
12 11 12 3
12 11 13 1
12 12 9 9
12 12 10 10
12 12 11 13
12 12 12 12
12 12 13 1
12 13 11 2
12 13 12 19
12 13 13 8
12 13 15 1
12 14 10 1
12 14 13 2
12 14 16 1
12 14 17 1
12 15 17 1
13 6 8 1
13 8 8 1
13 8 9 1
13 9 5 1
13 9 8 2
13 9 9 2
13 10 5 2
13 10 6 1
13 10 9 2
13 10 10 2
13 11 8 1
13 11 9 4
13 11 11 2
13 12 9 1
13 12 10 10
13 12 11 13
13 12 12 13
13 12 13 1
13 12 14 1
13 13 9 2
13 13 10 11
13 13 11 20
13 13 12 19
13 13 13 27
13 13 14 3
13 14 10 1
13 14 11 2
13 14 12 6
13 14 13 16
13 14 14 7
13 14 15 1
13 15 13 1
13 15 14 3
13 15 15 1
13 15 17 1
13 16 18 1
14 8 8 1
14 8 9 1
14 8 10 1
14 9 9 2
14 9 10 1
14 10 4 1
14 10 5 3
14 10 6 1
14 10 9 1
14 10 10 3
14 10 11 1
14 11 5 1
14 11 6 3
14 11 7 6
14 11 9 4
14 12 7 1
14 12 8 7
14 12 9 7
14 12 10 3
14 12 11 3
14 12 12 1
14 12 13 1
14 12 14 1
14 13 10 1
14 13 11 21
14 13 12 11
14 13 13 8
14 14 11 2
14 14 12 8
14 14 13 29
14 14 14 15
14 14 15 1
14 15 12 1
14 15 13 1
14 15 14 19
14 15 15 6
14 15 17 1
14 16 15 2
14 16 16 1
14 16 17 2
14 16 18 1
14 17 19 1
15 6 9 1
15 9 10 1
15 10 3 7
15 10 4 82
15 10 5 1
15 10 10 1
15 10 11 1
15 11 5 4
15 11 6 31
15 11 8 1
15 11 13 1
15 12 6 5
15 12 7 11
15 12 8 77
15 12 9 28
15 12 10 3
15 12 11 2
15 13 8 1
15 13 9 11
15 13 10 25
15 13 11 10
15 13 12 27
15 13 13 3
15 14 11 2
15 14 12 42
15 14 13 23
15 14 14 7
15 14 15 2
15 15 11 2
15 15 12 2
15 15 13 18
15 15 14 30
15 15 15 15
15 15 16 3
15 16 14 2
15 16 15 13
15 16 16 5
15 16 17 1
15 17 15 1
15 17 16 2
15 17 17 1
15 17 18 2
15 18 20 2
16 8 10 2
16 9 10 1
16 10 3 1
16 10 4 54
16 11 4 65
16 11 5 15
16 11 6 3
16 12 5 5
16 12 6 32
16 12 7 7
16 13 7 1
16 13 8 2
16 13 9 9
16 13 10 5
16 13 11 3
16 13 12 1
16 13 14 1
16 14 10 1
16 14 11 4
16 14 12 28
16 14 13 21
16 14 14 2
16 14 15 1
16 14 16 1
16 15 12 2
16 15 13 15
16 15 14 15
16 15 15 3
16 15 16 1
16 16 13 4
16 16 14 8
16 16 15 42
16 16 16 15
16 16 17 3
16 17 14 2
16 17 15 2
16 17 16 17
16 17 17 6
16 17 18 1
16 18 15 1
16 18 17 1
16 18 20 2
17 8 10 1
17 11 4 3
17 11 5 4
17 12 4 1
17 12 5 5
17 12 6 7
17 12 7 3
17 13 7 4
17 13 8 5
17 14 10 1
17 14 11 2
17 14 12 1
17 14 13 1
17 15 11 1
17 15 12 7
17 15 13 5
17 15 14 1
17 15 15 3
17 16 7 1
17 16 11 1
17 16 13 7
17 16 14 16
17 16 15 23
17 16 16 8
17 16 17 1
17 17 14 10
17 17 15 23
17 17 16 22
17 17 17 15
17 17 18 5
17 17 19 1
17 18 17 19
17 18 18 8
17 18 19 1
17 19 18 2
17 19 19 1
17 19 20 3
17 19 21 1
17 19 22 1
17 20 22 1
17 21 23 1
18 13 8 1
18 14 9 2
18 14 10 3
18 15 10 3
18 15 11 2
18 15 12 1
18 15 13 1
18 16 12 1
18 16 13 2
18 16 14 3
18 16 16 1
18 16 17 1
18 16 19 1
18 17 13 1
18 17 14 1
18 17 15 26
18 17 16 11
18 17 17 8
18 17 18 5
18 17 19 1
18 18 14 1
18 18 15 2
18 18 16 21
18 18 17 14
18 18 18 15
18 18 19 3
18 19 17 2
18 19 18 16
18 19 19 8
18 19 20 2
18 20 19 2
18 20 20 3
18 20 22 1
18 21 23 1
18 21 24 1
19 15 10 1
19 15 11 3
19 16 11 3
19 16 12 7
19 17 13 5
19 17 14 7
19 17 15 3
19 17 16 2
19 17 17 2
19 17 19 1
19 18 11 1
19 18 15 4
19 18 16 29
19 18 17 9
19 18 18 2
19 18 19 4
19 19 13 1
19 19 16 12
19 19 17 18
19 19 18 8
19 19 19 13
19 19 20 1
19 20 17 1
19 20 18 2
19 20 19 15
19 20 20 11
19 21 19 1
19 21 20 4
19 21 21 1
19 21 22 3
19 22 21 1
19 22 24 1
19 22 25 1
20 16 12 3
20 17 13 4
20 17 14 4
20 17 15 1
20 18 14 5
20 18 15 3
20 18 16 4
20 18 17 3
20 18 19 1
20 19 13 2
20 19 16 16
20 19 17 35
20 19 18 4
20 19 19 6
20 19 20 3
20 20 16 1
20 20 17 12
20 20 18 8
20 20 19 19
20 20 20 13
20 20 21 3
20 20 22 1
20 21 17 1
20 21 19 3
20 21 20 18
20 21 21 18
20 21 22 4
20 21 23 1
20 22 21 5
20 22 22 1
20 22 25 1
20 23 25 1
21 17 14 1
21 17 17 1
21 18 15 1
21 19 15 3
21 19 16 9
21 19 17 7
21 20 12 1
21 20 13 1
21 20 14 1
21 20 17 31
21 20 18 33
21 20 19 7
21 20 21 1
21 20 22 2
21 21 14 1
21 21 17 1
21 21 18 14
21 21 19 24
21 21 20 8
21 21 21 6
21 21 22 3
21 21 23 1
21 22 20 4
21 22 21 18
21 22 22 24
21 22 23 4
21 23 23 4
21 23 24 2
21 23 25 2
21 23 26 1
21 24 26 3
22 19 16 1
22 19 17 1
22 19 19 1
22 20 11 1
22 20 13 1
22 20 17 8
22 20 18 12
22 20 19 3
22 21 11 1
22 21 12 1
22 21 14 1
22 21 17 3
22 21 18 40
22 21 19 37
22 21 20 11
22 22 17 2
22 22 18 3
22 22 19 11
22 22 20 34
22 22 21 29
22 22 22 17
22 22 23 3
22 22 24 1
22 23 21 3
22 23 22 27
22 23 23 36
22 23 24 11
22 23 25 1
22 24 23 2
22 24 24 3
22 24 25 1
22 24 26 1
22 24 27 2
22 25 27 6
22 25 28 4
23 19 18 1
23 21 18 12
23 21 19 11
23 21 21 1
23 21 22 1
23 22 12 1
23 22 13 2
23 22 15 1
23 22 18 1
23 22 19 18
23 22 20 27
23 22 21 9
23 22 22 4
23 22 23 1
23 23 14 1
23 23 15 1
23 23 20 6
23 23 21 39
23 23 22 44
23 23 23 60
23 23 24 8
23 23 25 1
23 24 22 1
23 24 23 132
23 24 24 107
23 24 25 41
23 24 26 5
23 25 24 17
23 25 25 58
23 25 26 8
23 25 27 24
23 25 28 27
23 26 27 1
23 26 28 65
23 26 29 31
23 27 29 26
23 27 30 7
24 20 19 1
24 22 12 1
24 22 19 10
24 22 20 22
24 22 21 3
24 23 11 2
24 23 12 1
24 23 14 1
24 23 16 1
24 23 20 15
24 23 21 106
24 23 22 41
24 23 23 4
24 23 24 2
24 24 15 1
24 24 16 1
24 24 20 1
24 24 21 15
24 24 22 60
24 24 23 131
24 24 24 67
24 24 25 20
24 24 26 1
24 25 23 6
24 25 24 112
24 25 25 109
24 25 26 28
24 25 27 8
24 25 28 1
24 26 26 25
24 26 27 18
24 26 28 70
24 26 29 17
24 27 26 1
24 27 29 21
24 27 30 13
25 19 18 1
25 22 21 2
25 23 21 41
25 23 22 22
25 24 12 1
25 24 13 2
25 24 15 1
25 24 20 3
25 24 21 32
25 24 22 295
25 24 23 57
25 24 24 7
25 25 15 1
25 25 16 3
25 25 17 1
25 25 22 30
25 25 23 100
25 25 24 319
25 25 25 135
25 25 26 5
25 26 24 2
25 26 25 289
25 26 26 112
25 26 27 49
25 26 28 15
25 26 29 2
25 27 27 28
25 27 28 84
25 27 29 121
25 28 27 1
25 28 29 3
25 28 30 8
25 29 30 1
26 21 21 1
26 22 20 1
26 24 22 30
26 24 23 14
26 25 14 1
26 25 15 1
26 25 16 2
26 25 17 1
26 25 19 1
26 25 22 20
26 25 23 217
26 25 24 35
26 25 25 9
26 25 26 2
26 26 15 1
26 26 17 1
26 26 20 1
26 26 23 21
26 26 24 140
26 26 25 104
26 26 26 82
26 26 27 8
26 26 28 1
26 27 26 12
26 27 27 41
26 27 28 11
26 27 29 17
26 28 29 5
26 29 31 1
27 25 23 6
27 25 24 2
27 26 19 1
27 26 21 1
27 26 23 1
27 26 24 141
27 26 25 54
27 26 26 15
27 26 27 1
27 27 23 1
27 27 25 189
27 27 26 38
27 27 27 16
27 27 28 13
27 28 26 1
27 28 28 17
27 28 29 13
27 29 29 14
27 29 30 1
28 27 21 1
28 27 25 99
28 27 26 83
28 27 27 9
28 27 28 1
28 28 19 2
28 28 22 1
28 28 25 3
28 28 26 249
28 28 27 24
28 28 28 13
28 28 29 27
28 29 28 3
28 29 29 124
28 29 30 49
28 30 30 22
29 27 25 6
29 28 20 1
29 28 25 2
29 28 26 44
29 28 27 50
29 28 28 1
29 28 29 1
29 29 25 1
29 29 26 4
29 29 27 54
29 29 28 9
29 29 29 9
29 29 30 9
29 30 25 1
29 30 29 2
29 30 30 34
29 30 31 5
29 31 30 4
29 31 31 9
30 28 26 1
30 29 26 1
30 29 27 21
30 29 28 10
30 29 29 1
30 29 30 1
30 30 27 5
30 30 28 17
30 30 29 10
30 30 30 231
30 30 31 8
30 31 28 1
30 31 29 11
30 31 30 68
30 31 31 5
31 30 28 2
31 30 29 6
31 30 30 6
31 30 31 1
31 31 29 1
31 31 30 1
