32
0 0 0 6
0 1 0 4
1 0 0 1
1 1 0 11
1 1 1 7
1 2 1 72
1 2 2 3
2 2 1 32
2 2 2 55
2 3 2 116
2 3 3 4
2 8 12 2
3 2 2 3
3 3 2 104
3 3 3 56
3 3 4 1
3 4 2 2
3 4 3 158
3 4 4 5
3 5 3 1
3 5 4 1
3 8 11 1
3 10 15 1
3 11 16 5
4 3 1 1
4 3 2 4
4 3 3 2
4 3 4 1
4 4 3 33
4 4 4 80
4 5 3 1
4 5 4 151
4 5 5 22
4 6 3 3
4 6 4 5
4 6 5 18
4 6 7 1
4 7 8 1
4 8 10 1
4 8 11 1
4 9 12 1
4 9 13 1
4 10 13 2
4 11 15 2
5 4 3 2
5 4 4 5
5 4 5 1
5 5 4 12
5 5 5 16
5 5 6 2
5 6 4 12
5 6 5 44
5 6 6 17
5 7 4 1
5 7 5 2
5 7 6 2
5 8 8 1
5 8 11 1
5 11 14 1
5 11 15 1
6 4 2 2
6 4 3 3
6 5 3 4
6 5 4 1
6 5 5 2
6 5 6 4
6 6 4 4
6 6 5 25
6 6 6 5
6 6 7 1
6 7 5 6
6 7 6 21
6 7 7 4
6 8 6 1
6 8 7 1
6 9 7 1
6 11 13 1
6 11 14 2
6 12 14 1
6 12 15 1
7 4 2 6
7 5 2 8
7 5 3 12
7 5 4 6
7 6 4 5
7 6 5 1
7 7 5 4
7 7 6 27
7 7 7 9
7 7 8 1
7 8 6 8
7 8 7 22
7 8 8 7
7 9 8 3
7 9 12 1
7 10 7 1
7 10 13 1
7 11 14 1
7 12 15 1
8 4 2 3
8 5 2 77
8 5 3 62
8 5 4 1
8 6 3 17
8 6 4 53
8 6 5 5
8 6 8 1
8 7 4 1
8 7 5 3
8 7 6 3
8 7 7 3
8 8 6 5
8 8 7 52
8 8 8 15
8 8 11 1
8 9 7 8
8 9 8 30
8 9 9 2
8 9 10 1
8 10 9 3
8 10 12 1
8 14 17 1
9 4 6 2
9 5 3 7
9 5 6 1
9 5 7 1
9 6 3 19
9 6 4 4
9 6 7 1
9 7 4 2
9 7 5 8
9 7 6 5
9 7 8 2
9 8 6 4
9 8 7 6
9 8 8 2
9 9 7 4
9 9 8 47
9 9 9 14
9 9 11 1
9 10 8 8
9 10 9 30
9 10 10 9
9 10 11 1
9 11 10 5
10 5 7 2
10 6 3 5
10 6 4 1
10 6 6 1
10 6 7 1
10 7 4 22
10 7 5 4
10 7 8 2
10 7 9 1
10 8 5 4
10 8 6 4
10 8 7 6
10 8 8 1
10 9 7 2
10 9 8 4
10 9 9 2
10 9 10 1
10 10 8 1
10 10 9 58
10 10 10 11
10 11 9 21
10 11 10 37
10 11 11 3
10 12 9 1
10 12 11 2
11 4 7 1
11 5 7 2
11 5 8 1
11 6 7 5
11 6 8 2
11 7 4 5
11 7 8 1
11 7 9 1
11 8 4 3
11 8 5 3
11 8 6 3
11 8 8 2
11 9 5 1
11 9 7 4
11 9 8 2
11 9 9 1
11 10 8 10
11 10 9 8
11 10 10 4
11 10 11 1
11 11 9 7
11 11 10 46
11 11 11 13
11 11 12 1
11 12 10 7
11 12 11 45
11 12 12 1
11 13 11 1
12 5 7 1
12 5 8 1
12 6 7 1
12 7 9 1
12 9 5 5
12 9 6 5
12 9 7 1
12 9 10 1
12 9 11 1
12 10 5 1
12 10 6 2
12 10 7 1
12 10 8 4
12 10 9 1
12 10 11 1
12 11 8 1
12 11 9 1
12 11 10 6
12 11 11 4
12 11 12 1
12 12 9 1
12 12 10 8
12 12 11 72
12 12 12 23
12 12 13 1
12 13 11 11
12 13 12 42
12 13 13 6
12 14 12 2
12 14 13 2
13 5 8 2
13 6 9 1
13 7 9 1
13 9 6 3
13 9 8 1
13 10 6 13
13 10 7 23
13 10 12 1
13 11 7 16
13 11 8 7
13 11 9 5
13 11 10 1
13 11 11 3
13 12 10 4
13 12 11 10
13 12 12 4
13 12 14 1
13 13 11 4
13 13 12 102
13 13 13 65
13 13 14 2
13 13 15 1
13 14 12 6
13 14 13 60
13 14 14 6
13 15 13 1
13 15 14 2
13 15 15 1
14 9 10 1
14 10 10 1
14 11 7 11
14 11 8 20
14 11 9 1
14 11 12 1
14 12 8 11
14 12 9 2
14 12 10 2
14 12 11 1
14 13 10 1
14 13 11 7
14 13 12 12
14 13 13 14
14 13 14 1
14 14 12 4
14 14 13 130
14 14 14 45
14 14 15 2
14 15 13 6
14 15 14 51
14 15 15 6
14 15 16 1
14 16 13 1
14 16 14 1
14 16 15 2
15 5 9 1
15 12 8 35
15 12 9 18
15 12 12 1
15 13 9 10
15 13 10 8
15 13 11 2
15 13 12 3
15 13 14 1
15 14 10 1
15 14 12 5
15 14 13 21
15 14 14 6
15 14 15 1
15 15 10 1
15 15 11 1
15 15 12 1
15 15 13 13
15 15 14 111
15 15 15 45
15 16 14 17
15 16 15 110
15 16 16 6
15 17 15 2
15 17 17 2
16 12 12 1
16 13 9 2
16 13 10 4
16 13 11 1
16 13 14 1
16 14 10 2
16 14 11 5
16 14 12 4
16 14 13 3
16 14 14 1
16 14 15 1
16 15 12 1
16 15 13 7
16 15 14 40
16 15 15 8
16 15 16 3
16 16 14 43
16 16 15 162
16 16 16 25
16 16 17 1
16 17 15 15
16 17 16 113
16 17 17 12
16 18 17 2
16 18 18 1
17 14 11 5
17 15 11 2
17 15 12 3
17 15 13 3
17 15 14 1
17 15 15 1
17 16 12 1
17 16 13 2
17 16 14 10
17 16 15 9
17 17 13 1
17 17 14 2
17 17 15 10
17 17 16 149
17 17 17 61
17 17 18 2
17 18 16 1
17 18 17 98
17 18 18 13
17 19 18 3
18 15 12 1
18 16 12 1
18 16 13 4
18 16 14 1
18 16 15 2
18 16 16 1
18 17 12 2
18 17 14 2
18 17 15 6
18 17 16 9
18 17 17 9
18 17 18 1
18 18 12 1
18 18 16 6
18 18 17 111
18 18 18 51
18 18 19 2
18 19 17 9
18 19 18 156
18 19 19 11
18 20 18 1
18 20 19 2
19 16 13 1
19 17 13 1
19 17 14 3
19 17 15 4
19 17 16 1
19 17 17 1
19 18 11 1
19 18 12 1
19 18 16 4
19 18 17 7
19 18 18 3
19 19 17 11
19 19 18 173
19 19 19 50
19 19 20 3
19 20 18 17
19 20 19 284
19 20 20 16
19 21 19 2
19 21 20 2
19 21 21 1
20 17 17 1
20 18 10 1
20 18 15 5
20 18 16 3
20 19 12 1
20 19 13 1
20 19 14 1
20 19 16 1
20 19 17 5
20 19 18 8
20 19 19 2
20 19 20 2
20 20 18 7
20 20 19 59
20 20 20 25
20 20 21 3
20 21 13 1
20 21 19 9
20 21 20 267
20 21 21 34
20 22 20 1
20 22 21 14
20 22 22 1
20 23 22 1
21 19 10 1
21 19 16 4
21 19 17 1
21 19 18 1
21 20 11 1
21 20 12 1
21 20 14 1
21 20 18 3
21 20 19 4
21 20 20 1
21 20 22 1
21 21 13 1
21 21 18 2
21 21 19 1
21 21 20 32
21 21 21 33
21 21 22 8
21 22 20 4
21 22 21 164
21 22 22 108
21 22 23 4
21 23 22 8
21 23 23 3
22 20 17 2
22 20 18 5
22 20 19 1
22 21 13 1
22 21 18 5
22 21 19 5
22 21 20 2
22 21 21 3
22 21 22 1
22 22 14 1
22 22 16 1
22 22 21 40
22 22 22 114
22 22 23 14
22 23 22 408
22 23 23 143
22 23 24 2
22 24 23 19
22 24 24 5
23 20 17 22
23 20 18 5
23 20 20 1
23 21 17 13
23 21 18 57
23 21 19 13
23 21 20 1
23 22 10 1
23 22 11 1
23 22 12 1
23 22 14 1
23 22 17 1
23 22 19 7
23 22 20 4
23 22 21 3
23 22 22 5
23 23 13 1
23 23 21 2
23 23 22 27
23 23 23 171
23 23 24 13
23 24 23 116
23 24 24 197
23 24 25 16
23 25 24 9
23 25 25 11
24 21 12 1
24 21 17 7
24 21 18 16
24 21 19 1
24 22 18 1
24 22 19 16
24 22 20 21
24 22 22 1
24 23 14 2
24 23 18 1
24 23 20 6
24 23 21 10
24 23 22 3
24 23 23 2
24 24 22 3
24 24 23 8
24 24 24 120
24 24 25 15
24 25 23 1
24 25 24 109
24 25 25 316
24 25 26 14
24 26 25 2
24 26 26 9
25 23 13 1
25 23 20 5
25 23 21 19
25 23 22 4
25 23 24 1
25 24 13 1
25 24 14 1
25 24 15 1
25 24 16 1
25 24 21 3
25 24 22 20
25 24 23 2
25 24 24 1
25 24 25 1
25 25 13 1
25 25 14 1
25 25 22 1
25 25 23 5
25 25 24 5
25 25 25 140
25 25 26 21
25 26 25 27
25 26 26 94
25 26 27 2
25 27 27 8
26 20 14 1
26 23 21 1
26 24 22 44
26 24 23 6
26 25 13 2
26 25 14 1
26 25 15 2
26 25 16 1
26 25 22 8
26 25 23 26
26 25 24 7
26 25 25 3
26 25 26 2
26 26 15 1
26 26 16 2
26 26 17 1
26 26 18 1
26 26 24 1
26 26 25 8
26 26 26 38
26 26 27 16
26 27 26 11
26 27 27 50
26 27 28 13
26 28 28 7
27 25 15 1
27 25 22 1
27 25 23 26
27 25 24 3
27 25 25 1
27 26 15 1
27 26 17 1
27 26 20 1
27 26 22 1
27 26 23 6
27 26 24 9
27 26 25 4
27 26 26 3
27 26 27 1
27 27 18 1
27 27 21 1
27 27 22 1
27 27 26 4
27 27 27 26
27 27 28 9
27 28 27 5
27 28 28 36
27 28 29 10
28 26 24 11
28 26 25 1
28 27 20 1
28 27 24 1
28 27 25 2
28 27 26 3
28 27 27 5
28 27 28 1
28 28 23 1
28 28 27 8
28 28 28 25
28 28 29 14
28 29 28 7
28 29 29 61
28 29 30 22
28 30 29 1
28 30 30 1
29 27 24 1
29 27 25 6
29 27 26 1
29 28 26 2
29 28 27 4
29 28 29 1
29 29 19 1
29 29 20 1
29 29 23 1
29 29 26 1
29 29 28 1
29 29 29 45
29 29 30 47
29 30 28 1
29 30 29 15
29 30 30 218
29 30 31 2
29 31 30 4
29 31 31 1
30 28 26 1
30 29 26 7
30 29 27 7
30 29 28 2
30 29 29 1
30 29 30 3
30 30 22 1
30 30 27 3
30 30 28 13
30 30 29 21
30 30 30 637
30 30 31 38
30 31 28 1
30 31 29 5
30 31 30 255
30 31 31 48
31 30 28 2
31 30 29 4
31 30 30 2
31 30 31 1
31 31 28 1
31 31 29 1
