32
0 0 0 9
0 0 1 1
0 1 0 1
1 1 0 14
1 1 1 9
1 2 1 76
2 2 1 39
2 2 2 57
2 3 2 137
2 3 3 7
2 8 12 1
2 8 13 1
3 2 1 1
3 2 2 4
3 3 2 103
3 3 3 58
3 3 4 1
3 4 2 2
3 4 3 135
3 4 4 9
3 5 4 3
3 8 11 1
3 8 12 1
3 8 13 1
3 11 16 1
3 12 16 1
3 12 17 2
4 3 3 2
4 4 2 2
4 4 3 30
4 4 4 80
4 4 5 1
4 5 3 2
4 5 4 163
4 5 5 18
4 6 3 2
4 6 4 12
4 6 5 14
4 7 6 1
4 7 8 1
4 8 9 1
4 8 10 1
4 8 12 1
4 9 11 1
4 11 15 1
4 11 16 1
4 12 16 1
4 12 17 1
5 4 2 2
5 4 4 2
5 4 5 1
5 5 4 12
5 5 5 23
5 5 6 2
5 6 4 7
5 6 5 60
5 6 6 9
5 7 5 1
5 7 6 2
5 8 9 1
5 9 10 1
5 9 12 1
5 10 13 1
5 10 14 2
5 11 15 1
5 12 16 3
6 4 2 1
6 4 3 1
6 5 3 2
6 5 4 1
6 5 5 3
6 5 6 1
6 6 4 1
6 6 5 22
6 6 6 11
6 7 5 6
6 7 6 13
6 7 7 10
6 8 6 1
6 8 7 1
6 9 11 1
6 11 15 1
6 12 14 1
6 12 16 1
6 13 17 1
7 4 2 6
7 5 2 8
7 5 3 11
7 5 4 3
7 6 4 4
7 6 5 1
7 6 6 3
7 7 5 2
7 7 6 27
7 7 7 6
7 8 6 6
7 8 7 25
7 8 8 3
7 9 8 2
7 11 14 2
7 11 15 1
7 12 15 3
7 12 16 1
8 4 2 3
8 5 2 82
8 5 3 67
8 5 4 2
8 6 3 16
8 6 4 51
8 6 5 1
8 7 4 1
8 7 5 7
8 7 6 2
8 7 7 2
8 7 9 1
8 8 6 2
8 8 7 26
8 8 8 18
8 8 9 2
8 9 7 6
8 9 8 24
8 9 9 2
8 9 12 1
8 10 9 1
8 10 10 1
8 12 13 1
8 12 15 1
9 4 6 1
9 5 3 6
9 5 6 1
9 6 3 19
9 6 4 6
9 6 5 1
9 7 4 3
9 7 5 9
9 7 6 1
9 7 8 1
9 7 9 1
9 8 5 2
9 8 6 6
9 8 7 6
9 8 8 1
9 8 9 1
9 9 7 2
9 9 8 50
9 9 9 18
9 9 10 2
9 9 11 1
9 10 8 9
9 10 9 33
9 10 10 6
9 11 9 3
9 11 10 2
9 11 11 2
10 4 6 1
10 4 7 1
10 5 7 2
10 6 3 1
10 6 4 4
10 6 7 1
10 7 3 1
10 7 4 22
10 7 5 1
10 7 8 1
10 8 5 3
10 8 6 3
10 8 7 3
10 9 7 3
10 9 8 4
10 9 9 1
10 9 10 1
10 9 11 1
10 10 8 10
10 10 9 41
10 10 10 24
10 10 11 2
10 11 9 14
10 11 10 39
10 11 11 6
10 12 9 2
10 12 10 1
10 12 11 3
10 13 11 1
11 4 6 1
11 5 7 3
11 6 7 2
11 6 8 3
11 7 4 2
11 7 5 1
11 7 8 1
11 8 4 3
11 8 5 3
11 8 8 3
11 8 9 1
11 9 5 2
11 9 6 3
11 9 7 6
11 9 8 4
11 9 9 1
11 10 8 7
11 10 9 11
11 10 10 3
11 11 9 9
11 11 10 55
11 11 11 25
11 11 12 1
11 12 10 6
11 12 11 34
11 12 12 5
11 13 11 1
11 13 12 3
12 5 7 1
12 5 8 1
12 6 8 1
12 7 8 1
12 7 9 2
12 9 6 6
12 9 7 2
12 10 7 1
12 10 8 5
12 10 9 1
12 10 10 2
12 10 11 2
12 11 8 1
12 11 9 3
12 11 10 15
12 11 11 5
12 11 12 1
12 12 10 4
12 12 11 54
12 12 12 25
12 13 11 6
12 13 12 34
12 13 13 8
12 14 13 4
13 5 8 2
13 6 9 1
13 7 9 1
13 10 6 12
13 10 7 14
13 10 9 1
13 10 12 3
13 11 7 14
13 11 8 5
13 11 9 2
13 11 10 1
13 11 11 1
13 12 7 1
13 12 10 1
13 12 11 15
13 12 12 6
13 12 13 2
13 13 11 4
13 13 12 83
13 13 13 75
13 13 14 1
13 14 12 4
13 14 13 59
13 14 14 6
13 15 13 4
13 15 14 3
14 5 8 1
14 5 9 1
14 6 9 1
14 9 9 1
14 10 12 1
14 11 7 8
14 11 8 20
14 11 9 1
14 12 8 13
14 12 10 3
14 12 11 1
14 12 12 6
14 13 10 2
14 13 11 6
14 13 12 10
14 13 13 15
14 14 10 1
14 14 12 3
14 14 13 124
14 14 14 56
14 14 15 5
14 15 13 12
14 15 14 52
14 15 15 6
14 15 16 2
14 16 14 2
14 16 15 3
15 11 13 1
15 12 8 30
15 12 9 19
15 12 10 2
15 12 12 1
15 13 9 6
15 13 10 5
15 13 11 4
15 13 12 4
15 13 13 1
15 14 7 1
15 14 10 1
15 14 11 1
15 14 12 4
15 14 13 7
15 14 14 10
15 14 15 1
15 15 13 7
15 15 14 107
15 15 15 44
15 15 16 5
15 16 14 14
15 16 15 104
15 16 16 3
15 16 17 1
15 17 17 1
15 18 20 1
16 5 9 1
16 13 9 2
16 13 10 9
16 13 11 1
16 13 12 1
16 13 13 1
16 14 10 2
16 14 11 8
16 14 12 1
16 14 13 2
16 14 14 1
16 15 10 1
16 15 11 1
16 15 12 1
16 15 13 7
16 15 14 24
16 15 15 6
16 16 9 1
16 16 12 1
16 16 14 29
16 16 15 159
16 16 16 38
16 16 17 1
16 17 15 5
16 17 16 120
16 17 17 6
17 14 10 1
17 14 11 5
17 15 11 1
17 15 12 3
17 15 13 4
17 15 14 1
17 16 13 3
17 16 14 11
17 16 15 9
17 16 16 2
17 17 12 1
17 17 14 1
17 17 15 10
17 17 16 111
17 17 17 75
17 17 18 2
17 18 16 4
17 18 17 118
17 18 18 11
17 19 18 2
18 15 11 1
18 15 12 4
18 16 12 6
18 16 13 2
18 16 14 5
18 16 15 2
18 16 16 1
18 17 14 4
18 17 15 6
18 17 16 9
18 17 17 2
18 18 12 1
18 18 16 8
18 18 17 104
18 18 18 34
18 18 19 5
18 19 17 12
18 19 18 159
18 19 19 15
18 19 20 1
18 20 19 3
19 16 13 1
19 16 17 1
19 17 14 7
19 17 15 5
19 17 16 3
19 18 15 3
19 18 16 6
19 18 17 12
19 18 18 8
19 19 12 1
19 19 13 1
19 19 15 1
19 19 16 2
19 19 17 8
19 19 18 154
19 19 19 55
19 19 20 2
19 20 18 8
19 20 19 274
19 20 20 20
19 21 19 1
19 21 20 3
20 17 14 1
20 18 15 2
20 18 16 2
20 18 17 2
20 19 11 1
20 19 12 2
20 19 13 1
20 19 16 2
20 19 17 2
20 19 18 6
20 19 19 3
20 19 20 2
20 19 21 1
20 20 12 1
20 20 16 1
20 20 18 12
20 20 19 57
20 20 20 42
20 20 21 3
20 21 19 3
20 21 20 256
20 21 21 36
20 22 20 2
20 22 21 11
20 22 22 1
21 18 15 1
21 19 15 1
21 19 16 2
21 19 17 6
21 20 12 1
21 20 14 1
21 20 17 4
21 20 18 1
21 20 19 1
21 20 20 2
21 21 14 1
21 21 19 1
21 21 20 27
21 21 21 36
21 21 22 7
21 22 20 2
21 22 21 170
21 22 22 124
21 23 22 15
21 23 23 3
22 20 16 1
22 20 17 3
22 20 18 5
22 20 19 2
22 20 20 1
22 21 13 1
22 21 17 1
22 21 18 7
22 21 19 5
22 21 20 3
22 21 21 1
22 22 13 1
22 22 20 1
22 22 21 22
22 22 22 131
22 22 23 18
22 23 22 330
22 23 23 147
22 23 24 4
22 24 23 18
22 24 24 5
23 20 17 20
23 20 18 5
23 21 17 12
23 21 18 57
23 21 19 13
23 21 20 1
23 22 11 1
23 22 14 1
23 22 16 1
23 22 19 7
23 22 20 6
23 22 21 3
23 22 22 3
23 23 18 1
23 23 22 22
23 23 23 187
23 23 24 8
23 24 23 121
23 24 24 193
23 24 25 16
23 25 24 11
23 25 25 6
24 21 17 7
24 21 18 9
24 22 19 10
24 22 20 20
24 22 21 1
24 23 11 1
24 23 14 1
24 23 20 4
24 23 21 10
24 23 22 6
24 23 23 2
24 23 24 1
24 24 22 3
24 24 23 6
24 24 24 135
24 24 25 13
24 25 23 1
24 25 24 130
24 25 25 315
24 25 26 17
24 26 25 6
24 26 26 9
25 23 12 1
25 23 20 4
25 23 21 21
25 23 22 5
25 24 14 2
25 24 16 1
25 24 17 1
25 24 18 2
25 24 21 1
25 24 22 31
25 24 23 3
25 24 24 1
25 25 23 6
25 25 24 9
25 25 25 129
25 25 26 11
25 26 25 28
25 26 26 98
25 26 27 3
25 27 27 6
26 24 22 41
26 24 23 2
26 24 25 1
26 25 14 1
26 25 16 2
26 25 22 7
26 25 23 29
26 25 24 7
26 25 25 3
26 26 16 2
26 26 17 2
26 26 18 1
26 26 19 2
26 26 25 9
26 26 26 50
26 26 27 15
26 27 26 15
26 27 27 69
26 27 28 13
26 28 27 2
26 28 28 8
27 25 15 1
27 25 23 26
27 25 24 4
27 25 26 1
27 26 15 1
27 26 17 2
27 26 19 1
27 26 20 1
27 26 23 2
27 26 24 11
27 26 25 3
27 26 26 5
27 26 27 1
27 27 21 1
27 27 25 1
27 27 26 5
27 27 27 39
27 27 28 7
27 28 27 4
27 28 28 46
27 28 29 6
27 29 28 2
28 26 23 1
28 26 24 12
28 26 26 1
28 27 22 1
28 27 25 5
28 27 26 2
28 27 27 2
28 28 20 1
28 28 26 1
28 28 27 2
28 28 28 34
28 28 29 15
28 29 28 11
28 29 29 63
28 29 30 30
28 30 29 1
28 30 30 3
28 31 30 1
29 27 25 8
29 28 25 2
29 28 26 3
29 28 27 2
29 28 28 1
29 29 20 2
29 29 26 1
29 29 27 1
29 29 28 3
29 29 29 41
29 29 30 57
29 30 29 18
29 30 30 212
29 30 31 2
29 31 30 3
29 31 31 1
30 28 26 1
30 29 21 1
30 29 26 2
30 29 27 6
30 29 28 1
30 29 29 1
30 30 27 4
30 30 28 8
30 30 29 14
30 30 30 548
30 30 31 41
30 31 29 7
30 31 30 245
30 31 31 50
31 30 28 3
31 30 29 1
31 30 30 5
31 30 31 1
31 31 29 1
