32
0 0 0 4
0 1 0 2
0 1 1 1
1 1 0 15
1 1 1 8
1 2 1 64
1 2 2 3
1 3 2 1
2 2 1 33
2 2 2 46
2 2 3 1
2 3 2 127
2 3 3 1
2 8 12 2
2 8 13 2
2 9 13 1
2 10 16 1
2 11 16 2
3 2 2 3
3 2 3 1
3 3 1 1
3 3 2 106
3 3 3 63
3 4 3 131
3 4 4 6
3 5 4 2
3 6 3 1
3 9 14 1
3 10 13 1
3 10 15 1
3 11 16 2
3 12 17 1
4 3 2 1
4 3 3 1
4 3 4 1
4 4 2 1
4 4 3 36
4 4 4 75
4 4 5 1
4 5 3 1
4 5 4 166
4 5 5 9
4 6 3 1
4 6 4 11
4 6 5 18
4 7 7 1
4 7 8 1
4 8 7 1
4 8 10 1
4 8 11 2
4 9 13 1
4 11 15 2
4 11 16 1
4 12 16 1
4 12 17 1
5 4 2 2
5 4 3 2
5 4 4 4
5 5 3 1
5 5 4 18
5 5 5 25
5 5 6 2
5 6 4 4
5 6 5 53
5 6 6 24
5 7 4 1
5 7 5 1
5 7 6 5
5 7 7 1
5 8 9 1
5 9 11 1
5 10 14 1
5 11 14 1
5 11 15 1
5 12 15 2
5 12 17 1
6 4 3 2
6 5 3 2
6 5 4 1
6 5 5 7
6 5 6 1
6 6 4 1
6 6 5 20
6 6 6 12
6 7 5 1
6 7 6 18
6 7 7 4
6 8 6 1
6 8 7 3
6 8 9 1
6 10 13 1
6 11 14 2
6 12 15 2
6 13 16 1
7 4 2 9
7 5 2 20
7 5 3 11
7 5 4 3
7 6 3 1
7 6 4 1
7 6 5 2
7 6 6 2
7 6 7 1
7 7 5 4
7 7 6 25
7 7 7 11
7 7 8 3
7 8 6 5
7 8 7 20
7 8 8 1
7 9 8 4
7 10 14 1
7 11 14 2
7 12 15 1
7 12 16 1
7 13 16 1
7 14 17 1
8 4 2 2
8 5 2 89
8 5 3 41
8 5 4 1
8 5 6 2
8 6 3 32
8 6 4 51
8 6 5 2
8 7 4 1
8 7 5 5
8 7 6 3
8 8 6 4
8 8 7 24
8 8 8 13
8 8 9 1
8 9 7 9
8 9 8 28
8 9 9 7
8 10 7 1
8 10 8 2
8 10 10 1
8 11 13 1
8 13 17 1
9 3 6 1
9 5 3 6
9 5 6 1
9 6 3 19
9 6 4 5
9 7 4 3
9 7 5 7
9 7 6 3
9 7 8 3
9 8 5 1
9 8 6 4
9 8 7 5
9 8 8 1
9 8 9 1
9 9 8 43
9 9 9 17
9 9 10 2
9 9 11 1
9 10 8 8
9 10 9 27
9 10 10 5
9 10 11 2
9 11 9 1
9 11 10 2
9 11 11 2
10 4 6 1
10 5 6 1
10 5 7 2
10 6 3 5
10 6 4 1
10 6 7 3
10 7 3 1
10 7 4 21
10 7 5 2
10 7 6 1
10 8 6 4
10 8 7 3
10 8 8 2
10 8 9 1
10 9 7 2
10 9 8 6
10 9 9 1
10 9 11 1
10 10 8 1
10 10 9 49
10 10 10 9
10 10 11 1
10 11 9 11
10 11 10 37
10 11 11 6
10 12 11 5
10 13 10 1
11 5 7 1
11 6 7 4
11 6 8 1
11 7 4 8
11 7 8 4
11 8 5 3
11 8 6 2
11 8 8 1
11 9 6 5
11 9 7 7
11 9 8 2
11 9 9 2
11 10 8 6
11 10 9 7
11 10 10 3
11 10 11 1
11 11 9 8
11 11 10 42
11 11 11 14
11 12 10 6
11 12 11 34
11 12 12 7
11 12 13 1
11 13 10 1
11 13 12 5
12 4 7 1
12 4 8 1
12 5 7 1
12 5 8 1
12 6 8 2
12 7 8 1
12 8 9 1
12 8 10 1
12 9 5 3
12 9 6 5
12 9 7 2
12 9 11 1
12 10 5 1
12 10 6 3
12 10 7 7
12 10 8 3
12 10 9 1
12 10 10 4
12 10 11 1
12 11 8 1
12 11 9 3
12 11 10 6
12 11 11 1
12 11 12 1
12 12 9 1
12 12 10 7
12 12 11 39
12 12 12 16
12 12 13 1
12 13 11 8
12 13 12 33
12 13 13 6
12 14 12 1
12 14 13 2
13 7 9 1
13 9 6 1
13 10 6 7
13 10 7 6
13 10 12 1
13 11 7 4
13 11 8 4
13 11 9 1
13 11 10 1
13 11 11 1
13 11 12 1
13 11 13 1
13 12 10 1
13 12 11 12
13 12 12 7
13 13 11 5
13 13 12 85
13 13 13 81
13 13 14 2
13 14 12 6
13 14 13 53
13 14 14 9
13 15 13 3
13 15 14 1
14 5 8 1
14 9 10 1
14 10 7 1
14 10 11 1
14 11 7 8
14 11 8 17
14 11 9 3
14 12 8 10
14 12 9 7
14 12 10 1
14 12 12 1
14 13 9 1
14 13 10 2
14 13 11 1
14 13 12 6
14 13 13 12
14 13 14 2
14 14 10 2
14 14 13 125
14 14 14 44
14 14 15 1
14 15 13 9
14 15 14 51
14 15 15 6
14 15 16 1
14 16 14 1
14 16 15 4
15 9 11 1
15 11 8 1
15 11 12 1
15 12 8 31
15 12 9 17
15 12 10 1
15 13 8 1
15 13 9 6
15 13 10 6
15 13 11 2
15 13 12 1
15 13 13 4
15 14 11 5
15 14 12 8
15 14 13 7
15 14 14 7
15 15 13 8
15 15 14 109
15 15 15 46
15 16 14 9
15 16 15 111
15 16 16 9
15 16 17 1
15 17 16 1
15 18 19 1
16 5 9 1
16 13 9 3
16 13 10 3
16 14 10 2
16 14 11 6
16 14 12 4
16 14 13 5
16 14 14 2
16 14 15 1
16 15 12 2
16 15 13 8
16 15 14 26
16 15 15 5
16 15 16 1
16 16 11 1
16 16 12 1
16 16 14 39
16 16 15 148
16 16 16 34
16 16 17 1
16 17 15 9
16 17 16 135
16 17 17 9
16 18 17 2
16 18 18 1
17 6 9 2
17 14 10 1
17 14 11 5
17 15 11 1
17 15 12 7
17 15 13 4
17 15 14 5
17 16 12 1
17 16 13 3
17 16 14 7
17 16 15 6
17 16 16 2
17 17 13 1
17 17 14 1
17 17 15 5
17 17 16 119
17 17 17 59
17 17 18 3
17 18 16 7
17 18 17 104
17 18 18 11
17 19 18 2
18 15 11 1
18 15 12 7
18 15 13 1
18 16 12 4
18 16 13 2
18 16 14 2
18 16 15 1
18 16 16 1
18 17 11 1
18 17 14 5
18 17 15 5
18 17 16 8
18 17 17 2
18 18 12 1
18 18 13 1
18 18 16 7
18 18 17 103
18 18 18 44
18 18 19 1
18 19 17 12
18 19 18 156
18 19 19 14
18 19 20 1
18 20 19 2
19 16 13 3
19 16 16 1
19 17 13 6
19 17 14 7
19 17 15 6
19 17 16 2
19 18 11 1
19 18 12 2
19 18 15 1
19 18 16 2
19 18 17 12
19 18 18 7
19 19 14 1
19 19 17 14
19 19 18 149
19 19 19 55
19 19 20 3
19 20 18 12
19 20 19 278
19 20 20 13
19 20 21 1
19 21 19 2
19 21 20 9
20 17 13 1
20 17 14 2
20 17 18 1
20 18 14 1
20 18 15 1
20 18 16 2
20 18 17 2
20 18 18 1
20 19 12 1
20 19 13 1
20 19 16 3
20 19 17 5
20 19 18 6
20 19 19 2
20 20 18 7
20 20 19 53
20 20 20 20
20 20 21 3
20 21 19 5
20 21 20 249
20 21 21 27
20 21 22 3
20 22 20 1
20 22 21 9
21 18 15 2
21 19 15 1
21 19 16 5
21 19 17 5
21 19 18 1
21 19 19 2
21 20 12 1
21 20 14 1
21 20 17 1
21 20 18 2
21 20 19 4
21 20 20 1
21 21 13 1
21 21 19 1
21 21 20 29
21 21 21 36
21 21 22 7
21 22 20 4
21 22 21 157
21 22 22 94
21 22 23 1
21 23 21 1
21 23 22 4
22 19 16 1
22 19 17 1
22 20 17 2
22 20 18 3
22 20 19 1
22 20 20 2
22 21 18 5
22 21 19 5
22 21 20 6
22 21 21 1
22 22 14 1
22 22 16 1
22 22 17 1
22 22 20 1
22 22 21 19
22 22 22 93
22 22 23 16
22 23 22 239
22 23 23 100
22 23 24 7
22 24 23 15
22 24 24 7
23 20 17 11
23 20 18 1
23 21 17 9
23 21 18 59
23 21 19 15
23 22 15 1
23 22 18 1
23 22 19 7
23 22 20 3
23 22 21 4
23 22 22 3
23 22 23 1
23 23 14 1
23 23 17 1
23 23 21 1
23 23 22 23
23 23 23 130
23 23 24 16
23 24 22 1
23 24 23 122
23 24 24 167
23 24 25 8
23 25 24 6
23 25 25 6
24 21 17 2
24 21 18 15
24 21 19 1
24 22 18 1
24 22 19 9
24 22 20 23
24 23 20 3
24 23 21 6
24 23 22 3
24 23 23 5
24 24 13 1
24 24 17 1
24 24 21 1
24 24 22 6
24 24 23 12
24 24 24 115
24 24 25 16
24 25 24 115
24 25 25 296
24 25 26 22
24 26 25 13
24 26 26 6
25 23 13 1
25 23 20 5
25 23 21 24
25 23 22 5
25 23 23 2
25 24 13 1
25 24 16 2
25 24 21 3
25 24 22 21
25 24 23 4
25 24 24 3
25 25 23 1
25 25 24 8
25 25 25 160
25 25 26 14
25 26 25 44
25 26 26 110
25 26 27 5
25 27 26 1
25 27 27 4
26 24 22 41
26 24 23 4
26 24 24 1
26 25 15 1
26 25 16 1
26 25 22 4
26 25 23 25
26 25 24 9
26 25 25 3
26 25 26 1
26 26 17 2
26 26 18 1
26 26 19 3
26 26 23 1
26 26 25 6
26 26 26 56
26 26 27 19
26 27 26 46
26 27 27 61
26 27 28 11
26 28 28 9
26 29 27 1
27 25 23 34
27 25 24 3
27 26 18 1
27 26 23 4
27 26 24 10
27 26 25 3
27 26 26 1
27 26 27 1
27 27 21 2
27 27 22 1
27 27 26 2
27 27 27 59
27 27 28 8
27 28 27 14
27 28 28 60
27 28 29 9
27 29 29 3
28 26 24 10
28 26 25 1
28 27 19 1
28 27 25 4
28 27 26 2
28 27 27 4
28 27 28 2
28 28 22 1
28 28 23 1
28 28 24 1
28 28 26 1
28 28 27 4
28 28 28 33
28 28 29 12
28 29 28 16
28 29 29 63
28 29 30 19
28 30 30 1
29 27 25 4
29 28 25 3
29 28 26 6
29 28 27 4
29 28 29 1
29 29 21 2
29 29 22 1
29 29 28 3
29 29 29 55
29 29 30 39
29 30 28 1
29 30 29 18
29 30 30 229
29 30 31 7
29 31 30 4
30 28 25 1
30 28 26 2
30 29 22 1
30 29 26 2
30 29 27 3
30 29 28 1
30 29 29 1
30 30 25 1
30 30 27 4
30 30 28 10
30 30 29 12
30 30 30 577
30 30 31 43
30 31 29 4
30 31 30 151
30 31 31 39
31 30 28 3
31 30 29 2
31 30 30 3
31 30 31 1
31 31 29 1
