32
0 0 0 4
0 1 0 2
1 0 0 2
1 1 0 6
1 1 1 1
1 2 0 2
1 2 1 19
2 1 0 3
2 1 1 3
2 1 2 1
2 2 0 2
2 2 1 39
2 2 2 15
2 3 0 1
2 3 1 8
2 3 2 105
2 3 3 1
2 4 5 1
3 2 0 6
3 2 1 4
3 2 2 4
3 3 0 1
3 3 1 4
3 3 2 170
3 3 3 43
3 3 4 1
3 4 2 13
3 4 3 128
3 4 4 5
3 9 15 1
3 11 17 1
3 12 18 1
4 3 1 1
4 3 2 2
4 3 3 3
4 3 4 1
4 4 0 1
4 4 2 2
4 4 3 45
4 4 4 72
4 5 3 2
4 5 4 186
4 5 5 11
4 5 6 1
4 6 4 1
4 6 5 17
4 6 6 1
4 10 14 1
4 10 15 1
4 11 16 3
5 4 4 6
5 4 5 1
5 5 3 3
5 5 4 19
5 5 5 19
5 5 6 5
5 6 4 4
5 6 5 34
5 6 6 11
5 7 6 1
5 10 13 1
5 10 14 1
5 12 17 1
6 5 4 4
6 5 5 7
6 5 6 2
6 6 4 3
6 6 5 6
6 6 6 7
6 6 7 2
6 7 6 1
6 9 10 1
6 10 14 1
6 11 14 1
6 11 15 1
6 12 16 1
6 13 17 1
7 6 4 2
7 6 6 1
7 7 4 2
7 7 5 3
7 7 6 3
7 7 7 5
7 7 8 1
7 8 5 1
7 8 7 4
7 9 9 1
7 9 10 2
7 11 15 1
7 12 16 2
7 13 18 1
8 6 2 1
8 6 3 1
8 7 3 1
8 7 4 1
8 7 5 6
8 7 6 2
8 7 7 1
8 7 9 1
8 8 5 2
8 8 6 18
8 8 7 7
8 8 8 13
8 8 9 2
8 9 5 1
8 9 8 8
8 9 9 1
8 10 5 1
8 10 10 1
8 11 13 3
8 11 15 1
8 12 16 1
9 7 3 1
9 7 4 1
9 8 4 1
9 8 6 10
9 8 7 6
9 8 8 3
9 8 9 2
9 9 6 3
9 9 7 9
9 9 8 17
9 9 9 10
9 9 10 2
9 9 11 2
9 10 9 6
9 10 10 1
9 11 6 1
9 11 10 2
9 11 11 1
9 11 14 1
9 12 10 1
9 12 15 3
9 13 15 1
10 6 7 1
10 8 4 2
10 8 5 2
10 9 5 1
10 9 7 3
10 9 8 6
10 9 9 4
10 9 10 2
10 10 7 2
10 10 8 6
10 10 9 8
10 10 10 5
10 10 11 5
10 11 6 3
10 11 8 1
10 11 9 2
10 11 10 3
10 11 11 1
10 11 12 2
10 12 11 2
10 12 13 1
10 13 9 1
10 13 16 1
11 6 7 1
11 8 3 1
11 8 4 1
11 9 7 1
11 9 9 1
11 9 11 1
11 10 8 12
11 10 9 4
11 10 10 3
11 10 12 1
11 11 8 3
11 11 9 4
11 11 10 13
11 11 11 4
11 11 12 1
11 12 8 1
11 12 11 10
11 12 12 1
11 12 14 1
11 13 10 1
11 13 11 1
11 13 12 1
11 13 14 1
12 8 4 1
12 9 6 1
12 9 10 1
12 10 9 3
12 10 11 1
12 10 13 1
12 11 7 1
12 11 8 1
12 11 9 5
12 11 10 3
12 11 11 4
12 11 12 2
12 11 13 1
12 12 9 8
12 12 10 9
12 12 11 17
12 12 12 8
12 12 13 2
12 13 10 1
12 13 12 19
12 13 13 1
12 13 15 1
12 13 16 1
12 14 12 2
12 14 14 1
12 15 17 1
13 6 8 1
13 8 8 1
13 8 9 4
13 9 4 1
13 9 5 1
13 10 5 5
13 10 9 1
13 10 10 1
13 10 11 2
13 11 5 1
13 11 6 2
13 11 8 1
13 11 9 2
13 11 10 1
13 11 11 2
13 12 9 1
13 12 10 13
13 12 11 7
13 12 12 6
13 13 10 5
13 13 11 17
13 13 12 29
13 13 13 25
13 13 15 1
13 14 10 1
13 14 11 3
13 14 12 2
13 14 13 19
13 14 14 9
13 15 14 4
13 15 15 1
13 15 17 1
13 16 18 1
13 16 19 1
14 7 8 1
14 8 8 1
14 9 4 1
14 9 10 1
14 9 11 1
14 10 6 2
14 10 9 1
14 10 10 5
14 11 6 2
14 11 7 8
14 11 8 1
14 11 9 3
14 11 10 2
14 11 11 1
14 12 7 2
14 12 8 2
14 12 9 5
14 12 10 6
14 12 11 3
14 12 12 2
14 12 14 1
14 13 10 1
14 13 11 18
14 13 12 14
14 13 13 8
14 13 14 2
14 14 10 1
14 14 11 3
14 14 12 13
14 14 13 15
14 14 14 19
14 14 15 1
14 15 12 1
14 15 13 2
14 15 14 15
14 15 15 4
14 15 16 1
14 16 15 1
14 16 17 1
14 16 18 3
14 16 19 3
14 17 16 1
15 6 9 1
15 10 3 1
15 10 4 44
15 10 5 3
15 10 10 3
15 10 11 2
15 11 4 2
15 11 5 2
15 11 6 10
15 11 7 7
15 11 8 1
15 11 13 1
15 12 6 9
15 12 7 16
15 12 8 74
15 12 9 23
15 12 10 2
15 12 11 1
15 13 8 7
15 13 9 10
15 13 10 7
15 13 11 8
15 13 12 52
15 13 13 8
15 13 15 1
15 14 11 3
15 14 12 35
15 14 13 30
15 14 14 6
15 14 15 1
15 14 16 1
15 15 12 6
15 15 13 17
15 15 14 31
15 15 15 19
15 15 16 2
15 16 13 1
15 16 14 2
15 16 15 9
15 16 16 1
15 17 15 1
15 17 19 1
15 18 20 1
16 7 10 1
16 8 10 2
16 9 11 1
16 10 3 2
16 10 4 60
16 11 4 84
16 11 5 11
16 11 6 4
16 12 5 8
16 12 6 52
16 12 7 20
16 12 8 1
16 12 9 1
16 13 7 2
16 13 8 5
16 13 9 18
16 13 10 8
16 13 11 1
16 13 14 1
16 14 10 3
16 14 11 7
16 14 12 11
16 14 13 10
16 14 14 4
16 14 15 1
16 14 16 1
16 15 12 4
16 15 13 4
16 15 14 14
16 15 15 8
16 16 13 6
16 16 14 18
16 16 15 41
16 16 16 16
16 16 17 1
16 17 13 1
16 17 15 3
16 17 16 15
16 17 17 5
16 17 18 2
16 17 19 1
16 18 16 1
16 18 17 2
16 18 20 2
16 19 21 3
17 11 4 9
17 12 4 5
17 12 5 16
17 12 6 4
17 12 7 7
17 13 7 6
17 13 8 7
17 13 9 1
17 13 15 1
17 14 9 2
17 14 11 6
17 15 10 1
17 15 11 2
17 15 12 6
17 15 13 6
17 15 15 4
17 16 12 1
17 16 13 6
17 16 14 13
17 16 15 21
17 16 16 6
17 16 17 1
17 17 14 10
17 17 15 17
17 17 16 28
17 17 17 21
17 17 18 4
17 18 14 1
17 18 16 1
17 18 17 13
17 18 18 10
17 18 19 3
17 18 20 2
17 18 21 1
17 19 18 4
17 19 20 2
17 19 21 4
17 20 22 1
18 6 9 1
18 8 11 2
18 13 8 1
18 14 9 4
18 14 10 1
18 15 10 1
18 15 11 2
18 15 12 1
18 15 14 1
18 16 13 4
18 16 14 3
18 17 13 2
18 17 14 4
18 17 15 30
18 17 16 14
18 17 17 3
18 17 18 4
18 18 15 4
18 18 16 15
18 18 17 15
18 18 18 9
18 18 19 3
18 19 16 1
18 19 17 2
18 19 18 21
18 19 19 6
18 19 20 1
18 20 19 2
18 20 20 1
18 20 22 1
18 21 23 2
19 15 10 2
19 15 11 4
19 16 11 1
19 16 12 5
19 17 12 1
19 17 13 2
19 17 14 6
19 17 15 9
19 18 13 1
19 18 14 1
19 18 15 1
19 18 16 21
19 18 17 21
19 18 18 5
19 18 19 2
19 18 20 1
19 19 15 1
19 19 16 4
19 19 17 15
19 19 18 6
19 19 19 12
19 19 20 5
19 19 21 1
19 20 17 1
19 20 18 5
19 20 19 15
19 20 20 12
19 20 21 1
19 20 22 2
19 21 20 2
19 21 21 2
19 21 22 1
19 22 24 1
20 16 11 1
20 16 12 1
20 17 12 2
20 17 13 4
20 17 14 4
20 17 15 2
20 18 14 2
20 18 15 8
20 18 16 2
20 18 17 2
20 18 20 1
20 18 21 1
20 19 11 1
20 19 12 1
20 19 13 1
20 19 16 7
20 19 17 39
20 19 18 12
20 19 19 2
20 19 20 2
20 19 22 1
20 20 11 1
20 20 15 1
20 20 17 16
20 20 18 22
20 20 19 8
20 20 20 8
20 20 21 3
20 21 19 1
20 21 20 16
20 21 21 16
20 21 22 2
20 22 21 4
20 22 22 2
20 22 23 1
20 22 25 1
21 18 14 1
21 18 15 5
21 18 16 1
21 18 17 1
21 19 15 3
21 19 16 16
21 19 17 8
21 19 18 1
21 19 22 1
21 20 10 1
21 20 16 1
21 20 17 16
21 20 18 31
21 20 19 4
21 20 20 4
21 20 21 1
21 21 14 1
21 21 17 1
21 21 18 19
21 21 19 13
21 21 20 8
21 21 21 13
21 21 22 3
21 22 20 1
21 22 21 18
21 22 22 21
21 22 23 5
21 22 24 1
21 23 22 4
21 23 24 2
21 23 25 1
21 24 27 2
21 25 27 1
22 19 16 1
22 20 17 9
22 20 18 3
22 20 19 1
22 21 11 1
22 21 12 3
22 21 13 3
22 21 14 2
22 21 15 1
22 21 17 2
22 21 18 29
22 21 19 46
22 21 20 8
22 21 21 6
22 21 22 2
22 22 18 1
22 22 19 28
22 22 20 49
22 22 21 19
22 22 22 25
22 22 23 3
22 22 24 2
22 23 20 1
22 23 21 3
22 23 22 21
22 23 23 23
22 23 24 7
22 23 25 2
22 23 26 3
22 24 22 1
22 24 23 3
22 24 26 4
22 24 27 2
22 25 27 8
22 25 28 37
22 26 28 2
22 26 29 1
23 21 18 10
23 21 19 10
23 21 20 3
23 22 13 1
23 22 15 1
23 22 16 1
23 22 19 21
23 22 20 21
23 22 21 19
23 22 23 1
23 23 20 3
23 23 21 39
23 23 22 47
23 23 23 54
23 23 24 5
23 23 25 1
23 23 26 1
23 24 22 1
23 24 23 125
23 24 24 102
23 24 25 24
23 24 26 3
23 24 27 1
23 25 24 13
23 25 25 41
23 25 26 2
23 25 27 25
23 25 28 66
23 26 27 2
23 26 28 35
23 26 29 57
23 27 29 24
23 27 30 1
24 18 18 1
24 19 18 1
24 21 17 1
24 22 13 1
24 22 19 13
24 22 20 18
24 22 21 2
24 23 11 2
24 23 14 2
24 23 15 1
24 23 17 1
24 23 20 9
24 23 21 82
24 23 22 31
24 23 23 7
24 23 24 1
24 24 16 1
24 24 20 1
24 24 21 10
24 24 22 61
24 24 23 128
24 24 24 84
24 24 25 15
24 24 26 1
24 25 23 6
24 25 24 96
24 25 25 129
24 25 26 43
24 25 27 16
24 25 28 6
24 26 24 2
24 26 25 1
24 26 26 21
24 26 27 9
24 26 28 79
24 26 29 19
24 27 27 1
24 27 29 7
24 27 30 5
25 19 19 1
25 22 22 1
25 23 21 26
25 23 22 25
25 23 23 1
25 24 12 1
25 24 13 1
25 24 15 1
25 24 16 1
25 24 19 1
25 24 20 3
25 24 21 13
25 24 22 251
25 24 23 71
25 24 24 9
25 24 25 1
25 25 16 2
25 25 21 1
25 25 22 26
25 25 23 143
25 25 24 251
25 25 25 113
25 25 26 5
25 26 24 8
25 26 25 124
25 26 26 42
25 26 27 19
25 26 28 78
25 26 29 3
25 27 26 1
25 27 27 24
25 27 28 137
25 27 29 85
25 27 30 4
25 28 30 2
26 21 21 1
26 22 20 1
26 24 14 1
26 24 21 2
26 24 22 35
26 24 23 15
26 25 16 2
26 25 17 1
26 25 22 24
26 25 23 222
26 25 24 144
26 25 25 6
26 25 26 1
26 26 14 1
26 26 18 1
26 26 19 1
26 26 23 18
26 26 24 249
26 26 25 350
26 26 26 100
26 26 27 8
26 26 28 1
26 27 25 1
26 27 26 16
26 27 27 51
26 27 28 4
26 27 29 4
26 28 28 7
26 28 29 5
26 28 30 1
27 25 23 6
27 25 24 1
27 26 17 1
27 26 23 1
27 26 24 94
27 26 25 61
27 26 26 12
27 27 17 1
27 27 18 1
27 27 22 1
27 27 25 193
27 27 26 45
27 27 27 27
27 27 28 10
27 27 29 2
27 28 26 2
27 28 27 4
27 28 28 26
27 28 29 4
27 29 29 12
27 29 30 1
28 27 24 1
28 27 25 46
28 27 26 122
28 27 27 15
28 28 19 1
28 28 23 1
28 28 24 1
28 28 25 1
28 28 26 258
28 28 27 55
28 28 28 18
28 28 29 30
28 29 22 1
28 29 27 1
28 29 28 2
28 29 29 121
28 29 30 45
28 30 30 27
29 27 25 3
29 28 26 26
29 28 27 79
29 28 28 5
29 29 21 1
29 29 26 1
29 29 27 75
29 29 28 18
29 29 29 11
29 29 30 15
29 30 29 1
29 30 30 37
29 31 30 2
29 31 31 13
30 28 25 1
30 29 26 5
30 29 27 9
30 29 28 31
30 30 27 1
30 30 28 15
30 30 29 15
30 30 30 240
30 30 31 8
30 31 28 1
30 31 29 13
30 31 30 71
30 31 31 6
31 30 28 1
31 30 29 4
31 30 30 5
31 30 31 1
31 31 29 2
