32
0 0 0 5
0 1 0 4
0 1 1 2
1 1 0 14
1 1 1 10
1 1 2 1
1 2 1 70
1 2 2 3
2 1 1 1
2 2 1 46
2 2 2 54
2 3 1 1
2 3 2 128
2 3 3 1
2 8 13 2
3 2 2 2
3 3 2 109
3 3 3 56
3 3 4 1
3 4 3 138
3 4 4 9
3 5 4 2
3 6 4 1
3 8 11 1
3 8 12 1
3 10 15 1
3 11 16 4
4 3 2 1
4 3 3 2
4 4 2 2
4 4 3 32
4 4 4 84
4 5 4 155
4 5 5 11
4 6 3 1
4 6 4 8
4 6 5 30
4 6 6 1
4 7 5 1
4 7 8 1
4 7 10 1
4 8 10 1
4 8 11 1
4 8 12 1
4 9 13 1
4 10 13 1
4 10 14 1
4 11 15 2
4 12 16 2
5 4 2 2
5 4 3 2
5 4 4 2
5 5 4 9
5 5 5 24
5 5 6 1
5 6 4 8
5 6 5 39
5 6 6 23
5 7 4 1
5 7 5 1
5 7 6 4
5 8 8 1
5 9 12 1
5 10 13 1
5 10 15 1
5 11 15 2
5 12 17 1
6 5 3 4
6 5 5 4
6 5 6 3
6 6 4 2
6 6 5 22
6 6 6 18
6 6 7 1
6 7 5 5
6 7 6 13
6 7 7 5
6 8 6 2
6 8 7 4
6 9 11 1
6 10 13 2
6 11 14 1
6 11 15 1
6 12 14 1
7 4 2 5
7 5 2 10
7 5 3 16
7 5 4 6
7 6 3 1
7 6 4 1
7 6 5 1
7 6 6 3
7 7 5 4
7 7 6 21
7 7 7 9
7 7 8 1
7 8 6 11
7 8 7 20
7 8 8 2
7 9 10 1
7 10 13 2
7 11 13 1
7 12 16 1
8 5 2 85
8 5 3 52
8 5 5 1
8 6 3 21
8 6 4 54
8 6 5 4
8 7 5 7
8 8 6 7
8 8 7 49
8 8 8 16
8 8 9 2
8 8 11 1
8 9 7 6
8 9 8 35
8 9 9 4
8 9 10 1
8 9 11 1
8 10 7 2
8 10 9 4
8 11 15 1
8 12 14 1
9 4 5 1
9 5 3 7
9 5 6 1
9 6 3 19
9 6 4 3
9 6 7 1
9 7 4 1
9 7 5 6
9 7 6 5
9 8 5 2
9 8 6 2
9 8 7 2
9 8 8 1
9 9 7 5
9 9 8 66
9 9 9 15
9 9 10 2
9 10 8 9
9 10 9 27
9 10 10 5
9 10 11 1
9 11 9 4
9 11 10 6
9 11 11 2
10 5 6 1
10 5 7 3
10 6 3 5
10 6 4 1
10 6 7 4
10 7 3 1
10 7 4 21
10 7 5 3
10 8 5 2
10 8 6 6
10 8 7 3
10 8 8 1
10 8 9 1
10 9 6 1
10 9 7 2
10 9 8 8
10 9 11 1
10 10 8 7
10 10 9 56
10 10 10 16
10 11 9 12
10 11 10 26
10 11 11 3
10 12 9 1
10 12 11 4
10 13 10 1
11 4 6 1
11 5 7 2
11 6 7 3
11 7 4 7
11 7 7 1
11 7 8 3
11 8 4 2
11 8 5 1
11 8 6 1
11 8 7 1
11 8 9 1
11 9 5 2
11 9 6 4
11 9 7 7
11 9 8 1
11 9 11 1
11 10 8 7
11 10 9 8
11 10 10 2
11 10 12 1
11 11 9 6
11 11 10 54
11 11 11 19
11 11 12 1
11 12 10 9
11 12 11 37
11 12 12 5
12 5 7 1
12 5 8 2
12 6 7 1
12 6 8 2
12 7 9 1
12 8 5 1
12 9 5 4
12 9 6 6
12 9 7 2
12 9 10 1
12 9 11 1
12 10 6 2
12 10 7 4
12 10 8 7
12 10 9 1
12 10 10 4
12 10 11 4
12 11 9 3
12 11 10 10
12 11 11 2
12 11 12 1
12 12 10 6
12 12 11 67
12 12 12 13
12 12 13 2
12 13 11 4
12 13 12 49
12 13 13 8
12 13 14 1
12 14 13 3
13 5 8 1
13 6 8 1
13 9 6 1
13 9 9 1
13 10 6 15
13 10 7 22
13 10 8 1
13 10 12 1
13 11 7 17
13 11 8 3
13 11 9 5
13 11 10 2
13 11 11 2
13 12 10 4
13 12 11 8
13 12 12 5
13 13 11 7
13 13 12 96
13 13 13 67
13 14 12 5
13 14 13 48
13 14 14 6
13 15 13 2
13 15 14 3
14 10 7 1
14 11 7 3
14 11 8 23
14 11 9 2
14 11 11 1
14 12 8 12
14 12 9 3
14 12 10 2
14 12 11 1
14 13 10 2
14 13 11 2
14 13 12 10
14 13 13 17
14 14 12 5
14 14 13 149
14 14 14 45
14 14 15 3
14 15 13 12
14 15 14 49
14 15 15 10
14 16 14 1
14 16 16 1
15 5 8 1
15 5 9 1
15 10 11 1
15 12 8 32
15 12 9 22
15 13 9 5
15 13 10 11
15 13 11 3
15 13 12 4
15 13 13 2
15 14 10 2
15 14 11 3
15 14 12 4
15 14 13 15
15 14 14 13
15 14 15 1
15 15 11 1
15 15 12 1
15 15 13 6
15 15 14 120
15 15 15 48
15 15 16 2
15 16 14 15
15 16 15 96
15 16 16 7
15 16 17 1
15 17 17 1
16 12 9 1
16 13 9 1
16 13 10 2
16 13 13 1
16 14 10 5
16 14 11 2
16 14 12 4
16 14 13 1
16 14 14 2
16 14 15 1
16 15 12 2
16 15 13 16
16 15 14 32
16 15 15 8
16 16 14 64
16 16 15 145
16 16 16 32
16 17 15 12
16 17 16 120
16 17 17 8
16 18 17 3
17 14 10 1
17 14 11 2
17 15 11 1
17 15 12 3
17 15 13 4
17 15 14 3
17 15 15 2
17 16 13 3
17 16 14 9
17 16 15 10
17 16 16 2
17 16 17 1
17 17 12 2
17 17 15 14
17 17 16 116
17 17 17 72
17 17 18 1
17 18 16 5
17 18 17 98
17 18 18 8
17 18 19 2
17 19 17 1
17 19 18 1
18 15 11 1
18 15 12 3
18 16 13 1
18 16 14 3
18 16 15 1
18 17 13 1
18 17 14 2
18 17 15 5
18 17 16 8
18 17 17 1
18 17 18 2
18 17 19 1
18 18 12 1
18 18 14 1
18 18 16 10
18 18 17 113
18 18 18 48
18 18 19 1
18 19 17 13
18 19 18 174
18 19 19 17
18 20 19 1
19 16 13 2
19 17 13 1
19 17 14 5
19 17 15 5
19 17 16 1
19 18 10 1
19 18 12 2
19 18 13 1
19 18 15 4
19 18 16 6
19 18 17 6
19 18 18 4
19 19 11 1
19 19 13 1
19 19 17 11
19 19 18 184
19 19 19 41
19 19 20 6
19 20 18 20
19 20 19 281
19 20 20 8
19 20 21 1
19 21 19 1
19 21 20 7
20 18 10 1
20 18 15 3
20 18 16 2
20 19 10 1
20 19 11 1
20 19 14 1
20 19 17 2
20 19 18 5
20 19 19 3
20 20 18 5
20 20 19 59
20 20 20 33
20 20 21 4
20 21 19 11
20 21 20 253
20 21 21 39
20 22 21 10
21 19 16 5
21 19 17 2
21 19 19 1
21 20 12 1
21 20 14 2
21 20 17 1
21 20 18 3
21 20 19 3
21 21 12 1
21 21 13 1
21 21 19 1
21 21 20 47
21 21 21 33
21 21 22 9
21 22 20 1
21 22 21 152
21 22 22 135
21 22 23 3
21 23 22 9
22 20 10 1
22 20 17 5
22 20 18 5
22 20 19 1
22 20 20 1
22 21 13 1
22 21 14 1
22 21 18 6
22 21 19 5
22 21 20 2
22 21 21 1
22 22 16 1
22 22 20 2
22 22 21 30
22 22 22 106
22 22 23 15
22 23 22 377
22 23 23 130
22 23 24 7
22 24 22 1
22 24 23 17
22 24 24 5
23 20 17 18
23 20 18 2
23 21 10 1
23 21 17 16
23 21 18 65
23 21 19 19
23 21 20 1
23 22 12 1
23 22 13 1
23 22 14 1
23 22 18 1
23 22 19 5
23 22 20 6
23 22 22 3
23 23 18 1
23 23 21 1
23 23 22 31
23 23 23 189
23 23 24 10
23 24 23 117
23 24 24 194
23 24 25 15
23 25 24 10
23 25 25 7
24 21 13 1
24 21 17 10
24 21 18 20
24 21 19 1
24 22 16 1
24 22 18 1
24 22 19 11
24 22 20 29
24 23 11 1
24 23 13 3
24 23 17 1
24 23 20 5
24 23 21 3
24 23 22 2
24 23 23 2
24 24 15 1
24 24 22 3
24 24 23 8
24 24 24 124
24 24 25 11
24 25 24 128
24 25 25 306
24 25 26 20
24 26 25 4
24 26 26 7
25 18 14 1
25 23 12 1
25 23 20 4
25 23 21 19
25 23 22 5
25 23 23 1
25 24 13 2
25 24 14 1
25 24 19 1
25 24 21 1
25 24 22 23
25 24 23 5
25 24 24 3
25 24 25 1
25 25 16 2
25 25 23 5
25 25 24 11
25 25 25 142
25 25 26 17
25 26 25 30
25 26 26 108
25 26 27 5
25 27 27 7
26 24 22 36
26 24 23 7
26 25 13 1
26 25 14 3
26 25 22 5
26 25 23 29
26 25 24 4
26 25 25 3
26 26 14 1
26 26 15 1
26 26 16 1
26 26 17 3
26 26 19 1
26 26 23 1
26 26 24 4
26 26 25 5
26 26 26 49
26 26 27 17
26 27 26 17
26 27 27 49
26 27 28 12
26 28 27 2
26 28 28 11
27 25 13 1
27 25 23 25
27 25 24 5
27 26 15 2
27 26 17 1
27 26 18 2
27 26 22 1
27 26 23 6
27 26 24 9
27 26 25 1
27 26 26 4
27 26 27 1
27 27 25 1
27 27 26 2
27 27 27 34
27 27 28 11
27 28 27 4
27 28 28 32
27 28 29 11
27 29 28 2
28 26 24 11
28 26 25 1
28 26 26 1
28 27 22 1
28 27 24 3
28 27 25 2
28 27 26 2
28 28 19 1
28 28 26 2
28 28 27 5
28 28 28 25
28 28 29 14
28 29 28 12
28 29 29 69
28 29 30 14
28 30 30 2
29 27 24 2
29 27 25 7
29 27 26 1
29 27 27 1
29 28 18 1
29 28 25 1
29 28 26 3
29 28 27 2
29 28 28 3
29 29 20 1
29 29 26 1
29 29 27 1
29 29 28 4
29 29 29 41
29 29 30 59
29 30 29 16
29 30 30 211
29 30 31 2
29 31 30 1
29 31 31 1
30 28 26 2
30 29 22 1
30 29 26 3
30 29 27 10
30 29 28 2
30 29 29 1
30 29 30 1
30 30 27 6
30 30 28 11
30 30 29 18
30 30 30 665
30 30 31 40
30 31 29 4
30 31 30 249
30 31 31 38
31 30 28 3
31 30 29 2
31 30 30 4
31 30 31 1
31 31 29 1
