32
0 0 0 6
0 1 0 2
0 1 1 1
1 0 0 1
1 1 0 10
1 1 1 10
1 1 2 1
1 2 1 54
1 2 2 1
2 2 1 37
2 2 2 71
2 2 3 1
2 3 2 120
2 3 3 1
2 7 11 1
2 8 11 1
2 8 12 1
3 2 2 1
3 3 2 105
3 3 3 50
3 4 2 1
3 4 3 140
3 4 4 8
3 5 4 1
3 8 10 1
3 8 11 1
3 10 15 3
3 11 15 2
4 3 2 3
4 3 3 2
4 4 2 1
4 4 3 29
4 4 4 82
4 5 3 1
4 5 4 147
4 5 5 16
4 6 3 2
4 6 4 6
4 6 5 10
4 6 6 1
4 7 4 1
4 7 5 1
4 7 6 1
4 8 11 1
4 10 13 1
4 10 14 1
5 4 2 1
5 4 3 2
5 4 4 2
5 5 4 16
5 5 5 20
5 5 6 3
5 6 4 7
5 6 5 56
5 6 6 13
5 7 4 2
5 7 7 1
5 7 8 1
5 7 10 1
5 8 10 1
5 8 11 2
5 9 10 1
5 9 12 1
5 9 13 1
5 10 11 1
5 10 14 2
5 11 12 1
5 11 14 2
5 11 15 1
6 5 3 5
6 5 5 5
6 5 6 1
6 6 4 1
6 6 5 17
6 6 6 14
6 6 7 3
6 7 5 4
6 7 6 16
6 7 7 2
6 8 7 1
6 10 11 1
6 10 13 3
6 11 14 2
6 11 15 3
7 4 2 3
7 4 3 1
7 5 2 3
7 5 3 13
7 5 4 6
7 6 4 1
7 6 5 1
7 6 6 2
7 7 5 2
7 7 6 28
7 7 7 9
7 8 6 5
7 8 7 24
7 8 8 9
7 8 10 1
7 9 8 1
7 10 10 1
7 10 13 2
7 11 15 1
8 5 2 70
8 5 3 63
8 5 4 2
8 6 3 8
8 6 4 61
8 6 5 2
8 7 4 1
8 7 5 7
8 7 6 1
8 7 7 1
8 7 8 1
8 8 6 2
8 8 7 37
8 8 8 19
8 8 10 1
8 9 7 9
8 9 8 24
8 9 9 4
8 10 8 1
8 10 9 4
8 10 10 1
8 11 8 1
8 14 17 1
9 4 5 1
9 5 3 7
9 5 6 1
9 5 7 1
9 6 3 19
9 6 4 7
9 6 5 1
9 6 7 2
9 7 4 2
9 7 5 20
9 8 5 2
9 8 6 3
9 8 7 4
9 8 8 1
9 9 8 52
9 9 9 13
9 9 10 2
9 10 8 16
9 10 9 35
9 10 10 9
9 10 11 1
9 11 10 2
9 11 11 2
9 12 9 1
10 4 7 1
10 5 6 1
10 5 7 3
10 6 3 4
10 6 4 2
10 6 7 1
10 7 3 1
10 7 4 21
10 7 5 2
10 7 8 1
10 8 5 3
10 8 6 3
10 8 8 1
10 9 7 1
10 9 8 2
10 9 9 2
10 9 10 2
10 10 8 2
10 10 9 74
10 10 10 15
10 11 9 15
10 11 10 41
10 11 11 4
10 12 11 1
11 4 7 3
11 5 7 1
11 5 8 1
11 6 7 2
11 7 4 5
11 7 5 1
11 7 8 3
11 8 4 3
11 8 5 2
11 8 6 1
11 8 9 1
11 9 5 1
11 9 6 3
11 9 7 7
11 9 8 1
11 9 9 2
11 9 10 2
11 10 8 5
11 10 9 8
11 10 10 2
11 11 9 5
11 11 10 73
11 11 11 15
11 11 12 1
11 12 10 13
11 12 11 42
11 12 12 7
11 13 11 1
11 13 12 3
11 15 17 1
12 5 7 1
12 6 7 2
12 6 8 1
12 8 9 1
12 8 10 1
12 9 5 6
12 9 6 2
12 10 6 3
12 10 7 3
12 10 8 1
12 10 9 2
12 10 10 2
12 10 11 2
12 11 8 1
12 11 9 2
12 11 10 5
12 11 11 3
12 11 12 1
12 11 13 1
12 12 9 1
12 12 10 7
12 12 11 90
12 12 12 16
12 12 13 1
12 13 11 20
12 13 12 51
12 13 13 8
13 5 8 1
13 9 6 1
13 10 6 14
13 10 7 13
13 10 8 1
13 10 11 1
13 11 7 19
13 11 8 6
13 11 9 3
13 11 11 1
13 12 9 1
13 12 10 4
13 12 11 7
13 12 12 4
13 12 13 1
13 13 11 7
13 13 12 124
13 13 13 71
13 13 14 1
13 14 12 4
13 14 13 58
13 14 14 7
13 15 13 4
13 15 14 1
14 5 8 1
14 6 9 1
14 10 7 1
14 11 7 7
14 11 8 26
14 11 12 1
14 12 8 9
14 12 9 3
14 12 10 1
14 12 11 1
14 12 12 1
14 13 10 2
14 13 11 6
14 13 12 12
14 13 13 14
14 13 14 1
14 14 11 2
14 14 12 2
14 14 13 131
14 14 14 65
14 14 15 1
14 15 13 12
14 15 14 51
14 15 15 8
14 16 14 2
14 16 15 3
14 16 16 1
15 6 9 1
15 11 8 2
15 12 8 24
15 12 9 20
15 12 12 1
15 12 13 1
15 13 9 6
15 13 10 7
15 13 11 6
15 13 12 2
15 13 13 2
15 14 11 1
15 14 12 8
15 14 13 11
15 14 14 3
15 15 13 6
15 15 14 121
15 15 15 44
15 15 16 1
15 16 14 11
15 16 15 137
15 16 16 6
15 17 15 2
16 13 9 1
16 13 10 7
16 14 10 3
16 14 11 4
16 14 12 2
16 14 13 1
16 14 14 4
16 15 12 1
16 15 13 5
16 15 14 28
16 15 15 5
16 15 16 1
16 16 6 1
16 16 13 2
16 16 14 31
16 16 15 180
16 16 16 50
16 16 17 4
16 17 14 1
16 17 15 4
16 17 16 131
16 17 17 13
16 18 16 1
16 18 17 2
17 14 10 1
17 14 11 7
17 15 12 4
17 15 13 9
17 15 14 1
17 15 15 1
17 16 13 4
17 16 14 4
17 16 15 5
17 16 16 1
17 16 17 2
17 17 12 1
17 17 14 1
17 17 15 16
17 17 16 139
17 17 17 70
17 17 18 1
17 18 16 3
17 18 17 149
17 18 18 6
17 18 19 2
17 19 18 1
18 15 12 1
18 16 12 5
18 16 13 2
18 16 14 3
18 16 15 1
18 17 12 1
18 17 14 2
18 17 15 3
18 17 16 10
18 17 17 5
18 18 11 1
18 18 16 7
18 18 17 133
18 18 18 51
18 18 19 4
18 19 17 8
18 19 18 221
18 19 19 13
18 20 18 1
18 20 19 2
18 20 20 1
19 17 13 1
19 17 14 7
19 17 15 1
19 17 16 1
19 18 16 6
19 18 17 16
19 18 18 6
19 19 10 1
19 19 11 1
19 19 17 9
19 19 18 202
19 19 19 68
19 19 20 4
19 20 18 14
19 20 19 353
19 20 20 11
19 21 19 1
19 21 20 5
20 18 15 3
20 18 16 2
20 18 17 3
20 19 11 1
20 19 12 2
20 19 13 1
20 19 17 4
20 19 18 5
20 20 13 1
20 20 15 2
20 20 18 7
20 20 19 81
20 20 20 28
20 20 21 1
20 21 19 7
20 21 20 308
20 21 21 30
20 22 21 19
20 22 22 4
20 23 22 1
21 18 18 1
21 19 16 4
21 19 17 1
21 19 18 1
21 20 12 1
21 20 14 1
21 20 17 4
21 20 18 5
21 20 19 4
21 20 20 4
21 21 19 2
21 21 20 31
21 21 21 24
21 21 22 16
21 22 21 169
21 22 22 129
21 22 23 2
21 23 22 15
22 20 17 5
22 20 18 5
22 20 19 1
22 20 20 1
22 21 17 1
22 21 18 9
22 21 19 7
22 21 20 5
22 21 21 2
22 22 14 1
22 22 19 1
22 22 20 1
22 22 21 34
22 22 22 110
22 22 23 15
22 23 22 329
22 23 23 132
22 23 24 9
22 24 23 14
22 24 24 7
23 20 17 27
23 20 18 3
23 21 17 24
23 21 18 50
23 21 19 9
23 21 22 1
23 22 12 1
23 22 14 2
23 22 17 1
23 22 18 1
23 22 19 11
23 22 20 6
23 22 22 4
23 22 23 1
23 23 14 1
23 23 17 1
23 23 21 3
23 23 22 26
23 23 23 160
23 23 24 7
23 24 23 121
23 24 24 184
23 24 25 15
23 25 24 12
23 25 25 5
24 21 17 6
24 21 18 10
24 22 18 1
24 22 19 7
24 22 20 19
24 22 21 3
24 23 15 1
24 23 20 8
24 23 21 7
24 23 22 4
24 23 23 3
24 24 19 1
24 24 22 1
24 24 23 9
24 24 24 117
24 24 25 13
24 25 24 128
24 25 25 295
24 25 26 12
24 26 25 9
24 26 26 7
25 23 13 1
25 23 20 9
25 23 21 17
25 23 22 4
25 23 24 1
25 24 15 1
25 24 16 1
25 24 21 1
25 24 22 18
25 24 23 7
25 24 24 1
25 24 25 1
25 25 13 1
25 25 23 4
25 25 24 2
25 25 25 125
25 25 26 19
25 26 25 42
25 26 26 94
25 26 27 2
25 27 26 1
25 27 27 6
25 28 27 2
26 24 21 1
26 24 22 42
26 24 23 2
26 25 14 1
26 25 16 1
26 25 22 2
26 25 23 22
26 25 24 4
26 25 25 1
26 25 26 2
26 26 16 1
26 26 17 2
26 26 18 1
26 26 20 2
26 26 25 4
26 26 26 50
26 26 27 18
26 27 26 24
26 27 27 53
26 27 28 9
26 28 28 7
27 25 22 1
27 25 23 21
27 25 24 3
27 26 15 2
27 26 16 1
27 26 17 2
27 26 23 4
27 26 24 7
27 26 25 2
27 26 27 1
27 27 21 2
27 27 25 1
27 27 26 9
27 27 27 35
27 27 28 10
27 28 27 8
27 28 28 33
27 28 29 6
27 30 29 1
28 26 24 9
28 26 26 1
28 27 19 1
28 27 22 1
28 27 25 3
28 27 26 2
28 27 27 1
28 28 24 3
28 28 27 5
28 28 28 24
28 28 29 13
28 29 28 7
28 29 29 49
28 29 30 27
28 30 30 2
29 27 24 4
29 27 25 8
29 27 27 1
29 28 25 2
29 28 26 1
29 28 27 1
29 28 28 1
29 28 29 1
29 29 20 1
29 29 27 3
29 29 28 5
29 29 29 63
29 29 30 47
29 30 22 1
29 30 29 20
29 30 30 242
29 30 31 5
29 31 30 5
30 28 25 1
30 29 26 7
30 29 27 5
30 29 29 2
30 29 30 2
30 30 22 1
30 30 27 5
30 30 28 19
30 30 29 15
30 30 30 631
30 30 31 58
30 31 29 14
30 31 30 249
30 31 31 44
31 30 28 3
31 30 29 1
31 30 30 3
31 30 31 2
31 31 28 1
31 31 29 4
