32
0 0 0 4
0 1 0 1
1 0 0 1
1 1 0 4
1 1 1 2
1 2 0 1
1 2 1 27
2 1 0 2
2 1 1 2
2 1 2 1
2 2 0 1
2 2 1 26
2 2 2 22
2 2 3 1
2 3 2 142
2 4 2 1
3 2 0 4
3 2 1 5
3 2 3 1
3 3 1 3
3 3 2 165
3 3 3 45
3 3 4 1
3 4 2 8
3 4 3 144
3 4 4 5
3 4 5 1
3 5 4 2
3 5 6 1
3 10 15 1
3 11 17 1
3 12 18 1
4 3 1 1
4 3 3 2
4 4 2 9
4 4 3 50
4 4 4 88
4 4 5 2
4 5 3 2
4 5 4 161
4 5 5 22
4 5 6 3
4 6 4 3
4 6 5 7
4 6 7 2
4 10 15 1
4 11 16 2
5 4 2 2
5 4 3 1
5 4 4 6
5 4 5 1
5 5 3 2
5 5 4 19
5 5 5 25
5 5 6 3
5 6 4 1
5 6 5 23
5 6 6 5
5 7 5 1
5 7 6 3
5 10 14 1
5 12 17 2
6 4 2 1
6 5 4 4
6 5 5 3
6 5 6 1
6 6 4 3
6 6 5 1
6 6 6 6
6 7 6 6
6 7 7 3
6 9 10 1
6 10 13 1
6 10 14 1
6 10 15 1
6 12 15 1
6 12 16 1
7 5 2 1
7 6 4 1
7 6 5 1
7 6 7 1
7 7 5 3
7 7 6 5
7 7 7 4
7 7 8 4
7 8 5 2
7 8 6 2
7 8 7 5
7 8 8 2
7 8 9 1
7 9 4 1
7 9 8 3
7 9 10 1
7 11 14 1
7 11 15 1
7 12 15 1
8 6 3 1
8 7 5 4
8 7 6 2
8 7 7 4
8 8 5 6
8 8 6 11
8 8 7 5
8 8 8 6
8 8 9 2
8 9 8 8
8 9 9 5
8 10 9 2
8 10 10 1
8 10 12 1
8 10 13 1
8 11 9 1
8 11 11 1
8 11 14 1
8 12 16 1
8 13 16 1
8 13 17 1
9 7 3 3
9 8 5 1
9 8 6 10
9 8 7 6
9 8 8 2
9 9 6 2
9 9 7 6
9 9 8 5
9 9 9 6
9 9 10 1
9 9 12 1
9 10 5 2
9 10 6 1
9 10 7 1
9 10 9 3
9 10 10 5
9 10 11 1
9 11 6 2
9 11 7 1
9 11 8 1
9 11 10 4
9 11 11 1
9 11 13 1
9 12 16 2
9 14 18 1
9 15 19 1
10 7 8 1
10 8 4 1
10 8 5 1
10 8 7 1
10 9 7 1
10 9 8 2
10 9 9 2
10 10 7 3
10 10 8 6
10 10 9 5
10 10 10 5
10 10 11 2
10 11 6 2
10 11 10 7
10 11 11 1
10 12 14 2
10 13 9 1
10 14 17 1
11 7 8 1
11 8 4 1
11 9 4 1
11 9 7 1
11 9 8 1
11 9 9 1
11 10 7 2
11 10 8 5
11 10 9 10
11 10 10 5
11 11 8 4
11 11 9 14
11 11 10 18
11 11 11 11
11 11 12 4
11 12 11 10
11 12 12 1
11 12 13 1
11 13 11 1
11 13 12 1
11 13 13 1
11 13 15 1
11 14 17 1
12 6 7 1
12 8 4 1
12 8 9 1
12 10 6 1
12 10 8 1
12 10 9 3
12 11 8 1
12 11 9 13
12 11 10 5
12 11 11 4
12 11 12 4
12 12 9 5
12 12 10 12
12 12 11 15
12 12 12 14
12 12 13 2
12 12 14 1
12 13 11 1
12 13 12 16
12 13 13 2
12 14 13 1
12 14 16 1
12 14 17 1
12 15 16 1
13 6 8 1
13 7 8 1
13 8 9 4
13 9 4 1
13 9 5 1
13 9 8 1
13 9 9 1
13 9 10 2
13 10 9 2
13 10 10 1
13 11 7 1
13 11 8 2
13 11 9 4
13 11 10 2
13 11 11 2
13 12 8 1
13 12 9 1
13 12 10 12
13 12 11 7
13 12 12 8
13 12 13 1
13 13 9 2
13 13 10 5
13 13 11 19
13 13 12 25
13 13 13 26
13 13 14 3
13 14 10 2
13 14 11 3
13 14 12 5
13 14 13 18
13 14 14 3
13 14 16 1
13 15 14 4
13 16 18 2
14 6 8 1
14 8 9 2
14 9 9 1
14 9 11 1
14 10 4 3
14 10 5 3
14 10 6 1
14 10 7 1
14 10 9 2
14 10 10 4
14 11 5 2
14 11 6 6
14 11 7 19
14 11 8 2
14 11 9 2
14 11 10 1
14 11 11 1
14 12 7 3
14 12 8 1
14 12 9 5
14 12 10 1
14 12 11 1
14 12 12 1
14 12 13 1
14 13 9 2
14 13 10 4
14 13 11 11
14 13 12 11
14 13 13 6
14 14 11 9
14 14 12 11
14 14 13 26
14 14 14 16
14 14 15 5
14 15 13 2
14 15 14 17
14 15 15 7
14 16 18 2
14 17 16 1
14 17 19 1
14 17 20 1
15 7 10 1
15 9 3 1
15 9 10 1
15 10 3 9
15 10 4 94
15 10 5 2
15 10 10 1
15 11 4 1
15 11 5 10
15 11 6 44
15 11 7 17
15 11 9 1
15 11 13 1
15 12 6 9
15 12 7 18
15 12 8 72
15 12 9 30
15 12 11 1
15 12 13 2
15 13 8 1
15 13 9 8
15 13 10 5
15 13 11 4
15 13 12 23
15 13 13 4
15 14 11 3
15 14 12 33
15 14 13 37
15 14 14 2
15 14 15 3
15 15 12 4
15 15 13 15
15 15 14 28
15 15 15 10
15 15 16 1
15 16 14 2
15 16 15 18
15 16 16 8
15 16 17 2
15 16 18 1
15 17 15 1
15 17 16 1
15 17 17 2
15 17 18 1
15 18 20 1
16 8 10 1
16 9 10 1
16 10 3 3
16 10 4 36
16 11 4 56
16 11 5 17
16 11 6 1
16 12 5 2
16 12 6 18
16 12 7 8
16 12 8 3
16 13 8 5
16 13 9 10
16 13 10 13
16 13 11 1
16 13 12 1
16 14 10 4
16 14 11 8
16 14 12 30
16 14 13 38
16 14 14 1
16 15 12 6
16 15 13 14
16 15 14 14
16 15 15 8
16 16 13 6
16 16 14 19
16 16 15 47
16 16 16 22
16 16 17 5
16 17 14 2
16 17 15 3
16 17 16 8
16 17 17 7
16 17 18 2
16 18 19 2
16 18 20 1
16 19 21 1
16 19 22 1
17 8 10 1
17 11 4 1
17 11 5 1
17 12 5 4
17 12 6 6
17 12 7 5
17 13 6 1
17 13 7 1
17 13 8 10
17 14 8 1
17 14 9 2
17 14 10 2
17 14 11 2
17 15 12 6
17 15 13 11
17 15 14 2
17 15 15 3
17 15 16 1
17 16 11 1
17 16 12 1
17 16 13 3
17 16 14 10
17 16 15 25
17 16 16 13
17 16 17 3
17 17 14 6
17 17 15 22
17 17 16 28
17 17 17 22
17 17 18 3
17 18 16 2
17 18 17 23
17 18 18 8
17 18 19 1
17 18 20 1
17 19 17 2
17 19 18 1
17 19 19 1
17 19 21 1
18 14 9 1
18 14 10 1
18 15 10 1
18 15 11 4
18 15 12 1
18 16 12 2
18 16 13 4
18 16 14 4
18 16 15 1
18 16 18 1
18 17 14 2
18 17 15 27
18 17 16 17
18 17 17 3
18 17 18 3
18 18 15 9
18 18 16 14
18 18 17 13
18 18 18 7
18 18 19 8
18 19 18 15
18 19 19 9
18 19 20 1
18 19 21 1
18 20 18 2
18 20 19 1
18 20 21 1
18 20 23 3
18 21 23 1
19 8 11 1
19 15 11 1
19 16 11 2
19 16 12 5
19 16 13 3
19 16 16 1
19 17 14 5
19 17 15 5
19 17 16 2
19 17 18 1
19 18 12 1
19 18 15 3
19 18 16 28
19 18 17 9
19 18 18 2
19 18 19 1
19 18 20 1
19 19 13 1
19 19 16 8
19 19 17 18
19 19 18 18
19 19 19 16
19 19 20 1
19 20 17 1
19 20 18 4
19 20 19 12
19 20 20 9
19 20 21 2
19 21 20 1
19 21 21 1
19 21 22 1
19 21 23 3
19 21 24 1
19 22 24 1
19 22 25 1
20 16 12 1
20 17 12 2
20 17 13 5
20 17 14 4
20 17 16 1
20 17 17 3
20 18 14 2
20 18 15 10
20 18 16 3
20 18 17 3
20 18 18 1
20 19 12 1
20 19 13 1
20 19 16 18
20 19 17 25
20 19 18 8
20 19 19 4
20 19 20 1
20 19 21 1
20 20 10 1
20 20 13 1
20 20 15 1
20 20 17 9
20 20 18 11
20 20 19 15
20 20 20 10
20 20 21 5
20 21 17 1
20 21 19 1
20 21 20 16
20 21 21 24
20 21 22 3
20 21 23 2
20 22 21 4
20 22 22 3
20 22 23 1
20 22 25 1
20 23 26 1
21 18 15 3
21 19 9 1
21 19 15 1
21 19 16 7
21 19 17 8
21 19 18 1
21 20 12 1
21 20 13 3
21 20 15 1
21 20 17 30
21 20 18 47
21 20 19 5
21 20 20 4
21 21 17 3
21 21 18 17
21 21 19 33
21 21 20 8
21 21 21 8
21 21 22 2
21 21 23 2
21 22 20 3
21 22 21 12
21 22 22 24
21 22 23 3
21 22 24 2
21 23 24 2
21 24 26 2
21 24 27 1
21 25 27 1
22 15 16 1
22 19 15 1
22 19 17 2
22 20 10 1
22 20 17 9
22 20 18 5
22 20 19 2
22 21 10 1
22 21 11 2
22 21 12 1
22 21 13 1
22 21 14 1
22 21 18 29
22 21 19 44
22 21 20 9
22 21 21 3
22 22 13 1
22 22 14 1
22 22 18 1
22 22 19 9
22 22 20 35
22 22 21 31
22 22 22 36
22 22 23 4
22 22 24 1
22 23 22 44
22 23 23 33
22 23 24 5
22 23 25 1
22 23 26 1
22 24 23 1
22 24 24 2
22 24 25 1
22 24 26 3
22 24 27 2
22 25 26 1
22 25 27 1
22 25 28 4
22 26 28 1
23 20 20 1
23 21 18 12
23 21 19 7
23 21 20 2
23 22 16 1
23 22 18 1
23 22 19 20
23 22 20 34
23 22 21 9
23 22 22 4
23 22 23 1
23 23 14 1
23 23 17 1
23 23 20 19
23 23 21 38
23 23 22 54
23 23 23 92
23 23 24 16
23 23 25 1
23 24 21 1
23 24 22 2
23 24 23 147
23 24 24 129
23 24 25 38
23 24 26 7
23 25 24 9
23 25 25 57
23 25 26 3
23 25 27 21
23 25 28 11
23 26 28 50
23 26 29 42
23 27 29 5
23 27 30 12
24 22 10 1
24 22 12 1
24 22 13 1
24 22 19 6
24 22 20 26
24 22 21 5
24 22 22 1
24 23 12 1
24 23 15 1
24 23 20 16
24 23 21 138
24 23 22 41
24 23 23 7
24 23 25 1
24 24 20 2
24 24 21 18
24 24 22 86
24 24 23 146
24 24 24 101
24 24 25 14
24 25 23 4
24 25 24 103
24 25 25 113
24 25 26 37
24 25 27 7
24 26 25 2
24 26 26 27
24 26 27 22
24 26 28 63
24 26 29 24
24 27 28 3
24 27 29 27
24 27 30 31
24 28 30 1
25 19 20 1
25 21 19 1
25 23 12 1
25 23 18 1
25 23 20 2
25 23 21 38
25 23 22 24
25 24 13 2
25 24 14 4
25 24 16 1
25 24 18 1
25 24 21 27
25 24 22 312
25 24 23 67
25 24 24 3
25 25 14 1
25 25 16 2
25 25 22 16
25 25 23 117
25 25 24 399
25 25 25 156
25 25 26 4
25 25 27 1
25 26 15 1
25 26 24 1
25 26 25 294
25 26 26 63
25 26 27 20
25 26 28 16
25 26 29 2
25 27 26 1
25 27 27 23
25 27 28 110
25 27 29 208
25 27 30 3
25 28 29 3
25 28 30 9
26 21 19 1
26 23 22 1
26 24 22 27
26 24 23 12
26 25 14 1
26 25 16 1
26 25 22 12
26 25 23 189
26 25 24 32
26 25 25 7
26 26 16 1
26 26 19 2
26 26 20 1
26 26 23 12
26 26 24 144
26 26 25 76
26 26 26 84
26 26 27 10
26 27 26 10
26 27 27 47
26 27 28 8
26 27 29 12
26 28 28 4
26 28 29 4
26 28 30 6
27 25 23 7
27 25 24 1
27 26 15 1
27 26 19 1
27 26 24 115
27 26 25 69
27 26 26 18
27 26 27 1
27 27 22 2
27 27 25 213
27 27 26 52
27 27 27 16
27 27 28 13
27 27 29 1
27 28 27 2
27 28 28 23
27 28 29 10
27 29 29 12
27 29 30 2
28 26 24 3
28 26 25 2
28 27 25 67
28 27 26 92
28 27 27 5
28 28 19 2
28 28 26 240
28 28 27 37
28 28 28 16
28 28 29 32
28 29 29 114
28 29 30 58
28 30 30 26
29 27 25 5
29 27 26 1
29 28 23 1
29 28 25 1
29 28 26 28
29 28 27 58
29 28 28 3
29 28 29 1
29 29 21 1
29 29 26 3
29 29 27 50
29 29 28 13
29 29 29 11
29 29 30 10
29 30 25 1
29 30 30 36
29 30 31 4
29 31 30 2
29 31 31 12
30 29 27 11
30 29 28 12
30 30 27 4
30 30 28 14
30 30 29 11
30 30 30 250
30 30 31 6
30 31 28 1
30 31 29 12
30 31 30 72
30 31 31 5
31 30 28 2
31 30 29 11
31 30 30 7
31 30 31 1
31 31 29 5
