32
0 0 0 8
0 1 0 2
1 0 0 2
1 1 0 4
1 1 1 1
1 2 0 2
1 2 1 18
2 1 0 5
2 1 1 3
2 2 0 1
2 2 1 40
2 2 2 13
2 3 1 6
2 3 2 107
2 3 3 1
3 2 0 3
3 2 1 10
3 2 2 6
3 3 1 1
3 3 2 173
3 3 3 31
3 3 4 1
3 4 2 16
3 4 3 115
3 4 4 1
3 5 4 4
3 5 5 2
3 10 15 2
3 11 17 1
3 12 18 1
4 3 1 1
4 3 2 2
4 3 3 3
4 4 2 3
4 4 3 59
4 4 4 73
4 4 5 1
4 5 4 179
4 5 5 8
4 6 4 2
4 6 5 9
4 6 6 1
4 10 14 1
4 10 15 1
4 11 16 2
4 11 17 1
5 3 1 1
5 3 2 1
5 4 4 6
5 5 3 1
5 5 4 25
5 5 5 24
5 5 6 2
5 6 4 2
5 6 5 30
5 6 6 6
5 7 6 1
5 7 7 1
5 9 11 1
5 11 15 1
5 12 17 1
6 4 2 1
6 5 3 1
6 5 4 2
6 5 5 5
6 6 2 1
6 6 3 1
6 6 4 1
6 6 5 8
6 6 6 8
6 7 6 7
6 8 6 2
6 8 7 1
6 8 9 1
6 9 13 1
6 10 13 2
6 10 14 1
6 11 14 1
6 11 15 1
7 5 2 1
7 6 2 1
7 6 4 1
7 6 5 1
7 7 5 7
7 7 6 7
7 7 7 8
7 8 4 1
7 8 7 8
7 8 8 3
7 9 7 1
7 9 8 3
7 9 10 1
7 10 7 1
7 11 14 1
7 11 15 1
7 12 14 1
7 12 15 1
7 13 17 1
8 6 3 1
8 7 5 2
8 7 6 4
8 7 7 4
8 7 8 1
8 8 5 4
8 8 6 17
8 8 7 7
8 8 8 11
8 8 9 3
8 9 7 2
8 9 8 6
8 9 9 6
8 10 9 2
8 10 14 1
8 11 13 2
8 11 14 2
8 11 15 1
8 12 16 2
8 13 16 1
8 13 17 1
8 14 19 1
9 7 3 3
9 8 4 1
9 8 6 9
9 8 7 6
9 8 8 2
9 9 5 1
9 9 6 1
9 9 7 6
9 9 8 4
9 9 9 5
9 9 10 2
9 9 11 1
9 9 12 1
9 10 5 1
9 10 6 1
9 10 7 1
9 10 8 1
9 10 9 6
9 10 10 2
9 10 11 1
9 11 6 2
9 11 11 2
9 12 15 2
9 13 17 1
10 7 3 2
10 8 5 1
10 9 7 3
10 9 8 12
10 9 9 2
10 9 10 2
10 10 8 10
10 10 9 7
10 10 10 6
10 10 11 2
10 11 10 9
10 11 11 1
10 11 13 1
10 12 8 1
10 13 13 1
10 13 15 1
11 8 4 1
11 9 5 1
11 10 8 10
11 10 9 11
11 10 10 2
11 10 12 1
11 11 8 5
11 11 9 8
11 11 10 11
11 11 11 12
11 11 12 3
11 11 13 1
11 12 11 10
11 12 12 1
11 12 13 1
11 12 14 1
11 13 9 1
11 13 10 1
11 13 11 3
11 13 12 3
11 13 13 1
12 6 7 1
12 7 8 2
12 9 4 1
12 9 5 1
12 9 10 1
12 10 8 3
12 10 9 2
12 10 10 1
12 10 11 1
12 11 7 1
12 11 8 2
12 11 9 11
12 11 10 5
12 11 11 3
12 11 12 1
12 12 9 3
12 12 10 12
12 12 11 18
12 12 12 15
12 13 11 2
12 13 12 21
12 13 13 7
12 14 13 1
12 14 15 1
12 14 16 1
12 14 17 1
12 15 17 1
13 6 7 2
13 9 4 1
13 9 5 1
13 9 9 2
13 10 5 2
13 10 9 1
13 10 11 2
13 11 8 2
13 11 9 2
13 11 10 1
13 11 11 1
13 12 10 8
13 12 11 8
13 12 12 4
13 12 13 1
13 13 9 1
13 13 10 2
13 13 11 21
13 13 12 35
13 13 13 14
13 13 14 2
13 14 10 1
13 14 12 4
13 14 13 17
13 14 14 2
13 14 15 2
13 14 16 2
13 15 14 1
13 15 17 1
14 8 9 3
14 9 10 3
14 10 4 1
14 10 5 4
14 10 6 1
14 10 9 3
14 10 10 3
14 11 5 1
14 11 6 4
14 11 7 2
14 11 8 1
14 11 10 2
14 11 11 1
14 12 7 1
14 12 8 1
14 12 9 6
14 12 10 1
14 12 12 2
14 12 13 1
14 13 9 1
14 13 10 1
14 13 11 9
14 13 12 11
14 13 13 6
14 14 11 7
14 14 12 15
14 14 13 32
14 14 14 18
14 14 15 5
14 15 12 1
14 15 13 2
14 15 14 15
14 15 15 5
14 15 16 1
14 15 17 1
14 16 16 1
14 16 18 2
15 7 9 1
15 10 3 1
15 10 4 75
15 10 5 2
15 10 10 2
15 11 4 1
15 11 5 6
15 11 6 24
15 11 12 1
15 12 6 6
15 12 7 15
15 12 8 46
15 12 9 12
15 12 10 1
15 12 11 1
15 12 13 2
15 12 14 1
15 13 8 1
15 13 9 6
15 13 10 8
15 13 11 9
15 13 13 4
15 13 14 1
15 14 11 1
15 14 12 11
15 14 13 4
15 14 14 5
15 15 11 1
15 15 12 3
15 15 13 20
15 15 14 30
15 15 15 18
15 16 13 1
15 16 14 1
15 16 15 20
15 16 16 2
15 16 18 1
15 17 14 1
15 17 16 1
15 17 18 1
15 17 19 1
16 7 9 1
16 10 3 1
16 10 4 44
16 11 4 74
16 11 5 21
16 11 6 3
16 11 12 1
16 12 4 1
16 12 5 3
16 12 6 40
16 12 7 26
16 12 8 36
16 12 9 4
16 13 7 1
16 13 8 16
16 13 9 30
16 13 10 8
16 13 11 1
16 14 9 1
16 14 10 5
16 14 11 7
16 14 12 68
16 14 13 41
16 14 14 1
16 14 15 1
16 15 11 1
16 15 12 3
16 15 13 20
16 15 14 14
16 15 15 3
16 16 13 4
16 16 14 13
16 16 15 53
16 16 16 15
16 16 17 3
16 17 14 1
16 17 15 3
16 17 16 10
16 17 17 5
16 17 18 2
16 18 17 1
16 18 19 1
16 18 20 1
16 18 21 1
17 8 10 1
17 11 4 1
17 11 5 4
17 12 5 11
17 12 6 7
17 12 7 5
17 13 7 3
17 13 8 6
17 13 9 2
17 13 10 1
17 14 8 1
17 14 9 2
17 14 10 5
17 14 11 3
17 14 12 1
17 15 11 3
17 15 12 5
17 15 13 15
17 15 14 5
17 16 11 1
17 16 12 1
17 16 13 1
17 16 14 10
17 16 15 24
17 16 16 8
17 16 17 2
17 17 14 7
17 17 15 20
17 17 16 28
17 17 17 21
17 17 18 4
17 17 19 1
17 18 14 1
17 18 15 1
17 18 16 2
17 18 17 12
17 18 18 7
17 18 19 2
17 19 20 1
17 19 21 3
17 20 23 1
18 7 10 1
18 14 8 1
18 14 9 1
18 14 10 4
18 15 10 2
18 15 11 1
18 15 13 1
18 15 15 1
18 16 12 1
18 16 13 6
18 16 14 3
18 16 15 4
18 16 16 1
18 17 14 2
18 17 15 22
18 17 16 19
18 17 17 7
18 17 18 4
18 18 14 1
18 18 15 6
18 18 16 18
18 18 17 17
18 18 18 7
18 18 19 3
18 19 15 1
18 19 18 10
18 19 19 7
18 20 18 1
18 20 22 3
18 21 23 1
19 15 10 1
19 15 11 4
19 16 12 5
19 16 13 5
19 17 13 3
19 17 14 3
19 17 15 6
19 17 17 2
19 18 11 1
19 18 14 1
19 18 15 2
19 18 16 16
19 18 17 8
19 18 18 7
19 18 19 4
19 18 20 1
19 19 12 1
19 19 16 4
19 19 17 19
19 19 18 15
19 19 19 7
19 19 20 3
19 20 16 1
19 20 17 1
19 20 18 3
19 20 19 19
19 20 20 8
19 21 19 1
19 21 22 2
19 21 24 1
19 22 24 1
19 22 25 2
20 16 11 1
20 16 12 1
20 16 16 1
20 17 13 5
20 17 14 5
20 18 14 6
20 18 15 13
20 18 16 7
20 18 17 1
20 18 18 1
20 18 20 2
20 19 13 2
20 19 16 10
20 19 17 23
20 19 18 8
20 19 19 3
20 19 20 2
20 20 13 1
20 20 14 1
20 20 17 17
20 20 18 20
20 20 19 17
20 20 20 20
20 20 21 3
20 21 17 1
20 21 20 19
20 21 21 15
20 21 22 5
20 22 21 3
20 22 22 3
20 22 25 1
20 23 22 2
20 23 24 1
20 23 26 2
20 24 26 1
21 18 14 1
21 18 15 1
21 18 16 1
21 18 17 1
21 19 15 1
21 19 16 9
21 19 17 6
21 19 18 3
21 20 17 11
21 20 18 35
21 20 19 4
21 20 20 6
21 20 21 3
21 20 22 1
21 21 12 1
21 21 13 1
21 21 18 26
21 21 19 15
21 21 20 10
21 21 21 11
21 21 22 1
21 21 23 1
21 22 20 4
21 22 21 13
21 22 22 17
21 22 23 2
21 22 24 1
21 23 22 2
21 23 24 1
21 23 25 1
21 24 26 2
21 24 27 1
22 19 15 1
22 20 12 1
22 20 16 1
22 20 17 16
22 20 18 4
22 20 20 1
22 21 11 3
22 21 12 2
22 21 13 1
22 21 17 2
22 21 18 45
22 21 19 24
22 21 20 10
22 21 21 4
22 21 22 1
22 22 18 1
22 22 19 39
22 22 20 49
22 22 21 17
22 22 22 33
22 22 23 4
22 22 24 2
22 23 22 31
22 23 23 12
22 23 24 4
22 23 25 1
22 24 23 1
22 24 24 1
22 24 25 2
22 24 26 3
22 24 27 2
22 25 27 2
23 16 16 1
23 20 17 1
23 21 17 2
23 21 18 9
23 21 19 13
23 21 20 2
23 22 11 1
23 22 12 1
23 22 13 1
23 22 15 1
23 22 18 2
23 22 19 15
23 22 20 26
23 22 21 20
23 22 22 3
23 22 23 1
23 22 24 1
23 23 13 1
23 23 15 1
23 23 20 4
23 23 21 42
23 23 22 68
23 23 23 80
23 23 24 6
23 23 25 1
23 23 26 1
23 24 23 87
23 24 24 70
23 24 25 8
23 24 26 2
23 25 24 13
23 25 25 9
23 25 26 1
23 25 27 6
23 25 28 5
23 26 24 1
23 26 28 18
23 26 29 23
23 27 29 17
24 22 19 18
24 22 20 10
24 22 21 4
24 23 11 1
24 23 13 1
24 23 15 1
24 23 20 8
24 23 21 90
24 23 22 35
24 23 23 1
24 23 26 1
24 24 17 1
24 24 18 1
24 24 19 1
24 24 20 1
24 24 21 6
24 24 22 59
24 24 23 112
24 24 24 89
24 24 25 15
24 24 26 1
24 25 23 7
24 25 24 120
24 25 25 174
24 25 26 28
24 25 27 15
24 25 28 2
24 26 25 1
24 26 26 17
24 26 27 6
24 26 28 92
24 26 29 47
24 27 28 3
24 27 29 3
24 27 30 8
25 19 20 1
25 21 20 1
25 23 20 3
25 23 21 32
25 23 22 28
25 24 12 1
25 24 13 2
25 24 15 1
25 24 16 1
25 24 21 19
25 24 22 250
25 24 23 80
25 24 24 8
25 24 25 2
25 24 26 1
25 25 15 1
25 25 17 2
25 25 18 2
25 25 21 1
25 25 22 32
25 25 23 172
25 25 24 208
25 25 25 113
25 25 26 14
25 26 24 1
25 26 25 105
25 26 26 62
25 26 27 45
25 26 28 22
25 26 29 4
25 27 27 22
25 27 28 43
25 27 29 83
25 27 30 4
25 28 29 3
25 28 30 1
26 21 19 1
26 22 22 1
26 23 23 1
26 24 21 1
26 24 22 39
26 24 23 10
26 25 15 1
26 25 22 17
26 25 23 206
26 25 24 116
26 25 25 14
26 25 26 1
26 26 13 1
26 26 15 1
26 26 17 2
26 26 18 1
26 26 19 1
26 26 20 1
26 26 23 15
26 26 24 242
26 26 25 384
26 26 26 158
26 26 27 61
26 26 28 1
26 27 25 2
26 27 26 18
26 27 27 66
26 27 28 36
26 27 29 69
26 28 28 3
26 28 29 3
26 28 30 7
27 25 23 10
27 25 24 1
27 26 21 1
27 26 24 59
27 26 25 96
27 26 26 15
27 26 27 1
27 27 23 1
27 27 25 199
27 27 26 63
27 27 27 39
27 27 28 9
27 27 29 4
27 28 27 3
27 28 28 42
27 28 29 36
27 28 30 1
27 29 29 42
27 29 30 3
28 26 24 2
28 26 25 1
28 27 24 1
28 27 25 28
28 27 26 149
28 27 27 15
28 28 19 2
28 28 26 229
28 28 27 51
28 28 28 16
28 28 29 39
28 29 28 1
28 29 29 72
28 29 30 37
28 30 30 23
29 27 25 5
29 28 25 1
29 28 26 15
29 28 27 72
29 28 28 3
29 29 21 1
29 29 27 58
29 29 28 31
29 29 29 6
29 29 30 9
29 30 28 1
29 30 30 31
29 30 31 6
29 31 30 1
29 31 31 5
30 28 26 2
30 28 27 1
30 29 26 4
30 29 27 7
30 29 28 16
30 29 29 1
30 30 26 1
30 30 27 4
30 30 28 13
30 30 29 16
30 30 30 236
30 30 31 11
30 31 29 21
30 31 30 60
30 31 31 13
31 30 28 2
31 30 29 3
31 30 30 5
31 30 31 2
31 31 28 2
31 31 29 8
