32
0 0 0 6
0 1 0 3
0 1 1 1
1 1 0 17
1 1 1 7
1 2 1 77
1 2 2 2
2 2 1 36
2 2 2 62
2 2 3 4
2 3 1 2
2 3 2 126
2 3 3 3
2 8 12 3
3 2 2 6
3 3 2 102
3 3 3 58
3 3 4 1
3 4 3 133
3 4 4 7
3 5 4 2
3 8 11 1
3 9 13 1
3 10 15 1
3 11 14 1
3 11 15 1
3 11 16 2
4 3 1 1
4 3 2 2
4 3 3 2
4 4 2 1
4 4 3 42
4 4 4 82
4 5 3 1
4 5 4 135
4 5 5 20
4 6 3 2
4 6 4 5
4 6 5 10
4 6 6 1
4 7 6 1
4 7 11 1
4 8 10 1
4 9 13 1
4 10 14 2
4 11 12 1
5 4 2 2
5 4 3 2
5 4 4 1
5 4 5 3
5 5 3 1
5 5 4 16
5 5 5 22
5 5 6 5
5 6 4 7
5 6 5 49
5 6 6 13
5 7 4 3
5 7 5 1
5 7 6 5
5 7 7 1
5 7 8 2
5 8 11 2
5 9 13 1
5 10 12 1
5 11 14 2
5 11 15 1
5 12 14 1
6 4 3 1
6 5 3 5
6 5 4 1
6 5 5 3
6 5 6 1
6 6 5 20
6 6 6 9
6 7 5 6
6 7 6 20
6 8 7 1
6 8 8 1
6 9 6 1
6 9 11 1
6 9 12 1
6 10 12 1
6 10 13 1
6 11 13 1
6 11 14 2
6 11 15 1
7 4 2 5
7 5 2 10
7 5 3 11
7 5 4 7
7 6 4 4
7 6 5 2
7 6 7 1
7 7 4 1
7 7 5 1
7 7 6 14
7 7 7 9
7 7 8 3
7 8 6 9
7 8 7 23
7 8 8 5
7 8 10 1
7 9 8 2
7 9 9 1
7 10 7 1
7 10 13 1
7 11 14 1
7 14 17 1
8 4 2 2
8 5 2 69
8 5 3 64
8 5 4 3
8 6 3 16
8 6 4 45
8 6 5 1
8 7 5 7
8 7 6 2
8 8 6 7
8 8 7 54
8 8 8 24
8 8 9 3
8 9 7 3
8 9 8 31
8 9 9 8
8 10 9 4
8 10 10 1
8 11 8 1
8 11 13 1
9 5 3 10
9 5 6 3
9 6 3 17
9 6 4 6
9 6 7 1
9 7 4 5
9 7 5 12
9 8 5 1
9 8 6 3
9 8 7 3
9 8 8 2
9 8 9 1
9 9 7 3
9 9 8 59
9 9 9 13
9 10 8 9
9 10 9 31
9 10 10 7
9 10 11 3
9 11 8 1
9 11 9 1
9 11 10 5
9 11 11 4
9 12 9 1
10 4 6 1
10 5 6 1
10 5 7 2
10 6 3 5
10 6 6 1
10 6 7 3
10 7 3 2
10 7 4 22
10 7 5 3
10 7 6 1
10 7 8 1
10 8 6 8
10 8 7 1
10 8 8 1
10 8 9 1
10 9 7 1
10 9 8 12
10 9 9 1
10 9 10 1
10 10 8 1
10 10 9 56
10 10 10 12
10 11 9 17
10 11 10 30
10 11 11 2
10 12 11 5
11 5 7 2
11 6 7 3
11 7 4 5
11 7 8 3
11 8 4 3
11 8 5 3
11 8 6 2
11 8 7 1
11 8 8 1
11 9 5 1
11 9 6 2
11 9 7 4
11 9 8 4
11 9 9 1
11 10 7 1
11 10 8 1
11 10 9 6
11 10 10 1
11 10 11 1
11 11 9 4
11 11 10 66
11 11 11 14
11 11 12 2
11 12 10 11
11 12 11 35
11 12 12 8
11 13 11 1
11 13 12 3
11 14 16 1
12 4 7 1
12 5 8 1
12 6 8 2
12 7 8 1
12 9 5 4
12 9 6 8
12 9 7 1
12 9 10 1
12 9 11 2
12 10 6 2
12 10 7 1
12 10 8 2
12 10 10 3
12 10 11 2
12 11 9 4
12 11 10 12
12 11 11 7
12 11 12 2
12 12 8 1
12 12 9 1
12 12 10 5
12 12 11 70
12 12 12 23
12 12 13 1
12 13 11 10
12 13 12 49
12 13 13 12
12 14 12 1
12 14 13 3
13 4 8 1
13 5 8 1
13 8 9 1
13 9 6 1
13 10 6 7
13 10 7 19
13 10 8 1
13 11 7 10
13 11 8 4
13 11 9 4
13 11 11 1
13 12 10 2
13 12 11 9
13 12 12 5
13 13 11 5
13 13 12 97
13 13 13 63
13 13 14 2
13 14 12 7
13 14 13 52
13 14 14 9
13 15 13 1
13 15 14 2
13 15 15 1
14 11 7 11
14 11 8 28
14 11 9 1
14 11 12 1
14 12 8 5
14 12 9 6
14 12 10 2
14 12 11 1
14 13 10 1
14 13 11 4
14 13 12 6
14 13 13 8
14 14 12 5
14 14 13 123
14 14 14 59
14 14 15 1
14 15 13 7
14 15 14 71
14 15 15 14
14 15 16 1
14 16 15 1
15 5 8 1
15 9 11 1
15 11 8 1
15 12 7 1
15 12 8 22
15 12 9 23
15 12 10 4
15 12 13 1
15 13 9 5
15 13 10 7
15 13 11 2
15 13 12 4
15 13 13 2
15 14 11 2
15 14 12 4
15 14 13 8
15 14 14 10
15 14 15 2
15 14 16 1
15 15 9 1
15 15 11 1
15 15 12 1
15 15 13 7
15 15 14 134
15 15 15 42
15 15 16 1
15 16 14 21
15 16 15 123
15 16 16 9
15 17 15 1
15 17 16 3
16 13 9 1
16 13 10 5
16 13 11 1
16 13 14 1
16 14 10 2
16 14 11 2
16 14 12 3
16 14 13 6
16 14 14 3
16 14 15 1
16 15 12 2
16 15 13 12
16 15 14 28
16 15 15 4
16 16 11 1
16 16 14 31
16 16 15 169
16 16 16 31
16 16 17 3
16 17 15 11
16 17 16 125
16 17 17 12
16 18 17 3
16 18 18 1
17 14 10 3
17 14 11 5
17 14 14 1
17 15 11 1
17 15 12 3
17 15 13 2
17 15 14 1
17 15 16 1
17 16 13 3
17 16 14 9
17 16 15 7
17 16 16 1
17 17 12 2
17 17 14 1
17 17 15 12
17 17 16 151
17 17 17 58
17 17 18 1
17 18 16 2
17 18 17 135
17 18 18 9
17 19 18 3
18 15 12 7
18 15 13 1
18 16 12 2
18 16 13 3
18 16 14 2
18 16 15 2
18 16 16 1
18 17 14 4
18 17 15 9
18 17 16 5
18 17 17 3
18 17 18 1
18 18 11 1
18 18 12 1
18 18 16 7
18 18 17 119
18 18 18 56
18 18 19 4
18 19 17 12
18 19 18 218
18 19 19 9
18 20 19 1
18 20 20 1
19 16 13 2
19 17 13 1
19 17 14 3
19 17 15 5
19 17 17 1
19 18 10 1
19 18 11 2
19 18 15 1
19 18 16 2
19 18 17 11
19 18 18 4
19 18 19 2
19 19 17 11
19 19 18 196
19 19 19 55
19 19 20 6
19 20 18 15
19 20 19 318
19 20 20 18
19 21 19 7
19 21 20 6
19 21 21 1
20 17 14 2
20 18 14 2
20 18 15 2
20 18 16 2
20 19 13 1
20 19 16 1
20 19 17 5
20 19 18 5
20 19 19 2
20 19 20 2
20 20 12 1
20 20 13 1
20 20 17 1
20 20 18 4
20 20 19 60
20 20 20 21
20 20 21 5
20 21 19 9
20 21 20 274
20 21 21 43
20 22 20 1
20 22 21 18
21 18 15 1
21 18 16 2
21 19 16 3
21 19 17 3
21 19 18 2
21 19 20 1
21 20 12 1
21 20 14 1
21 20 15 1
21 20 17 3
21 20 19 2
21 20 20 1
21 21 13 1
21 21 20 32
21 21 21 25
21 21 22 6
21 22 21 161
21 22 22 122
21 22 23 4
21 23 22 9
21 23 23 1
22 19 16 1
22 20 17 9
22 20 18 11
22 21 12 1
22 21 17 1
22 21 18 3
22 21 19 3
22 21 20 3
22 21 21 3
22 22 15 1
22 22 20 2
22 22 21 26
22 22 22 103
22 22 23 12
22 23 22 363
22 23 23 133
22 23 24 8
22 24 23 19
22 24 24 10
22 25 24 1
23 19 17 1
23 20 16 1
23 20 17 27
23 20 18 2
23 21 17 26
23 21 18 46
23 21 19 10
23 22 15 2
23 22 17 1
23 22 19 6
23 22 20 6
23 22 21 1
23 22 22 3
23 23 17 1
23 23 22 23
23 23 23 150
23 23 24 10
23 24 18 1
23 24 22 1
23 24 23 128
23 24 24 199
23 24 25 11
23 25 24 17
23 25 25 13
24 21 17 4
24 21 18 7
24 21 19 1
24 21 20 1
24 22 19 11
24 22 20 13
24 22 22 1
24 23 11 1
24 23 20 10
24 23 21 7
24 23 24 1
24 24 22 5
24 24 23 9
24 24 24 112
24 24 25 5
24 25 24 131
24 25 25 304
24 25 26 11
24 26 25 6
24 26 26 9
25 22 12 1
25 23 20 5
25 23 21 22
25 23 22 2
25 23 23 1
25 24 13 2
25 24 14 1
25 24 16 1
25 24 19 1
25 24 21 2
25 24 22 23
25 24 23 4
25 24 24 1
25 25 22 1
25 25 23 1
25 25 24 10
25 25 25 151
25 25 26 13
25 26 24 1
25 26 25 44
25 26 26 78
25 26 27 1
25 27 26 2
25 27 27 7
26 23 21 1
26 24 13 1
26 24 22 36
26 24 23 4
26 25 16 1
26 25 17 1
26 25 22 5
26 25 23 25
26 25 24 7
26 25 25 2
26 25 26 1
26 26 15 1
26 26 17 3
26 26 18 1
26 26 20 1
26 26 24 2
26 26 25 5
26 26 26 59
26 26 27 11
26 27 26 18
26 27 27 61
26 27 28 10
26 28 28 13
27 25 15 1
27 25 22 2
27 25 23 27
27 25 24 3
27 26 18 1
27 26 19 2
27 26 23 5
27 26 24 12
27 26 25 3
27 26 26 3
27 26 27 2
27 27 20 1
27 27 25 2
27 27 26 8
27 27 27 36
27 27 28 6
27 28 27 8
27 28 28 39
27 28 29 6
27 29 28 3
27 29 29 1
28 26 23 1
28 26 24 13
28 27 24 1
28 27 25 3
28 27 27 2
28 28 23 1
28 28 27 7
28 28 28 22
28 28 29 10
28 29 28 7
28 29 29 64
28 29 30 32
28 30 30 2
29 27 25 4
29 28 19 1
29 28 23 1
29 28 25 2
29 28 26 1
29 28 27 1
29 28 28 2
29 28 29 1
29 29 19 1
29 29 20 1
29 29 28 3
29 29 29 37
29 29 30 55
29 30 29 21
29 30 30 233
29 30 31 3
29 31 30 3
30 28 26 4
30 29 21 1
30 29 26 7
30 29 27 6
30 29 28 1
30 29 29 2
30 30 26 2
30 30 27 3
30 30 28 11
30 30 29 18
30 30 30 606
30 30 31 40
30 31 29 9
30 31 30 229
30 31 31 58
31 30 28 3
31 30 29 2
31 30 30 5
31 30 31 1
31 31 29 1
