32
0 0 0 6
0 1 0 5
0 1 1 1
1 1 0 11
1 1 1 5
1 2 1 71
1 2 2 4
2 2 1 35
2 2 2 58
2 3 2 133
2 3 3 1
2 8 12 2
3 2 2 3
3 2 3 1
3 3 1 1
3 3 2 119
3 3 3 52
3 4 3 138
3 4 4 12
3 5 4 3
3 8 11 2
3 10 15 1
3 11 16 4
4 3 2 4
4 3 3 1
4 4 3 36
4 4 4 91
4 4 5 1
4 5 4 134
4 5 5 18
4 6 3 1
4 6 4 7
4 6 5 22
4 7 5 1
4 8 9 1
4 9 13 1
4 10 13 1
4 11 15 1
4 12 16 1
5 4 2 2
5 4 3 1
5 4 4 1
5 4 5 2
5 5 4 8
5 5 5 27
5 5 6 2
5 6 4 7
5 6 5 55
5 6 6 17
5 7 5 1
5 7 6 5
5 7 8 4
5 8 10 1
5 9 11 2
5 11 13 1
5 11 14 3
5 11 15 2
6 4 3 1
6 5 3 5
6 5 4 1
6 5 5 2
6 5 6 1
6 6 5 22
6 6 6 8
6 6 7 1
6 7 5 5
6 7 6 16
6 8 5 1
6 8 9 1
6 10 13 2
6 11 15 3
6 12 15 1
7 4 2 3
7 5 2 13
7 5 3 10
7 5 4 5
7 6 3 1
7 6 5 4
7 7 5 1
7 7 6 21
7 7 7 13
7 7 8 2
7 8 6 15
7 8 7 18
7 8 8 4
7 9 7 1
7 9 8 2
7 14 17 1
8 4 2 5
8 5 2 84
8 5 3 57
8 5 6 1
8 6 3 23
8 6 4 42
8 6 5 2
8 7 4 2
8 7 5 9
8 7 6 1
8 7 7 1
8 8 6 6
8 8 7 42
8 8 8 9
8 8 9 1
8 8 11 1
8 9 7 8
8 9 8 31
8 9 9 3
8 9 10 1
8 10 9 3
8 11 14 2
8 12 14 2
8 14 18 1
9 4 6 2
9 5 3 5
9 5 6 1
9 6 3 20
9 6 4 5
9 6 6 1
9 7 4 2
9 7 5 7
9 7 6 2
9 8 5 2
9 8 6 8
9 8 7 4
9 8 8 3
9 8 9 1
9 9 8 63
9 9 9 13
9 9 10 1
9 10 8 10
9 10 9 31
9 10 10 6
9 10 12 1
9 11 9 4
9 11 10 1
9 11 11 3
10 5 6 1
10 5 7 1
10 6 3 3
10 6 4 3
10 6 7 2
10 7 3 2
10 7 4 15
10 7 5 4
10 7 8 2
10 8 5 2
10 8 6 3
10 8 7 5
10 8 8 3
10 8 9 1
10 8 10 1
10 9 7 3
10 9 8 9
10 9 9 3
10 10 8 2
10 10 9 66
10 10 10 9
10 10 11 1
10 11 9 19
10 11 10 38
10 11 11 6
10 12 10 3
10 12 11 3
11 5 7 2
11 6 7 3
11 6 8 1
11 6 9 1
11 7 4 8
11 7 8 2
11 8 4 1
11 8 5 2
11 8 6 3
11 9 5 2
11 9 6 1
11 9 7 5
11 9 8 1
11 9 9 1
11 9 10 1
11 10 8 4
11 10 9 6
11 10 10 2
11 10 11 1
11 11 9 12
11 11 10 55
11 11 11 23
11 12 10 12
11 12 11 28
11 12 12 3
11 12 13 1
11 13 11 2
12 6 7 1
12 6 8 1
12 7 9 1
12 9 5 4
12 9 6 6
12 9 7 2
12 9 9 1
12 9 10 1
12 9 11 1
12 10 6 5
12 10 7 4
12 10 8 7
12 11 8 1
12 11 9 3
12 11 10 10
12 11 11 2
12 11 12 1
12 12 7 1
12 12 10 3
12 12 11 67
12 12 12 18
12 12 13 1
12 13 11 9
12 13 12 39
12 13 13 10
12 14 11 1
12 14 13 3
13 8 10 1
13 9 9 1
13 10 6 20
13 10 7 27
13 10 12 1
13 11 6 1
13 11 7 14
13 11 8 5
13 11 9 2
13 11 11 1
13 12 9 1
13 12 10 4
13 12 11 12
13 12 12 9
13 12 13 2
13 13 11 7
13 13 12 89
13 13 13 75
13 13 14 3
13 14 12 11
13 14 13 44
13 14 14 5
13 15 13 2
13 16 14 1
14 10 7 1
14 11 7 9
14 11 8 17
14 11 9 2
14 12 8 14
14 12 9 5
14 12 10 1
14 12 11 1
14 13 9 1
14 13 10 2
14 13 11 5
14 13 12 5
14 13 13 14
14 14 10 1
14 14 12 3
14 14 13 132
14 14 14 58
14 14 15 3
14 15 13 10
14 15 14 46
14 15 15 9
14 15 16 1
14 16 14 2
14 16 15 3
15 10 11 1
15 11 8 1
15 12 8 27
15 12 9 30
15 12 10 1
15 12 12 2
15 13 9 6
15 13 10 11
15 13 12 4
15 13 13 3
15 14 11 3
15 14 12 2
15 14 13 10
15 14 14 9
15 14 15 1
15 15 12 2
15 15 13 7
15 15 14 126
15 15 15 46
15 16 14 9
15 16 15 98
15 16 16 11
15 17 15 2
16 12 10 1
16 13 10 2
16 13 13 1
16 14 10 1
16 14 11 2
16 14 12 8
16 14 13 6
16 14 14 1
16 15 12 2
16 15 13 11
16 15 14 34
16 15 15 4
16 15 16 3
16 16 11 1
16 16 12 1
16 16 14 51
16 16 15 150
16 16 16 25
16 16 17 2
16 17 15 11
16 17 16 117
16 17 17 10
16 18 17 1
17 14 10 1
17 14 11 1
17 14 13 1
17 15 11 1
17 15 12 4
17 15 13 4
17 15 14 3
17 15 15 2
17 16 13 1
17 16 14 10
17 16 15 8
17 16 16 3
17 16 17 1
17 17 15 12
17 17 16 141
17 17 17 60
17 17 18 1
17 18 15 1
17 18 16 4
17 18 17 118
17 18 18 10
17 19 17 1
18 15 12 2
18 16 13 1
18 16 14 2
18 16 15 2
18 16 16 1
18 17 12 2
18 17 14 2
18 17 15 12
18 17 16 6
18 17 17 6
18 17 18 1
18 18 12 1
18 18 16 8
18 18 17 113
18 18 18 38
18 18 19 2
18 19 17 18
18 19 18 166
18 19 19 11
18 20 19 5
19 17 13 1
19 17 14 3
19 17 15 3
19 17 16 1
19 18 11 2
19 18 12 1
19 18 14 1
19 18 15 1
19 18 16 6
19 18 17 7
19 18 18 6
19 18 19 2
19 19 16 1
19 19 17 12
19 19 18 163
19 19 19 40
19 19 20 1
19 20 18 12
19 20 19 292
19 20 20 13
19 20 21 1
19 21 19 3
19 21 20 7
20 18 15 2
20 18 17 1
20 18 18 1
20 19 11 2
20 19 16 2
20 19 17 3
20 19 18 4
20 19 20 1
20 20 18 6
20 20 19 58
20 20 20 25
20 20 21 4
20 21 19 10
20 21 20 278
20 21 21 33
20 21 22 1
20 22 20 2
20 22 21 12
21 18 16 1
21 19 13 1
21 19 16 2
21 19 17 1
21 19 18 1
21 20 12 1
21 20 14 1
21 20 17 2
21 20 18 4
21 20 19 1
21 20 20 1
21 21 14 1
21 21 17 1
21 21 20 29
21 21 21 24
21 21 22 9
21 22 20 6
21 22 21 153
21 22 22 111
21 22 23 1
21 23 22 10
21 23 23 2
22 20 17 3
22 20 18 8
22 20 19 1
22 21 13 1
22 21 15 1
22 21 18 4
22 21 19 9
22 21 20 2
22 21 22 1
22 22 14 1
22 22 20 1
22 22 21 27
22 22 22 86
22 22 23 9
22 23 22 360
22 23 23 135
22 23 24 6
22 24 23 10
22 24 24 7
23 20 16 2
23 20 17 15
23 20 18 4
23 21 17 22
23 21 18 73
23 21 19 13
23 22 10 1
23 22 14 1
23 22 17 1
23 22 19 6
23 22 20 4
23 22 21 1
23 22 22 5
23 22 23 1
23 23 17 1
23 23 21 1
23 23 22 30
23 23 23 167
23 23 24 10
23 24 23 120
23 24 24 182
23 24 25 19
23 25 24 9
23 25 25 12
24 21 17 8
24 21 18 14
24 21 19 2
24 22 11 1
24 22 16 1
24 22 18 1
24 22 19 12
24 22 20 21
24 23 12 1
24 23 13 1
24 23 20 7
24 23 21 8
24 23 22 4
24 23 23 4
24 24 22 1
24 24 23 12
24 24 24 105
24 24 25 19
24 25 23 1
24 25 24 129
24 25 25 323
24 25 26 20
24 26 25 6
24 26 26 8
25 22 13 1
25 22 19 1
25 23 11 1
25 23 20 6
25 23 21 23
25 23 22 4
25 24 13 1
25 24 14 3
25 24 16 2
25 24 21 1
25 24 22 25
25 24 23 7
25 24 24 2
25 25 22 1
25 25 23 1
25 25 24 10
25 25 25 133
25 25 26 10
25 26 25 27
25 26 26 100
25 26 27 2
25 27 27 4
26 24 22 38
26 24 23 6
26 24 24 1
26 25 13 1
26 25 14 1
26 25 15 1
26 25 22 4
26 25 23 32
26 25 24 5
26 25 25 2
26 25 26 1
26 26 14 1
26 26 16 1
26 26 17 2
26 26 18 1
26 26 24 2
26 26 25 7
26 26 26 40
26 26 27 11
26 27 26 14
26 27 27 50
26 27 28 14
26 28 27 1
26 28 28 13
27 25 14 1
27 25 23 31
27 25 24 6
27 26 15 1
27 26 16 2
27 26 17 2
27 26 19 1
27 26 20 3
27 26 21 2
27 26 23 5
27 26 24 8
27 26 25 2
27 26 26 1
27 26 27 2
27 27 21 1
27 27 26 4
27 27 27 24
27 27 28 6
27 28 27 6
27 28 28 31
27 28 29 10
27 29 29 1
28 26 24 9
28 26 25 1
28 27 19 1
28 27 24 3
28 27 25 2
28 27 26 5
28 27 27 7
28 27 28 1
28 28 23 1
28 28 26 2
28 28 27 8
28 28 28 28
28 28 29 8
28 29 28 14
28 29 29 59
28 29 30 23
28 30 29 1
28 30 30 2
29 27 25 7
29 28 25 1
29 28 26 2
29 28 27 1
29 28 28 4
29 29 20 2
29 29 21 1
29 29 28 3
29 29 29 43
29 29 30 48
29 30 29 14
29 30 30 215
29 30 31 4
29 31 30 6
29 31 31 1
30 29 26 4
30 29 27 7
30 29 28 1
30 29 29 1
30 29 30 1
30 30 22 1
30 30 27 5
30 30 28 11
30 30 29 18
30 30 30 639
30 30 31 46
30 31 29 1
30 31 30 251
30 31 31 42
31 30 28 2
31 30 29 4
31 30 30 3
31 31 30 1
31 31 31 1
