32
0 0 0 5
0 1 0 1
1 0 0 2
1 1 0 3
1 1 1 8
1 2 0 2
1 2 1 23
1 4 3 1
2 1 0 3
2 1 1 2
2 2 0 1
2 2 1 39
2 2 2 19
2 3 1 6
2 3 2 102
2 4 6 1
3 2 0 2
3 2 1 6
3 2 2 3
3 3 0 1
3 3 1 2
3 3 2 177
3 3 3 41
3 4 2 9
3 4 3 116
3 4 4 7
3 5 4 1
3 5 6 1
3 11 16 1
3 12 18 1
4 3 1 1
4 3 2 2
4 3 3 1
4 3 4 1
4 4 2 8
4 4 3 61
4 4 4 95
4 4 5 1
4 5 3 1
4 5 4 176
4 5 5 17
4 5 6 1
4 6 4 3
4 6 5 10
4 6 6 1
4 6 7 1
4 10 15 1
4 11 16 2
4 11 17 1
5 4 2 1
5 4 4 3
5 5 3 7
5 5 4 20
5 5 5 14
5 5 6 5
5 6 5 29
5 6 6 11
5 7 6 3
5 10 14 1
5 10 15 1
5 12 17 1
6 4 1 1
6 4 2 1
6 5 4 3
6 5 5 3
6 5 6 1
6 6 4 3
6 6 5 5
6 6 6 6
6 7 5 2
6 7 6 7
6 7 7 3
6 8 7 3
6 8 10 1
6 9 9 1
6 9 13 1
6 10 12 1
6 10 13 1
6 10 14 1
6 10 15 1
6 11 14 1
6 11 15 2
7 6 4 3
7 6 5 2
7 7 5 2
7 7 6 7
7 7 7 3
7 7 8 2
7 8 5 3
7 8 7 6
7 9 8 3
7 9 9 2
7 9 11 1
7 11 15 2
7 12 15 1
7 12 17 1
8 5 2 1
8 7 4 1
8 7 5 6
8 7 6 4
8 7 7 1
8 8 5 4
8 8 6 11
8 8 7 8
8 8 8 6
8 9 6 1
8 9 8 5
8 9 9 6
8 10 5 1
8 10 9 1
8 10 10 2
8 10 11 1
8 10 13 1
8 11 13 1
8 11 14 1
8 12 15 1
8 12 16 1
9 7 4 1
9 8 6 5
9 8 7 3
9 8 8 4
9 9 7 12
9 9 8 4
9 9 9 6
9 9 10 3
9 9 11 1
9 9 12 1
9 10 5 1
9 10 6 2
9 10 9 3
9 10 10 3
9 11 6 1
9 11 8 1
9 11 10 3
9 11 11 1
9 12 14 1
9 12 15 1
9 12 16 1
9 15 19 1
10 7 3 1
10 8 4 2
10 8 6 3
10 8 7 1
10 9 7 4
10 9 8 9
10 9 9 10
10 9 10 1
10 9 11 1
10 10 7 1
10 10 8 7
10 10 9 8
10 10 10 2
10 10 11 1
10 10 12 1
10 11 6 1
10 11 10 6
10 11 11 3
10 11 12 1
10 12 11 2
10 12 13 1
10 13 16 1
11 7 7 1
11 9 4 1
11 9 7 1
11 10 7 2
11 10 8 6
11 10 9 4
11 10 10 7
11 10 11 2
11 11 8 3
11 11 9 6
11 11 10 12
11 11 11 8
11 11 12 2
11 12 10 2
11 12 11 15
11 12 12 2
11 13 10 2
11 13 12 2
11 13 14 1
11 13 15 1
12 6 7 1
12 8 3 1
12 8 4 1
12 8 9 1
12 9 4 1
12 9 5 1
12 9 9 1
12 10 6 2
12 10 8 1
12 10 9 6
12 10 12 2
12 11 8 1
12 11 9 9
12 11 10 4
12 11 11 4
12 11 13 1
12 12 9 4
12 12 10 8
12 12 11 13
12 12 12 18
12 12 13 1
12 13 10 1
12 13 12 16
12 13 13 2
12 13 14 1
12 13 15 1
12 14 11 1
12 14 16 2
12 15 16 1
12 15 17 1
12 15 18 1
13 8 8 1
13 8 9 1
13 9 4 1
13 9 5 2
13 9 9 4
13 10 5 5
13 10 6 1
13 10 7 1
13 10 10 1
13 11 6 1
13 11 7 1
13 11 8 1
13 11 9 3
13 11 10 2
13 11 11 4
13 11 12 1
13 11 14 1
13 12 10 9
13 12 11 8
13 12 12 7
13 12 14 1
13 13 10 13
13 13 11 15
13 13 12 23
13 13 13 25
13 13 14 1
13 14 11 2
13 14 12 1
13 14 13 14
13 14 14 6
13 14 15 1
13 14 16 1
13 15 15 1
13 15 16 1
13 15 17 4
13 15 18 1
13 16 18 1
14 7 8 1
14 8 8 1
14 9 8 1
14 9 9 2
14 9 10 1
14 9 11 1
14 10 5 1
14 10 9 3
14 10 10 4
14 11 6 3
14 11 7 9
14 11 8 1
14 11 9 2
14 11 11 1
14 11 12 1
14 12 7 1
14 12 8 1
14 12 9 3
14 12 10 1
14 12 11 4
14 12 12 4
14 12 14 1
14 13 9 1
14 13 10 2
14 13 11 12
14 13 12 14
14 13 13 5
14 14 11 4
14 14 12 16
14 14 13 29
14 14 14 25
14 14 15 1
14 14 16 1
14 15 14 10
14 15 15 8
14 15 17 1
14 16 13 2
14 16 15 2
14 16 18 2
14 17 19 2
15 7 10 1
15 8 10 1
15 10 3 2
15 10 4 46
15 10 5 3
15 10 10 1
15 11 4 2
15 11 5 4
15 11 6 11
15 11 7 15
15 12 6 15
15 12 7 35
15 12 8 67
15 12 9 13
15 12 10 2
15 12 11 1
15 12 13 1
15 12 14 1
15 13 8 5
15 13 9 8
15 13 10 4
15 13 11 8
15 13 12 53
15 13 13 4
15 13 14 2
15 13 15 1
15 14 10 2
15 14 11 2
15 14 12 50
15 14 13 28
15 14 14 6
15 14 15 2
15 15 12 4
15 15 13 14
15 15 14 29
15 15 15 7
15 15 16 1
15 16 13 1
15 16 14 3
15 16 15 11
15 16 16 3
15 17 16 2
15 17 18 1
15 17 19 1
16 7 10 1
16 9 11 1
16 10 4 64
16 10 5 1
16 11 4 75
16 11 5 17
16 11 6 4
16 12 5 2
16 12 6 45
16 12 7 21
16 12 8 4
16 13 7 1
16 13 8 6
16 13 9 15
16 13 10 6
16 13 13 1
16 14 10 6
16 14 11 5
16 14 12 13
16 14 13 23
16 14 15 1
16 15 11 1
16 15 12 1
16 15 13 12
16 15 14 15
16 15 15 6
16 16 13 3
16 16 14 10
16 16 15 41
16 16 16 15
16 16 17 3
16 16 18 1
16 17 14 1
16 17 15 3
16 17 16 19
16 17 17 4
16 17 18 1
16 18 17 1
16 18 20 5
16 18 21 1
17 7 10 1
17 11 4 7
17 11 5 3
17 12 4 7
17 12 5 13
17 12 6 5
17 12 7 11
17 12 12 1
17 13 7 2
17 13 8 5
17 13 9 1
17 13 12 1
17 13 15 1
17 14 9 3
17 14 10 1
17 14 11 4
17 14 12 1
17 14 13 1
17 14 14 1
17 15 11 3
17 15 12 8
17 15 13 5
17 15 14 1
17 15 16 1
17 16 12 2
17 16 14 12
17 16 15 20
17 16 16 9
17 16 17 4
17 16 18 1
17 17 14 7
17 17 15 22
17 17 16 33
17 17 17 20
17 17 18 2
17 18 14 2
17 18 15 1
17 18 16 1
17 18 17 23
17 18 18 4
17 18 19 2
17 18 20 3
17 19 18 1
17 19 19 1
17 19 22 2
17 20 22 1
18 7 10 1
18 14 9 3
18 14 10 2
18 15 10 1
18 15 11 6
18 15 13 1
18 16 12 2
18 16 13 6
18 16 14 2
18 16 15 1
18 16 16 1
18 16 17 1
18 17 13 1
18 17 14 2
18 17 15 27
18 17 16 15
18 17 17 6
18 17 18 3
18 18 14 1
18 18 15 5
18 18 16 18
18 18 17 15
18 18 18 10
18 18 19 1
18 18 20 1
18 19 18 15
18 19 19 9
18 19 20 3
18 20 19 2
18 20 20 1
18 21 23 1
19 15 11 2
19 16 11 2
19 16 12 4
19 16 13 3
19 17 13 3
19 17 14 5
19 17 15 3
19 17 18 1
19 18 12 3
19 18 14 2
19 18 15 4
19 18 16 16
19 18 17 13
19 18 18 6
19 18 20 1
19 19 15 1
19 19 16 6
19 19 17 14
19 19 18 12
19 19 19 16
19 19 20 4
19 19 21 2
19 20 17 1
19 20 18 1
19 20 19 14
19 20 20 10
19 20 21 4
19 20 22 1
19 21 20 1
19 21 23 1
19 21 24 1
19 22 21 1
19 22 24 1
19 22 25 3
20 16 13 1
20 17 12 2
20 17 13 3
20 17 14 2
20 17 16 1
20 18 8 1
20 18 14 2
20 18 15 10
20 18 16 3
20 18 17 2
20 18 18 1
20 18 19 1
20 18 20 1
20 19 11 2
20 19 14 1
20 19 15 1
20 19 16 8
20 19 17 39
20 19 18 6
20 19 19 2
20 19 20 1
20 19 21 1
20 20 17 14
20 20 18 18
20 20 19 8
20 20 20 14
20 20 21 3
20 20 22 1
20 21 17 1
20 21 20 15
20 21 21 14
20 21 22 2
20 21 23 3
20 22 21 1
20 22 24 1
20 23 25 1
21 11 13 1
21 18 12 1
21 18 14 2
21 18 15 2
21 18 16 1
21 19 8 1
21 19 9 1
21 19 15 1
21 19 16 10
21 19 17 6
21 20 10 1
21 20 12 1
21 20 14 1
21 20 15 1
21 20 17 14
21 20 18 37
21 20 19 9
21 20 21 1
21 20 22 1
21 21 13 1
21 21 14 1
21 21 18 21
21 21 19 15
21 21 20 15
21 21 21 20
21 21 22 4
21 21 23 1
21 22 20 3
21 22 21 23
21 22 22 15
21 22 23 6
21 22 24 4
21 23 23 2
21 23 24 1
21 23 25 2
21 24 23 1
21 24 26 1
21 24 27 1
22 19 16 3
22 20 9 1
22 20 10 1
22 20 13 1
22 20 14 1
22 20 16 1
22 20 17 13
22 20 18 6
22 20 19 2
22 21 9 1
22 21 11 2
22 21 12 2
22 21 13 1
22 21 14 1
22 21 15 1
22 21 18 40
22 21 19 56
22 21 20 14
22 21 21 8
22 21 22 1
22 22 13 1
22 22 19 25
22 22 20 37
22 22 21 26
22 22 22 22
22 22 23 5
22 22 24 1
22 22 25 1
22 23 21 2
22 23 22 29
22 23 23 19
22 23 24 3
22 23 25 4
22 23 26 1
22 24 22 1
22 24 23 1
22 24 24 3
22 24 26 1
22 24 27 5
22 25 24 1
22 25 27 6
22 25 28 20
22 26 25 1
22 26 28 3
23 15 15 1
23 20 17 2
23 21 18 12
23 21 19 13
23 22 11 1
23 22 13 2
23 22 14 1
23 22 18 1
23 22 19 15
23 22 20 26
23 22 21 20
23 22 22 1
23 23 18 1
23 23 20 1
23 23 21 39
23 23 22 61
23 23 23 76
23 23 24 10
23 24 23 120
23 24 24 108
23 24 25 27
23 24 26 3
23 24 27 2
23 25 24 13
23 25 25 50
23 25 26 2
23 25 27 22
23 25 28 60
23 26 28 39
23 26 29 41
23 27 29 36
23 27 30 5
24 19 13 1
24 21 12 1
24 22 10 1
24 22 13 1
24 22 19 10
24 22 20 21
24 22 21 4
24 22 23 1
24 23 10 1
24 23 11 1
24 23 12 1
24 23 13 2
24 23 14 1
24 23 15 1
24 23 19 1
24 23 20 7
24 23 21 96
24 23 22 31
24 23 23 4
24 24 15 1
24 24 20 1
24 24 21 10
24 24 22 66
24 24 23 117
24 24 24 100
24 24 25 21
24 24 26 1
24 25 23 2
24 25 24 97
24 25 25 114
24 25 26 38
24 25 27 12
24 25 28 3
24 26 25 1
24 26 26 26
24 26 27 18
24 26 28 65
24 26 29 19
24 27 29 6
24 27 30 5
25 17 14 1
25 18 15 1
25 20 20 1
25 22 22 2
25 23 20 4
25 23 21 17
25 23 22 34
25 24 12 3
25 24 13 2
25 24 16 1
25 24 20 2
25 24 21 12
25 24 22 288
25 24 23 76
25 24 24 3
25 25 17 1
25 25 22 19
25 25 23 136
25 25 24 255
25 25 25 126
25 25 26 3
25 25 27 1
25 26 24 6
25 26 25 129
25 26 26 44
25 26 27 20
25 26 28 47
25 26 29 2
25 27 27 27
25 27 28 85
25 27 29 38
25 27 30 1
25 28 30 6
26 21 19 1
26 23 23 1
26 24 13 1
26 24 22 42
26 24 23 11
26 24 24 1
26 25 15 3
26 25 16 2
26 25 17 1
26 25 22 16
26 25 23 227
26 25 24 157
26 25 25 4
26 26 14 1
26 26 15 2
26 26 16 3
26 26 17 1
26 26 19 2
26 26 20 1
26 26 23 27
26 26 24 206
26 26 25 311
26 26 26 140
26 26 27 4
26 27 25 1
26 27 26 13
26 27 27 50
26 27 28 9
26 27 29 7
26 28 28 5
26 28 29 5
26 28 30 1
27 25 23 6
27 25 24 2
27 26 22 1
27 26 23 3
27 26 24 98
27 26 25 76
27 26 26 11
27 27 19 1
27 27 21 1
27 27 24 1
27 27 25 184
27 27 26 49
27 27 27 30
27 27 28 10
27 27 29 1
27 28 26 2
27 28 27 1
27 28 28 25
27 28 29 6
27 29 29 9
28 26 24 2
28 27 24 1
28 27 25 43
28 27 26 132
28 27 27 12
28 28 19 2
28 28 25 1
28 28 26 255
28 28 27 46
28 28 28 16
28 28 29 35
28 29 28 1
28 29 29 118
28 29 30 55
28 30 30 24
29 27 25 2
29 27 26 2
29 28 22 1
29 28 25 2
29 28 26 19
29 28 27 86
29 28 28 8
29 29 20 1
29 29 26 2
29 29 27 71
29 29 28 19
29 29 29 10
29 29 30 14
29 30 29 1
29 30 30 41
29 30 31 2
29 31 30 3
29 31 31 12
30 29 26 2
30 29 27 7
30 29 28 31
30 29 30 2
30 30 27 3
30 30 28 14
30 30 29 18
30 30 30 241
30 30 31 10
30 31 28 1
30 31 29 14
30 31 30 64
30 31 31 2
31 30 28 3
31 30 29 5
31 30 30 6
31 30 31 3
