32
0 0 0 4
1 0 0 1
1 1 0 9
1 1 1 4
1 1 2 1
1 2 1 74
1 2 2 1
2 1 1 2
2 2 1 36
2 2 2 66
2 3 2 128
2 3 3 4
2 4 3 1
2 8 12 4
2 8 13 1
2 9 13 1
2 10 15 1
2 11 16 2
3 2 1 1
3 2 2 3
3 2 3 1
3 3 2 103
3 3 3 55
3 3 4 3
3 4 3 132
3 4 4 12
3 5 4 5
3 6 6 1
3 7 11 1
3 9 13 1
3 10 14 2
3 10 15 2
3 11 15 1
4 3 1 1
4 3 2 2
4 3 3 2
4 3 4 2
4 4 2 1
4 4 3 34
4 4 4 98
4 5 3 1
4 5 4 148
4 5 5 15
4 6 3 2
4 6 4 8
4 6 5 13
4 7 6 1
4 7 7 1
4 9 11 2
4 9 13 1
4 9 14 1
4 11 14 1
4 11 15 2
5 4 2 2
5 4 4 3
5 4 5 2
5 5 4 22
5 5 5 38
5 5 6 5
5 6 4 6
5 6 5 45
5 6 6 9
5 7 4 1
5 7 6 2
5 7 7 1
5 7 8 2
5 8 10 1
5 8 11 1
5 9 12 2
5 10 13 2
5 10 14 2
5 11 12 1
5 11 14 2
5 12 16 1
6 5 3 4
6 5 4 2
6 5 5 3
6 5 6 2
6 6 5 20
6 6 6 18
6 6 7 1
6 7 5 1
6 7 6 19
6 7 7 3
6 8 7 4
6 8 9 1
6 9 12 1
6 10 12 2
6 10 13 2
6 11 14 3
6 11 15 1
6 12 14 1
7 4 3 1
7 5 2 11
7 5 3 17
7 5 4 8
7 6 3 2
7 6 4 3
7 6 5 1
7 6 6 1
7 6 7 2
7 7 5 1
7 7 6 27
7 7 7 11
7 7 8 3
7 8 6 11
7 8 7 15
7 8 8 2
7 9 8 2
7 9 10 1
7 10 13 1
7 11 14 1
7 12 15 1
7 13 15 1
8 5 2 70
8 5 3 55
8 5 4 4
8 6 3 16
8 6 4 59
8 6 5 4
8 7 4 2
8 7 5 8
8 7 6 1
8 7 7 1
8 7 8 2
8 8 6 4
8 8 7 35
8 8 8 23
8 8 9 3
8 9 7 6
8 9 8 27
8 9 9 2
8 10 9 3
8 10 10 2
8 12 15 1
9 4 6 1
9 5 3 6
9 5 6 2
9 6 3 19
9 6 4 7
9 6 5 1
9 6 7 2
9 7 4 1
9 7 5 12
9 8 5 1
9 8 6 8
9 8 7 1
9 9 7 1
9 9 8 42
9 9 9 7
9 9 10 1
9 10 8 9
9 10 9 34
9 10 10 5
9 11 8 1
9 11 10 6
9 12 10 1
9 14 17 1
10 4 6 1
10 4 7 1
10 5 6 2
10 5 7 2
10 6 3 3
10 6 4 1
10 7 3 2
10 7 4 24
10 7 5 5
10 7 7 1
10 8 5 3
10 8 6 3
10 8 7 2
10 8 8 1
10 8 9 1
10 9 7 2
10 9 8 6
10 9 9 1
10 10 8 2
10 10 9 46
10 10 10 16
10 11 9 7
10 11 10 29
10 11 11 3
10 12 10 1
10 12 11 4
10 12 12 1
11 4 7 1
11 5 8 1
11 6 7 1
11 6 8 1
11 7 4 5
11 7 8 2
11 8 4 4
11 8 5 4
11 8 8 1
11 8 10 1
11 9 5 2
11 9 6 2
11 9 7 3
11 9 8 1
11 9 9 4
11 10 7 1
11 10 8 1
11 10 9 7
11 10 10 4
11 11 9 2
11 11 10 48
11 11 11 15
11 11 12 1
11 12 10 11
11 12 11 34
11 12 12 5
11 13 11 1
11 13 12 2
12 5 7 2
12 6 7 2
12 6 8 4
12 7 8 1
12 9 5 1
12 9 6 3
12 9 11 1
12 10 6 7
12 10 7 1
12 10 8 1
12 10 9 1
12 10 10 1
12 10 11 2
12 11 9 3
12 11 10 7
12 11 11 2
12 11 12 2
12 12 10 7
12 12 11 43
12 12 12 15
12 13 11 6
12 13 12 40
12 13 13 4
12 14 13 3
13 5 7 1
13 5 8 1
13 6 9 1
13 9 10 1
13 10 6 8
13 10 7 23
13 10 12 1
13 11 7 16
13 11 8 5
13 11 9 2
13 11 11 3
13 12 9 2
13 12 10 3
13 12 11 8
13 12 12 6
13 13 11 5
13 13 12 84
13 13 13 64
13 13 14 2
13 14 12 2
13 14 13 56
13 14 14 7
13 14 15 1
13 15 13 3
13 15 14 2
13 16 18 1
14 5 9 1
14 6 8 1
14 6 9 2
14 11 7 5
14 11 8 28
14 11 9 2
14 12 8 11
14 12 9 3
14 12 10 2
14 12 11 2
14 12 12 1
14 12 13 2
14 12 14 1
14 13 9 1
14 13 10 2
14 13 11 6
14 13 12 18
14 13 13 14
14 13 14 1
14 14 12 2
14 14 13 129
14 14 14 53
14 14 15 3
14 15 13 6
14 15 14 52
14 15 15 11
14 16 16 3
15 11 12 1
15 12 8 27
15 12 9 16
15 12 10 1
15 12 13 1
15 13 9 2
15 13 10 8
15 13 11 3
15 13 12 1
15 13 14 2
15 14 11 3
15 14 12 3
15 14 13 16
15 14 14 7
15 14 15 1
15 15 11 1
15 15 12 1
15 15 13 9
15 15 14 141
15 15 15 47
15 15 16 3
15 16 14 12
15 16 15 130
15 16 16 6
15 17 15 1
15 17 16 3
16 7 9 1
16 7 10 1
16 12 9 1
16 13 10 4
16 13 11 2
16 14 10 3
16 14 11 7
16 14 12 4
16 14 13 1
16 14 14 5
16 15 12 4
16 15 13 8
16 15 14 27
16 15 15 8
16 15 16 1
16 16 11 1
16 16 14 27
16 16 15 181
16 16 16 33
16 16 17 2
16 17 6 1
16 17 15 6
16 17 16 140
16 17 17 11
16 18 17 2
17 14 10 1
17 14 11 4
17 15 11 2
17 15 12 4
17 15 13 4
17 15 14 2
17 16 13 4
17 16 14 7
17 16 15 8
17 16 17 2
17 16 18 1
17 17 13 1
17 17 14 1
17 17 15 13
17 17 16 139
17 17 17 73
17 18 16 2
17 18 17 141
17 18 18 9
17 19 17 2
17 19 18 4
17 19 19 1
18 7 9 1
18 15 12 2
18 16 12 1
18 16 13 1
18 16 14 3
18 16 15 3
18 17 12 1
18 17 13 1
18 17 14 3
18 17 15 11
18 17 16 6
18 17 17 2
18 17 18 1
18 18 12 1
18 18 14 1
18 18 16 2
18 18 17 129
18 18 18 45
18 18 19 3
18 19 17 17
18 19 18 201
18 19 19 12
18 20 19 3
19 16 13 3
19 17 13 2
19 17 14 1
19 17 15 3
19 17 18 1
19 18 16 4
19 18 17 9
19 18 18 3
19 18 19 1
19 19 12 1
19 19 14 1
19 19 17 11
19 19 18 194
19 19 19 65
19 19 20 5
19 20 18 15
19 20 19 371
19 20 20 17
19 21 19 3
19 21 20 12
20 18 15 4
20 18 16 4
20 19 12 1
20 19 16 1
20 19 17 3
20 19 18 6
20 19 19 2
20 19 20 1
20 20 13 2
20 20 18 6
20 20 19 67
20 20 20 26
20 20 21 1
20 21 19 4
20 21 20 290
20 21 21 37
20 22 20 1
20 22 21 20
21 19 16 1
21 19 17 6
21 19 18 1
21 20 14 1
21 20 18 2
21 20 19 6
21 20 20 2
21 20 21 3
21 21 17 1
21 21 19 1
21 21 20 39
21 21 21 28
21 21 22 9
21 22 20 1
21 22 21 168
21 22 22 124
21 22 23 3
21 23 21 1
21 23 22 12
21 23 23 2
22 19 17 1
22 20 13 1
22 20 17 4
22 20 18 10
22 21 18 6
22 21 19 6
22 21 20 9
22 21 21 2
22 21 22 1
22 22 14 1
22 22 16 1
22 22 17 1
22 22 20 2
22 22 21 34
22 22 22 91
22 22 23 20
22 23 21 1
22 23 22 343
22 23 23 120
22 23 24 4
22 24 23 26
22 24 24 5
23 20 16 2
23 20 17 31
23 20 18 1
23 20 20 1
23 20 21 1
23 21 17 20
23 21 18 53
23 21 19 11
23 21 20 2
23 22 15 1
23 22 19 9
23 22 20 8
23 22 21 1
23 22 22 3
23 23 15 1
23 23 22 21
23 23 23 122
23 23 24 16
23 24 23 126
23 24 24 159
23 24 25 15
23 25 24 16
23 25 25 10
24 21 17 7
24 21 18 8
24 22 18 1
24 22 19 9
24 22 20 21
24 22 21 4
24 23 15 1
24 23 20 8
24 23 21 7
24 23 22 1
24 23 23 3
24 23 24 3
24 24 22 1
24 24 23 5
24 24 24 100
24 24 25 10
24 25 24 136
24 25 25 285
24 25 26 15
24 25 27 1
24 26 25 8
24 26 26 2
24 27 26 1
25 23 20 4
25 23 21 22
25 23 22 1
25 24 15 1
25 24 21 5
25 24 22 16
25 24 23 9
25 24 24 2
25 25 23 1
25 25 24 12
25 25 25 106
25 25 26 19
25 26 25 39
25 26 26 92
25 26 27 3
25 27 26 1
25 27 27 5
26 24 21 2
26 24 22 34
26 24 23 3
26 25 15 1
26 25 19 1
26 25 22 8
26 25 23 17
26 25 24 5
26 25 25 3
26 25 26 1
26 26 14 1
26 26 17 1
26 26 18 1
26 26 20 1
26 26 24 4
26 26 25 5
26 26 26 58
26 26 27 22
26 27 26 17
26 27 27 51
26 27 28 15
26 28 28 10
27 25 23 23
27 25 24 2
27 26 15 1
27 26 17 1
27 26 19 2
27 26 23 5
27 26 24 11
27 26 25 1
27 26 26 2
27 26 27 1
27 27 21 1
27 27 25 1
27 27 26 4
27 27 27 29
27 27 28 5
27 28 27 10
27 28 28 42
27 28 29 7
27 29 29 1
28 26 23 4
28 26 24 6
28 27 24 1
28 27 25 1
28 27 26 2
28 27 28 3
28 28 18 1
28 28 19 1
28 28 23 1
28 28 27 5
28 28 28 22
28 28 29 11
28 29 28 6
28 29 29 55
28 29 30 24
28 30 30 4
29 27 24 2
29 27 25 6
29 28 25 3
29 28 26 4
29 28 27 5
29 28 28 1
29 28 29 1
29 29 25 1
29 29 27 1
29 29 28 6
29 29 29 48
29 29 30 44
29 30 27 1
29 30 29 18
29 30 30 236
29 30 31 5
29 31 30 3
30 29 24 1
30 29 26 6
30 29 27 3
30 29 29 4
30 29 30 2
30 30 20 1
30 30 21 1
30 30 27 3
30 30 28 18
30 30 29 13
30 30 30 634
30 30 31 42
30 31 29 15
30 31 30 271
30 31 31 61
31 30 28 2
31 30 29 4
31 30 30 4
31 31 29 1
