32
0 0 0 5
0 0 1 3
0 1 0 3
0 1 1 2
1 1 0 17
1 1 1 14
1 2 0 1
1 2 1 76
1 2 2 2
2 2 0 1
2 2 1 33
2 2 2 44
2 3 2 139
2 3 3 1
2 8 12 1
2 11 16 1
3 2 1 1
3 2 2 8
3 3 2 118
3 3 3 48
3 3 4 1
3 4 2 1
3 4 3 142
3 4 4 6
3 8 11 1
3 8 12 2
3 10 15 1
3 11 15 1
3 11 16 2
3 12 16 1
4 3 2 2
4 3 3 2
4 3 4 2
4 4 2 1
4 4 3 28
4 4 4 79
4 5 4 137
4 5 5 17
4 6 3 1
4 6 4 10
4 6 5 24
4 7 9 1
4 8 8 1
4 8 9 1
4 8 11 1
4 11 15 2
5 4 2 1
5 4 3 1
5 4 4 3
5 4 5 1
5 5 4 14
5 5 5 28
5 5 6 2
5 6 4 5
5 6 5 52
5 6 6 22
5 7 4 3
5 7 6 4
5 7 8 3
5 7 9 2
5 8 10 1
5 9 12 1
5 9 13 1
5 10 13 2
5 10 14 1
5 11 14 1
5 12 16 1
5 13 17 1
6 4 2 1
6 5 4 3
6 5 5 2
6 5 6 1
6 6 4 1
6 6 5 22
6 6 6 11
6 6 7 1
6 7 5 2
6 7 6 10
6 7 7 1
6 8 7 4
6 11 13 1
6 11 14 1
7 4 2 6
7 5 2 12
7 5 3 17
7 5 4 3
7 6 3 2
7 6 4 5
7 6 5 1
7 7 5 1
7 7 6 27
7 7 7 9
7 7 8 2
7 8 6 10
7 8 7 23
7 8 8 1
7 9 7 2
7 9 8 1
7 9 11 2
7 11 13 1
7 11 14 1
8 4 2 6
8 5 2 95
8 5 3 52
8 5 4 1
8 5 6 2
8 6 3 16
8 6 4 58
8 6 7 1
8 7 4 1
8 7 5 5
8 7 6 2
8 7 7 1
8 7 9 1
8 8 6 2
8 8 7 28
8 8 8 20
8 8 9 1
8 9 7 8
8 9 8 30
8 9 9 3
8 10 7 2
8 10 8 3
8 10 9 1
8 10 10 2
8 11 13 1
8 11 14 1
8 12 14 1
9 4 6 2
9 5 3 4
9 5 7 1
9 6 3 19
9 6 4 4
9 6 7 1
9 7 4 1
9 7 5 6
9 7 6 1
9 8 5 1
9 8 6 5
9 8 7 4
9 8 8 3
9 9 7 1
9 9 8 47
9 9 9 20
9 9 10 1
9 9 11 1
9 10 8 13
9 10 9 35
9 10 10 6
9 11 9 1
9 11 10 3
9 11 11 1
10 5 6 2
10 5 7 3
10 6 3 3
10 6 6 1
10 7 3 3
10 7 4 26
10 7 5 2
10 7 8 1
10 8 6 4
10 8 7 4
10 8 9 1
10 8 10 1
10 9 7 5
10 9 8 11
10 9 9 2
10 10 8 1
10 10 9 61
10 10 10 12
10 10 11 3
10 11 9 17
10 11 10 33
10 11 11 6
10 12 9 1
10 12 10 1
10 12 11 2
10 13 10 1
11 4 7 1
11 5 7 2
11 6 7 2
11 6 8 3
11 7 4 5
11 7 8 3
11 8 4 2
11 8 5 2
11 8 6 4
11 8 8 2
11 9 5 1
11 9 6 4
11 9 7 4
11 9 8 4
11 9 9 1
11 9 11 1
11 10 7 1
11 10 8 8
11 10 9 9
11 10 10 3
11 11 9 5
11 11 10 54
11 11 11 23
11 11 12 3
11 12 10 12
11 12 11 38
11 12 12 2
11 13 12 2
12 6 8 2
12 9 5 6
12 9 6 6
12 9 7 2
12 9 11 1
12 10 6 2
12 10 7 1
12 10 8 8
12 10 10 2
12 10 11 2
12 11 9 4
12 11 10 10
12 11 11 4
12 12 9 1
12 12 10 4
12 12 11 50
12 12 12 20
12 12 13 1
12 13 11 6
12 13 12 53
12 13 13 4
12 14 12 1
12 14 13 1
13 9 6 1
13 10 6 13
13 10 7 22
13 10 11 1
13 11 7 17
13 11 8 5
13 11 9 1
13 11 12 3
13 12 9 1
13 12 10 3
13 12 11 9
13 12 12 8
13 12 13 2
13 13 11 7
13 13 12 83
13 13 13 66
13 13 14 2
13 14 12 9
13 14 13 54
13 14 14 5
13 15 13 2
13 15 14 5
13 15 15 1
13 16 15 1
14 10 7 1
14 10 12 1
14 11 7 6
14 11 8 17
14 11 9 1
14 11 11 1
14 12 8 14
14 12 9 7
14 12 10 3
14 12 11 2
14 13 9 1
14 13 11 7
14 13 12 8
14 13 13 21
14 13 14 4
14 14 8 1
14 14 11 1
14 14 12 6
14 14 13 109
14 14 14 48
14 14 15 1
14 15 13 8
14 15 14 49
14 15 15 10
14 15 16 1
14 16 14 2
14 16 15 4
14 16 16 1
15 11 8 2
15 11 11 1
15 12 8 30
15 12 9 17
15 12 12 1
15 13 9 9
15 13 10 6
15 13 11 6
15 13 12 5
15 13 13 1
15 14 10 1
15 14 11 4
15 14 12 5
15 14 13 7
15 14 14 5
15 14 15 2
15 15 11 1
15 15 13 5
15 15 14 102
15 15 15 35
15 15 16 1
15 16 14 9
15 16 15 118
15 16 16 12
15 17 15 1
15 17 16 1
15 18 19 1
16 12 9 1
16 12 13 1
16 13 9 3
16 13 10 7
16 13 12 1
16 13 13 1
16 14 10 4
16 14 11 4
16 14 12 5
16 14 13 4
16 14 14 2
16 15 12 1
16 15 13 6
16 15 14 37
16 15 15 3
16 16 5 1
16 16 10 1
16 16 11 1
16 16 14 38
16 16 15 146
16 16 16 33
16 16 17 4
16 17 15 3
16 17 16 119
16 17 17 17
16 18 17 1
17 12 12 1
17 14 11 1
17 15 12 2
17 15 13 2
17 15 14 3
17 15 15 2
17 16 13 2
17 16 14 6
17 16 15 3
17 16 16 2
17 16 17 2
17 17 10 1
17 17 12 1
17 17 15 12
17 17 16 117
17 17 17 72
17 17 18 5
17 18 16 3
17 18 17 112
17 18 18 11
17 19 18 2
18 15 12 1
18 15 17 1
18 16 12 3
18 16 13 1
18 16 14 2
18 16 15 1
18 16 16 1
18 17 8 1
18 17 14 1
18 17 15 6
18 17 16 7
18 17 17 3
18 17 19 1
18 18 13 1
18 18 16 8
18 18 17 91
18 18 18 57
18 18 19 1
18 19 17 15
18 19 18 161
18 19 19 13
18 20 19 6
19 16 13 1
19 16 16 1
19 17 10 1
19 17 14 3
19 17 15 4
19 17 16 1
19 17 18 2
19 18 9 1
19 18 11 1
19 18 12 1
19 18 13 2
19 18 15 1
19 18 16 2
19 18 17 13
19 18 18 7
19 18 19 1
19 19 10 1
19 19 11 1
19 19 15 2
19 19 16 1
19 19 17 14
19 19 18 162
19 19 19 57
19 19 20 2
19 20 18 11
19 20 19 253
19 20 20 7
19 21 20 1
19 21 21 1
20 17 14 1
20 18 9 2
20 18 12 1
20 18 15 2
20 18 16 7
20 18 17 1
20 19 10 1
20 19 13 1
20 19 14 2
20 19 16 1
20 19 17 3
20 19 18 7
20 19 19 1
20 19 20 3
20 20 17 1
20 20 18 10
20 20 19 56
20 20 20 41
20 20 21 3
20 21 19 12
20 21 20 255
20 21 21 34
20 22 21 18
20 22 22 2
21 18 15 1
21 18 19 1
21 19 16 4
21 19 17 3
21 19 18 2
21 20 11 1
21 20 14 1
21 20 18 3
21 20 19 3
21 21 13 1
21 21 20 35
21 21 21 33
21 21 22 9
21 22 21 144
21 22 22 115
21 22 23 3
21 23 22 6
21 23 23 1
22 19 19 1
22 20 9 1
22 20 10 1
22 20 17 3
22 20 18 3
22 20 19 2
22 21 17 1
22 21 18 7
22 21 19 3
22 21 20 4
22 21 23 1
22 22 15 1
22 22 20 2
22 22 21 22
22 22 22 106
22 22 23 17
22 23 22 341
22 23 23 132
22 23 24 4
22 24 23 19
22 24 24 6
23 20 17 13
23 20 18 4
23 21 17 10
23 21 18 75
23 21 19 15
23 21 20 1
23 21 21 1
23 21 22 1
23 22 11 1
23 22 12 1
23 22 13 1
23 22 14 2
23 22 19 9
23 22 20 5
23 22 21 3
23 22 22 6
23 22 23 1
23 23 16 1
23 23 22 19
23 23 23 174
23 23 24 12
23 24 23 121
23 24 24 173
23 24 25 12
23 25 24 9
23 25 25 8
24 21 13 1
24 21 17 9
24 21 18 22
24 22 16 1
24 22 18 1
24 22 19 10
24 22 20 21
24 22 21 1
24 23 11 1
24 23 14 1
24 23 16 1
24 23 20 9
24 23 21 8
24 23 22 3
24 23 23 3
24 23 24 1
24 24 22 2
24 24 23 13
24 24 24 105
24 24 25 13
24 25 22 1
24 25 24 116
24 25 25 332
24 25 26 17
24 26 25 9
24 26 26 13
25 17 15 1
25 20 13 1
25 22 21 2
25 23 12 1
25 23 20 2
25 23 21 28
25 23 22 6
25 23 23 1
25 24 12 1
25 24 13 1
25 24 14 2
25 24 16 1
25 24 18 1
25 24 21 2
25 24 22 23
25 24 23 5
25 24 24 6
25 25 23 3
25 25 24 6
25 25 25 124
25 25 26 14
25 25 27 1
25 26 25 35
25 26 26 98
25 26 27 3
25 27 26 1
25 27 27 6
26 24 13 1
26 24 22 45
26 24 23 5
26 25 13 1
26 25 14 1
26 25 15 1
26 25 16 1
26 25 17 1
26 25 22 3
26 25 23 30
26 25 24 3
26 25 25 4
26 26 16 3
26 26 17 1
26 26 18 2
26 26 24 2
26 26 25 9
26 26 26 42
26 26 27 16
26 27 26 13
26 27 27 50
26 27 28 13
26 28 28 9
27 25 14 1
27 25 23 28
27 25 24 4
27 26 15 1
27 26 16 2
27 26 17 1
27 26 18 1
27 26 23 3
27 26 24 13
27 26 25 1
27 26 26 2
27 26 27 3
27 27 20 3
27 27 21 1
27 27 25 2
27 27 26 3
27 27 27 30
27 27 28 9
27 28 27 6
27 28 28 32
27 28 29 10
27 29 28 2
27 29 29 3
28 22 18 1
28 26 24 11
28 26 25 2
28 26 26 1
28 27 19 1
28 27 22 1
28 27 25 4
28 27 26 2
28 27 27 2
28 27 28 1
28 28 26 1
28 28 27 10
28 28 28 30
28 28 29 11
28 29 28 3
28 29 29 62
28 29 30 23
28 31 30 1
29 27 25 6
29 28 20 1
29 28 25 3
29 28 26 6
29 28 27 1
29 28 28 1
29 28 29 1
29 29 27 1
29 29 28 5
29 29 29 43
29 29 30 49
29 30 29 10
29 30 30 232
29 30 31 10
30 28 25 1
30 28 26 4
30 28 28 1
30 29 20 1
30 29 21 1
30 29 26 1
30 29 27 1
30 29 28 1
30 29 29 5
30 29 30 1
30 30 27 4
30 30 28 11
30 30 29 14
30 30 30 613
30 30 31 35
30 31 29 3
30 31 30 252
30 31 31 42
31 30 28 1
31 30 29 4
31 30 30 3
31 31 29 1
