32
0 0 0 5
0 1 1 1
1 0 0 1
1 1 0 1
1 1 1 4
1 1 2 1
1 2 1 29
1 2 2 1
2 1 0 7
2 2 0 6
2 2 1 40
2 2 2 44
2 3 1 1
2 3 2 130
2 3 3 2
2 8 12 1
2 8 13 1
3 2 0 3
3 2 1 3
3 2 2 1
3 3 1 1
3 3 2 139
3 3 3 58
3 3 4 1
3 4 3 132
3 4 4 9
3 5 4 1
3 8 12 1
3 10 15 3
3 10 16 1
3 11 16 1
4 3 1 1
4 3 2 1
4 3 3 4
4 4 2 9
4 4 3 35
4 4 4 66
4 5 2 1
4 5 4 140
4 5 5 15
4 6 4 6
4 6 5 18
4 6 6 1
4 8 9 1
4 8 11 1
4 9 11 1
4 9 12 1
4 9 13 1
4 9 14 1
5 4 2 8
5 4 4 5
5 4 5 1
5 5 2 2
5 5 3 6
5 5 4 9
5 5 5 16
5 5 6 1
5 6 5 54
5 6 6 15
5 7 3 1
5 7 5 1
5 7 6 2
5 7 7 1
5 8 8 1
5 10 13 1
5 10 14 2
5 11 15 3
5 12 16 1
6 4 2 2
6 5 3 3
6 5 4 2
6 5 5 5
6 5 6 1
6 6 4 2
6 6 5 4
6 6 6 9
6 6 7 2
6 7 4 4
6 7 5 1
6 7 6 6
6 7 7 5
6 8 4 1
6 8 7 2
6 8 8 4
6 8 9 1
6 8 11 1
6 9 11 1
6 9 12 3
6 10 13 1
6 10 14 1
6 11 14 1
6 11 15 1
6 13 17 1
7 5 2 1
7 5 3 2
7 6 3 1
7 6 4 4
7 6 5 3
7 6 6 1
7 6 7 1
7 7 4 3
7 7 5 6
7 7 6 6
7 7 7 12
7 7 8 1
7 8 6 2
7 8 7 4
7 8 8 3
7 8 9 1
7 9 8 2
7 10 13 2
8 4 5 1
8 7 4 2
8 7 5 4
8 7 6 3
8 7 7 2
8 7 8 1
8 8 5 2
8 8 6 15
8 8 7 11
8 8 8 10
8 8 11 1
8 9 8 8
8 9 9 4
8 9 12 1
8 10 10 1
8 13 16 1
9 4 5 1
9 6 3 1
9 6 7 1
9 7 3 1
9 7 4 2
9 7 8 2
9 8 5 1
9 8 6 10
9 8 7 5
9 8 9 1
9 9 6 3
9 9 7 10
9 9 8 11
9 9 9 2
9 9 10 3
9 10 7 1
9 10 8 2
9 10 9 6
9 10 10 1
9 11 8 2
9 11 10 1
10 5 6 1
10 6 6 1
10 7 3 2
10 7 4 2
10 8 4 1
10 8 5 1
10 8 6 2
10 9 6 1
10 9 7 11
10 9 8 6
10 9 9 4
10 9 10 1
10 10 7 3
10 10 8 6
10 10 9 9
10 10 10 10
10 10 11 1
10 11 7 1
10 11 8 1
10 11 9 1
10 11 10 9
10 11 11 3
10 11 12 3
10 12 9 1
10 12 11 1
11 5 7 1
11 6 3 4
11 7 2 1
11 7 3 18
11 7 4 6
11 7 5 1
11 7 7 1
11 7 9 1
11 8 4 3
11 8 5 5
11 8 6 2
11 8 9 2
11 9 6 2
11 9 7 2
11 9 8 2
11 9 9 2
11 10 6 1
11 10 8 15
11 10 9 3
11 10 10 3
11 10 11 1
11 11 8 1
11 11 9 9
11 11 10 9
11 11 11 12
11 11 12 1
11 12 10 3
11 12 11 12
11 12 12 10
11 13 12 1
11 14 12 1
12 4 7 1
12 6 7 1
12 7 2 2
12 7 3 65
12 7 4 1
12 7 8 4
12 8 3 24
12 8 4 36
12 8 5 3
12 8 8 1
12 8 9 1
12 9 4 7
12 9 5 8
12 9 6 6
12 9 7 1
12 9 9 1
12 9 10 1
12 9 11 1
12 10 6 2
12 10 7 2
12 10 8 2
12 10 9 2
12 10 10 1
12 10 11 2
12 11 8 3
12 11 9 15
12 11 10 6
12 11 11 3
12 12 9 7
12 12 10 6
12 12 11 28
12 12 12 25
12 12 13 2
12 13 9 1
12 13 11 4
12 13 12 25
12 13 13 12
12 14 13 1
13 5 8 1
13 6 8 2
13 7 3 2
13 7 8 4
13 8 3 53
13 8 4 10
13 8 8 4
13 9 4 11
13 9 5 10
13 9 6 1
13 9 8 1
13 9 9 1
13 10 5 1
13 10 6 9
13 10 7 14
13 10 9 2
13 10 10 1
13 11 7 10
13 11 8 5
13 11 9 6
13 11 10 3
13 12 9 3
13 12 10 21
13 12 11 11
13 12 12 6
13 12 13 2
13 13 9 1
13 13 10 10
13 13 11 21
13 13 12 21
13 13 13 39
13 13 14 3
13 14 12 3
13 14 13 24
13 14 14 7
13 15 14 3
14 7 9 1
14 8 3 3
14 9 3 2
14 9 4 34
14 9 5 3
14 10 4 6
14 10 5 3
14 10 6 5
14 10 7 1
14 11 7 15
14 11 8 31
14 11 9 1
14 12 8 8
14 12 9 8
14 12 10 1
14 12 11 1
14 12 12 1
14 13 10 4
14 13 11 18
14 13 12 17
14 13 13 12
14 14 11 8
14 14 12 22
14 14 13 40
14 14 14 27
14 14 15 2
14 15 13 1
14 15 14 21
14 15 15 7
14 16 14 3
14 16 15 2
15 5 9 1
15 10 4 8
15 10 5 1
15 10 10 1
15 11 6 5
15 11 7 3
15 12 7 1
15 12 8 41
15 12 9 22
15 12 10 1
15 13 8 1
15 13 9 7
15 13 10 12
15 13 11 3
15 13 12 2
15 13 13 5
15 14 11 7
15 14 12 30
15 14 13 17
15 14 14 8
15 14 15 1
15 15 12 12
15 15 13 8
15 15 14 20
15 15 15 13
15 15 16 6
15 16 14 5
15 16 15 25
15 16 16 5
15 17 16 1
16 11 6 3
16 11 7 2
16 12 6 2
16 12 7 7
16 12 8 6
16 12 9 3
16 13 8 1
16 13 9 7
16 13 10 16
16 13 11 2
16 13 12 1
16 13 15 1
16 14 10 2
16 14 11 9
16 14 12 10
16 14 13 1
16 15 11 1
16 15 12 19
16 15 13 32
16 15 14 9
16 15 15 5
16 15 16 2
16 16 11 1
16 16 12 1
16 16 13 7
16 16 14 8
16 16 15 19
16 16 16 13
16 16 17 7
16 17 14 1
16 17 15 1
16 17 16 22
16 17 17 4
16 18 17 2
17 13 9 2
17 13 13 1
17 14 10 2
17 14 11 8
17 14 12 1
17 14 13 1
17 15 11 1
17 15 12 17
17 15 13 11
17 16 12 3
17 16 13 28
17 16 14 29
17 16 15 8
17 16 16 2
17 16 17 1
17 17 13 1
17 17 14 8
17 17 15 15
17 17 16 20
17 17 17 21
17 17 18 4
17 18 16 3
17 18 17 16
17 18 18 10
17 18 19 2
17 19 18 4
17 19 19 1
17 20 19 1
18 14 12 1
18 15 11 1
18 15 12 4
18 15 13 1
18 16 13 7
18 16 14 5
18 16 15 1
18 17 12 1
18 17 13 1
18 17 14 14
18 17 15 38
18 17 16 18
18 17 17 2
18 18 13 1
18 18 14 1
18 18 15 3
18 18 16 12
18 18 17 19
18 18 18 12
18 18 19 2
18 19 17 2
18 19 18 16
18 19 19 11
18 20 19 1
18 20 20 1
19 16 13 1
19 17 13 1
19 17 14 12
19 17 15 19
19 17 16 4
19 17 18 1
19 18 11 1
19 18 14 1
19 18 15 23
19 18 16 36
19 18 17 13
19 19 16 7
19 19 17 18
19 19 18 17
19 19 19 15
19 19 20 3
19 20 18 5
19 20 19 24
19 20 20 10
19 20 21 2
19 21 20 3
19 21 21 2
19 21 22 1
20 17 13 1
20 17 14 3
20 17 15 5
20 17 16 1
20 18 9 1
20 18 15 58
20 18 16 89
20 18 17 13
20 19 13 1
20 19 15 4
20 19 16 52
20 19 17 26
20 19 18 17
20 20 16 1
20 20 17 9
20 20 18 29
20 20 19 32
20 20 20 19
20 20 21 5
20 21 19 3
20 21 20 44
20 21 21 18
20 21 22 1
20 22 21 8
21 16 16 1
21 17 16 1
21 18 15 17
21 18 16 23
21 18 17 4
21 19 10 2
21 19 12 2
21 19 13 1
21 19 15 2
21 19 16 51
21 19 17 52
21 19 18 1
21 20 10 1
21 20 11 1
21 20 12 2
21 20 13 1
21 20 14 1
21 20 16 3
21 20 17 108
21 20 18 41
21 20 19 4
21 20 20 5
21 20 21 1
21 21 12 1
21 21 17 1
21 21 18 21
21 21 19 20
21 21 20 20
21 21 21 16
21 22 20 14
21 22 21 50
21 22 22 74
21 22 23 1
21 23 22 2
22 16 15 1
22 17 15 1
22 19 16 2
22 20 14 1
22 20 15 1
22 20 17 79
22 20 18 50
22 20 19 2
22 21 15 1
22 21 17 11
22 21 18 151
22 21 19 55
22 21 20 10
22 21 21 4
22 21 22 4
22 22 18 3
22 22 19 50
22 22 20 10
22 22 21 44
22 22 22 105
22 22 23 6
22 23 21 1
22 23 22 116
22 23 23 95
22 23 24 2
22 24 23 18
22 24 24 5
22 24 25 1
23 21 10 1
23 21 18 14
23 21 19 3
23 21 20 2
23 22 13 1
23 22 14 2
23 22 17 1
23 22 18 7
23 22 19 85
23 22 20 113
23 22 21 9
23 22 22 6
23 23 16 1
23 23 20 30
23 23 21 14
23 23 22 67
23 23 23 236
23 23 24 28
23 24 23 235
23 24 24 145
23 24 25 14
23 25 24 14
23 25 25 7
24 22 19 8
24 22 20 28
24 22 21 3
24 23 11 1
24 23 12 1
24 23 13 1
24 23 15 3
24 23 16 1
24 23 20 44
24 23 21 213
24 23 22 15
24 23 23 12
24 23 24 1
24 24 21 16
24 24 22 73
24 24 23 55
24 24 24 120
24 24 25 11
24 25 23 1
24 25 24 129
24 25 25 203
24 25 26 20
24 26 25 5
24 26 26 8
24 26 27 2
25 23 12 2
25 23 20 7
25 23 21 26
25 23 22 4
25 23 23 1
25 24 14 2
25 24 21 18
25 24 22 212
25 24 23 11
25 24 24 6
25 24 25 1
25 25 22 29
25 25 23 82
25 25 24 38
25 25 25 255
25 25 26 9
25 26 25 68
25 26 26 95
25 26 27 8
25 27 27 8
25 27 28 9
26 24 12 1
26 24 13 1
26 24 22 44
26 24 23 9
26 25 13 1
26 25 14 2
26 25 15 1
26 25 17 2
26 25 22 23
26 25 23 143
26 25 24 28
26 25 25 7
26 25 26 2
26 26 16 1
26 26 17 1
26 26 23 28
26 26 24 53
26 26 25 17
26 26 26 74
26 26 27 11
26 27 26 16
26 27 27 66
26 27 28 23
26 27 29 9
26 28 28 9
26 28 29 50
26 28 30 11
26 29 29 1
27 25 13 1
27 25 23 35
27 25 24 2
27 26 16 3
27 26 17 1
27 26 18 1
27 26 19 1
27 26 21 1
27 26 22 1
27 26 23 16
27 26 24 57
27 26 25 7
27 26 26 2
27 26 27 1
27 27 24 4
27 27 26 4
27 27 27 33
27 27 28 12
27 27 29 1
27 28 27 5
27 28 28 52
27 28 29 17
27 28 30 10
27 29 29 2
27 29 30 108
27 30 30 1
28 26 24 13
28 26 25 1
28 27 24 17
28 27 25 34
28 27 26 2
28 27 27 1
28 27 29 1
28 28 24 2
28 28 26 1
28 28 27 2
28 28 28 10
28 28 29 35
28 29 28 5
28 29 29 71
28 29 30 34
28 30 30 28
28 30 31 2
29 27 25 3
29 28 20 1
29 28 25 3
29 28 26 2
29 28 27 1
29 28 28 3
29 28 29 1
29 29 20 1
29 29 28 2
29 29 29 26
29 29 30 59
29 30 22 1
29 30 29 5
29 30 30 372
29 30 31 66
29 31 30 1
29 31 31 7
30 28 25 1
30 28 26 2
30 29 26 7
30 29 27 6
30 29 28 2
30 29 29 3
30 29 30 1
30 30 22 1
30 30 26 1
30 30 27 1
30 30 28 17
30 30 29 16
30 30 30 378
30 30 31 32
30 31 29 9
30 31 30 53
30 31 31 46
31 30 28 4
31 30 29 5
31 30 30 6
31 31 27 1
31 31 28 1
