32
0 0 0 9
0 1 0 3
0 1 1 2
1 1 0 21
1 1 1 5
1 2 1 85
1 2 2 2
2 1 1 1
2 2 0 1
2 2 1 35
2 2 2 52
2 3 2 143
2 3 3 4
2 8 12 2
3 2 2 5
3 3 1 1
3 3 2 106
3 3 3 68
3 3 4 2
3 4 2 1
3 4 3 155
3 4 4 15
3 5 3 2
3 5 4 3
3 8 12 1
3 9 14 1
3 11 16 1
3 12 16 2
3 12 17 2
4 3 2 1
4 3 4 1
4 4 3 25
4 4 4 97
4 4 5 2
4 5 3 1
4 5 4 129
4 5 5 13
4 6 3 1
4 6 4 7
4 6 5 13
4 7 6 1
4 7 7 1
4 7 9 1
4 8 8 1
4 8 12 2
4 9 12 1
4 10 12 1
4 10 14 1
4 11 15 1
4 11 16 1
5 4 2 2
5 4 3 2
5 4 4 2
5 4 5 1
5 5 4 14
5 5 5 24
5 5 6 2
5 6 3 1
5 6 4 6
5 6 5 41
5 6 6 24
5 7 5 1
5 7 6 8
5 8 9 1
5 8 10 1
5 9 11 1
5 9 13 1
5 11 14 2
5 12 16 1
6 4 3 1
6 5 3 3
6 5 4 2
6 5 5 4
6 5 6 2
6 6 4 2
6 6 5 20
6 6 6 14
6 6 7 1
6 7 5 5
6 7 6 19
6 7 7 3
6 8 7 1
6 11 15 2
6 12 13 1
6 12 15 1
6 12 17 1
7 4 2 3
7 5 2 15
7 5 3 15
7 5 4 5
7 6 4 3
7 6 5 4
7 7 5 3
7 7 6 17
7 7 7 8
7 8 6 7
7 8 7 13
7 8 8 1
7 9 7 2
7 9 8 2
7 10 10 1
7 10 14 1
7 11 12 1
7 11 14 2
7 12 14 1
7 12 16 2
8 4 2 2
8 4 6 1
8 5 2 87
8 5 3 66
8 5 4 1
8 5 6 1
8 6 3 28
8 6 4 45
8 7 4 1
8 7 5 4
8 7 6 3
8 7 7 2
8 7 8 1
8 8 6 4
8 8 7 38
8 8 8 15
8 8 9 1
8 9 7 7
8 9 8 22
8 9 9 2
8 9 11 1
8 10 7 1
8 10 8 1
8 10 9 1
8 10 10 1
9 3 5 1
9 4 6 1
9 5 3 3
9 5 6 1
9 6 3 23
9 6 4 1
9 7 4 3
9 7 5 5
9 7 6 4
9 7 8 1
9 8 5 2
9 8 6 8
9 8 7 5
9 8 8 2
9 8 9 1
9 9 7 1
9 9 8 55
9 9 9 6
9 10 8 11
9 10 9 44
9 10 10 7
9 10 11 1
9 10 12 1
9 11 10 4
10 4 7 1
10 5 7 1
10 6 3 3
10 6 4 1
10 6 6 1
10 6 7 1
10 7 3 3
10 7 4 23
10 7 5 2
10 7 6 1
10 7 8 1
10 8 5 1
10 8 6 5
10 8 7 1
10 8 8 1
10 8 9 1
10 9 7 4
10 9 8 6
10 9 9 1
10 10 8 3
10 10 9 52
10 10 10 6
10 10 11 3
10 11 9 17
10 11 10 35
10 11 11 3
10 12 9 1
10 12 10 1
10 12 11 3
10 13 11 1
11 4 6 1
11 5 7 2
11 6 7 4
11 7 4 6
11 7 8 3
11 8 4 2
11 8 5 2
11 8 6 1
11 8 9 1
11 9 5 1
11 9 6 4
11 9 7 4
11 9 8 6
11 9 9 1
11 10 7 1
11 10 8 8
11 10 9 10
11 10 10 2
11 10 11 1
11 11 9 6
11 11 10 67
11 11 11 18
11 11 12 2
11 12 10 9
11 12 11 29
11 12 12 4
11 13 11 2
12 5 7 1
12 6 7 1
12 6 8 2
12 8 5 1
12 8 10 1
12 9 5 6
12 9 6 6
12 9 7 4
12 9 9 1
12 9 11 1
12 10 6 8
12 10 7 3
12 10 8 10
12 10 10 1
12 10 11 1
12 11 9 3
12 11 10 7
12 11 11 2
12 12 10 10
12 12 11 50
12 12 12 25
12 12 13 1
12 13 11 4
12 13 12 51
12 13 13 11
13 5 8 2
13 7 9 1
13 9 6 2
13 10 6 17
13 10 7 20
13 10 10 1
13 10 12 1
13 11 7 14
13 11 8 6
13 11 9 4
13 11 11 1
13 11 12 2
13 11 13 1
13 12 10 2
13 12 11 13
13 12 12 6
13 13 9 1
13 13 11 7
13 13 12 82
13 13 13 73
13 13 14 3
13 14 12 7
13 14 13 50
13 14 14 7
13 15 13 3
13 16 15 1
14 6 9 1
14 9 9 1
14 9 11 1
14 10 7 1
14 11 7 9
14 11 8 18
14 11 9 1
14 11 12 1
14 12 8 18
14 12 9 5
14 12 10 2
14 12 12 3
14 13 11 4
14 13 12 10
14 13 13 12
14 13 14 3
14 14 10 3
14 14 11 1
14 14 12 6
14 14 13 123
14 14 14 61
14 14 15 2
14 15 13 13
14 15 14 50
14 15 15 12
14 16 14 4
14 16 15 1
14 17 19 1
15 5 9 1
15 12 8 30
15 12 9 21
15 13 9 7
15 13 10 9
15 13 11 1
15 13 12 3
15 13 13 1
15 14 10 1
15 14 11 1
15 14 12 3
15 14 13 9
15 14 14 5
15 14 15 1
15 15 12 2
15 15 13 7
15 15 14 109
15 15 15 48
15 15 16 3
15 16 14 11
15 16 15 98
15 16 16 12
15 17 16 2
16 13 10 3
16 13 14 1
16 14 10 3
16 14 12 5
16 14 13 2
16 14 14 4
16 15 12 1
16 15 13 9
16 15 14 25
16 15 15 5
16 16 5 1
16 16 12 1
16 16 13 2
16 16 14 24
16 16 15 156
16 16 16 40
16 16 17 3
16 17 15 6
16 17 16 117
16 17 17 6
16 17 18 1
16 18 17 3
17 14 11 5
17 15 11 1
17 15 12 3
17 15 13 3
17 15 14 2
17 16 13 2
17 16 14 10
17 16 15 6
17 16 16 5
17 17 8 1
17 17 14 2
17 17 15 4
17 17 16 136
17 17 17 69
17 18 15 1
17 18 16 4
17 18 17 96
17 18 18 15
17 19 17 3
18 16 12 1
18 16 13 3
18 16 14 4
18 16 15 1
18 17 11 1
18 17 13 1
18 17 14 4
18 17 15 6
18 17 16 13
18 17 17 1
18 17 18 1
18 18 11 1
18 18 16 10
18 18 17 99
18 18 18 43
18 18 19 2
18 19 17 11
18 19 18 145
18 19 19 9
18 19 20 2
18 20 20 1
18 21 20 1
19 16 13 1
19 17 14 3
19 17 15 6
19 17 16 1
19 18 11 2
19 18 13 1
19 18 16 4
19 18 17 9
19 18 18 9
19 19 13 1
19 19 15 2
19 19 16 1
19 19 17 14
19 19 18 163
19 19 19 46
19 20 18 14
19 20 19 242
19 20 20 17
19 21 19 3
19 21 20 9
20 17 17 1
20 18 14 1
20 18 15 1
20 18 16 4
20 18 17 1
20 18 18 1
20 19 10 1
20 19 13 1
20 19 17 5
20 19 18 4
20 19 19 1
20 19 20 1
20 20 15 1
20 20 18 6
20 20 19 76
20 20 20 32
20 20 21 4
20 21 19 7
20 21 20 236
20 21 21 38
20 22 21 14
20 22 22 1
21 19 16 4
21 19 17 1
21 19 18 1
21 20 11 1
21 20 12 1
21 20 13 1
21 20 14 2
21 20 17 2
21 20 18 2
21 20 19 5
21 20 20 4
21 20 21 1
21 21 15 1
21 21 19 3
21 21 20 38
21 21 21 38
21 21 22 8
21 22 20 3
21 22 21 184
21 22 22 110
21 22 23 1
21 23 22 7
22 19 19 1
22 20 9 1
22 20 17 3
22 20 18 4
22 21 13 2
22 21 16 1
22 21 17 1
22 21 18 7
22 21 19 3
22 21 20 3
22 21 21 2
22 22 21 30
22 22 22 100
22 22 23 19
22 23 22 373
22 23 23 135
22 23 24 4
22 24 22 1
22 24 23 18
22 24 24 5
23 20 17 10
23 20 18 3
23 21 17 6
23 21 18 73
23 21 19 20
23 21 20 1
23 21 21 1
23 22 12 1
23 22 13 1
23 22 14 1
23 22 19 11
23 22 20 6
23 22 21 1
23 22 22 1
23 22 23 1
23 23 15 1
23 23 17 1
23 23 22 23
23 23 23 153
23 23 24 10
23 24 23 122
23 24 24 180
23 24 25 14
23 25 24 9
23 25 25 15
23 26 25 1
24 21 17 6
24 21 18 29
24 22 13 1
24 22 18 2
24 22 19 11
24 22 20 21
24 22 21 1
24 23 11 1
24 23 13 1
24 23 20 3
24 23 21 8
24 23 22 3
24 23 23 7
24 24 21 1
24 24 22 2
24 24 23 9
24 24 24 119
24 24 25 15
24 25 24 117
24 25 25 312
24 25 26 17
24 26 25 6
24 26 26 14
25 22 20 1
25 23 20 6
25 23 21 29
25 23 22 8
25 24 14 1
25 24 15 2
25 24 16 1
25 24 21 2
25 24 22 16
25 24 23 6
25 24 24 2
25 25 13 1
25 25 23 2
25 25 24 7
25 25 25 129
25 25 26 15
25 26 25 28
25 26 26 98
25 26 27 5
25 27 26 2
25 27 27 4
26 24 12 1
26 24 22 46
26 24 23 2
26 25 14 1
26 25 15 1
26 25 16 1
26 25 17 1
26 25 22 3
26 25 23 29
26 25 24 6
26 25 25 3
26 26 14 1
26 26 15 2
26 26 17 2
26 26 18 1
26 26 22 1
26 26 24 1
26 26 25 8
26 26 26 51
26 26 27 13
26 27 26 10
26 27 27 63
26 27 28 8
26 28 28 15
26 28 29 1
27 25 23 25
27 25 25 1
27 26 15 1
27 26 17 2
27 26 18 1
27 26 23 4
27 26 24 12
27 26 25 1
27 26 26 1
27 26 27 1
27 27 25 2
27 27 26 2
27 27 27 34
27 27 28 10
27 28 27 3
27 28 28 30
27 28 29 8
27 29 29 1
28 26 23 1
28 26 24 12
28 26 26 1
28 27 23 2
28 27 25 4
28 27 26 2
28 27 27 6
28 27 28 1
28 28 22 1
28 28 24 1
28 28 26 2
28 28 27 5
28 28 28 22
28 28 29 15
28 29 28 7
28 29 29 56
28 29 30 21
28 30 30 2
29 27 25 6
29 28 20 1
29 28 25 2
29 28 26 4
29 28 27 1
29 28 28 2
29 28 29 1
29 29 19 1
29 29 20 1
29 29 26 1
29 29 27 1
29 29 28 4
29 29 29 51
29 29 30 55
29 30 29 16
29 30 30 212
29 30 31 3
29 31 30 3
29 31 31 1
30 28 26 2
30 29 27 3
30 29 28 1
30 29 29 2
30 29 30 1
30 30 23 1
30 30 26 1
30 30 27 4
30 30 28 11
30 30 29 17
30 30 30 647
30 30 31 37
30 31 29 9
30 31 30 253
30 31 31 49
31 30 28 1
31 30 29 2
31 30 30 5
31 30 31 1
