32
0 0 0 10
0 1 0 3
0 1 1 2
1 1 0 8
1 1 1 8
1 2 1 72
2 2 1 36
2 2 2 71
2 3 2 130
2 3 3 2
2 8 12 2
3 2 2 4
3 3 2 104
3 3 3 64
3 4 3 138
3 4 4 9
3 8 11 2
3 9 13 1
3 10 14 1
3 10 15 1
3 11 15 2
3 11 16 1
4 3 3 3
4 4 2 1
4 4 3 41
4 4 4 82
4 5 3 1
4 5 4 156
4 5 5 15
4 5 6 1
4 6 3 2
4 6 4 9
4 6 5 12
4 6 6 1
4 7 5 1
4 7 6 2
4 9 13 1
4 9 14 1
5 4 2 3
5 4 4 1
5 4 5 2
5 5 4 12
5 5 5 14
5 5 6 5
5 6 3 1
5 6 4 4
5 6 5 50
5 6 6 15
5 7 4 2
5 7 5 1
5 7 6 2
5 7 8 2
5 8 8 1
5 9 12 2
5 10 13 3
5 10 14 1
5 11 14 1
5 11 15 1
6 5 3 3
6 5 5 4
6 5 6 1
6 6 5 26
6 6 6 8
6 6 7 2
6 7 5 1
6 7 6 19
6 7 7 1
6 7 8 1
6 8 7 1
6 8 11 1
6 9 10 1
6 9 11 1
6 9 12 1
6 10 13 2
6 11 13 1
6 11 14 1
6 11 15 4
6 12 15 2
7 4 2 4
7 5 2 6
7 5 3 15
7 5 4 6
7 6 3 2
7 6 4 3
7 6 5 2
7 6 6 1
7 7 5 4
7 7 6 19
7 7 7 17
7 7 8 3
7 8 6 6
7 8 7 17
7 8 8 3
7 8 11 1
7 9 7 1
7 9 8 2
7 9 9 1
7 10 13 1
7 11 13 1
7 13 17 1
8 4 2 2
8 5 2 73
8 5 3 63
8 6 3 10
8 6 4 55
8 6 5 1
8 6 6 1
8 7 4 1
8 7 5 5
8 7 6 2
8 7 7 1
8 8 6 7
8 8 7 42
8 8 8 15
8 8 9 2
8 9 7 6
8 9 8 42
8 9 9 3
8 10 7 1
8 10 8 2
8 10 9 4
8 11 13 1
9 4 6 2
9 5 3 5
9 6 3 20
9 6 4 7
9 6 7 1
9 7 4 1
9 7 5 13
9 7 6 3
9 8 5 1
9 8 6 5
9 8 8 1
9 9 7 2
9 9 8 52
9 9 9 13
9 9 10 1
9 10 8 12
9 10 9 40
9 10 10 5
9 10 11 2
9 11 9 3
9 11 10 3
9 11 11 1
9 12 9 1
10 4 6 1
10 5 6 1
10 5 7 2
10 6 3 4
10 6 4 2
10 6 7 3
10 7 3 4
10 7 4 17
10 7 5 2
10 7 6 2
10 8 5 5
10 8 6 3
10 8 7 1
10 9 7 3
10 9 8 12
10 9 9 2
10 9 10 1
10 9 11 1
10 10 8 5
10 10 9 46
10 10 10 17
10 10 11 1
10 11 9 14
10 11 10 29
10 11 11 6
10 12 10 2
10 12 11 1
10 13 11 1
11 5 7 2
11 5 8 1
11 6 7 2
11 7 4 7
11 7 8 5
11 8 4 1
11 8 5 4
11 8 6 1
11 8 8 1
11 8 9 1
11 9 5 2
11 9 6 5
11 9 7 4
11 9 8 2
11 9 9 2
11 9 11 1
11 10 8 2
11 10 9 3
11 10 10 3
11 10 11 1
11 11 9 8
11 11 10 76
11 11 11 18
11 12 10 8
11 12 11 38
11 12 12 5
11 13 12 2
11 16 18 1
12 5 7 1
12 5 8 1
12 6 8 1
12 7 8 1
12 8 5 1
12 9 5 4
12 9 6 4
12 10 7 1
12 10 8 2
12 10 10 2
12 10 11 2
12 11 9 2
12 11 10 9
12 11 11 4
12 11 12 2
12 12 10 6
12 12 11 79
12 12 12 15
12 12 13 2
12 13 11 9
12 13 12 54
12 13 13 9
12 14 12 1
12 14 13 1
13 4 8 1
13 5 8 2
13 6 8 2
13 9 11 1
13 10 6 15
13 10 7 19
13 10 8 1
13 11 7 12
13 11 8 3
13 11 9 3
13 11 10 2
13 11 11 1
13 11 12 2
13 12 9 3
13 12 10 5
13 12 11 14
13 12 12 6
13 12 13 1
13 13 6 1
13 13 11 5
13 13 12 103
13 13 13 63
13 13 14 3
13 14 12 9
13 14 13 57
13 14 14 6
13 14 15 1
13 15 13 1
13 15 14 4
13 15 15 2
14 5 9 1
14 10 11 1
14 11 7 7
14 11 8 27
14 11 10 1
14 12 8 13
14 12 9 5
14 12 10 1
14 12 12 1
14 13 10 1
14 13 11 3
14 13 12 14
14 13 13 9
14 13 14 1
14 14 12 1
14 14 13 145
14 14 14 57
14 14 15 1
14 15 13 8
14 15 14 51
14 15 15 5
14 16 14 2
14 16 15 2
15 12 8 27
15 12 9 20
15 12 10 1
15 13 9 10
15 13 10 6
15 13 11 1
15 13 12 2
15 13 13 1
15 13 14 1
15 14 11 4
15 14 12 2
15 14 13 9
15 14 14 3
15 15 9 1
15 15 11 1
15 15 12 1
15 15 13 9
15 15 14 133
15 15 15 52
15 15 16 3
15 16 13 1
15 16 14 12
15 16 15 116
15 16 16 8
15 17 15 1
15 17 17 2
16 5 9 1
16 13 9 1
16 13 10 3
16 13 14 1
16 14 10 3
16 14 11 6
16 14 12 7
16 14 13 4
16 14 14 3
16 15 12 2
16 15 13 8
16 15 14 40
16 15 15 3
16 16 7 1
16 16 11 1
16 16 14 29
16 16 15 185
16 16 16 35
16 17 15 12
16 17 16 131
16 17 17 11
17 14 11 4
17 14 12 1
17 15 11 3
17 15 12 5
17 15 13 3
17 15 14 1
17 16 13 1
17 16 14 9
17 16 15 12
17 17 12 1
17 17 13 1
17 17 15 10
17 17 16 141
17 17 17 69
17 17 18 2
17 18 16 7
17 18 17 146
17 18 18 10
17 19 18 6
18 15 12 4
18 16 12 2
18 16 13 2
18 16 14 5
18 17 12 1
18 17 14 3
18 17 15 3
18 17 16 10
18 17 17 2
18 17 18 1
18 18 12 1
18 18 16 5
18 18 17 122
18 18 18 51
18 18 19 3
18 19 17 12
18 19 18 192
18 19 19 14
18 19 20 1
18 20 19 4
18 20 20 1
19 17 13 1
19 17 14 5
19 17 16 3
19 17 17 2
19 18 10 1
19 18 12 1
19 18 15 1
19 18 16 6
19 18 17 9
19 18 18 3
19 19 11 1
19 19 17 10
19 19 18 203
19 19 19 74
19 19 20 4
19 20 18 13
19 20 19 327
19 20 20 21
19 20 21 2
19 21 19 6
19 21 20 2
19 21 21 1
20 18 14 1
20 18 15 3
20 18 16 2
20 18 17 2
20 19 16 1
20 19 17 3
20 19 18 3
20 20 18 8
20 20 19 64
20 20 20 22
20 20 21 3
20 21 19 8
20 21 20 276
20 21 21 35
20 21 22 1
20 22 20 1
20 22 21 21
20 22 22 1
21 18 15 1
21 19 10 1
21 19 13 1
21 19 16 2
21 19 17 2
21 19 18 1
21 19 19 1
21 20 11 1
21 20 12 1
21 20 13 1
21 20 15 1
21 20 17 2
21 20 18 2
21 20 19 2
21 20 20 1
21 20 21 1
21 21 19 1
21 21 20 39
21 21 21 25
21 21 22 11
21 22 20 1
21 22 21 171
21 22 22 109
21 22 23 2
21 23 22 14
21 23 23 1
22 20 14 1
22 20 17 5
22 20 18 9
22 21 13 2
22 21 17 1
22 21 18 8
22 21 19 2
22 21 20 4
22 21 21 1
22 22 15 1
22 22 17 1
22 22 20 3
22 22 21 35
22 22 22 100
22 22 23 19
22 23 22 372
22 23 23 125
22 23 24 5
22 24 23 16
22 24 24 4
23 20 16 1
23 20 17 21
23 20 18 5
23 21 17 24
23 21 18 51
23 21 19 6
23 21 20 1
23 22 12 1
23 22 15 1
23 22 18 2
23 22 19 9
23 22 20 5
23 22 21 1
23 22 22 5
23 22 23 1
23 23 20 1
23 23 21 1
23 23 22 30
23 23 23 131
23 23 24 7
23 24 23 128
23 24 24 176
23 24 25 17
23 25 24 7
23 25 25 10
23 26 25 1
24 21 12 1
24 21 17 10
24 21 18 10
24 22 11 1
24 22 19 6
24 22 20 22
24 22 21 2
24 23 11 1
24 23 15 1
24 23 20 7
24 23 21 4
24 23 22 2
24 23 23 2
24 24 22 4
24 24 23 9
24 24 24 107
24 24 25 5
24 25 22 1
24 25 24 126
24 25 25 310
24 25 26 20
24 26 25 6
24 26 26 7
25 22 20 1
25 23 13 1
25 23 20 10
25 23 21 14
25 23 22 9
25 24 12 1
25 24 13 1
25 24 14 1
25 24 15 1
25 24 16 1
25 24 17 1
25 24 19 1
25 24 21 2
25 24 22 18
25 24 23 6
25 24 24 2
25 24 25 2
25 25 23 3
25 25 24 13
25 25 25 127
25 25 26 15
25 25 27 1
25 26 25 46
25 26 26 87
25 26 27 2
25 27 26 2
25 27 27 8
26 24 22 44
26 24 23 2
26 24 24 1
26 25 13 1
26 25 15 1
26 25 16 1
26 25 17 1
26 25 22 6
26 25 23 20
26 25 24 7
26 25 25 1
26 25 26 1
26 26 14 1
26 26 17 3
26 26 19 1
26 26 25 7
26 26 26 56
26 26 27 18
26 26 28 1
26 27 26 22
26 27 27 48
26 27 28 10
26 28 27 1
26 28 28 8
27 25 14 1
27 25 15 1
27 25 22 1
27 25 23 21
27 25 24 1
27 26 15 2
27 26 17 1
27 26 18 1
27 26 21 1
27 26 23 7
27 26 24 8
27 26 25 4
27 26 26 2
27 27 21 3
27 27 22 1
27 27 25 2
27 27 26 5
27 27 27 41
27 27 28 13
27 28 27 12
27 28 28 39
27 28 29 6
27 30 29 2
28 26 24 11
28 27 17 1
28 27 19 1
28 27 24 4
28 27 25 4
28 27 26 1
28 27 27 3
28 27 28 2
28 28 27 2
28 28 28 31
28 28 29 14
28 29 28 7
28 29 29 53
28 29 30 25
28 30 30 2
29 27 25 4
29 28 26 1
29 28 27 1
29 28 28 2
29 29 19 1
29 29 25 1
29 29 27 1
29 29 28 8
29 29 29 43
29 29 30 47
29 30 29 18
29 30 30 240
29 30 31 8
29 31 30 4
30 28 26 2
30 29 21 1
30 29 26 7
30 29 27 7
30 29 28 2
30 30 22 1
30 30 27 6
30 30 28 14
30 30 29 13
30 30 30 615
30 30 31 44
30 31 29 14
30 31 30 255
30 31 31 55
31 30 28 2
31 30 29 4
31 30 31 1
31 31 29 2
