32
0 0 0 7
0 1 0 2
1 0 0 1
1 1 0 19
1 1 1 6
1 2 1 78
2 1 1 1
2 2 1 39
2 2 2 60
2 2 3 1
2 3 2 113
2 3 3 4
2 6 4 1
2 8 11 1
2 8 12 2
3 2 2 5
3 2 3 1
3 3 2 112
3 3 3 55
3 4 3 147
3 4 4 11
3 5 4 1
3 8 11 1
3 11 15 2
3 11 16 3
4 3 1 1
4 3 2 1
4 3 3 1
4 4 1 1
4 4 3 30
4 4 4 85
4 5 3 3
4 5 4 155
4 5 5 11
4 6 3 1
4 6 4 6
4 6 5 15
4 6 6 1
4 7 6 1
4 8 9 1
4 8 10 1
4 8 11 1
4 9 13 1
4 10 14 1
4 11 15 3
5 4 2 1
5 4 3 3
5 4 4 1
5 4 5 2
5 5 4 13
5 5 5 32
5 5 6 4
5 6 4 3
5 6 5 52
5 6 6 13
5 7 4 1
5 7 5 1
5 7 6 2
5 7 7 2
5 7 9 1
5 8 7 1
5 8 11 2
5 9 12 1
5 10 13 1
5 10 14 1
5 11 15 1
5 12 15 1
6 4 2 1
6 4 3 1
6 5 3 2
6 5 4 2
6 5 5 3
6 5 6 1
6 6 4 1
6 6 5 15
6 6 6 15
6 6 7 1
6 7 5 9
6 7 6 10
6 7 7 2
6 8 6 3
6 8 7 1
6 8 8 1
6 8 10 1
6 9 12 2
6 11 13 2
6 11 14 2
6 11 15 1
6 12 15 1
7 4 2 5
7 5 2 16
7 5 3 12
7 5 4 5
7 6 3 1
7 6 4 3
7 6 6 3
7 7 5 3
7 7 6 26
7 7 7 13
7 8 6 11
7 8 7 19
7 8 8 2
7 9 8 2
7 10 6 1
7 11 13 1
7 12 16 1
8 4 2 2
8 5 2 75
8 5 3 53
8 6 3 11
8 6 4 59
8 6 5 2
8 7 5 10
8 7 6 4
8 7 8 1
8 8 6 7
8 8 7 42
8 8 8 13
8 8 9 3
8 8 11 1
8 9 7 4
8 9 8 29
8 9 9 3
8 10 8 3
8 10 9 2
8 10 10 2
9 3 5 1
9 4 6 1
9 5 3 3
9 5 6 1
9 6 3 19
9 6 4 5
9 6 7 2
9 7 4 4
9 7 5 6
9 7 6 1
9 7 8 1
9 8 5 3
9 8 6 8
9 8 7 2
9 8 8 2
9 9 8 55
9 9 9 11
9 9 10 3
9 9 11 1
9 10 8 12
9 10 9 36
9 10 10 5
9 10 11 1
9 11 9 2
9 11 10 4
10 4 6 1
10 5 6 1
10 5 7 3
10 6 3 4
10 6 4 1
10 6 7 2
10 7 3 2
10 7 4 23
10 7 5 1
10 7 7 1
10 8 5 2
10 8 6 6
10 8 7 3
10 8 8 1
10 8 9 1
10 9 6 1
10 9 7 2
10 9 8 12
10 9 9 1
10 10 8 5
10 10 9 63
10 10 10 12
10 10 11 1
10 11 9 18
10 11 10 42
10 11 11 6
10 12 9 1
10 12 10 1
10 12 11 2
11 4 7 1
11 5 7 2
11 6 7 4
11 7 4 7
11 7 8 3
11 8 4 3
11 8 5 3
11 8 6 5
11 8 7 1
11 8 8 1
11 8 9 2
11 9 5 1
11 9 6 1
11 9 7 3
11 9 8 1
11 10 8 6
11 10 9 3
11 10 10 8
11 11 9 7
11 11 10 60
11 11 11 16
11 11 12 2
11 12 10 10
11 12 11 40
11 12 12 5
11 13 12 6
11 13 13 1
12 4 7 1
12 5 8 2
12 8 10 1
12 9 5 2
12 9 6 7
12 9 7 1
12 9 11 2
12 10 6 1
12 10 7 2
12 10 8 1
12 10 10 2
12 10 11 2
12 11 9 1
12 11 10 7
12 11 11 4
12 11 12 1
12 12 10 5
12 12 11 77
12 12 12 17
12 13 11 7
12 13 12 45
12 13 13 8
12 14 12 3
12 14 13 1
13 6 8 2
13 9 10 1
13 10 6 13
13 10 7 21
13 11 7 14
13 11 8 9
13 11 9 2
13 11 10 1
13 11 11 1
13 11 12 1
13 12 10 5
13 12 11 8
13 12 12 4
13 12 13 2
13 13 11 4
13 13 12 104
13 13 13 69
13 13 14 1
13 14 12 10
13 14 13 47
13 14 14 3
13 14 15 1
13 15 13 2
13 15 14 3
13 16 18 1
14 5 8 2
14 5 9 1
14 11 7 6
14 11 8 27
14 11 9 1
14 12 8 9
14 12 9 2
14 12 10 3
14 12 12 1
14 13 9 1
14 13 10 1
14 13 11 6
14 13 12 6
14 13 13 9
14 14 12 1
14 14 13 131
14 14 14 48
14 14 15 2
14 15 13 17
14 15 14 58
14 15 15 11
14 16 16 1
15 12 8 18
15 12 9 28
15 13 8 1
15 13 9 7
15 13 10 10
15 13 11 4
15 13 12 4
15 13 14 1
15 14 10 1
15 14 11 1
15 14 12 8
15 14 13 11
15 14 14 5
15 14 15 1
15 15 11 1
15 15 13 7
15 15 14 124
15 15 15 45
15 15 16 2
15 16 14 12
15 16 15 124
15 16 16 11
15 17 16 5
16 12 12 1
16 13 9 1
16 13 10 5
16 14 10 6
16 14 11 4
16 14 13 3
16 14 14 2
16 15 12 3
16 15 13 11
16 15 14 27
16 15 15 5
16 15 16 1
16 16 7 1
16 16 13 2
16 16 14 43
16 16 15 155
16 16 16 25
16 16 17 5
16 17 15 19
16 17 16 142
16 17 17 12
16 18 17 4
17 14 11 2
17 14 12 1
17 15 12 6
17 15 13 2
17 15 14 4
17 16 13 3
17 16 14 13
17 16 15 6
17 16 16 1
17 16 17 1
17 17 12 2
17 17 15 8
17 17 16 129
17 17 17 69
17 17 18 2
17 18 16 2
17 18 17 139
17 18 18 8
17 19 18 1
18 15 12 5
18 16 12 2
18 16 13 3
18 16 14 4
18 16 15 1
18 17 12 1
18 17 13 1
18 17 14 3
18 17 15 6
18 17 16 4
18 17 17 4
18 18 12 1
18 18 16 6
18 18 17 118
18 18 18 47
18 18 19 2
18 19 17 15
18 19 18 185
18 19 19 11
18 20 19 4
18 20 20 2
19 17 13 2
19 17 16 2
19 18 10 1
19 18 13 1
19 18 16 6
19 18 17 5
19 18 18 4
19 18 19 2
19 19 10 1
19 19 16 1
19 19 17 11
19 19 18 174
19 19 19 56
19 19 20 3
19 20 18 10
19 20 19 298
19 20 20 14
19 20 21 1
19 21 19 7
19 21 20 6
19 21 21 1
20 17 14 1
20 17 16 1
20 18 15 2
20 18 16 1
20 19 11 1
20 19 12 2
20 19 16 1
20 19 17 2
20 19 18 8
20 19 19 2
20 19 20 1
20 20 18 3
20 20 19 50
20 20 20 35
20 20 21 4
20 21 19 11
20 21 20 267
20 21 21 43
20 21 22 3
20 22 20 1
20 22 21 23
20 22 22 2
20 23 22 1
21 18 15 1
21 19 16 4
21 19 17 1
21 19 18 1
21 20 14 1
21 20 18 2
21 20 19 3
21 20 20 2
21 21 19 1
21 21 20 33
21 21 21 30
21 21 22 7
21 22 20 4
21 22 21 142
21 22 22 143
21 22 23 3
21 23 22 16
21 23 23 1
22 20 17 8
22 20 18 6
22 20 19 2
22 21 16 1
22 21 18 9
22 21 19 5
22 21 20 8
22 21 21 3
22 21 22 1
22 22 13 1
22 22 14 2
22 22 15 1
22 22 17 1
22 22 18 1
22 22 20 2
22 22 21 22
22 22 22 95
22 22 23 12
22 23 22 347
22 23 23 146
22 23 24 10
22 24 23 16
22 24 24 9
23 20 17 22
23 20 18 2
23 21 17 15
23 21 18 60
23 21 19 18
23 22 13 2
23 22 15 1
23 22 19 7
23 22 20 3
23 22 21 1
23 22 22 5
23 23 22 32
23 23 23 164
23 23 24 10
23 24 23 94
23 24 24 213
23 24 25 18
23 25 24 9
23 25 25 12
24 21 17 5
24 21 18 18
24 21 19 2
24 22 16 1
24 22 18 2
24 22 19 9
24 22 20 22
24 23 11 1
24 23 15 1
24 23 20 5
24 23 21 4
24 23 22 1
24 23 23 2
24 24 19 1
24 24 22 5
24 24 23 6
24 24 24 114
24 24 25 12
24 25 24 107
24 25 25 311
24 25 26 16
24 26 25 4
24 26 26 12
25 22 20 2
25 23 12 1
25 23 13 1
25 23 20 4
25 23 21 26
25 23 22 5
25 24 16 1
25 24 21 2
25 24 22 21
25 24 23 11
25 24 24 4
25 24 25 1
25 25 22 1
25 25 24 8
25 25 25 146
25 25 26 14
25 26 25 23
25 26 26 91
25 26 27 4
25 27 27 6
25 28 27 1
26 24 22 37
26 24 23 5
26 25 14 1
26 25 15 2
26 25 16 1
26 25 17 1
26 25 22 5
26 25 23 26
26 25 24 5
26 25 25 1
26 25 26 1
26 26 14 1
26 26 15 1
26 26 16 1
26 26 17 1
26 26 20 1
26 26 24 3
26 26 25 8
26 26 26 55
26 26 27 14
26 27 26 13
26 27 27 50
26 27 28 12
26 28 27 1
26 28 28 6
26 28 29 1
27 25 14 1
27 25 22 1
27 25 23 15
27 25 24 3
27 25 25 1
27 26 15 1
27 26 17 1
27 26 18 1
27 26 23 8
27 26 24 13
27 26 25 4
27 26 26 3
27 26 27 1
27 27 20 2
27 27 22 1
27 27 25 1
27 27 26 6
27 27 27 45
27 27 28 12
27 28 26 1
27 28 27 12
27 28 28 38
27 28 29 6
27 29 28 2
27 29 29 2
28 26 23 1
28 26 24 10
28 26 25 1
28 27 19 1
28 27 21 1
28 27 24 3
28 27 25 3
28 27 26 3
28 27 27 3
28 27 28 1
28 28 24 1
28 28 27 2
28 28 28 21
28 28 29 16
28 29 28 10
28 29 29 59
28 29 30 26
28 30 29 3
29 27 24 1
29 27 25 4
29 28 25 1
29 28 27 1
29 28 28 3
29 28 29 1
29 29 20 1
29 29 27 2
29 29 28 4
29 29 29 34
29 29 30 46
29 30 21 1
29 30 28 1
29 30 29 19
29 30 30 234
29 30 31 4
29 31 30 1
29 31 31 2
30 28 25 1
30 28 26 1
30 29 25 1
30 29 26 11
30 29 27 7
30 29 29 2
30 29 30 1
30 30 23 1
30 30 27 4
30 30 28 12
30 30 29 19
30 30 30 652
30 30 31 49
30 31 28 1
30 31 29 10
30 31 30 230
30 31 31 44
31 30 28 3
31 30 30 1
31 30 31 1
31 31 29 2
