32
0 0 0 5
0 1 0 3
0 1 1 2
1 1 0 17
1 1 1 7
1 2 1 66
1 2 2 1
2 2 0 1
2 2 1 37
2 2 2 54
2 3 2 131
2 3 3 1
2 8 12 2
3 2 1 1
3 2 2 4
3 3 2 105
3 3 3 57
3 4 3 150
3 4 4 7
3 5 4 7
3 8 11 3
3 10 14 1
3 10 16 1
3 11 16 2
3 12 16 1
4 3 3 1
4 4 2 1
4 4 3 29
4 4 4 73
4 4 5 2
4 5 4 143
4 5 5 13
4 6 3 1
4 6 4 3
4 6 5 15
4 6 7 1
4 7 6 1
4 7 8 1
4 8 9 1
4 8 10 1
4 8 11 1
4 10 13 1
4 10 14 1
4 11 15 1
4 12 16 1
5 4 2 1
5 4 3 4
5 4 4 1
5 4 5 2
5 5 4 9
5 5 5 24
5 5 6 4
5 6 4 7
5 6 5 48
5 6 6 14
5 7 5 2
5 7 6 6
5 8 11 1
5 9 12 1
5 9 13 1
5 10 14 1
5 11 14 1
5 12 16 1
6 4 2 1
6 4 3 3
6 4 4 1
6 5 3 1
6 5 4 1
6 5 5 9
6 5 6 1
6 6 4 3
6 6 5 24
6 6 6 12
6 7 5 6
6 7 6 16
6 7 7 4
6 8 7 1
6 8 8 2
6 9 12 1
6 10 13 1
6 11 13 2
6 11 14 3
6 12 15 2
7 4 2 5
7 5 2 13
7 5 3 12
7 5 4 9
7 6 3 1
7 6 4 1
7 6 5 1
7 6 6 2
7 6 7 2
7 7 5 5
7 7 6 26
7 7 7 7
7 7 8 2
7 8 6 12
7 8 7 17
7 8 8 2
7 9 8 2
7 9 10 1
7 9 12 1
7 10 7 1
7 10 13 1
7 11 14 1
7 11 15 1
8 4 2 3
8 5 2 72
8 5 3 65
8 5 4 1
8 5 7 1
8 6 3 11
8 6 4 53
8 6 5 2
8 6 7 1
8 7 4 3
8 7 5 4
8 7 6 4
8 7 7 2
8 8 6 4
8 8 7 41
8 8 8 16
8 8 9 6
8 9 7 11
8 9 8 24
8 9 9 2
8 10 7 1
8 10 8 1
8 10 9 4
8 10 10 1
9 4 5 2
9 5 3 5
9 6 3 19
9 6 4 3
9 6 6 1
9 6 7 1
9 7 4 3
9 7 5 8
9 7 6 3
9 7 8 1
9 8 5 1
9 8 6 10
9 8 7 4
9 8 8 2
9 9 7 1
9 9 8 56
9 9 9 11
9 9 10 1
9 10 8 11
9 10 9 23
9 10 10 7
9 10 11 1
9 11 9 1
9 11 10 6
9 11 11 1
9 11 14 1
10 4 6 1
10 5 6 1
10 5 7 4
10 6 3 2
10 6 4 2
10 6 6 1
10 6 7 1
10 7 3 3
10 7 4 22
10 7 5 2
10 7 8 1
10 8 5 3
10 8 6 2
10 8 7 3
10 8 8 1
10 8 9 1
10 9 6 1
10 9 8 7
10 9 9 1
10 9 10 4
10 10 8 2
10 10 9 55
10 10 10 14
10 10 11 1
10 11 9 21
10 11 10 32
10 11 11 11
10 12 10 1
10 12 12 1
10 13 10 1
11 5 7 3
11 6 7 1
11 7 4 6
11 7 7 1
11 7 8 1
11 8 4 1
11 8 5 2
11 8 6 3
11 8 8 1
11 9 6 2
11 9 7 3
11 9 8 4
11 9 9 2
11 9 10 1
11 9 11 1
11 10 8 3
11 10 9 7
11 10 10 3
11 11 6 1
11 11 9 5
11 11 10 55
11 11 11 21
11 12 10 9
11 12 11 31
11 12 12 5
11 13 10 1
11 13 11 1
11 13 12 7
11 13 13 1
12 4 7 1
12 5 8 3
12 6 7 2
12 6 8 1
12 9 5 2
12 9 6 7
12 9 7 1
12 9 10 2
12 9 11 1
12 10 6 1
12 10 7 3
12 10 8 6
12 10 10 2
12 11 9 2
12 11 10 11
12 11 11 2
12 11 12 1
12 12 9 1
12 12 10 5
12 12 11 72
12 12 12 19
12 13 11 13
12 13 12 44
12 13 13 7
13 8 10 1
13 9 6 1
13 9 9 1
13 10 6 12
13 10 7 18
13 11 7 15
13 11 8 6
13 11 9 5
13 11 10 1
13 11 11 1
13 12 10 4
13 12 11 12
13 12 12 6
13 13 9 1
13 13 11 7
13 13 12 99
13 13 13 70
13 13 14 2
13 14 12 1
13 14 13 49
13 14 14 9
13 15 13 1
13 15 14 2
14 10 7 1
14 11 7 3
14 11 8 31
14 11 9 1
14 12 8 10
14 12 9 6
14 12 10 2
14 12 11 2
14 12 12 1
14 13 9 1
14 13 10 2
14 13 11 6
14 13 12 12
14 13 13 15
14 14 12 1
14 14 13 131
14 14 14 55
14 14 15 1
14 15 13 8
14 15 14 56
14 15 15 9
14 15 16 1
14 16 14 1
15 5 8 1
15 10 11 1
15 11 8 1
15 12 8 31
15 12 9 20
15 12 10 1
15 13 9 5
15 13 10 4
15 13 11 1
15 13 12 6
15 13 13 3
15 14 11 5
15 14 12 3
15 14 13 14
15 14 14 5
15 15 13 19
15 15 14 106
15 15 15 45
15 15 16 1
15 16 14 14
15 16 15 105
15 16 16 9
15 17 16 1
16 13 9 2
16 13 10 8
16 13 13 1
16 13 14 1
16 14 10 3
16 14 11 5
16 14 12 5
16 14 13 3
16 14 14 3
16 14 15 1
16 15 13 10
16 15 14 36
16 15 15 6
16 15 16 2
16 16 11 1
16 16 14 48
16 16 15 162
16 16 16 38
16 16 17 1
16 17 15 11
16 17 16 113
16 17 17 10
16 18 17 2
17 14 11 3
17 14 12 1
17 15 11 5
17 15 12 6
17 15 13 8
17 15 14 2
17 15 15 1
17 16 13 2
17 16 14 8
17 16 15 8
17 16 17 2
17 17 12 1
17 17 13 1
17 17 15 11
17 17 16 119
17 17 17 61
17 17 18 4
17 18 16 6
17 18 17 107
17 18 18 13
17 18 19 1
17 19 17 1
17 19 18 5
18 15 12 3
18 16 12 2
18 16 13 4
18 16 14 2
18 17 14 3
18 17 15 6
18 17 16 5
18 17 17 2
18 17 18 1
18 17 19 1
18 18 12 1
18 18 13 1
18 18 16 8
18 18 17 116
18 18 18 43
18 18 19 2
18 19 17 12
18 19 18 157
18 19 19 7
18 20 18 2
18 20 19 3
19 16 13 1
19 17 13 2
19 17 14 1
19 17 15 3
19 17 16 3
19 17 17 1
19 18 11 2
19 18 15 1
19 18 16 1
19 18 17 7
19 18 18 8
19 19 13 1
19 19 16 1
19 19 17 12
19 19 18 188
19 19 19 62
19 20 18 7
19 20 19 270
19 20 20 17
19 21 19 1
19 21 20 3
19 21 21 1
20 17 17 1
20 18 11 1
20 18 14 1
20 18 15 1
20 18 16 3
20 18 17 2
20 19 10 1
20 19 12 1
20 19 16 1
20 19 17 1
20 19 18 4
20 19 19 1
20 19 20 1
20 20 13 2
20 20 18 7
20 20 19 65
20 20 20 26
20 20 21 2
20 21 19 13
20 21 20 256
20 21 21 31
20 22 21 14
21 18 10 1
21 19 16 5
21 19 17 2
21 19 18 1
21 20 11 2
21 20 14 1
21 20 17 1
21 20 18 3
21 20 19 4
21 20 20 5
21 21 13 1
21 21 17 1
21 21 19 1
21 21 20 32
21 21 21 26
21 21 22 10
21 22 20 4
21 22 21 152
21 22 22 118
21 22 23 4
21 23 22 5
22 20 17 5
22 20 18 8
22 20 19 1
22 21 10 1
22 21 12 1
22 21 13 1
22 21 17 2
22 21 18 5
22 21 19 4
22 21 20 4
22 21 21 4
22 22 20 2
22 22 21 32
22 22 22 109
22 22 23 17
22 23 22 394
22 23 23 138
22 23 24 12
22 24 23 18
22 24 24 6
23 20 17 18
23 20 18 3
23 21 17 15
23 21 18 69
23 21 19 12
23 21 21 2
23 22 13 2
23 22 14 1
23 22 17 1
23 22 19 7
23 22 20 4
23 22 21 1
23 22 22 2
23 23 18 1
23 23 22 20
23 23 23 179
23 23 24 14
23 24 23 122
23 24 24 200
23 24 25 13
23 25 24 5
23 25 25 7
24 21 12 1
24 21 17 6
24 21 18 21
24 22 11 1
24 22 19 7
24 22 20 26
24 23 11 1
24 23 13 2
24 23 19 1
24 23 20 10
24 23 21 5
24 23 22 1
24 23 24 1
24 24 22 2
24 24 23 9
24 24 24 110
24 24 25 6
24 25 22 1
24 25 23 1
24 25 24 115
24 25 25 320
24 25 26 14
24 26 25 8
24 26 26 7
25 18 14 1
25 22 20 1
25 23 12 1
25 23 13 1
25 23 20 5
25 23 21 21
25 23 22 3
25 24 13 1
25 24 14 2
25 24 16 2
25 24 17 1
25 24 21 2
25 24 22 22
25 24 23 8
25 24 24 1
25 24 25 1
25 25 14 1
25 25 23 1
25 25 24 17
25 25 25 143
25 25 26 10
25 26 24 1
25 26 25 25
25 26 26 111
25 26 27 4
25 27 27 5
26 24 21 1
26 24 22 49
26 24 23 2
26 24 25 1
26 25 13 1
26 25 15 3
26 25 16 1
26 25 17 1
26 25 19 1
26 25 22 6
26 25 23 27
26 25 24 7
26 25 25 4
26 25 26 1
26 26 15 1
26 26 16 2
26 26 17 1
26 26 19 1
26 26 25 11
26 26 26 52
26 26 27 18
26 26 28 1
26 27 26 11
26 27 27 57
26 27 28 14
26 28 28 9
27 25 13 1
27 25 15 1
27 25 22 1
27 25 23 24
27 25 24 6
27 25 25 1
27 26 15 1
27 26 17 1
27 26 18 1
27 26 20 1
27 26 22 1
27 26 23 4
27 26 24 13
27 26 25 4
27 26 26 2
27 27 22 1
27 27 26 5
27 27 27 20
27 27 28 7
27 28 27 12
27 28 28 38
27 28 29 8
28 26 24 10
28 27 21 1
28 27 22 1
28 27 24 1
28 27 25 3
28 27 26 1
28 27 27 5
28 27 28 2
28 28 23 1
28 28 24 1
28 28 26 3
28 28 27 6
28 28 28 24
28 28 29 10
28 29 28 5
28 29 29 61
28 29 30 18
28 30 29 1
28 30 30 2
29 27 24 2
29 27 25 4
29 27 28 1
29 28 20 1
29 28 25 2
29 28 26 8
29 28 28 1
29 28 29 1
29 29 21 1
29 29 28 6
29 29 29 35
29 29 30 50
29 30 27 1
29 30 29 17
29 30 30 233
29 30 31 6
29 31 30 2
30 28 26 1
30 29 21 1
30 29 26 4
30 29 27 2
30 29 28 1
30 29 29 2
30 29 30 4
30 30 21 1
30 30 27 10
30 30 28 15
30 30 29 20
30 30 30 673
30 30 31 41
30 31 29 4
30 31 30 231
30 31 31 46
31 30 28 1
31 30 29 2
31 30 30 4
31 31 29 2
