32
0 0 0 3
0 0 1 1
0 1 0 1
1 0 0 2
1 1 0 6
1 1 1 4
1 2 0 1
1 2 1 22
2 1 0 3
2 1 1 2
2 2 0 4
2 2 1 48
2 2 2 14
2 3 1 3
2 3 2 117
2 3 3 1
2 4 5 2
3 2 0 4
3 2 1 3
3 2 2 1
3 3 1 4
3 3 2 169
3 3 3 32
3 3 4 1
3 4 2 12
3 4 3 117
3 4 4 3
3 5 6 2
3 10 14 1
3 12 17 1
4 3 2 2
4 3 3 6
4 3 4 1
4 4 1 1
4 4 2 4
4 4 3 65
4 4 4 63
4 4 5 1
4 5 3 1
4 5 4 167
4 5 5 20
4 5 6 3
4 6 4 7
4 6 5 10
4 6 6 1
4 6 7 1
4 11 16 3
4 12 17 1
5 4 1 1
5 4 2 1
5 4 4 4
5 4 5 1
5 5 3 2
5 5 4 20
5 5 5 16
5 5 6 2
5 6 4 1
5 6 5 22
5 6 6 9
5 8 6 1
5 9 13 1
5 10 14 2
5 12 17 1
6 5 2 2
6 5 4 3
6 5 5 5
6 6 5 1
6 6 6 8
6 6 7 2
6 7 5 1
6 7 6 5
6 7 7 3
6 8 6 2
6 8 7 1
6 8 8 1
6 8 9 1
6 9 10 1
6 10 13 1
6 11 14 1
6 11 15 1
6 11 16 1
6 12 16 1
7 5 2 2
7 6 3 1
7 6 4 2
7 6 5 2
7 6 6 1
7 7 5 2
7 7 6 2
7 7 7 6
7 7 8 1
7 8 6 1
7 8 7 6
7 8 8 4
7 8 9 1
7 9 8 4
7 9 9 1
7 11 13 1
7 11 15 1
8 7 5 5
8 7 6 2
8 7 7 1
8 8 4 1
8 8 5 5
8 8 6 7
8 8 7 7
8 8 8 9
8 8 9 3
8 9 7 1
8 9 8 5
8 9 9 3
8 10 9 2
8 10 10 1
8 11 13 1
8 11 14 2
8 12 16 2
8 13 17 1
8 14 18 1
9 7 8 1
9 8 4 2
9 8 6 6
9 8 7 10
9 8 8 3
9 9 6 4
9 9 7 19
9 9 8 17
9 9 9 4
9 9 10 6
9 9 11 1
9 10 5 2
9 10 8 2
9 10 9 10
9 10 10 2
9 10 11 1
9 11 6 1
9 11 8 1
9 11 9 2
9 11 10 3
9 12 14 1
9 12 15 1
9 13 17 1
10 8 4 1
10 8 5 1
10 8 6 1
10 8 9 1
10 9 5 1
10 9 7 3
10 9 8 4
10 9 9 7
10 9 10 1
10 9 12 1
10 10 8 8
10 10 9 3
10 10 10 7
10 10 12 1
10 11 6 2
10 11 10 7
10 11 11 6
10 12 9 1
10 12 11 3
10 12 14 1
10 13 16 2
11 6 7 1
11 7 8 1
11 8 4 2
11 8 8 1
11 9 4 2
11 9 5 1
11 9 10 1
11 10 7 1
11 10 8 3
11 10 9 10
11 10 10 4
11 10 11 2
11 10 12 2
11 11 8 4
11 11 9 7
11 11 10 7
11 11 11 6
11 11 12 2
11 12 8 1
11 12 10 1
11 12 11 8
11 12 12 1
11 13 9 1
11 13 11 1
11 13 12 2
12 6 7 1
12 7 8 1
12 9 5 1
12 9 7 1
12 10 7 1
12 10 8 1
12 10 9 2
12 10 11 2
12 10 12 1
12 11 9 11
12 11 10 5
12 11 11 2
12 12 9 5
12 12 10 8
12 12 11 17
12 12 12 10
12 12 13 3
12 13 11 5
12 13 12 15
12 13 13 1
12 14 14 2
12 14 16 1
12 15 16 1
13 8 8 1
13 8 9 2
13 9 5 3
13 9 9 3
13 10 5 3
13 10 9 1
13 10 10 1
13 11 7 1
13 11 8 1
13 11 9 4
13 11 10 3
13 11 11 2
13 11 13 1
13 12 9 1
13 12 10 15
13 12 11 12
13 12 12 7
13 12 13 1
13 13 10 7
13 13 11 15
13 13 12 35
13 13 13 23
13 13 14 1
13 14 9 1
13 14 11 2
13 14 12 3
13 14 13 19
13 14 14 4
13 14 15 1
13 15 13 1
13 15 15 1
13 15 17 2
14 6 8 1
14 8 9 1
14 8 10 1
14 9 9 1
14 9 11 2
14 10 4 2
14 10 6 1
14 10 10 4
14 11 5 1
14 11 6 6
14 11 7 5
14 11 8 3
14 11 9 2
14 11 10 3
14 12 7 1
14 12 8 5
14 12 9 6
14 12 10 4
14 12 11 3
14 12 12 1
14 12 13 1
14 13 10 1
14 13 11 26
14 13 12 14
14 13 13 6
14 13 14 2
14 14 11 2
14 14 12 9
14 14 13 32
14 14 14 16
14 14 15 1
14 15 12 1
14 15 13 3
14 15 14 14
14 15 15 6
14 16 14 1
14 16 16 1
14 17 18 1
14 17 19 1
15 6 9 1
15 8 10 1
15 10 4 48
15 10 5 3
15 10 10 1
15 11 4 2
15 11 5 7
15 11 6 14
15 11 7 4
15 12 6 6
15 12 7 9
15 12 8 70
15 12 9 37
15 12 10 3
15 12 11 2
15 12 13 1
15 12 14 1
15 13 8 3
15 13 9 7
15 13 10 15
15 13 11 8
15 13 12 29
15 13 13 5
15 14 10 1
15 14 11 2
15 14 12 39
15 14 13 18
15 14 14 4
15 14 15 1
15 15 12 4
15 15 13 13
15 15 14 24
15 15 15 17
15 15 16 6
15 15 17 1
15 16 12 1
15 16 14 3
15 16 15 13
15 16 16 6
15 16 17 1
15 17 14 1
15 17 15 1
15 17 16 1
15 17 18 5
15 17 19 1
15 17 20 1
15 18 17 1
15 18 20 2
16 8 10 1
16 10 4 67
16 11 4 76
16 11 5 16
16 11 6 2
16 12 5 5
16 12 6 50
16 12 7 13
16 12 8 5
16 12 9 2
16 13 7 2
16 13 8 5
16 13 9 8
16 13 10 10
16 13 12 2
16 14 10 1
16 14 11 5
16 14 12 31
16 14 13 13
16 14 14 1
16 14 15 1
16 15 11 2
16 15 12 3
16 15 13 16
16 15 14 13
16 15 15 5
16 15 16 1
16 15 17 1
16 16 13 4
16 16 14 17
16 16 15 41
16 16 16 19
16 17 14 2
16 17 15 2
16 17 16 19
16 17 17 6
16 17 18 4
16 18 16 1
16 18 17 1
16 18 18 1
16 18 19 2
16 18 20 1
16 18 21 1
17 11 4 4
17 11 5 6
17 12 4 1
17 12 5 17
17 12 6 8
17 12 7 7
17 13 7 5
17 13 8 3
17 13 9 3
17 14 8 1
17 14 9 2
17 14 10 2
17 14 11 3
17 14 12 3
17 14 13 1
17 15 11 2
17 15 12 4
17 15 13 5
17 15 14 2
17 15 17 1
17 16 13 1
17 16 14 15
17 16 15 22
17 16 16 5
17 16 17 2
17 16 18 1
17 17 13 2
17 17 14 5
17 17 15 18
17 17 16 26
17 17 17 17
17 17 18 5
17 18 14 1
17 18 16 2
17 18 17 16
17 18 18 5
17 18 19 3
17 18 20 1
17 19 18 1
17 19 21 1
17 19 22 3
17 20 23 1
18 7 10 1
18 13 8 1
18 14 8 1
18 14 9 3
18 14 10 2
18 15 10 3
18 15 11 2
18 15 12 2
18 16 12 1
18 16 13 2
18 16 14 5
18 16 15 3
18 16 16 1
18 16 19 1
18 17 12 1
18 17 13 1
18 17 14 3
18 17 15 29
18 17 16 12
18 17 17 4
18 17 18 5
18 17 19 1
18 18 15 4
18 18 16 15
18 18 17 20
18 18 18 14
18 18 19 3
18 19 15 1
18 19 16 2
18 19 18 14
18 19 19 10
18 19 20 1
18 19 21 1
18 20 17 1
18 20 19 1
18 20 21 1
18 21 20 1
18 21 22 1
18 21 23 2
19 15 10 1
19 16 11 2
19 16 12 5
19 16 13 3
19 16 14 1
19 17 13 6
19 17 14 3
19 17 15 2
19 17 16 2
19 17 17 1
19 17 19 1
19 18 15 1
19 18 16 17
19 18 17 10
19 18 18 8
19 18 19 2
19 19 16 7
19 19 17 22
19 19 18 9
19 19 19 13
19 19 20 2
19 20 17 1
19 20 18 3
19 20 19 12
19 20 20 10
19 20 21 5
19 21 20 4
19 21 24 2
19 22 24 1
19 22 25 1
20 16 12 2
20 17 12 2
20 17 13 5
20 17 14 3
20 17 16 1
20 18 11 1
20 18 14 5
20 18 15 9
20 18 16 7
20 18 17 1
20 18 18 1
20 19 13 1
20 19 15 2
20 19 16 16
20 19 17 37
20 19 18 8
20 19 19 2
20 19 20 1
20 19 21 2
20 19 22 1
20 20 13 1
20 20 14 1
20 20 15 1
20 20 17 9
20 20 18 11
20 20 19 15
20 20 20 20
20 20 21 3
20 21 17 1
20 21 19 4
20 21 20 18
20 21 21 14
20 22 21 2
20 22 25 1
20 23 25 3
21 18 15 2
21 19 16 7
21 19 17 5
21 19 18 2
21 20 12 1
21 20 13 1
21 20 17 17
21 20 18 27
21 20 19 8
21 20 20 3
21 21 16 1
21 21 18 24
21 21 19 21
21 21 20 12
21 21 21 13
21 21 22 3
21 22 18 1
21 22 20 2
21 22 21 14
21 22 22 22
21 22 23 2
21 23 23 1
21 23 24 1
21 23 25 1
21 23 26 1
21 24 26 1
21 24 27 2
22 18 14 1
22 19 16 2
22 19 17 1
22 20 17 10
22 20 18 5
22 20 20 1
22 21 11 3
22 21 12 1
22 21 13 1
22 21 14 1
22 21 17 1
22 21 18 45
22 21 19 45
22 21 20 6
22 21 21 3
22 22 12 1
22 22 13 1
22 22 19 18
22 22 20 30
22 22 21 30
22 22 22 31
22 22 23 7
22 22 24 1
22 23 21 1
22 23 22 32
22 23 23 27
22 23 24 3
22 23 25 2
22 23 26 1
22 24 23 3
22 24 24 4
22 24 25 4
22 24 26 1
22 24 27 6
22 25 27 3
22 25 28 17
22 26 28 1
23 21 18 12
23 21 19 10
23 21 20 3
23 22 16 1
23 22 19 14
23 22 20 27
23 22 21 14
23 22 22 4
23 22 23 3
23 23 19 1
23 23 20 4
23 23 21 45
23 23 22 56
23 23 23 80
23 23 24 8
23 23 25 6
23 24 23 115
23 24 24 124
23 24 25 39
23 24 26 7
23 24 27 1
23 25 24 12
23 25 25 43
23 25 26 8
23 25 27 23
23 25 28 54
23 26 25 1
23 26 27 2
23 26 28 38
23 26 29 35
23 27 29 30
23 27 30 2
24 18 19 1
24 19 19 1
24 22 19 12
24 22 20 21
24 22 21 3
24 23 14 2
24 23 15 1
24 23 16 1
24 23 18 1
24 23 20 11
24 23 21 97
24 23 22 36
24 23 23 4
24 24 11 1
24 24 20 2
24 24 21 6
24 24 22 50
24 24 23 131
24 24 24 83
24 24 25 20
24 24 26 1
24 24 27 1
24 25 22 1
24 25 23 2
24 25 24 87
24 25 25 121
24 25 26 41
24 25 27 7
24 25 28 7
24 26 25 1
24 26 26 30
24 26 27 10
24 26 28 63
24 26 29 17
24 27 29 11
24 27 30 10
25 18 17 1
25 22 22 2
25 23 20 1
25 23 21 24
25 23 22 24
25 24 12 1
25 24 13 2
25 24 15 2
25 24 19 1
25 24 20 2
25 24 21 14
25 24 22 268
25 24 23 66
25 24 24 6
25 25 17 1
25 25 20 1
25 25 22 20
25 25 23 124
25 25 24 247
25 25 25 136
25 25 26 4
25 26 24 1
25 26 25 134
25 26 26 104
25 26 27 46
25 26 28 22
25 27 27 22
25 27 28 98
25 27 29 129
25 28 29 1
25 28 30 5
26 22 20 1
26 24 22 35
26 24 23 17
26 25 14 1
26 25 15 1
26 25 16 1
26 25 17 1
26 25 22 19
26 25 23 229
26 25 24 132
26 25 25 8
26 25 26 1
26 26 13 1
26 26 14 1
26 26 15 2
26 26 16 1
26 26 17 3
26 26 23 19
26 26 24 170
26 26 25 266
26 26 26 124
26 26 27 5
26 26 29 1
26 27 26 11
26 27 27 60
26 27 28 6
26 27 29 11
26 28 28 4
26 28 29 3
26 28 30 1
27 25 23 11
27 25 24 4
27 26 18 1
27 26 19 1
27 26 21 1
27 26 23 2
27 26 24 105
27 26 25 59
27 26 26 12
27 26 27 1
27 27 21 1
27 27 23 1
27 27 24 1
27 27 25 188
27 27 26 43
27 27 27 28
27 27 28 14
27 27 29 1
27 28 26 2
27 28 27 4
27 28 28 21
27 28 29 7
27 29 29 11
27 29 30 2
28 26 24 4
28 26 25 1
28 27 25 61
28 27 26 106
28 27 27 8
28 28 19 1
28 28 20 1
28 28 24 1
28 28 25 3
28 28 26 268
28 28 27 47
28 28 28 13
28 28 29 31
28 29 27 1
28 29 28 2
28 29 29 113
28 29 30 53
28 30 30 28
29 27 25 2
29 27 26 2
29 28 21 1
29 28 25 2
29 28 26 30
29 28 27 78
29 28 28 3
29 29 22 1
29 29 27 74
29 29 28 13
29 29 29 12
29 29 30 12
29 30 29 1
29 30 30 43
29 30 31 1
29 31 31 24
30 28 26 2
30 29 26 2
30 29 27 8
30 29 28 28
30 29 30 2
30 30 27 1
30 30 28 17
30 30 29 18
30 30 30 238
30 30 31 7
30 31 28 1
30 31 29 14
30 31 30 77
30 31 31 2
31 30 29 7
31 30 30 4
31 31 29 5
