32
0 0 0 9
0 1 0 3
0 1 1 1
1 1 0 10
1 1 1 13
1 2 0 1
1 2 1 82
1 2 2 2
2 1 1 1
2 2 1 46
2 2 2 77
2 3 2 137
2 3 3 1
2 4 3 2
2 7 11 2
2 10 14 1
3 2 2 9
3 2 3 1
3 3 1 1
3 3 2 84
3 3 3 48
3 4 3 155
3 4 4 6
3 5 4 1
3 5 5 1
3 7 10 1
3 7 11 1
3 9 13 1
3 10 15 4
4 3 1 1
4 3 2 3
4 3 3 1
4 3 4 2
4 4 3 22
4 4 4 79
4 4 5 1
4 5 3 2
4 5 4 135
4 5 5 16
4 6 4 6
4 6 5 16
4 6 6 2
4 7 9 1
4 8 11 2
4 9 12 1
4 9 13 2
4 9 14 1
4 10 13 1
4 11 14 1
4 11 16 1
5 4 2 3
5 4 3 1
5 4 5 2
5 5 4 25
5 5 5 16
5 5 6 3
5 6 4 6
5 6 5 40
5 6 6 9
5 7 5 1
5 7 6 3
5 7 8 1
5 8 9 1
5 8 10 2
5 11 14 3
6 4 3 1
6 5 3 6
6 5 4 1
6 5 5 3
6 5 6 3
6 6 5 19
6 6 6 10
6 6 7 1
6 7 5 9
6 7 6 16
6 7 7 4
6 8 5 1
6 8 7 4
6 8 8 1
6 9 6 1
6 9 12 4
6 10 13 1
6 10 14 1
6 11 13 2
6 12 16 1
7 4 2 90
7 5 2 33
7 5 3 40
7 5 4 6
7 6 3 2
7 6 4 6
7 6 5 2
7 6 6 1
7 7 5 3
7 7 6 43
7 7 7 10
7 8 6 19
7 8 7 24
7 8 8 4
7 8 10 1
7 9 8 2
7 9 9 1
7 11 14 2
8 4 2 1
8 4 5 1
8 5 2 23
8 5 3 28
8 5 4 2
8 6 3 7
8 6 4 24
8 6 5 1
8 7 5 6
8 7 6 6
8 7 7 5
8 8 6 5
8 8 7 55
8 8 8 20
8 8 9 1
8 8 10 1
8 9 7 6
8 9 8 37
8 9 9 5
8 9 10 2
8 10 9 2
8 10 10 1
9 3 5 1
9 4 5 1
9 4 6 1
9 5 3 4
9 5 6 4
9 5 7 2
9 6 3 20
9 6 4 5
9 6 6 1
9 7 4 4
9 7 5 9
9 7 6 1
9 8 6 2
9 8 7 8
9 8 8 3
9 9 7 4
9 9 8 59
9 9 9 14
9 9 10 2
9 10 8 14
9 10 9 32
9 10 10 9
9 11 9 2
9 11 10 2
9 11 12 1
10 4 7 1
10 5 7 1
10 6 3 4
10 6 4 2
10 6 7 2
10 7 3 4
10 7 4 8
10 7 5 2
10 7 7 1
10 8 5 3
10 8 6 6
10 8 7 2
10 8 8 2
10 8 9 2
10 9 7 8
10 9 8 4
10 9 9 1
10 10 8 5
10 10 9 74
10 10 10 20
10 10 11 1
10 11 9 17
10 11 10 32
10 11 11 5
10 12 9 2
10 12 10 1
10 12 11 7
11 5 6 2
11 5 7 5
11 6 7 2
11 7 8 1
11 8 5 6
11 9 6 1
11 9 7 2
11 9 8 1
11 9 9 2
11 9 10 1
11 10 8 6
11 10 9 7
11 10 10 4
11 10 11 3
11 11 9 11
11 11 10 80
11 11 11 15
11 11 12 1
11 12 10 15
11 12 11 35
11 12 12 7
11 13 12 1
12 4 7 1
12 6 8 1
12 8 9 1
12 9 5 4
12 9 6 10
12 10 6 8
12 10 7 5
12 10 8 3
12 10 10 1
12 11 9 3
12 11 10 11
12 11 11 6
12 11 13 1
12 12 10 5
12 12 11 95
12 12 12 28
12 13 11 13
12 13 12 58
12 13 13 7
12 14 12 1
12 15 13 1
13 9 6 3
13 10 6 3
13 10 7 23
13 10 8 1
13 11 7 10
13 11 8 3
13 11 9 3
13 11 10 1
13 11 11 4
13 12 7 1
13 12 9 3
13 12 10 4
13 12 11 6
13 12 12 14
13 12 13 1
13 13 11 10
13 13 12 135
13 13 13 77
13 14 12 3
13 14 13 65
13 14 14 12
13 15 13 3
13 15 14 1
13 16 18 1
14 5 8 2
14 6 8 1
14 10 7 1
14 11 7 5
14 11 8 32
14 12 8 10
14 12 9 3
14 12 10 4
14 12 11 1
14 12 12 1
14 13 10 3
14 13 11 4
14 13 12 12
14 13 13 9
14 14 10 1
14 14 11 1
14 14 12 2
14 14 13 148
14 14 14 48
14 14 15 2
14 15 13 13
14 15 14 104
14 15 15 7
14 16 16 1
15 11 11 1
15 12 8 20
15 12 9 17
15 12 13 1
15 13 9 4
15 13 10 5
15 13 11 3
15 13 12 1
15 13 13 2
15 14 11 2
15 14 12 6
15 14 13 29
15 14 14 12
15 15 10 1
15 15 12 2
15 15 13 40
15 15 14 174
15 15 15 33
15 15 16 2
15 16 14 30
15 16 15 131
15 16 16 8
15 17 15 1
15 17 18 1
16 13 10 4
16 13 11 1
16 14 10 2
16 14 11 2
16 14 12 5
16 14 13 4
16 15 12 6
16 15 13 8
16 15 14 11
16 15 15 1
16 15 16 3
16 16 14 8
16 16 15 150
16 16 16 36
16 17 15 15
16 17 16 128
16 17 17 12
16 18 17 2
16 18 18 1
17 14 11 4
17 15 11 2
17 15 12 3
17 15 13 2
17 15 14 5
17 15 15 2
17 16 11 1
17 16 13 2
17 16 14 10
17 16 15 8
17 16 16 1
17 16 17 3
17 17 13 1
17 17 14 1
17 17 15 5
17 17 16 156
17 17 17 82
17 17 18 3
17 18 16 4
17 18 17 182
17 18 18 18
17 18 19 1
17 19 18 4
18 15 12 5
18 16 13 3
18 16 14 4
18 16 16 1
18 17 11 1
18 17 13 1
18 17 14 1
18 17 15 7
18 17 16 8
18 17 17 6
18 17 18 1
18 18 10 1
18 18 16 4
18 18 17 221
18 18 18 58
18 18 19 5
18 19 17 21
18 19 18 354
18 19 19 11
18 20 18 2
18 20 19 3
18 20 20 1
19 16 13 2
19 16 15 1
19 17 13 1
19 17 14 3
19 17 15 2
19 17 16 2
19 18 11 1
19 18 16 8
19 18 17 7
19 18 18 3
19 19 14 1
19 19 17 9
19 19 18 88
19 19 19 28
19 19 20 2
19 20 18 6
19 20 19 271
19 20 20 17
19 21 20 4
20 18 15 3
20 18 16 3
20 18 18 1
20 19 11 1
20 19 13 2
20 19 16 2
20 19 17 2
20 19 18 2
20 19 19 2
20 19 20 1
20 20 18 2
20 20 19 50
20 20 20 21
20 20 21 4
20 21 19 7
20 21 20 151
20 21 21 51
20 22 21 14
20 22 22 3
21 19 16 1
21 19 17 5
21 19 18 1
21 20 13 1
21 20 14 1
21 20 17 3
21 20 18 3
21 20 19 3
21 20 20 4
21 21 13 1
21 21 19 2
21 21 20 20
21 21 21 29
21 21 22 3
21 22 21 137
21 22 22 144
21 22 23 5
21 23 22 10
21 23 23 5
22 19 16 9
22 19 17 9
22 20 17 53
22 20 18 15
22 21 17 1
22 21 18 7
22 21 19 6
22 21 20 6
22 21 21 3
22 21 22 1
22 22 14 1
22 22 19 1
22 22 20 2
22 22 21 17
22 22 22 155
22 22 23 14
22 23 22 224
22 23 23 178
22 23 24 7
22 24 23 16
22 24 24 7
23 20 16 2
23 20 17 42
23 20 18 1
23 21 18 5
23 21 19 7
23 21 20 1
23 21 22 1
23 22 18 1
23 22 19 5
23 22 20 6
23 22 21 1
23 22 22 3
23 23 15 1
23 23 16 1
23 23 18 1
23 23 20 2
23 23 22 12
23 23 23 127
23 23 24 17
23 24 23 94
23 24 24 198
23 24 25 25
23 25 24 5
23 25 25 19
24 22 19 5
24 22 20 25
24 22 21 2
24 23 15 1
24 23 20 9
24 23 21 9
24 23 22 6
24 23 23 3
24 23 24 1
24 24 22 4
24 24 23 13
24 24 24 137
24 24 25 17
24 25 24 87
24 25 25 310
24 25 26 15
24 25 27 1
24 26 25 3
24 26 26 8
25 23 21 19
25 23 22 12
25 24 21 1
25 24 22 18
25 24 23 8
25 24 24 6
25 24 25 1
25 25 23 3
25 25 24 9
25 25 25 59
25 25 26 13
25 25 27 1
25 26 25 17
25 26 26 97
25 26 27 9
25 27 27 3
26 24 22 33
26 24 23 4
26 24 24 1
26 25 14 2
26 25 15 1
26 25 17 3
26 25 22 2
26 25 23 25
26 25 24 5
26 25 25 3
26 26 17 1
26 26 25 6
26 26 26 40
26 26 27 13
26 26 28 1
26 27 26 9
26 27 27 57
26 27 28 12
26 28 28 9
27 25 15 1
27 25 23 13
27 25 24 3
27 26 17 1
27 26 19 1
27 26 22 1
27 26 23 3
27 26 24 7
27 26 25 2
27 26 26 6
27 26 27 1
27 27 20 1
27 27 22 1
27 27 26 5
27 27 27 26
27 27 28 5
27 28 27 11
27 28 28 33
27 28 29 8
27 29 28 1
27 29 29 1
28 26 24 9
28 27 25 1
28 27 26 2
28 27 27 2
28 28 20 1
28 28 23 1
28 28 25 1
28 28 26 2
28 28 27 3
28 28 28 26
28 28 29 14
28 29 28 8
28 29 29 91
28 29 30 72
28 30 29 1
28 30 30 1
29 27 25 4
29 27 26 1
29 28 20 1
29 28 25 6
29 28 26 4
29 28 28 3
29 29 19 1
29 29 27 2
29 29 28 4
29 29 29 39
29 29 30 70
29 30 29 12
29 30 30 226
29 30 31 14
29 31 30 2
30 28 25 1
30 28 26 1
30 29 26 5
30 29 27 1
30 29 29 2
30 29 30 2
30 30 22 1
30 30 27 6
30 30 28 22
30 30 29 10
30 30 30 581
30 30 31 72
30 31 29 10
30 31 30 148
30 31 31 51
31 30 28 4
31 30 30 2
31 31 28 1
31 31 29 1
31 31 30 1
31 31 31 1
