32
0 0 0 5
0 1 0 1
0 1 1 1
1 0 0 1
1 1 0 15
1 1 1 8
1 1 2 1
1 2 1 72
1 2 2 3
2 2 1 32
2 2 2 47
2 3 1 1
2 3 2 115
2 3 3 2
2 8 12 2
2 8 13 1
3 2 1 1
3 2 2 5
3 3 2 102
3 3 3 66
3 4 3 153
3 4 4 12
3 5 4 3
3 8 12 2
3 11 15 1
3 12 16 1
3 12 17 2
4 3 2 4
4 3 4 1
4 4 2 1
4 4 3 22
4 4 4 91
4 5 3 1
4 5 4 146
4 5 5 14
4 6 3 2
4 6 4 12
4 6 5 14
4 7 6 1
4 7 7 1
4 8 10 1
4 9 12 2
4 9 13 1
4 11 16 2
4 12 17 1
5 4 2 1
5 4 4 2
5 4 5 1
5 5 3 1
5 5 4 13
5 5 5 24
5 5 6 1
5 6 4 5
5 6 5 62
5 6 6 19
5 7 4 3
5 7 5 1
5 7 6 3
5 7 8 1
5 7 9 1
5 8 9 1
5 9 12 1
5 11 15 1
5 12 16 1
5 13 17 1
6 4 3 1
6 5 3 2
6 5 4 3
6 5 5 4
6 5 6 2
6 6 4 1
6 6 5 24
6 6 6 10
6 6 7 2
6 7 5 4
6 7 6 21
6 7 7 3
6 8 7 1
6 8 10 1
6 10 13 1
6 10 14 2
6 11 14 2
6 11 15 1
6 12 15 3
7 4 2 1
7 5 2 9
7 5 3 17
7 5 4 5
7 6 4 2
7 6 5 3
7 6 6 1
7 7 5 2
7 7 6 22
7 7 7 13
7 8 6 8
7 8 7 17
7 8 8 5
7 9 11 1
7 10 6 1
7 11 14 1
7 12 16 1
7 13 17 1
8 4 2 8
8 5 2 89
8 5 3 61
8 5 4 1
8 5 6 1
8 6 3 22
8 6 4 52
8 6 5 2
8 7 4 2
8 7 5 6
8 7 6 2
8 7 7 4
8 7 8 2
8 8 6 1
8 8 7 23
8 8 8 15
8 8 9 2
8 9 7 4
8 9 8 32
8 9 9 4
8 9 12 1
8 10 7 1
8 10 8 1
8 10 9 2
8 10 10 1
8 11 14 1
8 12 13 1
9 3 6 1
9 4 6 1
9 5 3 2
9 5 7 1
9 6 3 22
9 6 4 4
9 7 4 2
9 7 5 7
9 7 6 1
9 7 8 1
9 7 9 2
9 8 5 1
9 8 6 5
9 8 7 3
9 8 8 1
9 8 9 1
9 9 7 2
9 9 8 52
9 9 9 13
9 9 10 1
9 9 11 1
9 10 8 9
9 10 9 37
9 10 10 7
9 11 9 2
9 11 10 1
9 11 11 2
9 12 10 1
10 5 6 1
10 5 7 3
10 6 3 1
10 6 4 4
10 6 7 1
10 7 3 1
10 7 4 23
10 7 5 1
10 8 5 1
10 8 6 5
10 8 7 2
10 9 7 3
10 9 8 5
10 9 9 2
10 9 10 1
10 9 11 1
10 10 8 3
10 10 9 62
10 10 10 12
10 10 11 2
10 11 9 10
10 11 10 34
10 11 11 6
10 12 10 3
10 12 11 1
10 13 10 1
11 4 6 1
11 4 8 1
11 5 7 1
11 5 8 1
11 6 7 2
11 6 8 1
11 7 4 4
11 7 8 3
11 8 4 4
11 8 5 1
11 8 6 2
11 8 8 1
11 8 9 2
11 9 6 2
11 9 7 3
11 9 8 7
11 9 9 1
11 10 8 3
11 10 9 10
11 10 10 3
11 10 11 2
11 11 9 8
11 11 10 66
11 11 11 17
11 12 10 8
11 12 11 40
11 12 12 4
11 13 12 2
12 5 7 1
12 6 8 3
12 7 8 1
12 8 9 1
12 8 10 1
12 9 5 2
12 9 6 8
12 9 7 1
12 9 11 1
12 10 8 8
12 10 9 2
12 10 10 3
12 10 11 2
12 10 12 1
12 11 9 1
12 11 10 13
12 11 11 3
12 11 12 1
12 12 10 8
12 12 11 58
12 12 12 24
12 12 13 1
12 13 11 8
12 13 12 31
12 13 13 6
12 14 13 1
13 9 6 1
13 9 7 1
13 10 6 9
13 10 7 24
13 10 11 2
13 10 12 2
13 11 7 14
13 11 8 5
13 11 9 4
13 11 10 2
13 11 13 1
13 12 9 2
13 12 10 3
13 12 11 8
13 12 12 4
13 12 13 1
13 13 11 9
13 13 12 85
13 13 13 69
13 13 14 2
13 14 12 4
13 14 13 48
13 14 14 4
13 14 15 2
13 15 14 1
13 17 19 1
14 5 9 1
14 10 10 1
14 11 7 8
14 11 8 12
14 11 9 1
14 12 8 13
14 12 9 11
14 12 10 4
14 12 12 1
14 12 13 1
14 13 10 1
14 13 11 2
14 13 12 15
14 13 13 17
14 13 14 1
14 14 8 1
14 14 12 3
14 14 13 114
14 14 14 49
14 14 15 3
14 15 13 14
14 15 14 49
14 15 15 12
14 15 16 1
14 16 14 3
15 11 8 1
15 12 8 32
15 12 9 20
15 12 10 1
15 12 11 1
15 13 8 1
15 13 9 13
15 13 10 10
15 13 11 6
15 13 13 3
15 14 10 1
15 14 11 1
15 14 12 6
15 14 13 15
15 14 14 8
15 14 15 1
15 15 12 1
15 15 13 4
15 15 14 90
15 15 15 45
15 15 16 1
15 16 14 10
15 16 15 105
15 16 16 8
15 17 16 2
16 12 9 1
16 12 13 1
16 13 9 5
16 13 10 7
16 13 12 1
16 14 10 2
16 14 11 2
16 14 12 4
16 14 13 3
16 14 14 2
16 15 12 1
16 15 13 9
16 15 14 34
16 15 15 4
16 16 9 1
16 16 13 2
16 16 14 39
16 16 15 150
16 16 16 45
16 16 17 5
16 17 15 3
16 17 16 114
16 17 17 10
16 18 16 1
16 18 17 3
17 14 10 1
17 14 11 2
17 14 12 1
17 15 11 2
17 15 12 7
17 15 13 3
17 15 14 3
17 15 15 1
17 15 16 1
17 16 13 2
17 16 14 8
17 16 15 10
17 16 17 2
17 17 12 1
17 17 13 1
17 17 15 7
17 17 16 127
17 17 17 68
17 17 18 3
17 18 16 2
17 18 17 100
17 18 18 10
17 19 18 3
17 19 19 1
18 15 12 2
18 16 12 5
18 16 14 4
18 16 15 4
18 17 9 1
18 17 13 1
18 17 14 3
18 17 15 5
18 17 16 5
18 17 17 1
18 18 13 1
18 18 16 7
18 18 17 109
18 18 18 50
18 19 17 14
18 19 18 131
18 19 19 12
18 20 19 3
19 16 13 1
19 16 14 1
19 16 16 1
19 17 9 2
19 17 13 1
19 17 14 3
19 17 15 3
19 17 16 3
19 18 11 2
19 18 14 1
19 18 15 1
19 18 16 2
19 18 17 8
19 18 18 4
19 18 19 1
19 19 15 1
19 19 17 8
19 19 18 155
19 19 19 57
19 19 20 2
19 20 18 10
19 20 19 281
19 20 20 16
19 21 19 1
19 21 20 3
19 21 21 1
20 16 15 1
20 17 14 1
20 18 9 1
20 18 12 1
20 18 15 2
20 18 16 2
20 18 18 1
20 19 12 1
20 19 13 1
20 19 14 1
20 19 16 3
20 19 17 3
20 19 18 3
20 20 14 1
20 20 17 1
20 20 18 6
20 20 19 62
20 20 20 33
20 20 21 6
20 21 19 2
20 21 20 267
20 21 21 27
20 21 22 1
20 22 20 1
20 22 21 10
20 22 22 1
21 18 15 1
21 19 10 1
21 19 12 1
21 19 13 1
21 19 16 1
21 19 17 2
21 19 18 1
21 20 10 1
21 20 11 1
21 20 12 1
21 20 13 1
21 20 14 1
21 20 18 2
21 20 19 2
21 20 20 5
21 20 21 1
21 21 19 1
21 21 20 33
21 21 21 29
21 21 22 13
21 22 21 167
21 22 22 105
21 23 22 1
22 19 11 1
22 19 19 1
22 20 16 1
22 20 17 4
22 20 18 3
22 20 20 1
22 21 11 1
22 21 18 7
22 21 19 1
22 21 20 3
22 21 21 4
22 22 14 1
22 22 15 1
22 22 16 1
22 22 20 1
22 22 21 26
22 22 22 87
22 22 23 16
22 23 22 304
22 23 23 137
22 23 24 12
22 24 23 13
22 24 24 7
23 19 16 1
23 20 16 1
23 20 17 19
23 20 18 3
23 21 10 1
23 21 17 10
23 21 18 73
23 21 19 13
23 21 21 1
23 22 13 1
23 22 14 1
23 22 19 7
23 22 20 4
23 22 22 5
23 22 23 1
23 23 18 1
23 23 22 28
23 23 23 171
23 23 24 7
23 24 23 129
23 24 24 184
23 24 25 17
23 25 24 9
23 25 25 8
24 21 17 6
24 21 18 13
24 21 19 1
24 22 10 1
24 22 12 1
24 22 16 1
24 22 19 13
24 22 20 17
24 22 21 5
24 23 12 1
24 23 13 2
24 23 14 1
24 23 15 1
24 23 20 8
24 23 21 4
24 23 22 5
24 23 23 2
24 23 24 1
24 24 22 5
24 24 23 9
24 24 24 119
24 24 25 11
24 25 24 120
24 25 25 307
24 25 26 23
24 26 24 1
24 26 25 8
24 26 26 11
25 22 13 1
25 23 12 1
25 23 20 3
25 23 21 27
25 23 22 8
25 24 14 2
25 24 16 2
25 24 21 3
25 24 22 17
25 24 23 4
25 24 24 2
25 25 21 1
25 25 23 4
25 25 24 4
25 25 25 178
25 25 26 19
25 26 25 44
25 26 26 112
25 26 27 1
25 27 26 2
25 27 27 8
26 19 15 1
26 24 13 1
26 24 22 39
26 24 23 5
26 24 24 2
26 25 14 1
26 25 15 3
26 25 22 7
26 25 23 20
26 25 24 5
26 25 25 2
26 26 16 2
26 26 17 2
26 26 18 2
26 26 20 2
26 26 24 1
26 26 25 7
26 26 26 48
26 26 27 20
26 27 26 16
26 27 27 56
26 27 28 12
26 28 27 1
26 28 28 17
27 25 15 1
27 25 23 25
27 25 24 5
27 26 16 2
27 26 18 1
27 26 20 1
27 26 23 3
27 26 24 12
27 26 25 2
27 26 26 6
27 26 27 1
27 27 15 1
27 27 18 1
27 27 21 1
27 27 22 1
27 27 26 3
27 27 27 31
27 27 28 5
27 28 27 6
27 28 28 31
27 28 29 8
27 29 29 3
28 26 23 1
28 26 24 9
28 26 25 3
28 27 19 1
28 27 25 3
28 27 26 4
28 27 27 6
28 27 28 1
28 28 25 1
28 28 27 7
28 28 28 30
28 28 29 11
28 29 25 1
28 29 28 9
28 29 29 60
28 29 30 20
28 30 30 1
29 27 25 5
29 27 26 1
29 28 23 1
29 28 25 1
29 28 26 7
29 28 28 2
29 28 29 1
29 29 20 1
29 29 21 1
29 29 27 1
29 29 28 3
29 29 29 43
29 29 30 53
29 30 29 13
29 30 30 228
29 30 31 4
29 31 30 4
29 31 31 1
30 28 25 1
30 28 26 1
30 29 22 1
30 29 26 1
30 29 27 5
30 29 28 1
30 29 29 4
30 29 30 3
30 30 22 1
30 30 27 4
30 30 28 10
30 30 29 18
30 30 30 615
30 30 31 46
30 31 29 4
30 31 30 251
30 31 31 49
31 30 28 1
31 30 29 1
31 30 30 3
