32
1 1 0 3
1 1 1 3
1 2 1 16
2 2 1 14
2 2 2 10
2 3 2 20
2 3 3 2
3 3 1 1
3 3 2 10
3 3 3 16
3 4 3 8
4 3 3 2
4 4 3 6
4 4 4 6
4 5 4 7
4 5 5 2
5 4 4 1
5 5 4 5
5 5 5 17
5 6 5 10
5 6 6 1
6 5 3 1
6 5 4 1
6 5 5 1
6 6 5 7
6 6 6 6
6 6 7 1
6 7 6 8
6 7 7 1
7 5 3 1
7 5 4 1
7 6 5 1
7 6 6 1
7 7 6 4
7 7 7 9
7 8 8 5
8 5 3 2
8 5 4 1
8 6 4 2
8 7 6 2
8 7 8 1
8 8 6 2
8 8 7 3
8 8 8 2
8 8 9 1
8 9 8 2
8 9 9 3
9 6 4 3
9 7 5 2
9 7 6 1
9 8 7 2
9 9 8 1
9 9 9 3
9 10 9 1
9 10 10 3
10 7 4 1
10 8 7 1
10 10 9 1
10 10 10 1
10 11 11 1
11 9 7 2
11 9 8 1
11 11 9 1
11 11 10 1
11 11 11 1
11 12 10 1
11 12 11 2
11 12 12 3
12 10 8 1
12 11 10 1
12 12 10 1
12 12 11 1
12 12 12 3
12 12 13 1
12 13 12 1
12 13 13 2
13 11 9 2
13 11 10 1
13 12 10 1
13 13 11 1
13 13 12 1
13 13 13 3
13 14 13 1
13 14 14 3
13 15 14 1
14 13 11 1
14 14 13 4
14 14 14 3
14 15 15 2
15 11 8 1
15 12 8 1
15 12 10 1
15 13 11 1
15 14 13 1
15 15 13 1
15 15 14 6
15 15 15 1
15 15 16 1
15 16 15 2
15 16 16 3
15 17 17 1
16 12 7 1
16 12 8 8
16 13 8 1
16 13 10 2
16 14 13 1
16 15 14 2
16 15 15 1
16 16 15 6
16 16 16 2
16 16 17 1
16 17 15 1
16 17 16 2
16 17 17 4
17 12 8 1
17 13 8 4
17 13 9 13
17 13 10 1
17 14 10 1
17 14 11 1
17 17 15 2
17 17 16 23
17 17 17 2
17 18 17 6
17 18 18 7
17 19 19 1
18 14 10 7
18 14 11 2
18 15 10 1
18 15 11 1
18 17 16 1
18 18 17 4
18 18 18 1
18 19 18 6
18 19 19 3
19 15 11 8
19 16 11 4
19 16 12 7
19 16 13 3
19 17 14 1
19 18 16 1
19 18 17 1
19 19 18 2
19 19 19 2
19 20 19 7
19 20 20 7
19 21 20 1
19 21 21 1
20 16 12 6
20 17 14 2
20 18 16 2
20 18 17 1
20 19 18 2
20 20 18 1
20 20 19 1
20 20 20 3
20 20 21 2
20 21 19 9
20 21 20 9
20 21 21 8
20 21 22 1
21 19 17 4
21 19 18 1
21 20 19 2
21 21 20 4
21 21 21 3
21 21 22 2
21 22 20 12
21 22 21 17
21 22 22 4
21 23 23 1
22 19 16 1
22 20 19 1
22 21 18 1
22 21 19 1
22 22 19 1
22 22 21 4
22 22 22 6
22 22 23 1
22 23 21 3
22 23 22 34
22 23 23 4
23 22 21 1
23 23 21 1
23 23 22 6
23 23 23 11
23 23 24 1
23 24 23 28
23 24 24 5
23 25 24 1
24 23 22 1
24 23 23 1
24 24 23 9
24 24 24 12
24 24 25 1
24 25 24 36
24 25 25 23
24 25 26 2
24 26 26 1
25 24 24 1
25 25 24 5
25 25 25 16
25 25 26 5
25 26 25 17
25 26 26 55
25 26 27 19
25 27 27 1
26 26 24 1
26 26 25 1
26 26 26 69
26 26 27 8
26 27 26 51
26 27 27 78
26 27 28 11
26 28 27 2
26 28 28 2
27 27 27 16
27 27 28 9
27 28 27 21
27 28 28 71
27 28 29 5
27 29 28 2
27 29 29 2
28 28 28 30
28 28 29 5
28 29 28 28
28 29 29 66
28 29 30 1
29 29 29 5
29 29 30 4
29 30 29 2
29 30 30 16
30 30 30 47
30 30 31 3
30 31 30 1
31 30 30 1
