32
1 1 0 3
1 1 1 2
1 2 1 18
2 2 1 15
2 2 2 12
2 3 2 15
2 3 3 4
2 4 4 1
3 3 2 10
3 3 3 13
3 4 3 6
3 4 4 2
4 3 3 2
4 4 3 4
4 4 4 6
4 5 3 1
4 5 4 6
5 5 4 8
5 5 5 18
5 6 5 11
5 6 6 2
6 5 4 2
6 6 5 8
6 6 6 7
6 7 6 4
6 7 7 4
7 5 3 4
7 7 5 1
7 7 6 2
7 7 7 6
7 8 7 3
8 5 3 1
8 6 4 2
8 7 6 2
8 8 6 1
8 8 7 3
8 8 8 6
8 8 9 1
8 9 8 3
8 9 9 4
9 6 4 4
9 7 5 2
9 8 6 1
9 8 7 2
9 9 8 3
9 9 9 1
9 9 10 1
10 7 4 1
10 8 6 1
10 9 7 1
10 10 8 1
10 10 9 1
10 11 10 1
10 11 11 3
11 9 7 1
11 11 10 3
11 11 11 1
11 12 11 1
11 12 12 1
12 10 8 2
12 10 9 1
12 11 10 1
12 12 11 2
12 12 12 5
12 12 13 1
12 13 12 3
12 13 13 1
13 10 7 1
13 11 9 1
13 11 10 2
13 12 11 1
13 13 12 2
13 13 13 4
13 13 14 1
13 14 14 2
13 15 14 1
14 13 11 1
14 14 13 5
14 14 14 3
14 15 15 3
14 16 14 1
15 11 7 2
15 12 11 1
15 13 11 1
15 15 13 1
15 15 14 4
15 15 16 1
15 16 15 2
15 16 16 1
16 12 7 2
16 12 8 7
16 13 10 1
16 13 12 1
16 14 10 1
16 16 14 1
16 16 15 6
16 16 16 2
16 16 17 1
16 17 15 2
16 17 16 4
16 17 17 10
17 13 8 7
17 13 9 11
17 13 10 1
17 14 10 3
17 15 14 1
17 16 15 2
17 17 15 1
17 17 16 21
17 18 17 5
17 18 18 3
18 14 9 1
18 14 10 5
18 14 11 1
18 15 10 1
18 15 11 2
18 15 12 1
18 18 17 3
18 18 18 2
18 18 19 2
18 19 18 7
18 19 19 3
18 20 19 1
18 20 20 1
19 15 10 1
19 15 11 8
19 16 11 3
19 16 12 9
19 16 13 2
19 16 14 1
19 17 15 1
19 18 18 1
19 19 18 2
19 19 19 1
19 19 20 1
19 20 18 1
19 20 19 5
19 20 20 10
20 16 11 1
20 16 12 4
20 16 13 1
20 17 14 2
20 18 16 2
20 19 17 2
20 19 19 1
20 20 19 1
20 20 20 3
20 20 21 1
20 21 19 6
20 21 20 10
20 21 21 5
20 21 22 1
20 22 22 1
21 19 16 1
21 19 17 5
21 20 18 1
21 20 19 1
21 21 21 4
21 21 22 3
21 22 20 13
21 22 21 20
21 22 22 2
21 23 22 1
21 23 23 1
22 19 16 1
22 20 18 1
22 21 19 1
22 21 21 1
22 22 21 6
22 22 22 12
22 22 23 2
22 23 21 3
22 23 22 32
22 23 23 3
23 22 21 1
23 22 22 1
23 23 21 1
23 23 22 6
23 23 23 13
23 23 24 1
23 24 23 27
23 24 24 3
24 23 22 1
24 24 23 10
24 24 24 17
24 24 25 2
24 25 24 30
24 25 25 21
24 26 25 2
24 26 26 1
25 24 24 2
25 25 24 5
25 25 25 15
25 25 26 4
25 26 25 15
25 26 26 57
25 26 27 14
25 27 27 1
26 25 26 1
26 26 25 3
26 26 26 64
26 26 27 14
26 27 26 55
26 27 27 72
26 27 28 4
26 28 27 1
26 28 28 5
27 27 27 18
27 27 28 14
27 28 27 20
27 28 28 71
27 28 29 4
27 29 28 1
27 29 29 1
28 28 28 32
28 28 29 9
28 29 28 31
28 29 29 61
29 29 29 9
29 29 30 6
29 30 30 17
30 30 30 45
30 30 31 2
30 31 30 3
