32
0 1 0 1
1 1 0 2
1 1 1 1
1 2 1 22
2 2 1 11
2 2 2 8
2 3 2 20
2 3 3 4
3 3 2 14
3 3 3 12
3 4 3 3
4 3 3 2
4 4 3 5
4 4 4 5
4 5 4 4
4 5 5 1
5 4 4 1
5 5 4 7
5 5 5 12
5 6 5 12
6 5 3 1
6 5 4 1
6 6 5 6
6 6 6 7
6 7 6 4
6 7 7 3
7 5 3 2
7 6 4 1
7 6 5 1
7 7 5 1
7 7 6 3
7 7 7 9
7 8 7 2
7 8 8 1
8 5 3 2
8 5 4 1
8 6 4 3
8 6 5 1
8 7 5 1
8 7 6 2
8 8 6 1
8 8 7 2
8 8 8 4
8 8 9 1
8 9 8 3
8 9 9 2
9 6 4 1
9 7 5 1
9 8 6 2
9 8 7 5
9 9 8 2
9 9 9 2
9 10 9 2
9 10 10 2
10 6 4 1
10 7 4 1
10 8 6 1
10 8 7 1
10 9 8 1
10 10 9 2
10 10 11 1
10 11 11 2
11 9 7 1
11 9 8 2
11 10 8 1
11 11 10 3
11 11 11 2
11 12 11 2
11 12 12 1
12 10 7 1
12 10 8 2
12 12 11 4
12 12 12 4
12 12 13 1
13 12 10 1
13 13 11 2
13 13 12 2
13 13 13 1
13 13 14 1
13 14 14 5
14 12 10 1
14 13 11 2
14 14 13 3
14 14 14 4
14 15 14 2
14 15 15 2
14 16 14 1
14 16 15 1
15 11 7 2
15 12 8 1
15 14 13 2
15 15 14 6
15 15 16 2
15 16 15 2
15 16 16 3
16 12 7 1
16 12 8 7
16 13 9 1
16 13 10 2
16 15 14 1
16 16 15 5
16 16 16 5
16 16 17 2
16 17 15 1
16 17 16 3
16 17 17 4
17 13 8 7
17 13 9 10
17 13 10 2
17 14 9 1
17 14 10 1
17 14 12 1
17 15 14 1
17 17 15 2
17 17 16 21
17 17 17 4
17 18 17 6
17 18 18 6
18 14 9 1
18 14 10 5
18 15 10 1
18 15 11 2
18 15 12 1
18 17 16 1
18 18 17 4
18 18 18 1
18 19 18 5
18 19 19 6
19 15 10 2
19 15 11 7
19 15 12 1
19 16 11 4
19 16 12 7
19 16 13 1
19 16 14 1
19 17 13 1
19 17 14 1
19 18 15 2
19 18 18 1
19 19 18 3
19 19 20 1
19 20 19 6
19 20 20 10
19 20 21 2
19 21 21 1
20 16 12 5
20 16 13 1
20 16 14 1
20 17 14 2
20 18 16 2
20 19 16 1
20 19 17 1
20 19 18 1
20 20 20 3
20 20 21 1
20 21 19 4
20 21 20 13
20 21 21 7
20 21 22 1
20 22 20 1
20 22 22 1
21 19 16 1
21 19 17 1
21 19 18 1
21 20 18 1
21 20 19 1
21 20 20 1
21 21 19 1
21 21 20 3
21 21 21 4
21 21 22 1
21 22 20 10
21 22 21 17
21 22 22 3
21 22 23 1
22 19 17 1
22 20 18 1
22 20 19 1
22 21 18 1
22 21 19 1
22 21 20 1
22 22 20 1
22 22 21 5
22 22 22 8
22 22 23 1
22 23 21 2
22 23 22 34
22 23 23 3
23 22 21 1
23 23 21 1
23 23 22 5
23 23 23 10
23 24 23 27
23 24 24 6
24 23 22 1
24 23 23 1
24 24 23 13
24 24 24 13
24 24 25 2
24 25 24 29
24 25 25 28
24 26 25 1
24 26 26 1
25 24 23 1
25 25 24 3
25 25 25 13
25 25 26 8
25 26 24 1
25 26 25 19
25 26 26 58
25 26 27 14
25 27 27 2
26 25 25 1
26 26 25 1
26 26 26 68
26 26 27 8
26 27 26 54
26 27 27 67
26 27 28 6
26 28 28 1
27 27 27 15
27 27 28 13
27 28 27 22
27 28 28 81
27 28 29 7
27 29 28 1
27 29 29 2
28 28 28 29
28 28 29 5
28 29 28 36
28 29 29 63
29 29 29 10
29 29 30 5
29 30 30 17
30 30 30 50
30 30 31 1
30 31 30 1
30 31 31 2
