32
0 1 0 1
1 1 0 2
1 1 1 2
1 2 1 20
2 2 1 16
2 2 2 7
2 3 2 25
2 3 3 4
3 3 2 10
3 3 3 13
3 4 3 5
4 3 3 1
4 4 3 5
4 4 4 7
4 5 4 4
5 4 4 1
5 5 4 8
5 5 5 12
5 5 6 1
5 6 5 10
5 6 6 1
6 4 3 1
6 5 3 1
6 5 4 1
6 6 4 2
6 6 5 7
6 6 6 7
6 7 6 7
6 7 7 4
7 5 3 2
7 6 5 2
7 7 6 5
7 7 7 4
7 8 7 4
7 8 8 2
8 5 3 1
8 6 4 3
8 6 5 1
8 7 6 2
8 7 8 1
8 8 6 1
8 8 7 4
8 8 8 5
8 9 8 1
8 9 9 4
9 6 4 3
9 7 5 1
9 8 6 2
9 8 7 1
9 9 8 5
9 10 9 1
9 10 10 1
10 7 4 1
10 8 6 1
10 9 8 1
10 10 9 1
10 10 10 1
10 10 11 2
10 11 11 3
11 9 7 2
11 10 8 1
11 11 10 2
11 11 11 1
11 12 11 1
11 12 12 1
12 10 8 2
12 10 9 2
12 11 10 1
12 12 11 2
12 12 12 1
12 12 13 2
12 13 12 3
12 13 13 1
13 12 11 1
13 13 11 1
13 13 12 1
13 13 13 2
13 13 14 1
13 14 14 3
14 11 9 1
14 13 11 1
14 13 13 1
14 14 12 1
14 14 13 6
14 14 14 2
14 15 14 1
14 15 15 4
15 11 7 1
15 13 12 1
15 14 13 2
15 15 14 3
15 15 15 1
15 16 15 2
15 17 16 1
16 12 7 1
16 12 8 7
16 13 8 2
16 13 9 1
16 13 10 1
16 13 11 1
16 15 14 1
16 15 15 1
16 16 15 8
16 16 16 6
16 16 17 1
16 17 15 1
16 17 16 5
16 17 17 1
16 18 18 1
17 12 8 1
17 13 8 5
17 13 9 12
17 13 10 2
17 14 10 2
17 17 15 2
17 17 16 21
17 17 17 4
17 17 18 2
17 18 17 5
17 18 18 4
17 19 18 2
18 14 9 2
18 14 10 6
18 15 10 1
18 15 11 1
18 15 12 1
18 17 16 1
18 17 17 2
18 18 17 6
18 18 19 1
18 19 18 8
18 19 19 5
18 20 19 1
19 15 10 1
19 15 11 7
19 15 12 2
19 16 11 3
19 16 12 7
19 16 13 3
19 16 14 1
19 17 13 1
19 17 14 1
19 19 18 3
19 19 19 1
19 19 20 1
19 20 18 1
19 20 19 5
19 20 20 5
19 21 21 2
20 16 12 5
20 17 14 2
20 18 15 1
20 18 17 3
20 19 16 1
20 19 17 1
20 20 19 1
20 20 20 1
20 20 21 1
20 21 19 7
20 21 20 7
20 21 21 6
21 19 16 1
21 19 17 2
21 19 18 1
21 20 18 1
21 20 19 1
21 21 20 7
21 21 21 3
21 21 22 2
21 22 20 10
21 22 21 21
21 22 22 5
22 19 16 1
22 20 20 1
22 21 19 2
22 21 20 1
22 22 21 4
22 22 22 6
22 22 23 2
22 23 21 2
22 23 22 35
22 23 23 4
23 23 21 1
23 23 22 7
23 23 23 12
23 23 24 1
23 24 23 31
23 24 24 10
24 23 22 1
24 24 23 9
24 24 24 14
24 24 25 1
24 25 24 32
24 25 25 27
24 26 25 2
24 26 26 1
25 24 23 1
25 24 24 2
25 25 24 1
25 25 25 10
25 25 26 5
25 26 25 23
25 26 26 61
25 26 27 14
25 27 26 1
26 26 25 4
26 26 26 62
26 26 27 14
26 27 26 47
26 27 27 80
26 27 28 9
26 28 28 1
27 27 27 15
27 27 28 13
27 28 27 19
27 28 28 78
27 28 29 6
27 29 28 1
28 28 28 35
28 28 29 6
28 29 28 30
28 29 29 63
29 29 29 12
29 29 30 4
29 30 29 1
29 30 30 18
30 30 30 56
30 30 31 1
30 31 30 4
