32
1 1 0 4
1 1 1 1
1 2 1 20
2 2 1 13
2 2 2 6
2 3 2 24
2 3 3 2
2 4 2 1
3 3 2 12
3 3 3 14
3 4 3 4
4 3 3 1
4 4 3 4
4 4 4 5
4 5 4 3
4 5 5 2
5 4 3 1
5 5 4 3
5 5 5 15
5 6 5 12
5 6 6 3
6 5 3 1
6 5 4 1
6 5 5 1
6 5 6 1
6 6 5 9
6 6 6 6
6 7 6 4
6 7 7 4
7 5 3 1
7 5 4 1
7 6 5 1
7 7 6 7
7 7 7 5
7 8 7 4
7 8 8 5
8 5 3 2
8 6 3 1
8 6 4 2
8 6 5 1
8 7 6 3
8 8 7 1
8 8 8 2
8 8 9 1
8 9 8 2
8 9 9 2
9 6 4 3
9 7 6 1
9 8 7 2
9 8 8 1
9 9 8 1
9 9 9 2
9 9 10 1
9 10 9 1
9 10 10 2
10 6 4 1
10 7 4 1
10 8 7 1
10 9 8 1
10 10 9 2
10 10 10 1
10 10 11 1
10 11 10 2
10 11 11 1
11 8 7 1
11 9 7 1
11 9 8 1
11 11 9 1
11 11 11 1
11 12 11 2
11 12 12 2
12 11 10 1
12 12 11 2
12 12 12 3
12 12 13 1
12 13 12 3
12 13 13 3
13 10 8 1
13 11 10 1
13 13 12 2
13 13 13 2
13 13 14 1
13 14 14 5
14 12 10 1
14 12 11 1
14 13 12 1
14 14 12 1
14 14 13 3
14 14 14 4
14 14 15 1
14 15 14 1
14 15 15 3
15 11 8 1
15 12 8 1
15 12 10 1
15 13 11 1
15 14 13 1
15 14 14 1
15 15 13 1
15 15 14 3
15 15 16 1
15 16 14 1
15 16 15 5
15 16 16 1
16 12 7 1
16 12 8 7
16 13 9 2
16 13 10 2
16 14 13 1
16 16 15 5
16 16 16 1
16 16 17 1
16 17 15 1
16 17 16 3
16 17 17 3
17 13 8 6
17 13 9 12
17 13 10 1
17 14 9 1
17 14 10 1
17 15 15 1
17 16 15 1
17 17 15 1
17 17 16 20
17 17 17 6
17 17 18 2
17 18 17 5
17 18 18 4
17 19 19 1
18 14 9 1
18 14 10 4
18 15 10 2
18 15 11 3
18 17 17 2
18 18 16 1
18 18 17 5
18 18 18 4
18 18 19 2
18 19 18 5
18 19 19 3
18 19 20 1
19 15 11 9
19 16 11 1
19 16 12 8
19 16 13 1
19 16 14 1
19 17 13 2
19 17 14 2
19 18 15 1
19 18 18 1
19 19 18 1
19 19 19 3
19 19 20 5
19 20 18 1
19 20 19 4
19 20 20 7
19 21 21 1
20 16 11 1
20 16 12 6
20 17 14 2
20 18 17 2
20 19 16 1
20 19 17 1
20 19 18 2
20 20 19 2
20 20 20 1
20 20 21 2
20 21 19 6
20 21 20 14
20 21 21 7
21 19 16 1
21 19 17 2
21 19 18 1
21 20 17 1
21 20 18 1
21 20 19 1
21 20 20 1
21 21 20 1
21 21 21 4
21 21 22 1
21 22 20 11
21 22 21 18
21 22 22 6
21 22 23 1
21 23 22 1
21 23 23 1
22 19 17 1
22 19 18 1
22 21 18 1
22 21 19 1
22 22 21 8
22 22 22 12
22 22 23 2
22 23 22 32
22 23 23 7
23 22 20 1
23 23 21 1
23 23 22 2
23 23 23 9
23 23 24 1
23 24 23 23
23 24 24 12
23 25 24 1
24 23 22 1
24 24 23 9
24 24 24 17
24 25 23 1
24 25 24 21
24 25 25 29
24 25 26 1
24 26 27 1
25 24 24 1
25 25 24 3
25 25 25 16
25 25 26 8
25 26 25 13
25 26 26 56
25 26 27 15
25 27 27 2
26 26 24 1
26 26 25 2
26 26 26 70
26 26 27 12
26 27 26 49
26 27 27 72
26 27 28 9
26 28 27 1
26 28 28 4
27 27 27 17
27 27 28 15
27 28 27 16
27 28 28 90
27 28 29 7
27 29 28 1
27 29 29 1
28 28 28 21
28 28 29 5
28 29 28 17
28 29 29 73
29 29 29 8
29 29 30 6
29 30 29 1
29 30 30 17
30 30 30 50
30 30 31 1
30 31 30 1
30 31 31 1
