32
1 1 0 3
1 1 1 2
1 2 1 16
2 2 1 18
2 2 2 12
2 3 2 21
2 3 3 4
2 4 2 1
3 3 2 10
3 3 3 12
3 4 3 7
4 3 3 2
4 4 3 3
4 4 4 6
4 5 4 3
4 5 5 4
5 5 4 7
5 5 5 14
5 5 6 1
5 6 5 12
5 6 6 1
6 5 5 1
6 6 4 1
6 6 5 6
6 6 6 3
6 7 6 8
6 7 7 4
7 5 3 3
7 6 5 2
7 6 6 1
7 7 6 3
7 7 7 4
7 8 7 3
7 8 8 4
7 8 9 1
8 5 3 2
8 6 4 2
8 7 6 3
8 8 6 1
8 8 7 3
8 8 8 4
8 8 9 1
8 9 8 5
8 9 9 4
9 6 4 3
9 7 5 1
9 8 6 1
9 8 7 4
9 9 8 4
9 9 9 4
9 11 10 1
10 6 4 1
10 7 4 2
10 10 8 1
10 10 10 1
10 11 10 2
10 11 11 3
11 9 7 2
11 9 8 1
11 11 10 2
11 12 10 1
11 12 11 1
11 12 12 1
12 9 7 1
12 10 9 1
12 11 9 1
12 12 11 4
12 12 12 2
12 12 13 2
12 13 12 1
12 13 13 3
13 10 9 1
13 11 10 1
13 12 10 1
13 13 12 2
13 13 13 3
13 14 14 3
14 11 10 1
14 12 10 1
14 13 11 1
14 14 13 4
14 14 14 3
14 14 15 1
14 15 15 2
15 11 7 1
15 11 8 1
15 12 8 1
15 14 13 1
15 15 14 8
15 15 15 2
15 15 16 1
15 16 15 2
15 16 16 1
15 16 17 1
15 17 16 1
16 12 7 1
16 12 8 6
16 13 9 1
16 13 10 2
16 13 11 1
16 16 15 4
16 16 16 2
16 16 17 1
16 17 15 1
16 17 16 4
16 17 17 1
16 18 18 1
17 13 8 6
17 13 9 12
17 13 10 1
17 14 10 1
17 15 15 1
17 16 16 1
17 17 15 1
17 17 16 20
17 17 17 7
17 17 18 2
17 18 16 1
17 18 17 9
17 18 18 2
18 14 9 2
18 14 10 6
18 15 10 1
18 15 11 2
18 17 16 1
18 17 17 2
18 18 17 6
18 18 18 3
18 18 19 1
18 19 17 1
18 19 18 3
18 19 19 3
18 20 19 1
19 15 10 1
19 15 11 6
19 15 12 1
19 16 11 3
19 16 12 6
19 16 13 4
19 17 14 2
19 17 15 1
19 17 17 1
19 19 18 4
19 19 19 1
19 20 18 1
19 20 19 4
19 20 20 11
20 15 11 1
20 16 12 4
20 17 14 2
20 17 15 1
20 18 15 1
20 18 17 1
20 19 17 1
20 20 19 2
20 20 20 2
20 20 21 1
20 21 19 9
20 21 20 12
20 21 21 5
20 22 21 1
21 17 14 1
21 19 17 5
21 19 18 1
21 20 17 1
21 20 19 1
21 21 20 3
21 21 21 2
21 21 22 1
21 22 20 14
21 22 21 19
21 22 22 9
22 19 16 1
22 21 18 1
22 21 20 2
22 22 20 2
22 22 21 8
22 22 22 10
22 22 23 2
22 23 21 1
22 23 22 29
22 23 23 4
23 22 21 1
23 23 22 4
23 23 23 9
23 24 23 30
23 24 24 9
24 22 22 1
24 23 22 1
24 23 23 1
24 24 23 7
24 24 24 14
24 25 24 36
24 25 25 24
24 26 25 2
24 26 26 2
25 25 24 6
25 25 25 16
25 25 26 3
25 26 25 15
25 26 26 56
25 26 27 18
25 27 27 1
26 26 25 3
26 26 26 60
26 26 27 13
26 27 26 56
26 27 27 78
26 27 28 7
26 28 27 6
26 28 28 2
27 27 26 1
27 27 27 13
27 27 28 12
27 28 27 23
27 28 28 69
27 28 29 2
27 29 29 1
28 28 28 32
28 28 29 9
28 29 28 31
28 29 29 72
29 29 29 13
29 29 30 4
29 30 29 1
29 30 30 15
30 30 30 56
30 30 31 2
30 31 30 3
