32
0 1 0 1
1 1 0 2
1 1 1 3
1 2 1 20
2 2 1 15
2 2 2 5
2 3 2 15
2 3 3 4
3 3 2 10
3 3 3 13
3 4 3 9
4 3 3 2
4 4 3 6
4 4 4 6
4 5 4 2
4 6 6 1
5 4 4 1
5 5 4 5
5 5 5 3
5 6 5 5
5 6 6 3
6 5 3 1
6 5 4 1
6 6 5 7
6 6 6 2
6 7 5 1
6 7 6 7
6 7 7 2
7 5 3 2
7 5 4 1
7 6 5 1
7 6 6 1
7 7 6 7
7 7 7 4
7 8 8 2
7 9 9 1
8 5 3 1
8 6 3 1
8 6 4 3
8 7 5 1
8 7 6 1
8 7 7 1
8 8 6 1
8 8 7 3
8 8 8 4
8 9 8 3
8 9 9 3
9 6 4 2
9 7 5 2
9 8 7 2
9 9 7 1
9 9 8 5
9 9 9 4
9 10 9 3
9 10 10 2
10 7 4 1
10 8 7 1
10 9 8 1
10 10 9 3
10 10 10 2
10 11 11 1
11 8 6 1
11 8 7 1
11 9 8 1
11 10 8 1
11 11 10 3
11 11 12 1
11 12 11 1
11 12 12 1
12 10 8 2
12 11 9 1
12 11 10 1
12 12 11 3
12 12 12 2
12 12 13 1
12 13 12 1
12 13 13 3
13 11 9 1
13 12 11 1
13 13 12 2
13 13 13 5
13 14 13 1
14 13 12 1
14 14 13 4
14 14 14 1
14 14 15 1
14 15 13 1
14 15 14 1
14 15 15 4
15 11 7 1
15 12 8 1
15 12 11 1
15 13 11 1
15 13 12 1
15 14 13 2
15 15 14 4
15 15 15 2
15 16 15 3
15 16 16 2
15 17 15 1
16 12 7 2
16 12 8 6
16 13 8 2
16 13 10 3
16 16 15 5
16 16 16 1
16 17 15 3
16 17 16 4
16 17 17 7
16 18 17 1
17 12 8 1
17 13 8 4
17 13 9 11
17 14 9 2
17 14 10 1
17 16 15 1
17 17 16 24
17 17 17 4
17 17 18 2
17 18 17 4
17 18 18 9
17 19 18 1
18 14 10 7
18 14 11 1
18 15 11 1
18 17 16 1
18 17 17 2
18 18 17 3
18 18 18 2
18 18 19 1
18 19 18 5
18 19 19 4
18 20 20 1
19 15 10 1
19 15 11 9
19 15 12 1
19 16 11 2
19 16 12 7
19 16 13 1
19 17 14 1
19 17 15 1
19 18 15 1
19 18 18 2
19 19 18 4
19 19 19 1
19 20 19 4
19 20 20 6
19 20 21 1
19 21 21 1
20 16 11 1
20 16 12 4
20 17 13 2
20 17 14 2
20 18 15 1
20 18 16 1
20 18 17 1
20 19 17 1
20 19 18 1
20 20 19 1
20 20 20 2
20 20 21 2
20 21 19 1
20 21 20 10
20 21 21 6
20 22 21 1
20 22 22 1
21 18 16 1
21 19 16 2
21 19 17 3
21 19 19 1
21 20 19 1
21 21 18 2
21 21 19 1
21 21 20 3
21 21 21 2
21 21 22 1
21 22 20 4
21 22 21 12
21 22 22 4
21 23 22 1
22 21 18 1
22 21 19 1
22 22 21 7
22 22 22 10
22 22 23 2
22 23 21 1
22 23 22 31
22 23 23 5
23 22 20 1
23 22 21 1
23 23 22 2
23 23 23 13
23 23 24 2
23 24 22 1
23 24 23 27
23 24 24 10
24 23 22 1
24 23 23 1
24 24 23 9
24 24 24 12
24 24 25 1
24 25 24 42
24 25 25 19
24 26 25 4
24 26 26 1
25 24 23 1
25 24 24 1
25 25 24 2
25 25 25 15
25 25 26 5
25 26 24 1
25 26 25 17
25 26 26 56
25 26 27 17
25 27 26 1
25 27 27 2
26 26 25 3
26 26 26 63
26 26 27 8
26 27 26 54
26 27 27 66
26 27 28 12
26 28 27 4
26 28 28 1
27 27 27 17
27 27 28 12
27 28 27 19
27 28 28 74
27 28 29 3
27 29 28 2
27 29 29 3
28 28 28 36
28 28 29 5
28 29 28 35
28 29 29 66
29 29 29 12
29 29 30 4
29 30 29 1
29 30 30 19
30 30 30 82
30 31 31 1
