32
1 1 0 4
1 1 1 1
1 2 1 22
2 2 1 14
2 2 2 10
2 3 2 18
2 3 3 8
3 3 2 10
3 3 3 12
3 4 3 6
4 3 3 1
4 4 3 3
4 4 4 6
4 5 4 4
4 5 5 2
5 4 3 2
5 4 4 1
5 5 4 12
5 5 5 4
5 6 5 6
5 6 6 1
6 5 3 1
6 5 4 1
6 6 4 1
6 6 5 7
6 6 6 4
6 7 6 5
6 7 7 3
7 4 3 1
7 5 3 1
7 6 5 2
7 7 6 6
7 7 7 8
7 8 8 2
8 5 3 2
8 5 4 1
8 6 4 1
8 6 5 1
8 7 6 4
8 8 6 1
8 8 7 2
8 8 8 3
8 8 9 2
8 9 8 3
9 6 4 4
9 7 4 1
9 7 5 2
9 8 7 3
9 9 8 3
9 9 9 4
9 10 9 4
9 10 10 3
10 6 4 1
10 7 4 1
10 8 6 4
10 9 8 1
10 11 10 1
10 11 11 2
11 9 7 2
11 9 8 1
11 11 10 2
11 11 11 1
11 12 12 2
12 10 8 2
12 10 9 1
12 11 10 1
12 12 10 1
12 12 11 2
12 12 12 3
12 12 13 1
13 10 7 1
13 12 11 1
13 13 12 3
13 13 13 2
13 13 14 2
13 14 13 1
14 11 7 1
14 11 8 1
14 11 9 1
14 13 11 2
14 13 13 1
14 14 12 1
14 14 13 3
14 14 14 2
14 15 14 3
14 15 15 3
15 11 7 1
15 12 8 2
15 14 12 1
15 15 13 2
15 15 14 3
15 15 15 2
15 16 15 4
15 16 16 1
16 12 7 1
16 12 8 7
16 13 10 2
16 13 11 1
16 14 13 1
16 15 14 1
16 16 15 6
16 16 16 1
16 16 17 2
16 17 15 1
16 17 16 3
16 17 17 1
16 17 18 1
17 13 8 7
17 13 9 8
17 13 10 1
17 14 10 5
17 16 15 2
17 17 15 2
17 17 16 21
17 17 17 4
17 18 16 2
17 18 17 5
17 18 18 6
17 19 19 2
18 14 9 1
18 14 10 6
18 15 12 2
18 15 13 1
18 17 17 2
18 18 17 7
18 19 18 4
18 19 19 2
18 20 20 1
19 15 10 1
19 15 11 9
19 16 11 3
19 16 12 7
19 16 13 2
19 17 13 1
19 17 14 1
19 18 15 1
19 18 17 2
19 19 18 1
19 19 19 2
19 19 20 1
19 20 18 1
19 20 19 7
19 20 20 6
19 20 21 1
19 21 20 2
19 21 21 2
20 16 12 5
20 17 13 1
20 17 14 2
20 18 16 2
20 19 16 1
20 19 17 3
20 19 19 1
20 20 19 1
20 20 20 2
20 21 19 5
20 21 20 13
20 21 21 6
20 22 22 2
21 18 17 1
21 19 16 1
21 19 17 3
21 20 18 1
21 20 19 1
21 20 20 1
21 21 20 3
21 21 21 3
21 21 22 1
21 22 20 14
21 22 21 16
21 22 22 7
21 22 23 1
22 19 16 1
22 20 18 1
22 21 19 1
22 21 20 1
22 22 20 2
22 22 21 5
22 22 22 8
22 22 23 2
22 23 21 1
22 23 22 32
22 23 23 2
22 24 23 1
23 22 20 1
23 23 22 5
23 23 23 11
23 24 23 30
23 24 24 6
24 23 22 1
24 23 23 1
24 24 23 10
24 24 24 12
24 25 24 29
24 25 25 22
24 26 25 3
24 26 26 1
25 25 24 3
25 25 25 17
25 25 26 6
25 26 24 1
25 26 25 20
25 26 26 47
25 27 26 1
26 26 25 2
26 26 26 69
26 26 27 7
26 27 26 46
26 27 27 73
26 27 28 3
26 28 28 2
27 27 27 14
27 27 28 8
27 28 27 14
27 28 28 53
27 28 29 5
27 29 28 4
27 29 29 1
28 28 28 21
28 28 29 7
28 29 28 28
28 29 29 52
29 29 29 10
29 29 30 2
29 30 30 18
30 30 30 82
30 30 31 1
30 31 30 2
30 31 31 1
