32
1 1 0 4
1 1 1 3
1 2 1 18
2 2 1 15
2 2 2 8
2 3 2 21
2 3 3 2
3 3 2 11
3 3 3 13
3 4 3 6
4 3 3 1
4 4 3 4
4 4 4 7
4 5 4 4
5 4 3 2
5 5 4 3
5 5 5 10
5 6 5 18
6 5 3 1
6 5 4 1
6 6 4 1
6 6 5 7
6 6 6 4
6 7 5 1
6 7 6 6
6 7 7 6
7 5 3 1
7 6 4 1
7 7 6 3
7 7 7 5
7 8 7 4
7 8 8 2
8 5 3 3
8 6 3 1
8 6 4 3
8 6 5 1
8 7 6 2
8 8 7 3
8 8 8 5
8 9 8 5
8 9 9 1
9 6 4 3
9 7 5 1
9 8 7 1
9 9 8 3
9 9 9 4
9 10 10 2
10 7 4 2
10 8 6 2
10 8 7 2
10 10 9 3
10 10 10 2
10 11 10 2
10 11 11 3
11 9 7 2
11 9 8 1
11 11 10 1
11 11 11 1
11 12 11 2
12 10 8 1
12 11 9 1
12 12 11 4
12 12 12 2
12 13 13 4
13 11 9 1
13 13 12 3
13 13 13 2
13 13 14 2
13 14 13 2
13 14 14 1
14 11 10 1
14 12 11 1
14 13 12 1
14 14 13 4
14 14 14 4
14 14 15 2
14 15 14 1
14 15 15 2
15 11 7 1
15 11 8 1
15 12 8 1
15 13 11 1
15 13 12 1
15 14 13 1
15 15 13 1
15 15 14 5
15 15 15 1
15 16 15 2
15 16 16 5
16 12 7 1
16 12 8 7
16 13 9 2
16 13 10 1
16 15 15 1
16 16 15 5
16 16 16 3
16 16 17 1
16 17 16 2
16 17 17 7
17 13 8 6
17 13 9 13
17 14 10 1
17 15 14 1
17 16 15 1
17 17 15 1
17 17 16 21
17 17 17 9
17 17 18 2
17 18 17 5
17 18 18 5
17 19 19 1
18 14 9 2
18 14 10 4
18 15 10 1
18 15 11 1
18 15 12 1
18 15 13 1
18 16 16 1
18 17 16 1
18 18 17 8
18 18 18 1
18 18 19 3
18 19 18 10
18 19 19 5
18 20 19 1
19 15 11 11
19 15 12 1
19 16 11 2
19 16 12 5
19 16 13 2
19 17 14 2
19 17 15 1
19 18 15 1
19 18 17 3
19 19 18 2
19 20 19 7
19 20 20 5
19 21 21 1
20 16 12 4
20 17 13 1
20 17 14 2
20 17 15 1
20 18 16 2
20 19 17 1
20 19 19 1
20 20 19 1
20 20 20 1
20 20 21 2
20 21 19 8
20 21 20 16
20 21 21 5
20 22 22 1
21 19 16 2
21 19 17 3
21 20 18 1
21 20 19 1
21 21 20 4
21 21 21 3
21 21 22 1
21 22 20 8
21 22 21 17
21 22 22 7
21 22 23 1
21 23 22 1
22 20 18 1
22 21 19 1
22 21 20 1
22 22 20 3
22 22 21 5
22 22 22 15
22 22 23 1
22 23 22 30
22 23 23 6
22 24 23 1
23 23 22 4
23 23 23 7
23 23 24 2
23 24 22 1
23 24 23 27
23 24 24 9
23 25 24 1
24 23 22 1
24 23 23 2
24 23 24 1
24 24 23 8
24 24 24 11
24 24 25 1
24 25 24 31
24 25 25 26
24 25 26 2
24 26 25 4
25 24 24 3
25 25 24 3
25 25 25 15
25 25 26 3
25 26 25 13
25 26 26 64
25 26 27 17
25 27 27 3
26 25 25 1
26 26 25 3
26 26 26 62
26 26 27 15
26 27 26 57
26 27 27 58
26 27 28 8
26 28 27 2
26 28 28 4
27 27 27 14
27 27 28 13
27 28 27 20
27 28 28 105
27 28 29 3
27 29 28 1
27 29 29 1
28 28 27 1
28 28 28 22
28 28 29 7
28 29 28 16
28 29 29 61
28 29 30 1
29 29 29 2
29 29 30 5
29 30 30 19
29 30 31 1
30 30 30 52
30 30 31 2
30 31 30 2
30 31 31 1
