32
1 1 0 3
1 2 1 9
2 2 1 29
2 2 2 10
2 3 1 4
2 3 2 14
2 3 3 1
3 3 2 17
3 3 3 6
3 4 3 5
3 4 4 2
3 4 5 1
4 4 3 2
4 4 4 20
4 4 5 1
4 5 4 7
4 5 5 8
4 5 6 1
5 5 3 2
5 5 4 5
5 5 5 5
5 5 6 4
5 6 5 1
5 6 6 5
5 6 7 1
6 6 4 1
6 6 5 1
6 6 6 1
6 6 7 1
6 7 7 4
6 7 8 1
7 6 4 1
7 7 5 1
7 7 6 1
7 7 7 1
7 8 6 1
7 8 8 3
7 8 9 1
8 7 4 2
8 7 5 2
8 8 5 1
8 8 6 1
8 8 7 3
8 8 8 2
8 9 7 1
8 9 9 2
8 9 10 1
9 9 7 2
9 9 8 1
9 9 9 2
9 10 10 2
9 10 11 3
10 9 6 4
10 9 7 2
10 9 8 2
10 9 10 1
10 10 10 1
10 10 11 2
10 11 10 1
10 11 12 2
10 13 13 1
11 10 7 1
11 10 8 3
11 10 9 2
11 11 11 1
11 11 12 1
11 12 12 2
11 12 13 1
11 13 13 1
12 9 7 1
12 10 7 2
12 11 8 2
12 11 9 2
12 12 13 1
12 13 12 2
12 13 13 3
12 13 14 3
12 14 14 1
13 11 7 1
13 11 8 1
13 12 9 3
13 12 10 2
13 13 13 1
13 13 15 1
13 14 14 4
13 14 15 3
13 15 15 2
13 15 16 1
14 10 5 1
14 11 6 1
14 11 8 1
14 12 8 1
14 13 10 1
14 13 12 1
14 14 11 1
14 15 15 2
14 15 16 5
14 16 16 3
14 16 17 2
15 11 5 1
15 11 6 1
15 11 7 1
15 12 7 1
15 12 9 1
15 15 13 1
15 16 16 1
15 16 17 6
15 17 17 5
16 11 5 1
16 12 6 1
16 12 7 5
16 12 8 8
16 13 7 1
16 13 8 6
16 13 9 2
16 13 10 1
16 16 15 2
16 16 16 1
16 17 17 4
16 17 18 3
16 18 17 1
16 18 18 4
16 18 19 3
17 12 7 4
17 13 7 5
17 13 8 4
17 13 9 10
17 13 10 3
17 14 9 2
17 14 10 13
17 14 11 7
17 14 12 1
17 15 12 1
17 15 14 1
17 16 13 1
17 16 15 2
17 17 19 1
17 18 17 3
17 18 18 8
17 18 19 5
17 19 18 10
17 19 19 3
17 19 20 6
18 13 6 2
18 14 10 1
18 15 10 1
18 15 11 1
18 15 12 1
18 15 13 1
18 16 13 1
18 16 14 1
18 17 15 1
18 17 16 2
18 18 18 2
18 18 19 1
18 19 18 9
18 19 19 8
18 19 20 6
18 19 21 2
18 20 19 4
18 20 20 13
18 20 21 5
18 21 21 1
19 13 7 1
19 14 6 1
19 14 7 2
19 16 13 1
19 17 13 1
19 17 15 1
19 18 16 1
19 19 18 1
19 19 20 1
19 20 19 3
19 20 20 9
19 20 21 5
19 21 20 2
19 21 21 18
19 21 22 6
19 22 22 5
20 14 7 2
20 15 8 1
20 16 9 1
20 17 14 1
20 18 15 1
20 18 16 1
20 19 16 1
20 19 17 2
20 20 19 1
20 20 20 2
20 20 21 1
20 21 20 1
20 21 21 4
20 21 22 8
20 22 22 15
20 22 23 6
20 23 23 1
21 16 10 1
21 18 15 1
21 19 15 1
21 19 17 2
21 19 18 1
21 20 17 3
21 20 18 1
21 21 21 3
21 22 22 3
21 22 23 9
21 22 24 1
21 23 23 5
21 23 24 6
21 24 25 2
22 19 14 1
22 19 15 1
22 20 18 1
22 21 17 1
22 21 18 2
22 22 20 2
22 22 21 1
22 22 22 6
22 22 23 2
22 23 23 4
22 23 24 12
22 23 25 1
22 24 24 3
22 24 25 2
22 25 26 2
23 21 20 1
23 22 19 1
23 22 20 3
23 22 21 2
23 23 21 1
23 23 23 2
23 23 24 3
23 24 24 8
23 24 25 8
23 24 26 9
23 25 25 3
23 25 26 9
23 26 27 1
24 22 17 1
24 22 20 1
24 22 21 2
24 23 19 1
24 23 22 1
24 24 22 1
24 24 23 2
24 24 24 2
24 24 25 1
24 25 24 1
24 25 25 17
24 25 26 30
24 25 27 7
24 26 26 12
24 26 27 17
24 26 28 3
25 23 19 1
25 23 21 2
25 24 19 1
25 24 21 1
25 24 22 1
25 25 23 1
25 25 24 9
25 25 25 12
25 25 26 13
25 26 25 2
25 26 26 30
25 26 27 38
25 26 28 29
25 27 27 12
25 27 28 25
25 27 29 5
26 24 21 1
26 25 22 2
26 26 24 1
26 26 25 7
26 26 26 45
26 26 27 21
26 26 28 1
26 27 26 48
26 27 27 53
26 27 28 75
26 27 29 5
26 28 28 14
26 28 29 9
26 28 30 5
27 26 21 2
27 26 22 2
27 26 24 1
27 27 26 13
27 27 27 9
27 27 28 20
27 27 29 1
27 28 28 8
27 28 29 5
27 29 29 2
27 29 30 7
28 26 23 2
28 27 23 2
28 27 25 2
28 28 27 1
28 28 28 1
28 29 28 1
28 29 30 3
29 27 23 21
29 27 24 6
29 28 24 1
29 30 30 10
30 30 30 9
30 30 31 1
30 31 30 4
30 31 31 1
