32
0 1 0 1
1 1 0 3
1 1 1 2
1 2 1 17
2 2 1 14
2 2 2 4
2 3 2 20
2 3 3 2
2 4 4 1
3 3 2 9
3 3 3 14
3 4 3 7
3 4 4 1
4 3 3 1
4 4 3 8
4 4 4 5
4 5 4 3
4 5 5 2
5 5 4 5
5 5 5 13
5 5 6 1
5 6 5 13
5 6 6 1
6 5 3 1
6 5 4 1
6 6 5 8
6 6 6 4
6 7 6 8
6 7 7 4
7 5 3 2
7 6 5 3
7 7 5 2
7 7 6 4
7 7 7 8
7 7 8 1
7 8 7 1
8 5 3 2
8 6 4 3
8 6 5 1
8 7 6 2
8 7 8 1
8 8 6 1
8 8 7 2
8 8 8 8
8 8 9 2
8 9 8 1
8 9 9 2
9 6 4 3
9 7 5 1
9 8 6 1
9 8 7 3
9 8 9 1
9 9 8 2
9 9 9 1
9 10 9 2
9 10 10 2
10 7 4 1
10 8 6 1
10 9 8 1
10 10 9 2
10 10 10 3
11 9 7 1
11 9 8 1
11 10 9 1
11 11 10 2
11 11 11 2
11 11 12 1
11 12 11 2
11 12 12 1
12 10 8 1
12 10 9 2
12 12 10 1
12 12 11 2
12 12 12 2
12 13 12 3
12 13 13 1
13 13 12 2
13 13 13 6
13 14 13 1
13 14 14 1
14 12 11 1
14 13 11 1
14 13 12 2
14 14 13 5
14 14 14 1
14 15 14 1
14 15 15 4
14 16 15 1
15 12 7 1
15 12 8 1
15 14 13 1
15 15 13 1
15 15 14 4
15 15 15 2
15 15 16 1
15 16 15 2
15 16 16 2
16 12 8 6
16 13 8 1
16 13 9 2
16 13 10 1
16 14 13 1
16 15 14 1
16 15 15 1
16 16 15 4
16 16 16 1
16 17 15 1
16 17 16 3
16 17 17 2
17 12 8 1
17 13 8 5
17 13 9 10
17 13 10 1
17 14 10 2
17 14 11 1
17 17 15 2
17 17 16 22
17 17 17 6
17 17 18 1
17 18 16 1
17 18 17 7
17 18 18 1
17 19 19 1
18 13 9 1
18 14 10 6
18 14 11 1
18 15 10 1
18 15 13 1
18 17 16 1
18 18 17 6
18 19 17 2
18 19 18 6
18 19 19 7
19 15 11 10
19 16 11 3
19 16 12 8
19 16 13 1
19 17 14 1
19 17 15 2
19 18 17 3
19 19 18 2
19 19 19 1
19 19 20 1
19 20 19 6
19 20 20 9
19 21 21 1
20 16 12 3
20 16 13 1
20 17 14 3
20 17 15 1
20 18 17 2
20 19 17 1
20 20 19 2
20 20 21 1
20 21 19 8
20 21 20 17
20 21 21 5
21 19 16 1
21 19 17 2
21 20 17 1
21 20 19 1
21 21 19 1
21 21 20 2
21 21 21 4
21 21 22 2
21 22 20 11
21 22 21 17
21 22 22 7
21 22 23 1
21 23 22 1
22 19 17 1
22 20 18 1
22 21 19 1
22 21 20 1
22 22 21 8
22 22 22 13
22 22 23 1
22 23 22 30
22 23 23 6
22 23 24 1
23 22 20 1
23 23 22 2
23 23 23 8
23 23 24 2
23 24 23 27
23 24 24 10
24 23 22 1
24 23 23 1
24 24 23 9
24 24 24 11
24 25 24 31
24 25 25 24
24 25 26 1
24 26 25 3
24 26 26 1
25 24 23 1
25 25 24 5
25 25 25 19
25 25 26 3
25 26 25 13
25 26 26 62
25 26 27 19
25 27 27 5
26 25 25 1
26 26 25 2
26 26 26 70
26 26 27 12
26 27 26 51
26 27 27 73
26 27 28 10
26 28 28 3
27 27 27 15
27 27 28 13
27 28 27 14
27 28 28 97
27 28 29 4
27 29 28 3
27 29 29 3
28 28 28 22
28 28 29 5
28 29 28 15
28 29 29 54
29 29 29 4
29 29 30 4
29 30 29 1
29 30 30 17
30 30 30 51
30 30 31 1
30 31 30 2
