32
1 1 0 3
1 1 1 1
1 2 1 20
2 2 1 16
2 2 2 9
2 3 2 17
2 3 3 3
3 3 2 12
3 3 3 17
3 4 3 6
4 3 3 2
4 4 3 3
4 4 4 8
4 5 4 4
4 5 5 1
5 4 3 3
5 4 4 1
5 5 4 3
5 5 5 5
5 6 5 9
5 6 6 2
6 5 4 1
6 5 5 1
6 5 6 1
6 6 4 1
6 6 5 9
6 6 6 5
6 7 6 6
6 7 7 3
7 5 3 2
7 5 4 1
7 6 5 2
7 7 6 4
7 7 7 6
7 8 7 3
7 8 8 4
8 5 3 3
8 6 3 1
8 6 4 2
8 7 6 1
8 8 6 2
8 8 7 4
8 8 8 4
8 8 9 1
8 9 8 1
8 9 9 3
8 10 9 1
9 6 4 2
9 7 5 3
9 8 6 1
9 8 7 2
9 8 8 1
9 9 8 1
9 9 9 4
9 10 9 1
10 6 4 1
10 7 4 1
10 7 5 1
10 8 6 1
10 9 8 2
10 10 10 3
10 10 11 1
10 11 10 1
10 11 11 1
11 8 7 1
11 9 7 2
11 11 10 4
11 12 11 2
11 12 12 3
12 10 8 1
12 11 9 1
12 12 11 2
12 12 12 2
12 12 13 1
12 13 12 1
12 13 13 2
13 11 10 2
13 12 11 1
13 12 12 1
13 13 12 3
13 13 13 4
13 14 13 2
13 14 14 2
14 11 9 1
14 13 11 1
14 14 12 1
14 14 13 3
14 14 14 3
14 15 14 1
14 15 15 2
15 11 7 2
15 13 11 2
15 13 12 2
15 15 13 2
15 15 14 4
15 15 15 2
15 16 15 3
15 16 16 1
15 17 17 1
16 12 8 8
16 13 8 1
16 13 9 2
16 13 10 1
16 15 14 1
16 15 15 1
16 16 15 7
16 16 16 1
16 17 16 4
16 17 17 6
17 13 8 5
17 13 9 15
17 14 10 2
17 14 11 1
17 16 15 1
17 17 15 1
17 17 16 17
17 17 17 3
17 18 16 1
17 18 17 7
17 18 18 4
18 14 10 6
18 14 11 1
18 15 10 1
18 17 17 1
18 18 17 7
18 18 18 1
18 18 19 2
18 19 18 6
18 19 19 1
19 15 10 1
19 15 11 9
19 16 11 2
19 16 12 8
19 16 14 1
19 17 13 1
19 17 15 1
19 18 15 1
19 18 17 2
19 18 18 1
19 19 18 5
19 19 19 2
19 19 20 1
19 20 18 2
19 20 19 3
19 20 20 10
19 20 21 1
20 16 11 1
20 16 12 4
20 17 14 4
20 18 17 2
20 20 17 1
20 20 19 1
20 20 20 1
20 20 21 2
20 21 19 9
20 21 20 15
20 21 21 4
20 22 21 1
20 22 22 2
21 18 16 1
21 19 16 1
21 19 17 2
21 19 18 1
21 19 19 1
21 20 18 1
21 20 19 2
21 21 19 1
21 21 20 4
21 21 21 2
21 21 22 2
21 22 20 11
21 22 21 15
21 22 22 5
21 22 23 1
22 20 19 2
22 21 19 2
22 21 20 1
22 22 21 8
22 22 22 9
22 22 23 1
22 23 22 35
22 23 23 4
23 21 20 1
23 22 20 1
23 22 22 1
23 23 22 4
23 23 23 7
23 24 22 1
23 24 23 27
23 24 24 16
23 25 24 1
24 23 22 1
24 23 23 1
24 24 23 7
24 24 24 16
24 24 25 3
24 25 24 24
24 25 25 27
24 26 25 2
24 26 26 1
25 24 23 1
25 25 24 5
25 25 25 17
25 25 26 8
25 26 24 1
25 26 25 14
25 26 26 54
25 26 27 21
25 27 26 1
25 27 27 2
26 26 25 1
26 26 26 67
26 26 27 13
26 27 26 48
26 27 27 80
26 27 28 10
26 28 27 1
26 28 28 3
27 27 26 1
27 27 27 16
27 27 28 12
27 28 27 15
27 28 28 91
27 28 29 5
27 29 28 4
27 29 29 2
28 28 28 22
28 28 29 8
28 29 28 20
28 29 29 63
29 29 29 7
29 29 30 7
29 30 29 1
29 30 30 16
30 30 30 67
30 30 31 1
30 31 30 1
30 31 31 1
