32
1 1 0 3
1 1 1 3
1 2 1 21
2 2 1 18
2 2 2 6
2 3 2 19
2 3 3 5
3 3 2 11
3 3 3 19
3 4 3 8
4 3 3 3
4 4 3 6
4 4 4 8
4 4 5 1
4 5 4 4
5 5 4 8
5 5 5 16
5 6 5 10
6 5 3 1
6 6 4 1
6 6 5 8
6 6 6 9
6 7 6 3
6 7 7 2
6 8 7 1
7 5 3 1
7 5 4 1
7 7 6 8
7 7 7 8
7 7 8 1
7 8 7 3
7 8 8 4
8 5 3 4
8 6 4 2
8 7 6 5
8 8 6 1
8 8 7 5
8 8 8 5
8 8 9 2
8 9 8 1
8 9 9 2
9 6 4 3
9 7 5 2
9 8 6 1
9 8 7 1
9 9 8 1
9 9 9 3
9 9 10 1
9 10 9 1
9 10 10 1
10 6 4 1
10 8 6 2
10 8 7 2
10 10 8 1
10 10 10 3
10 10 11 1
10 11 10 1
10 11 11 4
11 8 7 1
11 9 7 2
11 9 8 1
11 10 8 1
11 10 11 1
11 11 9 1
11 11 10 3
11 12 11 1
11 12 12 1
12 10 7 1
12 10 9 1
12 11 10 1
12 12 11 2
12 12 12 2
12 12 13 1
12 13 12 1
12 13 13 1
13 12 12 1
13 13 11 1
13 13 12 2
13 13 13 5
13 14 13 1
14 12 10 1
14 13 11 2
14 14 13 5
14 14 14 1
14 14 15 1
14 15 15 4
14 16 15 1
15 11 7 1
15 11 8 1
15 12 8 1
15 12 11 1
15 14 14 1
15 15 13 1
15 15 14 4
15 15 15 3
15 16 15 3
15 16 16 1
16 12 7 1
16 12 8 7
16 13 8 1
16 13 9 1
16 13 10 1
16 13 11 1
16 14 13 1
16 15 14 2
16 16 15 8
16 16 16 3
16 17 16 6
16 17 17 2
17 12 8 1
17 13 8 5
17 13 9 13
17 14 9 1
17 14 10 1
17 14 11 1
17 14 12 1
17 17 15 2
17 17 16 21
17 17 17 6
17 17 18 1
17 18 17 1
17 18 18 3
17 19 19 1
18 14 9 1
18 14 10 7
18 14 11 2
18 15 10 1
18 15 11 1
18 17 16 1
18 17 17 3
18 18 17 6
18 18 18 2
18 18 19 1
18 19 18 4
18 19 19 5
18 20 19 1
19 15 11 9
19 16 11 4
19 16 12 6
19 16 13 2
19 17 14 2
19 18 17 1
19 19 18 2
19 19 19 3
19 20 19 5
19 20 20 13
20 16 11 1
20 16 12 5
20 17 14 2
20 18 16 1
20 18 17 1
20 19 17 2
20 20 19 1
20 21 19 8
20 21 20 12
20 21 21 5
21 17 15 1
21 19 16 2
21 19 17 3
21 19 18 1
21 19 19 1
21 20 18 1
21 21 20 3
21 21 21 4
21 21 22 1
21 22 20 14
21 22 21 15
21 22 22 9
21 23 22 1
22 20 18 1
22 21 20 1
22 22 20 1
22 22 21 8
22 22 22 6
22 22 23 3
22 23 21 1
22 23 22 36
22 23 23 4
23 22 20 1
23 23 21 1
23 23 22 4
23 23 23 8
23 23 24 1
23 24 23 33
23 24 24 6
24 23 22 1
24 23 23 1
24 24 23 5
24 24 24 14
24 25 24 35
24 25 25 29
24 25 26 1
24 26 26 1
25 24 24 1
25 25 24 5
25 25 25 12
25 25 26 5
25 26 25 21
25 26 26 55
25 26 27 17
25 27 26 1
26 25 26 1
26 26 25 2
26 26 26 67
26 26 27 10
26 27 26 53
26 27 27 77
26 27 28 9
26 28 27 2
26 28 28 2
27 27 27 18
27 27 28 14
27 28 27 15
27 28 28 76
27 28 29 4
27 29 28 4
27 29 29 1
28 28 28 31
28 28 29 7
28 29 28 32
28 29 29 58
29 29 29 10
29 29 30 6
29 30 29 1
29 30 30 16
30 30 30 56
30 31 30 3
