32
1 1 0 4
1 1 1 2
1 2 1 17
2 2 1 13
2 2 2 9
2 3 2 15
2 3 3 4
3 3 2 16
3 3 3 12
3 4 3 2
3 4 4 1
4 3 3 2
4 4 3 7
4 4 4 5
4 5 4 6
4 5 5 1
5 5 4 5
5 5 5 15
5 6 4 1
5 6 5 11
5 6 6 1
6 5 4 1
6 6 4 1
6 6 5 3
6 6 6 7
6 7 6 5
6 7 7 2
7 5 3 2
7 5 4 1
7 7 6 6
7 7 7 6
7 7 8 1
7 8 7 3
7 8 8 4
8 5 3 3
8 6 3 1
8 6 4 1
8 6 5 1
8 7 6 2
8 7 8 1
8 8 7 5
8 8 8 5
8 8 9 1
8 9 8 3
8 9 9 3
9 6 4 5
9 7 4 2
9 7 6 1
9 8 7 1
9 9 8 1
9 9 9 7
9 10 10 2
10 6 4 1
10 7 4 1
10 8 6 1
10 8 7 1
10 9 7 1
10 10 9 2
10 10 11 1
10 11 10 2
11 9 7 3
11 10 9 2
11 11 10 3
11 11 11 1
11 12 11 2
11 12 12 1
12 9 7 1
12 10 8 1
12 10 9 1
12 12 10 1
12 12 11 1
12 12 12 4
12 12 13 2
12 13 12 1
12 13 13 2
13 11 9 1
13 11 10 1
13 13 12 2
13 13 13 2
13 13 14 1
13 14 13 3
13 14 14 2
14 12 10 2
14 13 12 1
14 14 13 3
14 14 14 1
14 15 14 1
14 15 15 2
14 16 16 1
15 11 8 1
15 12 8 1
15 12 9 1
15 12 10 1
15 14 13 1
15 14 14 1
15 15 13 1
15 15 14 4
15 15 15 2
15 16 15 2
15 16 16 1
16 12 7 2
16 12 8 7
16 12 9 1
16 15 14 1
16 16 15 6
16 16 16 3
16 17 15 1
16 17 16 4
16 17 17 4
17 12 8 1
17 13 8 7
17 13 9 9
17 14 9 2
17 14 10 2
17 16 15 1
17 17 16 23
17 17 17 4
17 17 18 1
17 18 16 1
17 18 17 3
17 18 18 3
18 14 10 5
18 14 11 1
18 15 10 1
18 15 11 1
18 15 13 1
18 16 15 1
18 17 16 1
18 17 17 2
18 18 17 8
18 18 18 2
18 18 19 2
18 19 18 8
18 19 19 6
19 15 11 9
19 15 12 1
19 16 11 3
19 16 12 5
19 17 14 3
19 18 17 1
19 18 18 1
19 19 18 2
19 19 19 4
19 19 20 3
19 20 19 6
19 20 20 5
19 21 20 1
20 16 11 1
20 16 12 4
20 17 13 2
20 17 14 3
20 18 15 1
20 18 16 3
20 18 17 1
20 19 17 1
20 20 19 3
20 20 20 2
20 20 21 2
20 21 19 6
20 21 20 8
20 21 21 6
21 19 16 1
21 19 17 3
21 20 18 1
21 20 19 1
21 21 20 10
21 21 21 2
21 21 22 1
21 22 20 11
21 22 21 14
21 22 22 5
22 20 17 1
22 20 18 1
22 21 19 1
22 21 20 1
22 21 21 1
22 22 20 1
22 22 21 9
22 22 22 14
22 22 23 2
22 23 22 31
22 23 23 8
22 24 23 1
23 22 22 1
23 23 22 4
23 23 23 9
23 24 23 29
23 24 24 8
23 25 25 1
24 23 22 1
24 24 23 11
24 24 24 9
24 24 25 3
24 25 24 29
24 25 25 31
24 26 26 1
25 24 24 1
25 25 24 4
25 25 25 15
25 25 26 3
25 26 24 1
25 26 25 17
25 26 26 58
25 26 27 16
25 27 27 1
26 25 25 1
26 26 25 2
26 26 26 63
26 26 27 10
26 27 26 55
26 27 27 67
26 27 28 6
26 28 27 5
26 28 28 2
27 27 27 14
27 27 28 12
27 28 27 24
27 28 28 69
27 28 29 5
27 29 28 1
27 29 29 1
28 28 28 30
28 28 29 8
28 29 28 35
28 29 29 65
29 29 29 10
29 29 30 5
29 30 29 1
29 30 30 15
30 30 30 47
30 30 31 1
30 31 30 1
30 31 31 1
