32
1 1 0 4
1 1 1 2
1 2 1 18
2 2 1 16
2 2 2 4
2 3 2 18
2 3 3 3
3 3 2 10
3 3 3 12
3 4 3 4
3 5 3 1
4 3 3 2
4 4 3 1
4 4 4 6
4 5 4 5
4 5 5 1
5 5 4 4
5 5 5 15
5 5 6 1
5 6 5 11
6 5 4 2
6 5 6 1
6 6 5 1
6 6 6 5
6 7 6 6
6 7 7 3
7 5 3 2
7 5 4 1
7 7 6 6
7 7 7 5
7 8 8 5
8 5 3 3
8 6 4 2
8 7 6 1
8 8 6 1
8 8 7 4
8 8 8 8
8 9 8 1
8 9 9 4
8 10 9 1
9 6 4 3
9 7 5 1
9 8 6 2
9 8 7 2
9 8 9 1
9 9 8 1
9 9 9 4
9 10 9 2
9 10 10 3
10 6 4 1
10 7 4 1
10 10 10 1
10 11 11 4
11 9 7 1
11 9 8 1
11 10 9 1
11 11 10 1
11 11 11 2
11 12 10 1
11 12 12 1
11 13 13 1
12 10 7 1
12 10 8 1
12 10 9 1
12 11 9 1
12 11 10 1
12 12 12 3
12 12 13 1
12 13 12 3
12 13 13 1
13 11 10 1
13 13 12 1
13 13 13 2
13 14 13 3
13 14 14 2
14 11 10 1
14 12 10 2
14 13 12 1
14 14 13 1
14 14 14 3
14 14 15 1
14 15 14 1
14 15 15 4
15 11 7 1
15 12 7 1
15 12 8 1
15 14 14 1
15 15 13 1
15 15 14 2
15 15 16 1
15 16 15 2
15 16 16 3
16 12 7 1
16 12 8 7
16 13 8 1
16 13 10 2
16 15 13 1
16 15 15 1
16 16 15 7
16 16 16 3
16 17 15 1
16 17 16 3
16 17 17 6
17 12 8 1
17 13 8 6
17 13 9 10
17 14 10 4
17 14 11 1
17 17 15 3
17 17 16 17
17 17 17 6
17 17 18 3
17 18 17 6
17 18 18 2
18 14 9 1
18 14 10 6
18 15 10 1
18 15 11 1
18 17 16 1
18 17 17 1
18 18 17 2
18 18 18 1
18 18 19 1
18 19 18 7
18 19 19 4
19 15 11 9
19 15 12 1
19 16 11 3
19 16 12 6
19 16 13 1
19 17 14 2
19 17 15 1
19 18 17 1
19 18 18 1
19 19 18 2
19 20 19 4
19 20 20 8
19 21 21 2
20 16 12 4
20 16 13 1
20 17 13 1
20 17 14 1
20 18 16 1
20 18 17 1
20 19 16 1
20 19 17 2
20 20 19 1
20 20 20 1
20 20 21 2
20 21 19 8
20 21 20 9
20 21 21 10
20 22 21 1
21 17 14 1
21 17 15 1
21 19 17 1
21 19 18 1
21 19 19 1
21 20 17 1
21 20 19 1
21 21 20 4
21 21 21 6
21 22 20 9
21 22 21 18
21 22 22 8
22 19 16 1
22 20 17 1
22 20 18 1
22 21 19 1
22 21 20 3
22 21 21 2
22 22 20 2
22 22 21 7
22 22 22 8
22 22 23 3
22 23 22 28
22 23 23 9
22 24 24 1
23 22 21 1
23 22 22 1
23 23 22 3
23 23 23 10
23 23 24 2
23 24 23 28
23 24 24 9
24 23 22 1
24 24 23 6
24 24 24 17
24 25 24 29
24 25 25 29
24 26 25 1
24 26 26 1
25 25 24 6
25 25 25 12
25 25 26 6
25 26 25 20
25 26 26 54
25 26 27 20
25 27 27 1
26 25 25 1
26 26 26 63
26 26 27 9
26 27 26 52
26 27 27 60
26 27 28 8
26 28 27 3
26 28 28 2
27 27 27 13
27 27 28 14
27 28 27 19
27 28 28 74
27 28 29 4
27 29 28 1
27 29 29 1
28 28 28 25
28 28 29 6
28 29 28 32
28 29 29 67
28 29 30 1
28 30 29 1
29 29 29 7
29 29 30 5
29 30 29 1
29 30 30 15
30 30 30 35
30 30 31 1
30 31 30 3
