32
0 1 0 1
1 1 0 2
1 1 1 2
1 2 1 13
2 2 1 20
2 2 2 10
2 3 2 15
2 3 3 4
3 3 1 1
3 3 2 8
3 3 3 13
3 4 3 4
3 4 4 1
3 5 3 1
4 3 3 1
4 3 4 1
4 4 2 1
4 4 3 7
4 4 4 7
4 5 4 5
5 4 4 1
5 5 4 5
5 5 5 17
5 5 6 1
5 6 5 11
5 6 6 1
6 5 3 1
6 5 5 2
6 6 5 10
6 6 6 4
6 7 6 7
6 7 7 3
7 5 3 3
7 6 5 1
7 7 5 2
7 7 6 4
7 7 7 10
7 8 7 4
7 8 8 1
8 5 3 2
8 6 4 3
8 7 5 1
8 7 8 1
8 8 6 1
8 8 7 3
8 8 8 3
8 9 8 2
8 9 9 2
9 6 4 2
9 7 5 3
9 8 7 3
9 9 8 2
9 9 9 2
9 10 9 2
9 10 10 1
10 7 4 1
10 8 6 1
10 8 7 1
10 9 7 1
10 9 8 1
10 10 9 2
10 10 10 2
10 11 10 1
10 11 11 3
11 9 7 1
11 9 8 1
11 11 10 3
11 11 11 2
11 12 11 2
11 12 12 2
12 9 8 1
12 10 8 1
12 10 9 1
12 11 10 1
12 12 10 1
12 12 11 2
12 12 12 3
12 13 12 1
12 13 13 1
13 11 10 1
13 12 11 1
13 13 11 1
13 13 12 1
13 13 13 6
13 14 13 2
13 14 14 1
14 12 11 1
14 13 11 1
14 14 13 4
14 14 14 2
14 14 15 1
14 15 14 2
14 15 15 2
14 15 16 1
14 16 15 1
15 11 7 1
15 12 10 1
15 14 13 1
15 15 13 1
15 15 14 6
15 15 15 2
16 12 7 1
16 12 8 7
16 13 9 1
16 13 10 2
16 13 12 1
16 15 14 2
16 16 15 6
16 16 16 2
16 17 16 7
16 17 17 4
16 18 17 1
17 12 8 1
17 13 8 7
17 13 9 12
17 13 10 1
17 14 10 2
17 14 11 1
17 16 15 1
17 17 15 3
17 17 16 23
17 17 17 3
17 17 18 1
17 18 17 1
17 18 18 5
18 14 10 6
18 15 11 2
18 17 17 1
18 18 17 6
18 18 18 2
18 18 19 1
18 19 17 1
18 19 18 3
18 19 19 2
19 15 10 2
19 15 11 9
19 15 12 1
19 16 11 3
19 16 12 7
19 16 13 2
19 16 14 1
19 17 14 2
19 18 15 1
19 18 17 1
19 18 18 1
19 19 18 3
19 19 19 2
19 20 19 9
19 20 20 5
19 21 20 1
19 21 21 1
20 16 11 1
20 16 12 3
20 17 14 2
20 18 16 2
20 19 17 1
20 19 18 1
20 19 19 1
20 20 19 1
20 20 20 4
20 21 19 7
20 21 20 14
20 21 21 6
20 22 21 1
20 22 22 2
21 19 16 2
21 19 17 2
21 20 18 1
21 21 20 3
21 21 21 2
21 21 22 2
21 22 20 12
21 22 21 17
21 22 22 7
22 19 17 1
22 20 19 1
22 21 18 1
22 21 19 1
22 21 20 1
22 21 21 1
22 22 20 1
22 22 21 8
22 22 22 10
22 22 23 1
22 23 22 32
22 23 23 3
23 23 22 5
23 23 23 12
23 23 24 2
23 24 23 25
23 24 24 7
24 23 22 2
24 24 23 9
24 24 24 19
24 24 25 1
24 25 24 34
24 25 25 21
24 25 26 1
24 26 25 3
24 27 26 1
25 24 24 1
25 25 24 5
25 25 25 13
25 25 26 5
25 26 25 19
25 26 26 56
25 26 27 13
25 27 26 1
25 27 27 1
26 25 25 2
26 26 25 4
26 26 26 66
26 26 27 9
26 27 26 52
26 27 27 71
26 27 28 6
26 28 28 1
27 27 27 14
27 27 28 17
27 28 27 19
27 28 28 75
27 28 29 8
27 29 28 3
28 28 28 27
28 28 29 7
28 29 28 25
28 29 29 61
29 29 29 6
29 29 30 6
29 30 29 1
29 30 30 17
30 30 30 49
30 30 31 1
30 31 30 2
