32
1 1 0 3
1 2 0 1
1 2 1 4
1 3 1 1
2 2 0 1
2 2 1 33
2 2 2 7
2 3 1 2
2 3 2 13
2 3 3 1
3 2 2 1
3 3 1 2
3 3 2 17
3 3 3 2
3 3 4 1
3 4 2 1
3 4 3 2
3 4 4 1
3 4 5 1
4 4 3 3
4 4 4 18
4 4 5 1
4 5 4 6
4 5 5 7
5 4 3 4
5 5 2 1
5 5 4 3
5 5 5 5
5 5 6 3
5 6 5 2
5 6 6 5
5 6 7 1
6 5 4 1
6 6 4 2
6 6 6 4
6 6 7 2
6 7 7 2
6 7 8 1
7 7 9 1
7 8 7 2
7 8 8 1
7 8 9 1
8 7 4 1
8 7 5 1
8 8 5 1
8 8 6 2
8 8 7 1
8 8 8 2
8 8 9 2
8 9 10 1
9 7 4 2
9 8 6 2
9 8 7 2
9 9 7 2
9 9 8 2
9 9 9 1
9 10 10 2
9 10 11 2
10 9 6 4
10 9 7 1
10 11 10 1
10 11 11 1
10 11 12 1
10 12 12 1
11 10 6 1
11 10 7 1
11 10 8 2
11 11 9 3
11 11 12 4
11 12 12 1
11 12 13 1
11 13 14 1
12 11 9 3
12 12 13 2
12 13 12 1
12 13 13 4
12 13 14 1
12 14 14 1
13 11 8 3
13 12 9 3
13 12 10 1
13 13 10 1
13 13 12 2
13 13 13 1
13 13 14 1
13 13 15 1
13 14 14 3
13 14 15 2
13 14 16 1
13 15 15 2
14 12 8 1
14 12 9 1
14 12 10 1
14 13 10 1
14 14 12 1
14 15 15 1
14 15 16 2
14 15 17 1
14 16 16 2
14 16 17 2
15 11 7 1
15 12 7 1
15 12 8 2
15 12 9 1
15 13 11 2
15 15 14 1
15 15 15 1
15 16 16 3
15 16 17 4
15 17 17 3
15 17 18 1
16 12 5 1
16 12 6 4
16 12 7 6
16 12 8 6
16 13 8 4
16 13 9 1
16 13 10 1
16 14 12 1
16 15 12 1
16 15 13 1
16 17 17 5
16 17 18 4
16 17 19 2
16 18 18 1
16 18 19 4
17 12 6 1
17 12 7 3
17 13 7 7
17 13 8 8
17 13 9 11
17 13 10 4
17 14 9 1
17 14 10 13
17 14 11 5
17 14 12 2
17 16 14 1
17 17 17 1
17 17 18 1
17 18 17 9
17 18 18 9
17 18 19 4
17 19 18 10
17 19 19 5
17 19 20 7
18 13 5 1
18 14 7 1
18 14 10 1
18 15 10 1
18 15 11 2
18 15 12 3
18 16 14 1
18 17 14 1
18 17 15 2
18 17 16 1
18 17 18 1
18 18 16 1
18 18 19 1
18 19 18 6
18 19 19 8
18 19 20 8
18 20 19 2
18 20 20 18
18 20 21 5
19 13 6 1
19 14 6 1
19 14 8 1
19 16 13 1
19 17 14 1
19 17 15 1
19 19 18 2
19 19 20 2
19 20 19 1
19 20 20 9
19 20 21 8
19 21 21 19
19 21 22 6
19 22 22 5
20 14 6 1
20 15 7 4
20 15 8 1
20 15 9 1
20 18 15 2
20 18 16 1
20 18 17 1
20 19 15 1
20 19 17 1
20 20 19 1
20 20 20 2
20 20 21 1
20 20 22 1
20 21 20 1
20 21 21 2
20 21 22 4
20 21 23 1
20 22 22 10
20 22 23 10
20 23 23 1
20 23 24 1
21 16 9 1
21 17 11 1
21 19 16 1
21 19 17 2
21 19 20 1
21 20 17 1
21 20 18 2
21 20 19 3
21 21 20 1
21 21 21 3
21 21 22 2
21 22 22 7
21 22 23 14
21 23 24 8
21 23 25 1
22 18 15 1
22 19 14 1
22 19 15 2
22 20 17 1
22 20 19 2
22 21 17 4
22 21 18 1
22 21 19 1
22 21 21 2
22 22 20 1
22 22 21 1
22 22 22 3
22 22 23 2
22 22 24 1
22 23 22 1
22 23 23 7
22 23 24 9
22 23 25 2
22 24 24 2
22 24 25 6
22 24 26 1
23 21 19 1
23 22 19 2
23 22 20 1
23 23 21 1
23 23 23 2
23 23 24 3
23 24 24 3
23 24 25 13
23 24 26 7
23 25 25 4
23 25 26 3
23 25 27 1
24 23 19 1
24 23 21 1
24 24 22 1
24 24 23 4
24 24 24 3
24 25 25 19
24 25 26 38
24 25 27 10
24 26 26 9
24 26 27 13
24 26 28 4
25 23 18 1
25 23 20 2
25 24 20 2
25 24 22 2
25 25 24 5
25 25 25 10
25 25 26 17
25 26 26 25
25 26 27 37
25 26 28 29
25 27 27 9
25 27 28 21
25 27 29 6
26 24 20 1
26 24 21 2
26 25 21 1
26 25 22 1
26 25 24 1
26 25 25 2
26 26 24 2
26 26 25 8
26 26 26 40
26 26 27 23
26 27 26 32
26 27 27 47
26 27 28 69
26 27 29 3
26 28 28 8
26 28 29 6
26 28 30 7
27 26 23 2
27 26 24 1
27 26 25 1
27 26 26 1
27 27 26 41
27 27 27 24
27 27 28 29
27 27 29 2
27 28 28 9
27 28 29 10
27 28 30 2
27 29 30 3
28 26 22 3
28 26 23 1
28 26 24 1
28 27 23 2
28 27 27 1
28 28 27 1
28 28 28 1
28 29 30 2
28 30 30 3
29 27 23 4
29 28 24 20
29 28 25 1
29 28 26 1
29 28 27 1
29 29 28 1
29 30 30 9
29 30 31 2
29 31 31 3
30 28 24 5
30 30 30 14
30 31 30 8
30 31 31 1
