32
1 1 0 3
1 1 1 4
1 2 1 19
2 2 1 16
2 2 2 12
2 3 2 16
2 3 3 7
3 3 1 1
3 3 2 9
3 3 3 9
3 4 3 5
3 4 4 1
4 3 3 1
4 4 3 3
4 4 4 4
4 5 4 3
5 4 3 3
5 4 4 2
5 5 4 4
5 5 5 4
5 6 5 7
5 6 6 1
6 5 4 1
6 6 4 1
6 6 5 4
6 6 6 1
6 7 6 3
6 7 7 3
7 5 3 3
7 5 4 1
7 6 5 1
7 7 5 1
7 7 6 6
7 7 7 2
7 8 7 5
8 5 3 2
8 6 4 3
8 6 5 2
8 7 5 1
8 7 6 2
8 8 6 1
8 8 7 5
8 8 8 4
8 9 8 3
8 9 9 2
9 6 4 1
9 7 5 3
9 7 6 1
9 8 6 1
9 8 7 1
9 9 7 1
9 9 8 2
9 9 9 2
9 9 10 1
9 10 9 1
9 10 10 2
10 6 4 1
10 7 4 2
10 8 6 1
10 9 7 1
10 10 8 1
10 10 9 1
10 10 10 1
10 11 11 1
11 9 7 3
11 9 8 1
11 10 9 1
11 11 9 1
11 11 11 1
11 12 12 2
11 13 13 1
12 9 8 1
12 10 8 1
12 10 9 1
12 11 10 1
12 12 11 4
12 12 12 2
12 13 12 1
12 13 13 1
13 10 7 1
13 10 8 1
13 11 8 1
13 12 11 1
13 13 11 1
13 13 12 1
13 13 13 1
13 14 13 2
13 14 14 1
14 13 12 1
14 14 13 5
14 14 14 1
14 15 14 2
14 15 15 1
15 11 7 2
15 12 8 2
15 13 12 1
15 14 13 2
15 15 14 4
15 15 15 2
15 16 15 3
15 16 16 1
15 17 16 1
16 12 7 1
16 12 8 5
16 13 8 2
16 13 9 3
16 13 11 1
16 16 15 8
16 16 16 1
16 17 16 4
16 17 17 1
17 13 8 6
17 13 9 10
17 13 10 2
17 14 9 1
17 14 11 1
17 15 14 1
17 16 15 1
17 17 15 1
17 17 16 17
17 17 17 4
17 18 16 2
17 18 17 2
17 18 18 3
18 14 9 1
18 14 10 5
18 14 11 1
18 15 10 2
18 17 16 1
18 17 17 1
18 18 17 10
18 18 18 2
18 19 18 9
18 19 19 1
18 19 20 1
19 15 11 11
19 16 11 1
19 16 12 5
19 16 13 2
19 17 14 1
19 17 15 3
19 17 16 1
19 18 18 1
19 19 18 1
19 20 19 7
19 20 20 5
19 21 20 1
20 16 12 4
20 17 13 1
20 17 14 3
20 18 16 1
20 18 17 1
20 19 17 1
20 20 19 1
20 20 21 2
20 21 19 9
20 21 20 15
20 21 21 7
20 22 22 2
21 19 16 2
21 19 17 4
21 20 19 1
21 20 20 1
21 21 20 4
21 21 21 2
21 22 20 10
21 22 21 20
21 22 22 8
22 20 18 1
22 21 19 2
22 22 20 2
22 22 21 4
22 22 22 10
22 22 23 2
22 23 22 26
22 23 23 4
23 23 22 6
23 23 23 9
23 24 23 25
23 24 24 12
23 25 24 2
24 23 23 1
24 24 23 7
24 24 24 11
24 25 24 21
24 25 25 22
24 26 25 2
24 26 26 1
25 24 23 1
25 24 24 1
25 25 24 3
25 25 25 16
25 25 26 3
25 26 24 1
25 26 25 11
25 26 26 58
25 27 26 2
26 26 26 58
26 26 27 9
26 27 26 47
26 27 27 52
26 27 28 3
26 28 27 1
26 28 28 4
27 27 27 9
27 27 28 3
27 28 27 9
27 28 28 49
27 28 29 1
27 29 28 3
28 28 28 25
28 28 29 3
28 29 28 12
28 29 29 25
29 29 29 7
29 29 30 3
29 30 30 11
30 30 30 94
