32
1 1 0 3
1 2 0 1
1 2 1 5
2 2 1 32
2 2 2 12
2 3 1 2
2 3 2 10
2 3 3 2
3 3 2 16
3 3 3 6
3 4 4 1
4 4 2 1
4 4 3 4
4 4 4 7
4 4 5 1
4 5 4 5
4 5 5 8
5 4 3 1
5 5 4 1
5 5 5 7
5 5 6 1
5 6 5 1
5 6 6 9
5 6 7 2
6 5 4 3
6 6 7 1
6 7 7 1
6 7 8 2
7 7 7 2
7 7 8 1
7 8 8 2
8 7 4 1
8 7 5 2
8 8 6 1
8 8 7 2
8 8 8 2
8 8 9 1
8 9 10 2
8 10 10 1
9 7 4 2
9 8 6 3
9 8 7 1
9 9 7 1
9 9 8 1
9 9 9 1
9 9 10 1
9 10 8 1
9 10 9 2
9 10 11 2
10 8 5 1
10 9 6 2
10 9 7 2
10 9 8 1
10 10 8 1
10 10 9 2
10 11 12 2
11 9 6 1
11 10 7 3
11 10 8 1
11 11 12 2
11 12 12 1
11 12 13 3
11 13 13 1
11 13 14 3
12 10 7 2
12 11 8 3
12 11 9 3
12 11 10 1
12 12 11 1
12 12 12 1
12 13 12 1
12 13 13 2
12 13 14 2
12 14 14 2
12 14 15 1
13 11 7 1
13 12 9 3
13 12 10 3
13 13 10 1
13 14 13 1
13 14 14 4
13 14 15 1
13 15 15 3
13 15 16 3
13 16 16 1
14 11 7 1
14 11 8 1
14 12 8 2
14 13 10 1
14 13 11 2
14 13 12 1
14 14 16 1
14 15 15 1
14 15 16 4
14 16 16 2
14 16 17 2
15 11 6 1
15 12 6 1
15 12 7 2
15 12 9 1
15 14 11 1
15 15 13 1
15 15 15 1
15 16 15 1
15 16 16 2
15 16 17 3
15 17 17 4
15 17 18 1
16 11 6 1
16 12 6 1
16 12 7 4
16 12 8 10
16 12 9 1
16 13 8 3
16 13 9 4
16 13 10 1
16 14 12 1
16 16 16 1
16 17 17 2
16 17 18 2
16 17 19 1
16 18 17 1
16 18 18 5
16 18 19 2
17 12 7 5
17 13 7 6
17 13 8 4
17 13 9 10
17 13 10 2
17 14 10 14
17 14 11 3
17 14 12 1
17 16 15 1
17 17 14 1
17 17 18 1
17 17 19 1
17 18 17 2
17 18 18 5
17 18 19 7
17 18 20 1
17 19 18 2
17 19 19 5
17 19 20 6
18 13 6 2
18 13 9 1
18 14 9 1
18 14 10 1
18 14 11 1
18 15 11 1
18 15 12 2
18 15 13 1
18 15 14 1
18 16 12 1
18 16 15 1
18 17 16 2
18 17 18 1
18 18 17 1
18 19 18 1
18 19 19 5
18 19 20 4
18 19 21 2
18 20 19 2
18 20 20 16
18 20 21 7
18 21 21 1
19 14 7 3
19 16 12 1
19 16 13 1
19 17 15 2
19 17 16 1
19 18 16 2
19 19 17 1
19 19 18 1
19 19 19 2
19 19 21 1
19 20 20 9
19 20 21 6
19 21 21 17
19 21 22 9
19 22 22 3
20 14 6 1
20 14 7 1
20 15 7 1
20 15 8 1
20 18 15 3
20 18 16 3
20 18 17 1
20 19 17 2
20 20 19 2
20 20 20 1
20 21 20 1
20 21 21 7
20 21 22 3
20 21 23 1
20 22 22 11
20 22 23 11
21 16 11 1
21 17 10 1
21 18 14 1
21 19 16 1
21 19 17 3
21 20 17 1
21 20 19 1
21 21 21 4
21 21 22 3
21 22 21 1
21 22 22 6
21 22 23 12
21 22 24 1
21 23 23 7
21 23 24 10
21 23 25 1
22 18 14 1
22 19 14 1
22 20 17 1
22 20 18 1
22 21 17 3
22 21 18 1
22 21 19 2
22 22 20 1
22 22 21 2
22 22 22 3
22 22 23 1
22 23 22 1
22 23 23 5
22 23 24 10
22 23 25 2
22 24 24 1
22 24 25 6
22 24 26 1
22 25 26 2
23 21 19 1
23 21 20 1
23 22 23 2
23 23 21 1
23 23 22 2
23 23 23 3
23 23 24 6
23 24 24 2
23 24 25 13
23 24 26 5
23 25 25 3
23 25 26 5
23 26 27 1
24 22 21 1
24 23 19 1
24 23 21 1
24 24 23 3
24 24 24 2
24 24 25 1
24 25 24 1
24 25 25 18
24 25 26 28
24 25 27 9
24 26 26 6
24 26 27 23
24 26 28 6
25 22 18 1
25 23 19 2
25 23 20 1
25 24 19 1
25 24 22 2
25 24 24 1
25 25 24 7
25 25 25 11
25 25 26 18
25 26 25 1
25 26 26 30
25 26 27 40
25 26 28 25
25 27 27 12
25 27 28 21
25 27 29 4
26 24 20 1
26 24 22 1
26 25 21 2
26 25 22 1
26 26 24 1
26 26 25 10
26 26 26 38
26 26 27 23
26 26 28 1
26 27 26 46
26 27 27 56
26 27 28 69
26 27 29 5
26 28 28 10
26 28 29 7
26 28 30 7
27 25 22 1
27 26 21 1
27 26 22 3
27 26 24 1
27 26 27 1
27 27 26 23
27 27 27 17
27 27 28 22
27 27 29 1
27 28 28 9
27 28 29 7
27 28 30 2
27 29 29 1
27 29 30 3
28 26 21 1
28 27 23 1
28 27 25 1
28 27 27 1
28 28 27 1
28 28 29 1
28 29 28 1
28 29 30 5
28 30 30 3
29 27 23 11
29 27 24 2
29 28 24 17
29 30 30 9
29 30 31 2
29 31 31 3
30 30 30 17
30 31 30 12
30 31 31 1
