32
1 1 0 3
1 1 1 2
1 2 1 19
2 2 1 17
2 2 2 6
2 2 3 1
2 3 2 17
2 3 3 2
3 3 2 9
3 3 3 14
3 4 3 9
3 4 4 2
4 3 3 1
4 4 3 7
4 4 4 5
4 5 4 5
5 4 3 2
5 4 4 2
5 5 4 9
5 5 5 15
5 6 5 11
5 6 6 2
6 5 3 1
6 5 4 2
6 6 5 7
6 6 6 5
6 7 6 7
6 7 7 4
7 5 3 3
7 6 5 1
7 7 6 5
7 7 7 8
7 8 7 2
7 8 8 4
8 5 3 1
8 5 4 1
8 6 4 2
8 6 5 1
8 7 5 2
8 7 6 1
8 8 6 1
8 8 7 3
8 8 8 3
8 8 9 1
8 9 8 1
8 9 9 2
9 6 4 3
9 7 5 1
9 7 6 1
9 8 7 3
9 9 8 1
9 9 9 2
9 9 10 1
9 10 9 3
9 10 10 2
10 7 4 1
10 10 9 3
10 10 10 1
10 10 11 1
10 11 10 2
10 11 11 1
11 8 6 1
11 9 7 2
11 9 8 1
11 11 10 2
11 11 11 1
11 12 11 1
12 10 8 1
12 11 10 1
12 12 11 2
12 12 12 2
12 12 13 2
12 13 12 3
12 13 13 3
13 11 10 1
13 13 11 1
13 13 12 2
13 13 13 3
13 14 13 1
14 13 11 1
14 14 13 4
14 14 14 3
14 14 15 2
14 15 13 1
14 15 14 1
14 15 15 2
14 16 14 1
15 11 7 1
15 12 8 1
15 14 13 1
15 14 14 1
15 15 14 3
15 16 15 1
15 16 16 2
15 17 15 1
16 12 7 1
16 12 8 7
16 13 9 1
16 13 10 1
16 13 12 3
16 14 12 1
16 15 14 4
16 16 14 3
16 16 15 5
16 16 16 3
16 17 15 1
16 17 16 4
16 17 17 3
17 12 8 1
17 13 8 6
17 13 9 10
17 14 9 1
17 14 10 2
17 14 11 1
17 17 15 3
17 17 16 18
17 17 17 2
17 17 18 1
17 18 17 6
17 18 18 8
18 14 9 1
18 14 10 7
18 14 11 1
18 15 10 1
18 15 11 2
18 17 16 2
18 18 17 4
18 18 18 3
18 18 19 1
18 19 18 5
18 19 19 5
19 15 10 1
19 15 11 7
19 15 12 2
19 16 11 3
19 16 12 5
19 16 13 4
19 17 14 1
19 17 15 1
19 18 15 1
19 18 17 2
19 19 18 2
19 19 19 1
19 20 18 1
19 20 19 9
19 20 20 6
19 21 20 1
19 21 21 2
20 16 12 4
20 17 12 1
20 17 14 2
20 17 15 1
20 18 16 2
20 18 17 1
20 19 17 1
20 20 19 1
20 20 20 1
20 21 19 8
20 21 20 9
20 21 21 7
20 22 21 1
20 22 22 3
21 18 16 1
21 19 16 1
21 19 17 1
21 19 18 1
21 20 17 1
21 20 18 2
21 20 19 1
21 21 20 2
21 21 21 3
21 21 22 2
21 22 20 15
21 22 21 16
21 22 22 4
22 20 19 1
22 21 19 1
22 22 20 3
22 22 21 7
22 22 22 9
22 22 23 3
22 23 21 1
22 23 22 29
22 23 23 7
22 24 23 2
23 23 22 3
23 23 23 8
23 24 23 28
23 24 24 10
24 23 22 1
24 24 23 9
24 24 24 13
24 24 25 1
24 25 24 34
24 25 25 19
24 25 26 1
24 26 25 2
24 26 26 1
25 24 23 1
25 24 24 1
25 25 24 5
25 25 25 15
25 25 26 3
25 26 25 19
25 26 26 63
25 26 27 17
26 25 25 1
26 26 25 3
26 26 26 66
26 26 27 9
26 27 26 60
26 27 27 68
26 27 28 7
26 28 28 2
27 27 27 12
27 27 28 10
27 28 27 20
27 28 28 77
27 28 29 6
27 29 28 1
28 28 28 29
28 28 29 4
28 29 28 22
28 29 29 67
29 29 29 5
29 29 30 5
29 30 30 17
30 30 30 47
30 30 31 1
30 31 30 2
30 31 31 1
