32
1 1 0 3
1 2 0 2
1 2 1 7
2 2 1 30
2 2 2 10
2 3 1 4
2 3 2 12
2 3 3 1
3 3 1 1
3 3 2 16
3 3 3 6
3 4 3 1
3 4 4 2
4 4 3 4
4 4 4 19
4 5 4 7
4 5 5 9
4 5 6 1
5 5 3 1
5 5 4 3
5 5 5 2
5 5 6 6
5 6 5 2
5 6 6 6
5 6 7 1
6 6 4 1
6 6 5 1
6 6 6 4
6 7 6 1
6 7 7 4
6 7 8 1
7 7 5 1
7 7 6 1
7 8 7 1
7 8 9 1
8 7 4 2
8 7 5 1
8 7 6 1
8 8 6 3
8 8 7 2
8 8 8 3
8 8 9 1
8 9 7 1
8 9 9 2
9 7 4 2
9 7 5 1
9 8 6 1
9 9 7 1
9 10 11 4
10 8 6 1
10 9 6 3
10 10 8 1
10 10 10 2
10 11 11 1
10 11 12 3
11 9 7 1
11 10 7 1
11 10 8 1
11 10 9 1
11 11 8 1
11 11 12 1
11 12 12 3
11 12 13 2
11 13 13 3
12 10 7 1
12 11 8 2
12 11 9 3
12 12 9 1
12 12 10 1
12 13 13 2
12 13 14 5
12 14 14 2
13 11 8 2
13 12 9 1
13 12 10 1
13 13 12 1
13 13 13 1
13 14 13 1
13 14 14 2
13 14 15 1
13 15 15 3
13 15 16 1
14 11 8 1
14 12 8 1
14 13 10 1
14 13 12 1
14 14 16 1
14 15 14 1
14 15 16 3
14 16 16 4
15 11 6 2
15 12 7 1
15 12 8 1
15 13 9 1
15 13 11 2
15 15 13 3
15 15 14 1
15 15 16 1
15 16 16 1
15 16 17 4
15 16 18 1
15 17 17 1
15 17 18 1
16 11 5 2
16 12 7 5
16 12 8 5
16 13 7 1
16 13 8 6
16 13 9 3
16 13 10 1
16 13 11 1
16 13 12 1
16 14 10 1
16 14 12 1
16 15 12 1
16 16 16 2
16 16 17 2
16 17 17 4
16 17 18 3
16 17 19 1
16 18 17 1
16 18 18 3
16 18 19 3
17 12 7 4
17 13 7 4
17 13 8 4
17 13 9 8
17 13 10 1
17 14 9 3
17 14 10 13
17 14 11 6
17 15 11 1
17 15 12 2
17 16 15 1
17 18 17 7
17 18 18 3
17 18 19 6
17 19 17 1
17 19 18 9
17 19 19 6
17 19 20 3
17 20 21 1
18 13 6 2
18 14 8 1
18 15 10 1
18 15 11 3
18 15 12 2
18 15 14 1
18 16 13 1
18 17 14 1
18 17 15 2
18 17 16 1
18 18 16 1
18 18 18 3
18 18 19 2
18 19 18 8
18 19 19 9
18 19 20 3
18 19 21 3
18 20 19 3
18 20 20 13
18 20 21 6
18 21 21 1
19 13 6 1
19 14 6 1
19 14 10 1
19 15 11 1
19 16 13 1
19 17 15 1
19 18 15 1
19 18 16 1
19 18 17 1
19 19 17 1
19 19 18 4
19 19 19 1
19 20 19 1
19 20 20 12
19 20 21 6
19 21 20 1
19 21 21 16
19 21 22 5
19 22 22 3
19 22 23 1
20 14 6 1
20 14 7 2
20 15 7 2
20 15 8 1
20 16 10 1
20 18 14 1
20 18 15 1
20 18 16 2
20 18 17 1
20 19 15 1
20 19 17 2
20 20 20 4
20 20 21 2
20 20 22 1
20 21 21 6
20 21 22 3
20 22 22 12
20 22 23 8
20 23 23 2
21 17 11 1
21 18 14 1
21 19 16 1
21 19 17 1
21 19 18 1
21 20 17 1
21 20 18 3
21 21 19 1
21 21 21 4
21 21 22 1
21 22 22 8
21 22 23 11
21 22 24 1
21 23 23 4
21 23 24 9
22 19 15 2
22 20 17 1
22 20 18 3
22 21 17 1
22 21 18 1
22 21 19 2
22 21 20 1
22 22 21 1
22 22 22 4
22 22 23 2
22 23 23 7
22 23 24 10
22 24 24 2
22 24 25 4
22 24 26 1
23 21 18 2
23 22 18 2
23 22 19 1
23 22 20 1
23 22 23 1
23 23 21 1
23 23 24 6
23 24 24 5
23 24 25 11
23 24 26 3
23 25 25 2
23 25 26 12
23 26 27 1
24 23 19 1
24 23 21 1
24 23 22 1
24 24 22 1
24 24 23 1
24 24 24 3
24 24 25 1
24 25 24 2
24 25 25 19
24 25 26 31
24 25 27 11
24 26 26 20
24 26 27 16
24 26 28 3
25 22 17 1
25 23 19 1
25 24 22 1
25 24 24 1
25 25 23 1
25 25 24 6
25 25 25 11
25 25 26 17
25 26 25 3
25 26 26 27
25 26 27 40
25 26 28 25
25 27 27 10
25 27 28 31
25 27 29 3
26 24 20 1
26 24 22 1
26 25 21 1
26 25 22 2
26 25 23 1
26 26 24 2
26 26 25 6
26 26 26 48
26 26 27 24
26 26 28 1
26 27 26 46
26 27 27 50
26 27 28 64
26 27 29 6
26 28 28 14
26 28 29 8
26 28 30 5
27 26 21 2
27 26 22 1
27 26 23 1
27 27 25 1
27 27 26 17
27 27 27 15
27 27 28 22
27 28 27 2
27 28 28 11
27 28 29 7
27 28 30 3
27 29 29 1
27 29 30 6
28 26 22 2
28 26 23 1
28 26 24 1
28 27 25 1
28 27 27 1
28 28 27 1
28 29 28 2
28 29 30 4
28 30 30 3
29 27 23 13
29 27 24 11
29 28 23 3
29 28 24 8
29 30 30 8
29 31 31 2
30 30 30 19
30 31 30 3
30 31 31 3
