32
1 1 0 3
1 1 1 1
1 2 1 16
2 2 1 21
2 2 2 9
2 3 2 20
2 3 3 2
2 4 3 1
3 3 2 10
3 3 3 18
3 4 3 3
4 4 3 7
4 4 4 4
4 5 4 4
4 5 5 1
5 4 5 1
5 5 4 9
5 5 5 13
5 5 6 1
5 6 5 11
5 6 6 1
6 4 3 1
6 5 3 1
6 5 4 1
6 5 5 1
6 6 5 6
6 6 6 7
6 7 6 7
6 7 7 5
7 5 3 2
7 6 5 3
7 7 6 7
7 7 7 7
7 8 8 2
8 5 3 1
8 6 4 3
8 7 6 1
8 8 6 1
8 8 7 3
8 8 8 4
8 9 8 2
8 9 9 4
9 6 4 3
9 7 5 3
9 8 6 1
9 8 7 1
9 9 7 1
9 9 9 3
9 9 10 2
9 10 9 1
9 10 10 1
10 7 4 1
10 10 8 1
10 10 9 1
10 10 10 2
10 11 10 2
10 11 11 1
11 9 7 3
11 9 8 1
11 11 10 3
11 11 11 2
11 12 11 3
11 12 12 2
12 10 8 1
12 11 10 1
12 12 11 2
12 12 12 1
12 12 13 2
12 13 12 3
12 13 13 1
13 11 10 1
13 13 12 3
13 13 13 2
13 14 14 2
14 12 10 1
14 12 11 2
14 13 11 1
14 14 13 5
14 14 14 3
14 14 15 1
14 15 15 4
14 16 15 2
15 11 7 1
15 12 8 1
15 13 12 1
15 15 14 5
15 16 14 1
15 16 15 2
15 16 16 1
16 12 7 1
16 12 8 8
16 13 9 1
16 13 10 2
16 13 11 1
16 14 13 1
16 15 14 1
16 16 15 6
16 16 16 1
16 16 17 1
16 17 16 3
16 17 17 4
17 12 8 1
17 13 8 6
17 13 9 11
17 14 10 3
17 15 11 1
17 16 16 1
17 17 15 4
17 17 16 21
17 17 17 2
17 17 18 2
17 18 16 1
17 18 17 6
17 18 18 7
18 14 9 1
18 14 10 6
18 15 10 1
18 15 11 3
18 17 16 1
18 18 17 3
18 18 18 6
18 18 19 1
18 19 18 4
18 19 19 4
19 15 10 2
19 15 11 7
19 15 13 1
19 16 11 4
19 16 12 7
19 16 13 2
19 17 14 2
19 18 17 1
19 18 18 1
19 19 18 4
19 19 19 1
19 19 20 2
19 20 18 1
19 20 19 5
19 20 20 6
20 16 11 1
20 16 12 3
20 16 13 1
20 17 14 1
20 18 16 2
20 18 17 1
20 19 16 1
20 20 20 4
20 20 21 3
20 21 19 7
20 21 20 10
20 21 21 7
20 22 22 1
21 17 14 1
21 19 16 3
21 19 17 3
21 21 20 5
21 21 21 3
21 21 22 2
21 22 20 13
21 22 21 17
21 22 22 4
22 20 18 1
22 20 19 1
22 21 19 1
22 21 20 3
22 22 20 1
22 22 21 5
22 22 22 14
22 23 21 2
22 23 22 25
22 23 23 5
22 24 23 1
23 22 21 1
23 23 22 9
23 23 23 10
23 24 23 28
23 24 24 7
23 25 25 1
24 23 22 1
24 24 23 10
24 24 24 10
24 25 24 40
24 25 25 24
24 26 25 1
24 26 26 1
25 24 24 2
25 25 24 2
25 25 25 14
25 25 26 6
25 26 24 1
25 26 25 16
25 26 26 63
25 26 27 14
25 27 26 1
25 27 27 2
26 25 25 1
26 26 25 3
26 26 26 61
26 26 27 12
26 27 26 50
26 27 27 76
26 27 28 7
26 28 27 1
26 28 28 2
27 27 27 19
27 27 28 15
27 28 27 19
27 28 28 77
27 28 29 4
27 29 28 2
27 29 29 2
28 28 28 30
28 28 29 5
28 29 28 30
28 29 29 61
29 29 29 9
29 29 30 4
29 30 30 18
30 30 30 47
30 30 31 1
30 31 30 3
30 31 31 1
