32
1 1 0 3
1 1 1 1
1 2 1 16
2 2 1 14
2 2 2 10
2 3 2 11
2 3 3 5
3 3 2 9
3 3 3 17
3 4 3 3
3 4 4 1
4 3 3 2
4 4 3 3
4 4 4 6
4 5 4 4
4 5 5 3
5 4 3 1
5 5 4 4
5 5 5 21
5 6 5 12
5 6 6 3
6 5 3 1
6 5 4 1
6 5 6 1
6 6 4 1
6 6 5 11
6 6 6 7
6 7 6 7
6 7 7 5
7 5 3 2
7 6 5 1
7 7 6 5
7 7 7 3
7 7 8 1
7 8 7 2
7 8 8 1
8 5 3 1
8 5 4 1
8 6 3 2
8 6 4 3
8 7 6 1
8 8 7 3
8 8 8 4
8 9 9 3
9 6 4 2
9 8 6 1
9 8 7 3
9 9 7 1
9 9 8 4
9 9 9 4
9 10 9 2
9 10 10 2
10 6 4 1
10 9 8 1
10 10 9 2
10 11 10 2
10 11 11 3
11 9 7 3
11 9 8 1
11 11 9 1
11 12 11 1
12 9 8 1
12 10 9 1
12 11 10 1
12 12 10 1
12 12 11 2
12 12 12 2
12 13 12 3
12 13 13 3
13 12 12 1
13 13 11 1
13 13 12 3
13 13 13 3
13 13 14 1
13 14 13 4
13 14 14 1
14 11 10 1
14 12 11 1
14 13 11 1
14 13 12 1
14 14 13 3
14 14 14 2
14 14 15 1
14 15 14 1
14 15 15 2
15 12 7 1
15 12 8 1
15 12 11 1
15 13 11 1
15 13 12 1
15 14 13 1
15 15 14 5
15 15 15 1
15 15 16 1
15 16 13 1
15 16 15 2
15 16 16 2
16 12 7 2
16 12 8 5
16 13 8 1
16 13 10 2
16 14 13 1
16 15 15 1
16 16 15 6
16 16 17 1
16 17 15 1
16 17 16 4
16 17 17 5
17 12 8 1
17 13 8 5
17 13 9 13
17 14 10 2
17 15 14 1
17 17 15 1
17 17 16 22
17 17 17 4
17 18 16 1
17 18 17 8
17 18 18 3
17 19 18 1
18 14 9 1
18 14 10 6
18 14 12 1
18 15 10 1
18 15 11 3
18 17 17 1
18 18 17 3
18 18 18 4
18 18 19 1
18 19 18 5
18 19 19 1
18 20 19 1
19 15 11 9
19 16 11 2
19 16 12 9
19 16 13 1
19 17 13 1
19 17 14 1
19 17 15 1
19 17 17 1
19 18 15 1
19 18 17 1
19 18 18 1
19 19 19 1
19 20 18 2
19 20 19 8
19 20 20 7
20 16 11 2
20 16 12 5
20 17 14 2
20 18 15 1
20 18 16 2
20 19 16 1
20 19 18 1
20 20 19 1
20 20 20 1
20 21 19 7
20 21 20 10
20 21 21 9
20 22 22 2
21 17 14 1
21 19 16 1
21 19 17 1
21 19 18 1
21 20 17 1
21 20 18 2
21 21 20 1
21 21 21 2
21 22 20 15
21 22 21 24
21 22 22 8
21 23 22 1
22 20 18 1
22 21 19 2
22 22 21 5
22 22 22 8
22 22 23 1
22 23 21 1
22 23 22 32
22 23 23 4
22 24 23 1
23 22 20 1
23 22 21 2
23 23 22 2
23 23 23 7
23 23 24 2
23 24 23 32
23 24 24 10
23 24 25 1
24 23 22 1
24 23 23 1
24 24 23 7
24 24 24 12
24 25 24 40
24 25 25 28
25 24 24 1
25 25 24 4
25 25 25 10
25 25 26 4
25 26 25 19
25 26 26 57
25 26 27 15
25 27 27 2
26 25 25 1
26 26 25 3
26 26 26 57
26 26 27 16
26 27 26 49
26 27 27 71
26 27 28 13
26 28 27 4
26 28 28 3
27 27 27 14
27 27 28 6
27 28 27 25
27 28 28 67
27 28 29 4
27 29 28 7
27 29 29 1
28 28 28 14
28 28 29 7
28 29 28 32
28 29 29 71
28 29 30 1
29 29 29 8
29 29 30 6
29 30 29 1
29 30 30 14
30 30 30 47
30 30 31 1
30 31 30 2
30 31 31 1
