32
1 1 0 3
1 1 1 2
1 2 1 18
2 2 1 13
2 2 2 8
2 3 2 20
2 3 3 4
2 4 4 1
3 3 1 1
3 3 2 10
3 3 3 15
3 4 3 7
3 4 4 1
4 3 3 2
4 4 3 1
4 4 4 4
4 5 4 4
4 5 5 1
5 4 3 1
5 5 4 6
5 5 5 13
5 6 5 9
5 6 6 2
6 5 3 1
6 5 4 1
6 6 4 1
6 6 5 7
6 6 6 6
6 7 6 6
6 7 7 3
7 5 3 1
7 5 4 1
7 6 6 1
7 7 5 1
7 7 6 6
7 7 7 5
7 8 7 3
7 8 8 1
7 9 9 1
8 5 3 2
8 5 4 1
8 6 4 2
8 7 5 1
8 7 6 3
8 8 7 5
8 8 8 5
8 9 8 1
8 9 9 2
9 6 4 3
9 7 4 1
9 8 6 2
9 8 7 3
9 9 8 4
9 9 9 5
9 10 9 1
9 11 10 1
10 7 4 1
10 9 8 1
10 10 9 2
10 10 10 2
10 10 11 1
10 11 10 1
10 11 11 2
11 8 7 1
11 9 7 1
11 9 8 1
11 11 10 1
11 11 11 1
11 12 10 1
11 12 11 1
11 12 12 2
12 10 8 1
12 12 11 3
12 12 12 2
12 13 12 1
12 13 13 3
13 10 9 1
13 11 9 1
13 11 10 1
13 13 11 1
13 13 12 2
13 13 13 3
13 14 14 2
13 15 14 1
14 13 11 1
14 13 12 1
14 14 13 5
14 14 14 2
14 14 15 2
14 15 15 3
15 11 7 1
15 12 8 1
15 12 11 1
15 14 13 3
15 15 13 1
15 15 14 3
15 16 14 1
15 16 15 3
15 16 16 1
16 12 7 1
16 12 8 7
16 13 8 1
16 13 9 1
16 14 10 1
16 14 13 1
16 15 14 1
16 15 16 1
16 16 15 8
16 16 16 3
16 16 17 2
16 17 15 1
16 17 16 5
16 17 17 3
16 18 17 1
17 13 8 5
17 13 9 13
17 14 10 2
17 14 12 1
17 16 15 1
17 17 15 1
17 17 16 21
17 17 17 2
17 17 18 1
17 18 17 3
17 18 18 8
18 14 10 7
18 14 11 1
18 15 11 2
18 15 12 2
18 17 16 1
18 17 17 1
18 18 16 1
18 18 17 3
18 18 18 2
18 18 19 1
18 19 17 1
18 19 18 6
18 19 19 4
18 20 20 1
19 15 10 1
19 15 11 6
19 16 11 3
19 16 12 8
19 16 13 1
19 16 14 2
19 17 14 1
19 18 15 1
19 18 17 2
19 19 18 5
19 19 19 2
19 19 20 2
19 20 18 1
19 20 19 4
19 20 20 7
19 21 21 1
20 16 11 1
20 16 12 3
20 17 13 1
20 17 14 2
20 18 16 1
20 18 17 1
20 19 17 1
20 19 18 1
20 20 20 1
20 20 21 1
20 21 19 8
20 21 20 11
20 21 21 6
20 22 21 3
21 19 16 2
21 19 17 4
21 19 18 1
21 20 18 1
21 21 20 4
21 21 21 3
21 21 22 1
21 22 20 12
21 22 21 14
21 22 22 7
21 22 23 1
22 21 19 1
22 21 20 1
22 22 21 7
22 22 22 10
22 22 23 1
22 23 22 33
22 23 23 2
23 23 21 2
23 23 22 8
23 23 23 10
23 23 24 2
23 24 23 25
23 24 24 11
24 23 22 2
24 23 23 1
24 24 23 11
24 24 24 9
24 24 25 1
24 25 24 37
24 25 25 23
24 25 26 2
24 26 25 2
24 26 26 1
25 24 24 2
25 25 24 3
25 25 25 10
25 25 26 5
25 26 24 1
25 26 25 17
25 26 26 60
25 26 27 16
25 27 26 1
26 26 25 1
26 26 26 66
26 26 27 13
26 27 26 52
26 27 27 71
26 27 28 5
26 28 28 4
27 27 26 1
27 27 27 16
27 27 28 17
27 28 27 17
27 28 28 77
27 28 29 7
27 29 28 3
28 28 28 30
28 28 29 5
28 29 28 33
28 29 29 59
29 29 28 1
29 29 29 10
29 29 30 6
29 30 30 16
30 30 30 54
30 30 31 1
30 31 30 1
30 31 31 1
