32
1 1 0 3
1 1 1 2
1 2 1 21
2 2 1 18
2 2 2 7
2 2 3 1
2 3 2 20
2 3 3 2
3 3 2 15
3 3 3 12
3 4 3 10
4 3 3 2
4 4 3 5
4 4 4 7
4 5 4 2
4 5 5 3
5 5 4 7
5 5 5 16
5 6 4 1
5 6 5 12
6 5 3 1
6 5 4 1
6 6 4 1
6 6 5 4
6 6 6 11
6 7 6 5
6 7 7 6
7 5 3 2
7 6 5 2
7 7 6 4
7 7 7 8
7 7 8 1
7 8 7 2
7 8 8 1
8 5 3 2
8 6 4 4
8 7 6 3
8 8 7 3
8 8 8 7
8 9 8 2
8 9 9 2
9 6 4 3
9 7 5 3
9 7 6 1
9 8 6 2
9 8 7 2
9 9 8 2
9 10 10 4
10 7 4 2
10 8 7 1
10 9 8 1
10 10 9 2
10 10 10 2
10 11 9 1
10 11 10 1
11 9 7 1
11 9 8 1
11 11 10 2
11 11 11 3
11 12 11 2
11 12 12 2
12 9 8 1
12 10 8 1
12 10 9 1
12 11 10 1
12 12 10 1
12 12 11 1
12 12 12 1
12 12 13 1
12 13 12 2
12 13 13 1
13 10 7 1
13 11 9 1
13 11 10 1
13 13 11 1
13 13 12 2
13 13 13 3
13 13 14 1
13 14 13 1
13 14 14 1
13 14 15 1
14 13 11 1
14 13 12 1
14 14 13 4
14 14 14 3
14 15 14 1
14 15 15 1
15 11 7 1
15 12 8 1
15 12 10 1
15 13 12 1
15 14 13 1
15 15 14 6
15 15 15 2
15 16 15 2
15 16 16 2
16 12 7 3
16 12 8 7
16 13 8 1
16 13 9 1
16 13 10 3
16 14 13 1
16 16 14 1
16 16 15 6
16 16 16 3
16 16 17 1
16 17 16 4
16 17 17 5
17 13 8 4
17 13 9 13
17 14 9 1
17 14 10 1
17 14 11 1
17 16 15 1
17 16 16 1
17 17 15 2
17 17 16 17
17 17 17 2
17 17 18 1
17 18 16 1
17 18 17 4
17 18 18 5
18 14 9 1
18 14 10 7
18 15 10 1
18 15 11 1
18 17 16 1
18 17 17 3
18 18 17 3
18 18 18 2
18 18 19 1
18 19 18 6
18 19 19 7
19 15 11 9
19 15 12 3
19 16 11 4
19 16 12 5
19 16 13 2
19 16 14 1
19 17 14 2
19 18 15 1
19 19 17 1
19 19 18 4
19 19 20 1
19 20 19 4
19 20 20 4
19 21 20 1
20 16 12 4
20 16 13 1
20 17 14 2
20 18 15 1
20 18 16 1
20 18 17 1
20 19 16 1
20 19 18 1
20 19 19 1
20 20 19 1
20 20 20 3
20 20 21 2
20 21 19 9
20 21 20 11
20 21 21 6
20 22 21 2
21 19 16 1
21 19 17 4
21 19 18 1
21 20 19 1
21 21 19 1
21 21 20 3
21 21 21 1
21 21 22 2
21 22 20 15
21 22 21 20
21 22 22 3
21 22 23 1
21 23 23 1
22 20 18 1
22 20 19 1
22 21 19 2
22 22 21 7
22 22 22 12
22 22 23 5
22 23 22 33
22 23 23 3
22 24 24 1
23 22 21 1
23 23 21 1
23 23 22 3
23 23 23 11
23 24 23 27
23 24 24 7
23 25 24 1
24 23 22 1
24 24 23 10
24 24 24 8
24 24 25 1
24 25 24 39
24 25 25 26
24 25 26 1
24 26 26 1
25 24 24 3
25 25 24 3
25 25 25 13
25 25 26 7
25 26 25 18
25 26 26 59
25 26 27 17
25 27 26 2
25 27 27 2
26 26 25 3
26 26 26 63
26 26 27 10
26 27 26 49
26 27 27 81
26 27 28 7
26 28 28 2
27 27 26 1
27 27 27 16
27 27 28 13
27 28 27 18
27 28 28 81
27 28 29 5
27 29 28 2
27 29 29 1
28 28 28 30
28 28 29 7
28 29 28 27
28 29 29 61
28 29 30 1
29 29 29 9
29 29 30 5
29 30 29 1
29 30 30 17
30 30 30 48
30 30 31 1
30 31 30 3
30 31 31 1
