32
1 1 0 3
1 1 1 2
1 2 1 18
2 2 1 13
2 2 2 11
2 3 2 17
2 3 3 4
3 3 2 10
3 3 3 12
3 4 3 6
4 3 3 2
4 4 3 3
4 4 4 5
4 5 3 1
4 5 4 6
4 5 5 1
5 4 4 1
5 5 4 2
5 5 5 9
5 6 5 9
6 5 4 3
6 6 5 7
6 6 6 7
6 7 6 7
6 7 7 2
7 5 3 1
7 6 4 1
7 6 5 1
7 6 6 1
7 7 6 5
7 7 7 5
7 8 7 3
7 8 8 4
8 5 3 4
8 5 4 1
8 6 4 1
8 7 6 6
8 8 7 3
8 8 8 7
8 8 9 1
8 9 8 1
9 6 4 4
9 7 5 2
9 8 6 2
9 9 7 1
9 9 8 1
9 9 9 2
9 9 10 1
9 10 9 1
9 10 10 2
10 7 4 1
10 8 5 1
10 8 7 1
10 10 8 1
10 10 9 1
10 10 10 1
10 10 11 1
10 11 11 1
11 9 7 1
11 9 8 1
11 11 10 3
11 11 11 1
11 12 11 3
11 12 12 1
12 11 10 1
12 12 11 2
12 12 12 5
12 13 12 2
12 13 13 1
13 12 11 1
13 13 11 1
13 13 12 2
13 13 13 4
13 14 14 1
14 11 9 1
14 12 10 1
14 12 11 2
14 13 11 2
14 14 13 3
14 14 14 2
14 14 15 1
14 15 14 1
14 15 15 2
14 16 16 1
15 11 7 1
15 11 8 1
15 12 8 1
15 14 13 1
15 15 13 2
15 15 14 5
15 15 15 4
15 15 16 1
15 16 15 3
15 16 16 1
15 17 16 1
16 12 8 8
16 13 8 1
16 13 10 2
16 14 13 1
16 15 14 1
16 16 15 4
16 16 16 1
16 17 16 3
16 17 17 2
16 18 18 1
17 13 8 7
17 13 9 12
17 13 10 1
17 14 9 1
17 14 10 1
17 15 15 1
17 16 16 1
17 17 15 2
17 17 16 25
17 17 17 4
17 17 18 1
17 18 17 3
17 18 18 6
18 14 10 5
18 14 11 1
18 15 10 1
18 15 11 1
18 15 12 1
18 17 16 1
18 17 17 1
18 18 17 8
18 18 18 1
18 18 19 3
18 19 18 6
18 19 19 3
19 15 11 9
19 15 12 1
19 16 11 3
19 16 12 5
19 16 13 3
19 17 14 2
19 17 15 1
19 18 18 2
19 19 18 3
19 19 19 1
19 19 20 1
19 20 19 7
19 20 20 9
19 21 21 2
20 16 11 1
20 16 12 6
20 17 12 1
20 17 13 1
20 17 14 2
20 18 15 1
20 18 16 1
20 18 17 2
20 19 17 1
20 19 18 1
20 20 20 2
20 21 19 5
20 21 20 13
20 21 21 3
20 22 22 1
21 19 16 2
21 19 18 1
21 20 17 1
21 20 18 1
21 20 20 1
21 21 20 2
21 21 21 3
21 21 22 4
21 22 20 15
21 22 21 13
21 22 22 6
22 20 18 2
22 21 19 1
22 22 20 3
22 22 21 8
22 22 22 13
22 23 21 1
22 23 22 28
22 23 23 4
22 24 23 2
23 22 21 2
23 23 22 4
23 23 23 11
23 24 22 1
23 24 23 31
23 24 24 9
23 25 25 1
24 23 22 2
24 23 23 1
24 24 23 9
24 24 24 11
24 25 23 1
24 25 24 35
24 25 25 26
24 26 25 1
25 24 24 1
25 25 24 3
25 25 25 18
25 25 26 5
25 26 25 16
25 26 26 57
25 26 27 15
25 26 28 1
25 27 27 2
26 26 24 1
26 26 25 3
26 26 26 64
26 26 27 9
26 27 26 56
26 27 27 71
26 27 28 7
26 28 27 6
26 28 28 2
27 27 27 13
27 27 28 12
27 28 27 27
27 28 28 65
27 28 29 2
27 29 28 1
27 29 29 1
28 28 28 33
28 28 29 9
28 29 28 25
28 29 29 71
29 29 28 1
29 29 29 9
29 29 30 4
29 30 29 1
29 30 30 17
30 30 30 60
30 30 31 1
30 31 30 1
30 31 31 1
