32
1 1 0 3
1 2 0 1
1 2 1 4
2 2 0 1
2 2 1 34
2 2 2 9
2 3 1 2
2 3 2 13
2 3 3 2
3 2 2 1
3 3 1 1
3 3 2 18
3 3 3 6
3 4 3 3
4 4 1 1
4 4 3 2
4 4 4 16
4 4 5 1
4 5 3 1
4 5 4 6
4 5 5 5
4 6 5 1
5 5 3 1
5 5 4 4
5 5 5 7
5 5 6 2
5 6 6 4
5 6 7 3
6 5 4 2
6 6 4 1
6 6 5 1
6 6 6 2
6 7 7 4
6 7 8 3
6 8 9 1
7 6 5 1
7 7 6 1
7 7 7 1
7 7 8 1
7 8 8 2
7 8 9 1
8 7 4 1
8 7 5 1
8 8 6 2
8 8 7 2
8 8 8 2
8 9 7 1
8 9 10 2
9 7 4 3
9 8 6 2
9 8 7 1
9 9 7 2
9 9 8 1
9 9 9 1
9 10 11 2
9 11 11 1
10 9 6 4
10 9 7 1
10 9 10 1
10 10 8 3
10 10 10 2
10 10 11 1
10 11 10 1
10 11 11 1
10 11 12 4
11 9 6 2
11 10 7 3
11 12 11 1
11 13 13 2
12 9 6 1
12 10 7 2
12 11 8 2
12 11 9 2
12 12 12 2
12 12 13 2
12 13 12 2
12 13 13 3
12 13 14 3
12 14 14 2
13 10 7 1
13 11 8 1
13 12 9 2
13 12 10 1
13 13 12 1
13 13 13 1
13 13 14 1
13 14 14 1
13 14 15 2
13 14 16 1
13 15 15 3
13 15 16 1
14 10 7 1
14 11 7 1
14 12 10 1
14 13 11 1
14 14 12 1
14 14 13 1
14 15 15 1
14 15 16 1
14 16 16 2
14 16 17 2
15 11 6 1
15 11 7 1
15 12 8 1
15 12 9 2
15 14 11 1
15 15 12 1
15 15 15 1
15 16 16 1
15 16 17 7
15 17 17 2
15 17 18 1
16 11 5 1
16 12 6 3
16 12 7 2
16 12 8 8
16 13 8 4
16 13 9 1
16 13 10 2
16 16 18 1
16 17 17 4
16 17 18 4
16 17 19 1
16 18 17 1
16 18 18 3
16 18 19 5
16 19 19 1
17 12 7 6
17 13 7 7
17 13 8 2
17 13 9 12
17 13 10 2
17 14 9 2
17 14 10 10
17 14 11 5
17 14 12 3
17 16 13 1
17 16 15 1
17 17 17 2
17 17 19 1
17 18 17 5
17 18 18 8
17 18 19 5
17 19 18 12
17 19 19 5
17 19 20 4
18 13 7 1
18 14 10 2
18 14 11 1
18 15 10 1
18 15 11 1
18 15 12 2
18 16 12 1
18 17 14 1
18 17 15 2
18 17 16 1
18 17 17 1
18 18 17 1
18 19 18 4
18 19 19 11
18 19 20 6
18 20 19 1
18 20 20 20
18 20 21 5
18 21 22 1
19 13 6 1
19 14 6 1
19 15 10 1
19 15 11 1
19 16 12 1
19 16 13 1
19 17 14 2
19 17 15 1
19 18 17 2
19 19 17 1
19 19 18 3
19 19 21 1
19 20 19 3
19 20 20 8
19 20 21 10
19 21 21 16
19 21 22 11
19 22 22 2
19 22 23 1
20 14 7 2
20 15 7 3
20 15 9 2
20 17 13 1
20 17 14 1
20 18 15 1
20 18 16 2
20 18 17 1
20 19 15 1
20 19 17 2
20 20 19 1
20 20 20 2
20 20 21 2
20 21 20 1
20 21 21 4
20 21 22 4
20 22 22 10
20 22 23 12
20 23 24 1
21 17 10 1
21 17 11 1
21 17 12 1
21 19 16 1
21 19 17 4
21 19 18 1
21 20 17 1
21 20 19 2
21 20 20 1
21 21 21 2
21 22 21 1
21 22 22 10
21 22 23 12
21 22 24 2
21 23 23 3
21 23 24 6
21 23 25 1
22 18 14 1
22 19 14 1
22 19 15 1
22 20 17 1
22 20 18 1
22 21 18 2
22 21 19 2
22 21 21 1
22 21 22 1
22 22 20 2
22 22 21 1
22 22 22 4
22 22 23 2
22 23 22 1
22 23 23 5
22 23 24 8
22 23 25 3
22 24 25 3
22 24 26 1
23 21 20 1
23 22 18 1
23 22 19 1
23 22 20 2
23 23 22 2
23 23 23 2
23 23 24 4
23 24 24 5
23 24 25 12
23 24 26 5
23 25 25 5
23 25 26 7
23 25 27 1
24 22 19 1
24 23 19 1
24 23 22 1
24 24 23 2
24 24 24 2
24 25 25 20
24 25 26 30
24 25 27 11
24 26 26 13
24 26 27 17
24 26 28 5
25 22 17 1
25 24 20 1
25 24 22 2
25 25 24 9
25 25 25 7
25 25 26 19
25 26 25 2
25 26 26 28
25 26 27 37
25 26 28 25
25 27 27 10
25 27 28 25
25 27 29 4
25 28 29 1
26 24 20 2
26 24 22 2
26 25 21 1
26 25 22 2
26 25 24 1
26 25 25 2
26 26 23 1
26 26 24 2
26 26 25 8
26 26 26 39
26 26 27 21
26 26 28 1
26 27 26 31
26 27 27 44
26 27 28 62
26 27 29 2
26 28 28 12
26 28 29 7
26 28 30 8
27 26 22 2
27 26 23 1
27 26 24 1
27 26 25 1
27 26 26 1
27 27 26 32
27 27 27 29
27 27 28 33
27 27 29 1
27 28 28 13
27 28 29 7
27 28 30 2
27 29 29 1
27 29 30 2
28 26 22 2
28 26 23 1
28 27 23 1
28 27 26 1
28 28 27 1
28 28 29 1
28 29 29 1
28 29 30 4
28 30 30 4
29 27 23 2
29 27 24 2
29 28 24 20
29 28 25 1
29 28 26 1
29 29 28 1
29 30 30 8
29 31 30 1
29 31 31 2
30 28 24 6
30 30 30 17
30 30 31 1
30 31 30 5
30 31 31 1
