32
1 1 0 3
1 1 1 4
1 2 1 20
2 2 1 14
2 2 2 8
2 3 2 16
2 3 3 4
3 3 2 8
3 3 3 16
3 4 3 6
4 3 3 2
4 4 3 6
4 4 4 6
4 5 4 3
4 5 5 1
5 4 3 3
5 4 4 1
5 5 4 2
5 5 5 2
5 6 5 6
6 5 3 1
6 5 4 2
6 6 4 1
6 6 5 8
6 6 6 5
6 7 6 4
6 7 7 4
7 5 3 2
7 5 4 1
7 6 4 1
7 6 5 1
7 7 6 4
7 7 7 3
7 8 7 4
7 8 8 1
8 5 3 1
8 6 3 1
8 6 4 3
8 7 5 1
8 7 6 1
8 8 7 4
8 8 8 3
8 8 9 1
8 9 8 1
8 9 9 4
8 10 9 1
9 6 4 3
9 7 5 3
9 8 7 1
9 8 8 1
9 9 8 2
9 9 9 1
9 10 9 2
9 10 10 1
10 7 4 1
10 8 6 1
10 8 7 2
10 10 9 4
10 10 10 2
10 11 10 1
10 11 11 2
11 8 6 1
11 9 7 1
11 9 8 1
11 11 10 1
11 11 12 1
11 12 11 2
12 9 8 1
12 10 9 1
12 11 10 1
12 12 10 1
12 12 11 1
12 12 12 3
12 12 13 1
12 13 12 1
12 13 13 1
13 12 10 2
13 12 12 1
13 13 11 1
13 13 12 3
13 13 13 1
13 14 14 1
13 15 14 1
14 11 10 1
14 12 11 1
14 13 11 1
14 14 13 3
14 14 14 2
14 15 14 1
14 15 15 3
15 11 8 1
15 12 8 1
15 14 13 2
15 15 14 3
15 15 15 1
15 16 15 3
15 16 16 1
15 17 16 1
16 12 8 8
16 13 8 1
16 13 9 2
16 13 10 1
16 13 12 1
16 14 13 1
16 15 14 1
16 15 15 1
16 16 15 6
16 16 16 2
16 16 17 1
16 17 15 3
16 17 16 3
16 17 17 7
17 12 8 2
17 13 8 5
17 13 9 10
17 13 10 1
17 14 10 2
17 14 11 1
17 17 15 4
17 17 16 22
17 17 17 3
17 18 17 4
17 18 18 6
18 14 9 2
18 14 10 4
18 15 10 1
18 15 11 1
18 17 16 1
18 17 17 3
18 18 17 10
18 18 18 1
18 18 19 2
18 19 18 6
18 19 19 3
18 20 20 1
19 15 10 1
19 15 11 8
19 15 12 2
19 16 11 3
19 16 12 7
19 16 13 1
19 17 13 1
19 17 14 1
19 18 15 1
19 18 17 1
19 19 18 3
19 19 20 2
19 20 18 1
19 20 19 4
19 20 20 7
20 16 11 1
20 16 12 4
20 17 14 3
20 18 16 2
20 18 17 1
20 19 17 1
20 20 19 4
20 20 20 1
20 21 19 6
20 21 20 12
20 21 21 8
20 22 21 1
21 18 15 1
21 19 16 1
21 19 17 3
21 20 18 1
21 20 19 1
21 21 20 2
21 21 21 2
21 21 22 2
21 22 20 13
21 22 21 17
21 22 22 8
21 23 22 1
22 20 18 2
22 20 20 1
22 21 19 1
22 21 20 1
22 22 21 6
22 22 22 11
22 22 23 1
22 23 22 30
22 23 23 5
23 22 20 1
23 22 21 1
23 23 22 6
23 23 23 11
23 24 22 1
23 24 23 34
23 24 24 11
24 23 22 1
24 23 23 1
24 24 23 7
24 24 24 14
24 24 25 1
24 25 24 30
24 25 25 25
24 25 26 2
24 26 25 2
24 26 26 1
25 24 24 2
25 25 24 7
25 25 25 11
25 25 26 2
25 26 25 20
25 26 26 61
25 26 27 15
25 27 27 2
26 26 25 3
26 26 26 62
26 26 27 11
26 27 26 54
26 27 27 65
26 27 28 8
26 28 27 2
26 28 28 3
27 27 26 1
27 27 27 15
27 27 28 12
27 28 27 19
27 28 28 84
27 28 29 3
27 29 28 1
27 29 29 2
28 28 28 33
28 28 29 3
28 29 28 35
28 29 29 55
29 29 28 1
29 29 29 6
29 29 30 6
29 30 29 1
29 30 30 19
30 30 30 74
30 31 30 3
30 31 31 1
