32
1 1 0 2
1 2 0 3
1 2 1 5
2 2 1 34
2 2 2 7
2 3 1 3
2 3 2 11
2 3 3 1
3 2 1 1
3 2 2 1
3 3 1 2
3 3 2 15
3 3 3 5
3 4 3 2
3 4 4 1
4 3 2 1
4 4 3 3
4 4 4 13
4 4 5 3
4 5 3 1
4 5 4 4
4 5 5 9
4 5 6 2
5 4 3 1
5 5 4 4
5 5 5 4
5 5 6 2
5 6 5 1
5 6 6 7
5 6 7 1
6 6 4 1
6 6 6 4
6 6 7 3
6 7 7 2
6 7 8 1
6 8 9 1
7 6 5 1
7 7 7 1
7 7 8 1
7 7 9 1
7 8 8 2
8 7 4 1
8 8 5 1
8 8 6 2
8 8 7 3
8 9 8 2
8 9 9 1
8 9 10 2
9 7 4 4
9 8 6 1
9 8 7 1
9 9 7 1
9 9 8 2
9 10 11 2
10 9 6 4
10 9 7 1
10 10 7 1
10 10 8 2
10 10 10 2
10 10 11 2
10 11 10 1
10 11 11 2
10 11 12 1
11 9 6 1
11 10 7 1
11 10 8 1
11 10 9 1
11 11 9 1
11 11 11 1
11 11 12 1
11 12 12 2
11 12 13 2
11 13 13 2
12 10 6 1
12 11 8 1
12 11 9 3
12 12 13 1
12 13 12 3
12 13 13 2
12 13 14 4
13 11 7 1
13 11 8 3
13 11 10 1
13 12 9 5
13 13 10 1
13 13 11 1
13 13 13 1
13 13 14 1
13 14 13 1
13 14 14 2
13 14 15 4
13 15 15 3
13 15 16 2
13 16 16 1
14 11 6 2
14 12 8 1
14 15 15 2
14 15 16 2
14 16 16 4
14 16 17 1
15 11 6 1
15 12 8 1
15 13 9 1
15 14 11 1
15 14 12 2
15 14 14 1
15 15 15 1
15 16 16 1
15 16 17 3
15 17 17 1
15 17 18 1
16 11 5 1
16 12 6 1
16 12 7 5
16 12 8 7
16 13 8 6
16 13 9 2
16 13 10 3
16 14 11 1
16 15 12 1
16 15 13 1
16 16 16 1
16 17 17 7
16 17 18 3
16 18 17 2
16 18 18 3
16 18 19 4
17 12 6 1
17 12 7 5
17 13 7 8
17 13 8 3
17 13 9 11
17 13 10 3
17 14 10 11
17 14 11 6
17 15 14 1
17 17 15 1
17 17 18 2
17 18 17 3
17 18 18 8
17 18 19 4
17 18 20 2
17 19 18 7
17 19 19 7
17 19 20 4
17 20 20 1
18 14 10 1
18 15 10 2
18 15 11 1
18 15 12 2
18 15 13 1
18 16 15 1
18 17 14 1
18 17 15 1
18 17 16 2
18 18 18 4
18 18 20 1
18 19 18 5
18 19 19 11
18 19 20 8
18 19 21 1
18 20 19 3
18 20 20 15
18 20 21 5
18 21 21 1
19 13 6 1
19 14 7 2
19 15 10 1
19 15 12 1
19 16 13 3
19 17 15 2
19 19 16 1
19 19 18 3
19 20 19 2
19 20 20 8
19 20 21 4
19 20 22 1
19 21 20 1
19 21 21 18
19 21 22 7
19 22 22 2
20 14 6 1
20 14 7 1
20 15 7 3
20 15 8 1
20 18 14 2
20 18 16 4
20 18 17 1
20 19 18 1
20 20 18 1
20 20 20 2
20 20 21 1
20 21 21 5
20 21 22 8
20 22 22 11
20 22 23 10
20 23 24 1
21 17 10 1
21 17 11 1
21 19 15 1
21 19 16 1
21 19 17 1
21 19 18 1
21 20 17 1
21 20 18 2
21 20 19 3
21 21 20 3
21 21 21 2
21 21 22 2
21 22 22 6
21 22 23 12
21 23 23 2
21 23 24 8
21 23 25 1
21 24 25 1
22 19 14 2
22 19 15 1
22 20 17 2
22 20 18 2
22 21 17 2
22 21 18 1
22 21 22 1
22 22 20 1
22 22 21 2
22 22 22 3
22 22 23 2
22 22 24 1
22 23 22 2
22 23 23 6
22 23 24 8
22 23 25 2
22 24 24 2
22 24 25 3
22 24 26 1
22 25 26 1
23 20 15 1
23 22 19 1
23 22 20 1
23 22 21 1
23 23 21 1
23 23 22 1
23 23 23 1
23 23 24 4
23 24 24 6
23 24 25 12
23 24 26 8
23 25 25 6
23 25 26 3
23 26 27 1
24 22 20 2
24 22 21 1
24 23 19 1
24 23 21 1
24 24 22 1
24 24 23 3
24 24 24 1
24 25 25 17
24 25 26 40
24 25 27 10
24 26 26 8
24 26 27 17
24 26 28 1
25 22 17 1
25 23 20 1
25 24 20 1
25 24 22 3
25 25 24 6
25 25 25 9
25 25 26 16
25 26 25 1
25 26 26 27
25 26 27 31
25 26 28 30
25 27 27 12
25 27 28 26
25 27 29 5
26 24 20 1
26 24 22 1
26 25 22 1
26 25 24 2
26 25 25 1
26 26 24 1
26 26 25 10
26 26 26 38
26 26 27 23
26 27 26 31
26 27 27 47
26 27 28 65
26 27 29 6
26 28 28 8
26 28 29 7
26 28 30 6
27 25 22 1
27 26 22 1
27 26 23 3
27 26 25 1
27 27 26 33
27 27 27 25
27 27 28 31
27 27 29 1
27 28 27 1
27 28 28 15
27 28 29 9
27 28 30 2
27 29 30 5
28 26 21 1
28 26 23 1
28 26 24 1
28 27 23 3
28 27 25 1
28 27 26 1
28 28 27 2
28 28 28 1
28 29 29 1
28 29 30 5
28 30 30 4
29 27 23 7
29 27 24 1
29 27 25 1
29 28 24 24
29 29 28 1
29 29 29 1
29 30 30 7
29 31 30 1
29 31 31 4
30 28 24 4
30 30 30 14
30 30 31 1
30 31 30 5
30 31 31 1
