32
1 1 0 3
1 2 1 6
2 2 0 1
2 2 1 35
2 2 2 7
2 3 1 1
2 3 2 16
3 3 1 1
3 3 2 21
3 3 3 6
3 4 3 3
3 4 5 1
4 4 3 2
4 4 4 25
4 5 4 6
4 5 5 9
5 5 3 1
5 5 4 2
5 5 5 2
5 5 6 9
5 6 5 2
5 6 6 3
5 6 7 1
5 6 8 1
6 5 4 3
6 5 5 1
6 6 4 1
6 6 6 3
6 6 7 1
6 6 8 1
6 7 6 1
6 7 8 3
6 8 9 1
7 7 6 1
7 7 7 1
7 7 9 1
7 8 7 1
7 8 8 2
8 7 4 1
8 7 5 1
8 7 6 1
8 8 6 4
8 8 7 3
8 8 9 1
8 9 7 1
8 9 8 2
8 9 9 1
8 9 10 1
9 7 4 3
9 8 7 1
9 9 6 1
9 9 7 1
9 9 8 1
9 10 9 1
9 10 10 1
9 10 11 2
10 8 5 1
10 9 6 1
10 9 7 1
10 9 8 1
10 10 8 4
10 10 10 1
10 10 11 2
10 11 10 2
10 12 12 1
10 12 13 1
11 9 6 4
11 10 7 1
11 10 8 1
11 11 8 2
11 11 9 1
11 11 12 1
11 12 12 3
11 12 13 3
11 13 13 1
12 10 7 1
12 11 8 3
12 12 13 1
12 13 12 1
12 13 13 2
12 13 14 1
12 14 14 3
13 11 8 2
13 12 8 1
13 12 9 2
13 12 10 1
13 13 12 2
13 13 15 1
13 14 14 2
13 14 15 2
13 15 15 4
14 11 7 1
14 11 8 1
14 12 7 1
14 12 10 1
14 13 10 1
14 13 13 1
14 14 11 1
14 14 14 1
14 15 15 1
14 15 16 2
14 16 16 3
14 16 17 2
14 17 17 1
15 11 6 1
15 12 7 1
15 12 8 1
15 12 9 1
15 14 13 1
15 15 12 1
15 15 13 1
15 15 14 1
15 16 16 1
15 16 17 3
15 17 17 5
16 12 6 4
16 12 7 5
16 12 8 9
16 13 8 5
16 13 9 1
16 13 10 2
16 13 11 1
16 16 15 1
16 16 16 1
16 16 17 1
16 17 17 5
16 17 18 4
16 17 19 1
16 18 17 2
16 18 18 1
16 18 19 3
17 12 7 2
17 12 8 1
17 13 7 9
17 13 8 3
17 13 9 11
17 13 10 1
17 14 10 12
17 14 11 4
17 14 12 1
17 16 13 1
17 16 15 1
17 17 14 1
17 18 17 7
17 18 18 10
17 18 19 4
17 18 20 1
17 19 18 11
17 19 19 6
17 19 20 4
18 14 9 1
18 14 10 1
18 15 10 1
18 15 11 1
18 15 12 2
18 15 13 1
18 16 13 1
18 16 15 1
18 17 15 1
18 18 18 3
18 18 19 1
18 18 20 1
18 19 18 4
18 19 19 8
18 19 20 5
18 20 19 2
18 20 20 15
18 20 21 5
19 13 6 1
19 14 6 1
19 14 7 1
19 14 8 1
19 16 13 2
19 17 15 1
19 18 15 1
19 18 16 2
19 19 18 6
19 19 20 3
19 20 19 3
19 20 20 10
19 20 21 6
19 20 22 1
19 21 21 17
19 21 22 9
19 22 22 6
20 14 6 1
20 14 7 1
20 14 10 1
20 15 7 2
20 15 8 1
20 18 13 1
20 18 15 1
20 18 16 3
20 18 17 3
20 19 16 1
20 19 18 1
20 20 19 1
20 20 21 2
20 21 20 2
20 21 21 5
20 21 22 3
20 22 22 8
20 22 23 8
20 22 24 1
20 23 23 1
20 23 24 1
21 15 7 1
21 16 9 1
21 17 13 1
21 19 16 2
21 19 17 1
21 20 18 3
21 20 19 1
21 21 20 1
21 21 21 1
21 21 22 2
21 21 23 1
21 22 21 1
21 22 22 4
21 22 23 15
21 23 23 2
21 23 24 7
21 23 25 1
22 17 11 1
22 19 14 2
22 19 15 1
22 19 17 1
22 20 17 1
22 20 18 2
22 21 17 2
22 21 18 1
22 22 20 1
22 22 21 1
22 22 22 3
22 22 23 5
22 23 22 1
22 23 23 6
22 23 24 10
22 23 25 3
22 24 24 1
22 24 25 4
22 24 26 1
23 19 14 1
23 22 19 2
23 22 20 1
23 22 23 2
23 23 21 1
23 23 22 3
23 23 23 5
23 23 24 2
23 24 24 4
23 24 25 12
23 24 26 7
23 25 25 4
23 25 26 8
23 25 27 1
24 22 21 1
24 23 21 1
24 24 22 2
24 24 23 1
24 24 24 1
24 24 25 1
24 25 24 1
24 25 25 21
24 25 26 34
24 25 27 14
24 26 26 8
24 26 27 15
24 26 28 4
25 23 18 1
25 23 21 1
25 24 20 1
25 24 21 1
25 24 22 2
25 25 23 1
25 25 24 6
25 25 25 8
25 25 26 17
25 26 25 1
25 26 26 24
25 26 27 36
25 26 28 30
25 27 27 9
25 27 28 21
25 27 29 4
25 28 29 1
26 24 20 2
26 25 22 2
26 25 23 1
26 25 25 2
26 26 24 1
26 26 25 9
26 26 26 45
26 26 27 20
26 27 26 35
26 27 27 52
26 27 28 67
26 27 29 4
26 28 28 2
26 28 29 4
26 28 30 8
27 25 22 1
27 26 22 1
27 26 23 1
27 26 25 1
27 27 26 29
27 27 27 24
27 27 28 33
27 27 29 1
27 28 28 7
27 28 29 9
27 28 30 2
27 29 29 1
27 29 30 3
28 26 22 2
28 26 23 1
28 27 23 2
28 27 24 1
28 28 27 2
28 28 28 1
28 29 30 3
28 30 30 1
29 27 23 4
29 27 24 1
29 28 24 24
29 28 26 1
29 29 28 1
29 30 30 8
29 30 31 1
29 31 31 1
30 28 24 2
30 30 30 13
30 30 31 1
30 31 30 3
30 31 31 1
