32
1 1 0 4
1 1 1 2
1 2 1 20
2 2 1 19
2 2 2 7
2 2 3 1
2 3 2 22
2 3 3 4
3 3 2 8
3 3 3 13
3 4 3 7
4 3 3 2
4 4 3 3
4 4 4 7
4 5 4 5
5 4 3 1
5 5 4 6
5 5 5 22
5 6 5 11
6 5 3 1
6 6 5 7
6 6 6 4
6 6 7 1
6 7 6 12
6 7 7 2
7 5 3 3
7 6 5 2
7 6 6 1
7 7 5 1
7 7 6 5
7 7 7 6
7 8 7 1
7 8 8 2
8 5 3 1
8 6 4 4
8 7 4 1
8 7 6 3
8 8 6 2
8 8 7 4
8 8 8 4
8 9 8 5
8 9 9 4
8 9 10 1
9 6 4 2
9 7 4 1
9 7 5 1
9 8 6 2
9 8 7 2
9 9 8 1
9 9 9 1
9 9 10 1
9 10 9 1
9 10 10 2
10 6 4 1
10 8 6 2
10 9 7 1
10 10 10 3
10 11 10 1
10 11 11 2
11 8 7 1
11 9 7 2
11 11 9 1
11 11 11 1
11 12 11 3
12 10 7 1
12 10 8 3
12 11 10 1
12 12 10 1
12 12 11 2
12 12 12 2
12 13 11 1
12 13 12 2
12 13 13 4
13 11 9 1
13 12 10 1
13 13 11 1
13 13 12 1
13 13 13 5
13 13 14 2
13 14 13 3
13 14 14 1
14 11 7 1
14 12 10 1
14 12 11 1
14 14 13 3
14 14 14 1
14 15 14 1
14 15 15 1
14 15 16 1
15 11 7 1
15 12 8 1
15 13 11 1
15 14 13 1
15 15 14 4
15 15 15 1
15 16 15 2
15 16 16 1
16 12 7 1
16 12 8 7
16 13 10 1
16 13 12 1
16 14 11 1
16 14 14 1
16 16 14 1
16 16 15 5
16 16 16 3
16 16 17 1
16 17 15 1
16 17 16 7
16 17 17 3
17 13 8 7
17 13 9 12
17 14 9 1
17 14 10 2
17 16 15 2
17 17 15 1
17 17 16 25
17 17 17 4
17 17 18 1
17 18 17 6
17 18 18 8
17 19 18 1
18 14 10 7
18 15 11 5
18 15 12 2
18 17 17 1
18 18 17 2
18 18 18 3
18 18 19 2
18 19 18 4
18 19 19 4
19 15 11 7
19 16 11 4
19 16 12 5
19 16 13 2
19 16 14 1
19 17 14 2
19 17 15 1
19 18 15 1
19 18 18 1
19 19 18 3
19 19 19 1
19 19 20 1
19 20 19 6
19 20 20 6
19 21 21 1
20 16 11 1
20 16 12 6
20 17 14 2
20 18 16 2
20 20 17 1
20 20 19 1
20 20 20 2
20 20 21 1
20 21 19 9
20 21 20 7
20 21 21 6
20 21 22 1
20 22 20 1
20 22 21 1
21 19 16 3
21 19 17 1
21 19 18 1
21 20 17 2
21 21 19 1
21 21 20 1
21 21 21 4
21 22 20 18
21 22 21 17
21 22 22 5
21 23 22 1
21 23 23 1
22 20 18 1
22 20 19 1
22 21 18 1
22 21 21 1
22 22 21 7
22 22 22 8
22 22 23 1
22 23 21 2
22 23 22 32
22 23 23 7
22 24 23 1
23 22 21 1
23 23 21 1
23 23 22 4
23 23 23 8
23 23 24 2
23 24 23 36
23 24 24 8
23 25 24 4
24 23 22 2
24 24 23 7
24 24 24 15
24 24 25 1
24 25 24 30
24 25 25 24
24 25 26 1
24 26 26 1
25 24 23 1
25 25 24 3
25 25 25 14
25 25 26 3
25 26 25 18
25 26 26 60
25 26 27 14
25 27 27 1
26 26 25 4
26 26 26 59
26 26 27 12
26 27 26 52
26 27 27 76
26 27 28 7
26 28 27 10
26 28 28 4
27 27 27 15
27 27 28 12
27 28 27 19
27 28 28 70
27 28 29 6
27 29 28 1
27 29 29 2
28 28 28 25
28 28 29 6
28 29 28 31
28 29 29 78
28 30 29 1
29 29 29 10
29 29 30 5
29 30 29 2
29 30 30 18
30 30 30 50
30 31 30 2
30 31 31 1
