32
1 1 0 3
1 2 1 4
2 2 1 23
2 2 2 10
2 3 1 3
2 3 2 17
3 3 1 2
3 3 2 15
3 3 3 6
3 4 3 4
3 4 4 1
4 4 3 2
4 4 4 21
4 5 4 4
4 5 5 9
4 5 6 2
5 5 3 1
5 5 4 6
5 5 5 4
5 5 6 4
5 6 5 1
5 6 6 7
5 6 7 2
6 5 5 1
6 5 6 1
6 6 4 1
6 6 6 5
6 7 6 2
6 7 7 1
6 7 8 1
6 7 9 1
7 7 5 1
7 7 8 1
7 8 8 2
7 8 9 3
7 8 10 1
8 7 5 1
8 8 6 1
8 8 7 3
8 8 8 1
8 8 9 1
8 9 10 1
9 8 6 1
9 8 7 1
9 9 7 1
9 9 8 1
9 9 9 1
9 10 10 1
9 10 11 1
10 9 6 1
10 9 8 3
10 10 8 1
10 10 9 1
10 10 10 1
10 11 11 2
10 11 12 3
10 12 12 1
11 9 6 1
11 10 7 1
11 10 8 1
11 10 9 1
11 11 9 1
11 12 12 2
11 12 13 1
12 11 9 1
12 12 9 1
12 12 13 1
12 13 12 1
12 13 13 4
12 13 14 2
12 14 14 1
13 10 8 1
13 11 9 1
13 12 9 1
13 12 10 2
13 13 13 1
13 13 14 1
13 14 14 2
13 14 15 1
13 15 15 1
13 15 16 2
13 16 16 1
14 12 8 1
14 12 10 1
14 13 12 1
14 14 14 1
14 14 15 1
14 15 13 1
14 15 15 2
14 15 16 3
14 16 17 4
15 11 6 1
15 12 7 2
15 12 8 1
15 12 10 1
15 15 15 2
15 15 16 1
15 16 16 4
15 16 17 1
15 17 17 5
15 17 18 2
16 11 5 1
16 12 6 1
16 12 7 2
16 12 8 6
16 12 9 1
16 13 8 6
16 13 9 2
16 14 12 1
16 17 17 4
16 17 18 6
16 18 17 1
16 18 18 2
16 18 19 3
17 12 7 6
17 12 8 2
17 13 7 5
17 13 8 5
17 13 9 9
17 13 10 2
17 14 9 1
17 14 10 13
17 14 11 8
17 15 12 1
17 16 15 1
17 18 17 1
17 18 18 4
17 18 19 5
17 18 20 1
17 19 18 11
17 19 19 5
17 19 20 5
18 13 6 1
18 14 10 2
18 14 12 1
18 15 10 1
18 15 11 2
18 15 13 1
18 16 13 1
18 17 15 1
18 17 16 2
18 18 17 1
18 18 18 3
18 18 19 3
18 19 18 3
18 19 19 7
18 19 20 4
18 19 21 3
18 20 19 4
18 20 20 12
18 20 21 3
18 20 22 1
19 13 6 1
19 16 13 2
19 17 15 2
19 17 16 1
19 18 16 1
19 19 18 2
19 19 19 2
19 20 19 1
19 20 20 10
19 20 21 4
19 21 21 17
19 21 22 6
19 22 22 6
20 14 7 2
20 15 7 2
20 18 16 3
20 19 17 1
20 20 20 3
20 20 21 1
20 21 21 10
20 21 22 6
20 22 22 12
20 22 23 9
20 23 23 2
21 18 14 1
21 19 16 2
21 19 17 1
21 19 18 1
21 20 18 2
21 21 21 1
21 21 22 1
21 22 21 2
21 22 22 5
21 22 23 9
21 22 24 3
21 23 23 4
21 23 24 9
21 24 25 2
22 18 12 1
22 19 15 1
22 20 17 1
22 20 18 1
22 21 21 1
22 22 19 1
22 22 20 2
22 22 21 2
22 22 22 3
22 22 23 4
22 23 22 2
22 23 23 7
22 23 24 8
22 23 25 1
22 24 24 3
22 24 25 2
22 25 26 1
23 21 19 1
23 22 23 1
23 23 22 1
23 23 23 2
23 23 24 2
23 24 24 3
23 24 25 12
23 24 26 6
23 25 25 3
23 25 26 6
23 26 27 1
24 22 20 1
24 22 21 2
24 22 22 1
24 23 21 1
24 23 22 1
24 24 23 1
24 24 24 1
24 24 25 2
24 25 25 14
24 25 26 22
24 25 27 11
24 26 26 12
24 26 27 15
24 26 28 3
25 22 17 1
25 24 22 2
25 25 23 2
25 25 24 7
25 25 25 10
25 25 26 11
25 26 25 1
25 26 26 28
25 26 27 30
25 26 28 26
25 27 27 14
25 27 28 23
25 27 29 6
26 25 22 1
26 25 24 1
26 25 25 1
26 26 24 1
26 26 25 9
26 26 26 32
26 26 27 26
26 26 28 1
26 27 26 42
26 27 27 51
26 27 28 56
26 27 29 6
26 28 28 25
26 28 29 7
26 28 30 5
27 26 23 2
27 27 26 20
27 27 27 20
27 27 28 23
27 27 29 1
27 28 28 13
27 28 29 7
27 28 30 1
27 29 29 1
27 29 30 7
28 27 25 1
28 27 27 1
28 28 27 1
28 29 29 1
28 29 30 2
28 30 30 1
29 27 23 1
29 27 24 2
29 29 28 1
29 30 30 5
30 30 30 7
30 30 31 1
30 31 30 1
30 31 31 1
