32
0 1 0 1
1 1 0 3
1 1 1 3
1 2 1 22
2 2 1 14
2 2 2 6
2 3 2 17
2 3 3 5
3 2 2 1
3 3 2 12
3 3 3 16
3 4 3 5
3 4 4 1
4 3 3 2
4 4 3 5
4 4 4 6
4 5 4 4
4 5 5 2
5 5 4 8
5 5 5 16
5 6 5 11
5 6 6 1
6 5 4 1
6 5 5 1
6 6 5 7
6 6 6 5
6 7 6 9
6 7 7 2
7 5 3 4
7 7 6 4
7 7 7 6
7 8 8 4
8 5 3 1
8 6 4 3
8 7 6 3
8 8 6 2
8 8 7 7
8 8 8 5
8 8 9 1
8 9 8 2
8 9 9 4
9 6 4 3
9 7 5 1
9 8 6 1
9 8 7 2
9 9 9 2
9 9 10 1
9 10 9 2
9 10 10 3
10 7 4 1
10 8 6 3
10 10 8 1
10 10 9 2
10 11 11 2
11 10 8 2
11 10 11 1
11 11 10 3
11 12 11 2
12 10 7 1
12 10 8 2
12 11 10 1
12 12 11 2
12 12 12 2
12 12 13 1
12 13 12 1
12 13 13 3
13 10 9 1
13 11 10 1
13 12 11 1
13 13 11 1
13 13 12 3
13 13 13 2
13 13 14 1
13 14 14 4
13 15 14 1
14 13 11 2
14 14 13 5
14 14 14 2
14 15 15 4
15 11 7 2
15 12 8 1
15 14 13 1
15 14 14 1
15 15 13 1
15 15 14 5
15 15 15 1
15 15 16 1
15 16 15 3
15 16 16 2
16 12 7 2
16 12 8 5
16 13 8 2
16 13 10 2
16 13 12 1
16 15 15 1
16 16 15 4
16 16 16 3
16 17 15 4
16 17 16 3
16 17 17 3
17 13 8 5
17 13 9 12
17 13 10 2
17 14 9 1
17 14 10 2
17 17 15 2
17 17 16 20
17 17 17 2
17 17 18 1
17 18 17 8
17 18 18 3
18 14 9 1
18 14 10 5
18 14 11 1
18 15 10 1
18 15 11 1
18 17 16 1
18 18 17 5
18 19 18 5
18 19 19 5
19 15 10 2
19 15 11 7
19 16 11 3
19 16 12 9
19 16 13 1
19 17 13 1
19 17 14 2
19 19 18 3
19 19 19 3
19 19 20 3
19 20 19 7
19 20 20 6
19 20 21 1
19 21 21 2
20 16 12 4
20 17 12 1
20 17 14 2
20 18 16 4
20 19 16 1
20 19 19 1
20 20 19 4
20 20 20 1
20 20 21 5
20 21 19 5
20 21 20 12
20 21 21 5
20 21 22 1
20 22 21 1
20 22 22 1
21 18 16 1
21 19 16 1
21 19 17 1
21 19 19 1
21 20 19 1
21 20 20 1
21 21 20 3
21 21 22 2
21 22 20 12
21 22 21 16
21 22 22 8
22 19 16 1
22 20 18 3
22 21 18 1
22 21 20 2
22 22 20 1
22 22 21 6
22 22 22 4
22 23 21 1
22 23 22 34
22 23 23 5
23 22 22 1
23 23 21 2
23 23 22 5
23 23 23 7
23 23 24 1
23 24 22 1
23 24 23 30
23 24 24 7
23 25 24 2
24 23 22 1
24 23 23 2
24 24 23 9
24 24 24 13
24 24 25 1
24 25 24 32
24 25 25 27
24 26 25 2
24 26 26 1
25 25 24 3
25 25 25 14
25 25 26 5
25 26 25 18
25 26 26 62
25 26 27 14
26 25 26 1
26 26 25 3
26 26 26 59
26 26 27 11
26 27 26 53
26 27 27 75
26 27 28 9
26 28 27 9
26 28 28 3
27 27 27 12
27 27 28 10
27 28 27 25
27 28 28 74
27 28 29 4
27 29 28 5
27 29 29 1
28 28 28 18
28 28 29 5
28 29 28 29
28 29 29 78
28 30 29 1
29 29 29 9
29 29 30 5
29 30 29 1
29 30 30 15
30 30 30 48
30 31 30 1
30 31 31 2
