32
0 5 2 1
1 1 0 3
1 1 1 1
1 2 1 16
2 2 1 16
2 2 2 10
2 3 2 18
2 3 3 3
2 5 3 1
3 3 2 11
3 3 3 15
3 4 3 4
3 5 4 1
3 6 4 1
4 3 3 2
4 4 3 5
4 4 4 7
4 5 4 3
4 5 5 5
5 4 4 2
5 5 3 1
5 5 4 8
5 5 5 13
5 6 5 14
6 5 3 1
6 6 5 6
6 6 6 5
6 7 6 10
6 7 7 1
7 5 3 2
7 6 5 3
7 7 5 1
7 7 6 5
7 7 7 4
7 8 7 3
7 8 8 4
7 9 8 1
8 5 3 2
8 5 4 2
8 6 4 2
8 6 5 1
8 7 5 1
8 7 6 2
8 7 7 1
8 8 7 4
8 8 8 5
8 9 8 2
8 9 9 2
9 6 4 2
9 7 6 1
9 8 7 2
9 9 9 4
9 10 9 1
9 10 10 3
10 7 4 1
10 8 6 1
10 8 7 1
10 9 7 1
10 9 8 1
10 10 9 2
10 10 10 1
10 11 11 2
11 9 8 1
11 11 9 1
11 11 10 1
11 11 11 2
11 12 11 3
11 12 12 1
12 10 9 2
12 11 10 1
12 12 10 1
12 12 11 3
12 12 12 1
12 12 13 1
12 13 12 1
12 13 13 3
13 10 9 1
13 11 10 1
13 13 11 2
13 13 12 2
13 13 13 5
13 14 13 1
13 14 14 1
13 15 14 1
14 12 11 1
14 13 11 1
14 14 13 4
14 14 14 1
14 15 13 1
14 15 14 1
14 15 15 5
15 11 7 1
15 11 8 1
15 12 8 1
15 14 13 1
15 15 14 2
15 15 15 1
15 15 16 1
15 16 15 2
15 16 16 4
15 17 16 1
16 12 7 2
16 12 8 6
16 13 10 1
16 14 13 1
16 15 14 2
16 16 14 1
16 16 15 8
16 16 16 1
16 16 17 1
16 17 15 2
16 17 16 6
16 17 17 1
16 18 17 1
17 12 8 1
17 13 8 9
17 13 9 8
17 13 10 2
17 14 10 2
17 14 11 1
17 14 13 1
17 15 14 1
17 16 16 1
17 17 15 4
17 17 16 18
17 17 17 4
17 18 17 7
17 18 18 5
18 14 9 1
18 14 10 6
18 14 11 1
18 15 10 1
18 15 11 2
18 17 17 2
18 18 17 5
18 18 19 1
18 19 18 5
18 19 19 4
18 20 19 2
19 15 11 9
19 15 12 1
19 16 11 4
19 16 12 4
19 16 13 2
19 17 13 1
19 17 14 1
19 17 15 2
19 18 17 3
19 19 18 4
19 19 19 3
19 20 18 1
19 20 19 5
19 20 20 9
20 16 11 1
20 16 12 6
20 17 14 3
20 18 15 1
20 18 16 1
20 18 17 1
20 19 17 1
20 20 19 1
20 20 20 2
20 20 21 2
20 21 19 8
20 21 20 10
20 21 21 3
20 21 22 1
20 22 21 1
21 18 15 1
21 19 16 1
21 19 17 3
21 19 19 1
21 20 17 1
21 21 19 1
21 21 20 2
21 21 21 1
21 21 22 1
21 22 20 14
21 22 21 18
21 22 22 3
21 22 23 1
22 21 19 1
22 21 20 2
22 22 21 9
22 22 22 6
22 23 22 29
22 23 23 8
22 24 23 1
23 22 20 1
23 22 21 1
23 23 21 1
23 23 22 5
23 23 23 13
23 23 24 4
23 24 23 25
23 24 24 9
24 23 22 1
24 24 23 10
24 24 24 8
24 25 24 38
24 25 25 29
24 25 26 1
24 26 25 2
25 25 24 5
25 25 25 13
25 25 26 3
25 26 25 13
25 26 26 66
25 26 27 16
25 27 27 2
26 25 25 1
26 26 24 1
26 26 25 3
26 26 26 64
26 26 27 9
26 27 26 52
26 27 27 75
26 27 28 11
26 28 27 1
26 28 28 2
27 27 27 14
27 27 28 14
27 28 27 19
27 28 28 77
27 28 29 5
27 29 28 3
28 28 28 28
28 28 29 5
28 29 28 28
28 29 29 57
28 29 30 1
29 29 29 9
29 29 30 4
29 30 30 18
30 30 30 45
30 30 31 1
30 31 30 1
30 31 31 2
