32
1 1 0 3
1 1 1 3
1 2 1 17
2 2 1 14
2 2 2 10
2 3 2 25
2 3 3 3
3 3 1 1
3 3 2 10
3 3 3 19
3 4 3 7
3 4 4 1
4 3 3 1
4 4 3 3
4 4 4 4
4 5 4 1
4 5 5 3
5 4 3 1
5 5 4 4
5 5 5 7
5 6 5 8
5 6 6 1
6 5 3 1
6 5 4 1
6 5 5 1
6 6 4 1
6 6 5 10
6 6 6 6
6 7 6 5
6 7 7 3
7 5 3 3
7 6 4 1
7 6 5 1
7 7 6 8
7 7 7 8
7 7 8 1
7 8 7 2
7 8 9 1
8 5 3 2
8 6 4 4
8 6 5 1
8 7 6 2
8 8 6 1
8 8 7 1
8 8 8 8
8 9 8 1
8 9 9 5
8 10 9 1
9 6 4 2
9 8 6 2
9 9 8 3
9 9 9 4
9 10 10 1
10 7 4 2
10 8 6 2
10 8 7 1
10 9 7 2
10 10 8 1
10 10 9 1
10 10 11 1
10 11 11 2
11 8 7 1
11 9 7 1
11 9 8 1
11 10 10 1
11 11 10 3
11 11 11 1
11 12 11 2
12 10 8 1
12 10 9 1
12 11 10 1
12 12 10 1
12 12 11 2
12 12 12 1
12 12 13 1
12 13 12 2
12 13 13 1
13 10 8 1
13 12 11 1
13 13 12 5
13 13 13 1
13 13 14 1
13 14 13 1
13 14 14 2
14 11 7 1
14 13 11 1
14 13 12 1
14 14 13 5
14 14 14 3
14 15 14 1
14 15 15 1
15 11 7 1
15 12 8 1
15 13 11 1
15 13 12 1
15 15 13 2
15 15 14 4
15 15 15 1
15 15 16 3
15 16 15 3
15 16 16 1
16 12 7 2
16 12 8 5
16 13 8 1
16 13 10 2
16 14 13 1
16 16 15 6
16 16 16 3
16 17 16 5
16 17 17 1
17 13 8 8
17 13 9 8
17 13 10 1
17 14 10 3
17 16 15 2
17 17 15 2
17 17 16 22
17 17 17 3
17 18 17 4
17 18 18 4
17 19 18 2
18 14 9 2
18 14 10 5
18 15 10 1
18 15 11 1
18 17 16 3
18 18 17 8
18 18 18 3
18 18 19 1
18 19 18 4
18 19 19 4
19 15 10 1
19 15 11 9
19 15 12 1
19 16 11 2
19 16 12 6
19 16 13 2
19 17 14 2
19 17 15 1
19 18 18 1
19 19 18 5
19 19 19 4
19 19 20 1
19 20 19 8
19 20 20 6
19 21 20 1
19 21 21 1
20 16 12 6
20 17 14 1
20 17 15 2
20 18 16 2
20 19 17 1
20 19 19 1
20 20 19 4
20 20 20 2
20 20 21 2
20 21 19 6
20 21 20 9
20 21 21 6
20 22 22 1
21 17 14 1
21 18 16 1
21 19 17 2
21 19 18 1
21 20 17 1
21 20 18 1
21 20 19 1
21 21 20 4
21 21 21 3
21 21 22 2
21 22 20 15
21 22 21 12
21 22 22 7
21 22 23 1
22 19 16 1
22 20 19 2
22 21 19 1
22 21 21 1
22 22 20 3
22 22 21 5
22 22 22 9
22 23 21 2
22 23 22 31
22 23 23 6
23 22 20 1
23 23 22 6
23 23 23 12
23 24 23 26
23 24 24 8
23 25 25 1
24 23 22 1
24 23 23 1
24 24 23 11
24 24 24 14
24 25 24 36
24 25 25 24
25 25 24 6
25 25 25 15
25 25 26 5
25 26 25 14
25 26 26 58
25 26 27 14
25 27 27 1
26 25 25 1
26 26 25 3
26 26 26 66
26 26 27 11
26 27 26 54
26 27 27 78
26 27 28 8
26 28 27 5
26 28 28 2
27 27 27 13
27 27 28 17
27 28 27 23
27 28 28 66
27 28 29 2
27 29 28 3
27 29 29 2
28 28 28 32
28 28 29 7
28 29 28 30
28 29 29 71
29 29 29 8
29 29 30 6
29 30 30 16
30 30 30 56
30 30 31 2
30 31 30 1
30 31 31 1
