32
1 1 0 3
1 1 1 5
1 2 1 19
2 2 1 18
2 2 2 5
2 3 2 23
2 3 3 3
2 4 4 1
3 3 2 9
3 3 3 10
3 4 3 8
4 3 3 1
4 4 2 1
4 4 3 2
4 4 4 8
4 5 4 4
5 5 4 8
5 5 5 18
5 6 5 11
5 6 6 1
6 5 3 1
6 5 5 1
6 6 4 1
6 6 5 8
6 6 6 7
6 7 6 5
6 7 7 2
7 5 3 3
7 6 4 1
7 6 5 1
7 6 6 1
7 7 6 5
7 7 7 4
7 8 6 1
7 8 7 2
7 8 8 2
8 5 3 2
8 6 4 4
8 7 4 1
8 7 5 1
8 7 6 2
8 8 6 2
8 8 7 2
8 8 8 4
8 8 9 1
8 9 8 2
8 9 9 4
8 9 10 1
9 6 4 2
9 7 5 1
9 8 6 3
9 8 7 3
9 9 9 5
9 9 10 1
9 10 9 3
9 10 10 1
10 7 4 1
10 8 7 2
10 9 8 1
10 10 9 2
10 10 10 2
10 11 10 3
10 11 11 3
11 9 7 2
11 9 8 1
11 11 10 3
11 12 10 1
11 12 11 1
12 10 7 1
12 10 8 1
12 11 10 1
12 12 11 3
12 12 12 5
12 13 13 4
13 10 8 1
13 11 9 1
13 12 11 1
13 13 12 2
13 13 13 2
13 14 13 2
13 14 14 2
14 11 8 1
14 13 11 1
14 13 12 1
14 13 13 1
14 14 13 4
14 14 14 3
15 11 7 2
15 12 8 1
15 12 10 1
15 13 11 1
15 14 13 1
15 14 14 1
15 15 14 5
15 15 15 2
15 15 16 1
15 16 15 3
15 16 16 3
16 12 8 8
16 13 10 2
16 14 13 1
16 16 15 5
16 16 16 2
16 17 16 4
16 17 17 3
17 13 8 7
17 13 9 10
17 14 10 3
17 14 11 1
17 15 11 1
17 16 15 1
17 17 15 1
17 17 16 22
17 17 17 4
17 18 17 5
17 18 18 4
17 19 18 1
18 14 10 7
18 15 10 2
18 15 11 2
18 15 13 1
18 17 16 1
18 17 17 1
18 18 17 6
18 18 18 2
18 19 18 4
18 19 19 3
19 15 11 8
19 15 12 1
19 16 11 2
19 16 12 7
19 16 13 3
19 17 14 1
19 17 15 1
19 17 17 1
19 18 15 1
19 18 18 1
19 19 18 5
19 19 20 3
19 20 18 1
19 20 19 7
19 20 20 7
19 21 21 3
20 16 11 1
20 16 12 5
20 17 14 4
20 18 16 4
20 19 17 1
20 19 18 1
20 19 19 1
20 20 20 4
20 20 21 1
20 21 19 5
20 21 20 18
20 21 21 6
20 22 21 1
20 22 22 1
21 19 16 1
21 19 17 2
21 20 17 1
21 21 20 2
21 21 21 2
21 21 22 2
21 22 20 10
21 22 21 18
21 22 22 7
21 22 23 1
22 19 16 1
22 20 18 2
22 21 20 1
22 22 21 8
22 22 22 13
22 22 23 1
22 23 21 1
22 23 22 26
22 23 23 7
23 22 20 1
23 22 21 3
23 22 22 3
23 23 22 4
23 23 23 9
23 24 23 28
23 24 24 13
23 24 25 1
24 23 22 1
24 23 23 1
24 24 23 8
24 24 24 11
24 24 25 1
24 25 24 29
24 25 25 28
24 25 26 1
24 26 25 2
25 24 24 1
25 25 24 4
25 25 25 10
25 25 26 7
25 26 25 16
25 26 26 51
25 26 27 7
25 27 27 1
26 25 26 1
26 26 25 2
26 26 26 64
26 26 27 7
26 27 26 46
26 27 27 63
26 27 28 5
26 28 28 1
27 27 27 14
27 27 28 12
27 28 27 5
27 28 28 59
27 28 29 2
27 29 28 5
27 29 29 2
28 28 28 10
28 28 29 4
28 29 28 7
28 29 29 55
28 29 30 2
29 29 29 8
29 29 30 4
29 30 30 19
30 30 30 57
30 30 31 2
30 31 30 2
