32
1 1 0 3
1 1 1 4
1 2 1 16
2 2 1 15
2 2 2 6
2 3 2 22
2 3 3 3
3 3 2 8
3 3 3 16
3 4 3 7
3 5 3 1
4 3 3 2
4 4 3 3
4 4 4 6
4 5 4 6
4 5 5 1
5 4 3 2
5 5 4 6
5 5 5 15
5 6 5 11
5 6 6 1
6 6 4 1
6 6 5 9
6 6 6 7
6 7 6 8
6 7 7 2
7 5 3 2
7 6 5 1
7 7 6 9
7 7 7 6
7 8 8 3
8 5 3 2
8 5 4 1
8 6 4 4
8 7 5 2
8 7 6 1
8 7 7 1
8 8 7 4
8 8 8 3
8 8 9 1
8 9 8 2
8 9 9 3
9 6 4 2
9 7 5 3
9 7 6 1
9 8 6 1
9 8 7 1
9 9 7 1
9 9 8 1
9 9 9 3
9 9 10 1
9 10 9 1
9 10 10 1
10 7 4 1
10 8 6 1
10 8 7 2
10 10 9 2
10 10 10 1
10 11 11 3
11 9 7 2
11 9 8 1
11 11 10 2
11 11 11 1
11 12 11 2
11 12 12 1
12 10 8 1
12 11 10 2
12 11 11 1
12 12 11 2
12 12 12 2
12 12 13 2
12 13 12 2
12 13 13 1
12 14 13 1
13 10 9 1
13 11 10 1
13 12 11 1
13 13 11 1
13 13 12 1
13 13 13 6
13 14 13 1
14 12 11 1
14 13 12 1
14 14 12 1
14 14 13 5
14 14 14 3
14 15 15 2
15 11 7 1
15 11 8 1
15 12 8 1
15 14 13 2
15 15 14 4
15 15 15 2
15 16 15 2
15 16 16 2
16 12 8 7
16 13 8 1
16 13 10 2
16 15 14 1
16 15 15 1
16 16 15 4
16 16 16 2
16 17 15 2
16 17 16 4
16 17 17 3
16 18 17 1
17 13 8 6
17 13 9 16
17 13 12 1
17 14 10 1
17 16 15 1
17 17 15 1
17 17 16 20
17 17 17 3
17 17 18 2
17 18 16 2
17 18 17 5
17 18 18 7
17 19 19 1
18 14 9 1
18 14 10 6
18 15 11 1
18 15 12 1
18 17 16 1
18 17 17 3
18 18 17 6
18 18 18 1
18 18 19 1
18 19 18 5
18 19 19 6
19 15 11 10
19 15 12 1
19 16 11 3
19 16 12 7
19 16 13 3
19 17 14 2
19 18 15 1
19 19 18 6
19 19 19 1
19 19 20 1
19 20 19 5
19 20 20 6
19 21 20 1
19 21 21 1
20 16 11 1
20 16 12 3
20 17 13 1
20 17 14 2
20 18 15 1
20 18 17 2
20 19 17 1
20 19 18 1
20 20 19 2
20 20 20 4
20 20 21 3
20 21 19 6
20 21 20 13
20 21 21 4
21 19 16 1
21 19 17 3
21 20 17 1
21 20 19 1
21 21 20 4
21 21 21 2
21 21 22 2
21 22 20 13
21 22 21 17
21 22 22 8
21 23 23 1
22 19 17 1
22 20 20 1
22 21 18 1
22 21 19 1
22 22 20 1
22 22 21 5
22 22 22 9
22 22 23 3
22 23 21 3
22 23 22 28
22 23 23 2
23 21 21 1
23 22 20 1
23 23 21 1
23 23 22 6
23 23 23 9
23 24 23 32
23 24 24 7
24 23 22 2
24 24 23 10
24 24 24 12
24 24 25 2
24 25 23 1
24 25 24 36
24 25 25 26
24 26 25 1
24 26 26 2
25 24 23 1
25 25 24 2
25 25 25 15
25 25 26 6
25 26 25 18
25 26 26 58
25 26 27 17
25 27 27 1
26 26 25 4
26 26 26 63
26 26 27 8
26 27 26 56
26 27 27 74
26 27 28 7
26 28 28 2
27 27 27 15
27 27 28 17
27 28 27 22
27 28 28 73
27 28 29 4
27 29 28 3
27 29 29 1
28 28 28 28
28 28 29 6
28 29 28 29
28 29 29 65
29 29 29 6
29 29 30 5
29 30 29 1
29 30 30 19
30 30 30 47
30 30 31 1
30 31 31 1
