32
1 1 0 3
1 1 1 1
1 2 1 20
2 2 1 19
2 2 2 8
2 3 2 15
2 3 3 3
3 3 2 12
3 3 3 12
3 4 3 7
4 3 3 3
4 4 3 3
4 4 4 6
4 5 4 4
5 4 4 2
5 5 4 7
5 5 5 11
5 5 6 1
5 6 5 7
5 6 6 1
6 5 3 1
6 5 4 1
6 5 5 1
6 6 4 1
6 6 5 5
6 6 6 10
6 7 6 5
6 7 7 5
7 5 3 3
7 6 5 1
7 7 6 7
7 7 7 5
7 8 7 4
7 8 8 4
8 5 3 1
8 5 4 2
8 6 4 1
8 6 5 1
8 7 5 1
8 7 6 1
8 8 7 4
8 8 8 2
8 8 9 1
8 9 8 5
8 9 9 1
8 10 9 1
9 6 4 3
9 8 6 1
9 8 7 1
9 9 8 1
9 9 9 2
9 10 9 3
9 10 10 1
10 7 4 1
10 8 7 3
10 9 7 1
10 10 9 1
10 10 10 1
10 11 10 1
10 11 11 2
10 12 12 1
11 9 7 1
11 9 8 1
11 10 9 1
11 11 10 2
11 11 11 1
11 12 10 1
11 12 11 2
11 12 12 2
12 10 8 2
12 10 9 1
12 11 10 1
12 12 11 3
12 12 12 1
12 12 13 1
12 13 13 1
13 13 11 1
13 13 12 2
13 13 13 3
13 14 13 2
13 14 14 3
14 12 11 2
14 13 11 1
14 14 13 4
14 14 14 2
14 15 14 3
14 15 15 2
14 15 16 1
15 11 7 1
15 11 8 1
15 12 8 1
15 12 10 1
15 12 11 1
15 14 13 2
15 15 13 1
15 15 14 2
15 15 15 2
15 16 15 1
15 17 16 1
16 12 7 3
16 12 8 5
16 13 8 1
16 13 9 1
16 13 10 2
16 15 14 1
16 16 15 10
16 16 16 6
16 16 17 1
16 17 16 2
16 17 17 3
16 18 17 1
17 13 8 5
17 13 9 11
17 13 10 1
17 14 9 1
17 14 10 2
17 17 15 4
17 17 16 21
17 17 17 3
17 18 16 1
17 18 17 5
17 18 18 9
17 19 19 1
18 14 10 7
18 15 10 1
18 15 11 2
18 15 12 1
18 17 16 2
18 17 17 1
18 18 17 2
18 18 18 2
18 18 19 1
18 19 18 7
18 19 19 5
18 20 20 1
19 15 11 8
19 15 12 1
19 16 11 3
19 16 12 6
19 17 13 1
19 17 14 2
19 19 18 2
19 19 19 1
19 20 18 2
19 20 19 4
19 20 20 6
19 21 20 1
20 16 12 6
20 17 14 3
20 18 16 3
20 19 17 1
20 19 18 1
20 20 19 1
20 20 20 4
20 20 21 1
20 21 19 9
20 21 20 11
20 21 21 5
20 21 22 1
20 22 21 1
20 22 22 1
21 19 16 2
21 19 17 1
21 19 18 2
21 20 17 1
21 21 20 4
21 21 21 3
21 22 20 13
21 22 21 18
21 22 22 8
22 19 17 1
22 20 18 1
22 20 19 1
22 21 18 1
22 22 21 8
22 22 22 12
22 23 21 1
22 23 22 28
22 23 23 5
22 24 23 1
23 22 20 1
23 22 22 1
23 23 22 6
23 23 23 9
23 24 23 30
23 24 24 10
24 23 22 2
24 23 23 1
24 24 23 9
24 24 24 13
24 25 24 33
24 25 25 29
24 25 26 1
24 26 25 2
24 26 26 2
25 24 24 1
25 25 24 4
25 25 25 9
25 25 26 9
25 26 25 19
25 26 26 59
25 26 27 14
25 27 27 1
26 25 25 2
26 26 25 2
26 26 26 65
26 26 27 12
26 27 26 49
26 27 27 73
26 27 28 10
26 28 27 3
26 28 28 2
27 27 27 14
27 27 28 12
27 28 27 20
27 28 28 74
27 28 29 3
27 29 28 3
27 29 29 2
28 28 28 35
28 28 29 7
28 29 28 25
28 29 29 66
28 30 29 1
29 29 29 10
29 29 30 4
29 30 29 1
29 30 30 20
30 30 30 57
30 30 31 2
30 31 30 2
