32
1 1 0 4
1 1 1 1
1 2 1 15
2 2 1 17
2 2 2 4
2 3 2 16
2 3 3 3
3 3 2 12
3 3 3 12
3 4 3 9
4 3 3 1
4 4 3 4
4 4 4 10
4 5 4 2
4 5 5 1
5 4 3 1
5 4 4 1
5 5 3 1
5 5 4 8
5 5 5 12
5 6 5 10
5 6 6 2
6 5 3 1
6 5 4 2
6 5 6 1
6 6 4 1
6 6 5 3
6 6 6 8
6 7 6 6
6 7 7 5
7 5 3 2
7 6 5 2
7 7 6 7
7 7 7 4
7 8 7 5
7 8 8 2
8 5 3 2
8 6 4 4
8 7 6 5
8 7 8 1
8 8 7 3
8 8 8 4
8 9 9 1
8 10 10 1
9 6 4 2
9 7 5 2
9 8 7 2
9 9 8 1
9 9 9 4
9 10 9 3
9 10 10 2
10 7 4 1
10 8 6 2
10 9 7 1
10 9 8 2
10 10 9 1
10 10 11 1
10 11 10 2
10 11 11 2
11 10 8 1
11 10 10 1
11 11 10 3
11 11 11 2
11 12 11 3
11 12 12 1
12 10 8 1
12 10 9 1
12 11 10 1
12 12 11 3
12 12 12 1
12 13 12 3
12 13 13 1
13 11 10 2
13 13 11 2
13 13 12 1
13 13 13 5
13 14 13 1
13 14 14 3
14 14 13 4
14 14 14 2
14 15 14 3
14 15 15 2
15 12 10 1
15 13 12 1
15 14 13 1
15 15 14 5
15 15 16 4
15 16 15 2
15 16 16 1
15 17 17 1
16 12 7 1
16 12 8 5
16 13 8 2
16 13 9 3
16 15 14 1
16 16 15 8
16 16 16 1
16 17 15 1
16 17 16 3
16 17 17 3
17 13 8 6
17 13 9 12
17 13 10 1
17 14 9 1
17 14 10 2
17 16 15 2
17 17 15 2
17 17 16 21
17 17 17 1
17 18 16 1
17 18 17 5
17 18 18 6
17 19 18 1
18 14 10 5
18 15 10 2
18 15 11 3
18 17 16 1
18 17 17 1
18 18 17 9
18 19 18 4
18 19 19 4
18 20 19 1
19 15 10 1
19 15 11 9
19 16 11 2
19 16 12 8
19 16 13 2
19 17 13 1
19 17 14 2
19 19 18 3
19 19 19 1
19 20 18 1
19 20 19 4
19 20 20 8
19 21 21 1
20 16 11 1
20 16 12 5
20 17 12 1
20 17 14 2
20 18 16 3
20 19 17 1
20 19 19 1
20 20 19 1
20 20 20 3
20 20 21 1
20 21 19 8
20 21 20 9
20 21 21 6
20 22 21 2
21 18 16 1
21 19 16 1
21 19 17 2
21 20 17 1
21 20 19 1
21 21 20 4
21 21 21 1
21 22 20 16
21 22 21 17
21 22 22 11
22 19 17 1
22 20 18 1
22 20 19 1
22 21 19 2
22 21 21 1
22 22 20 1
22 22 21 5
22 22 22 10
22 22 23 1
22 23 21 3
22 23 22 27
22 23 23 5
23 22 21 1
23 22 22 1
23 23 21 1
23 23 22 2
23 23 23 11
23 24 23 31
23 24 24 10
23 25 24 1
24 23 22 1
24 23 23 1
24 24 23 8
24 24 24 11
24 24 25 1
24 25 24 35
24 25 25 21
25 24 23 1
25 25 24 3
25 25 25 16
25 25 26 5
25 26 25 15
25 26 26 56
25 26 27 15
25 27 26 1
25 27 27 2
26 26 25 3
26 26 26 60
26 26 27 12
26 27 26 49
26 27 27 72
26 27 28 9
26 28 27 7
26 28 28 3
27 27 27 12
27 27 28 10
27 28 27 20
27 28 28 73
27 28 29 2
27 29 28 4
27 29 29 2
28 28 28 21
28 28 29 5
28 29 28 33
28 29 29 72
29 29 29 10
29 29 30 4
29 30 29 2
29 30 30 18
30 30 30 52
30 30 31 1
30 31 30 2
30 31 31 1
