32
1 1 0 3
1 1 1 1
1 2 1 18
2 2 1 10
2 2 2 11
2 3 2 19
2 3 3 3
3 3 2 9
3 3 3 14
3 4 3 7
4 3 3 2
4 4 3 5
4 4 4 5
4 5 4 5
5 4 3 1
5 5 4 6
5 5 5 12
5 5 6 1
5 6 5 12
5 6 6 1
6 5 3 1
6 5 4 1
6 6 4 2
6 6 5 5
6 6 6 6
6 7 6 7
6 7 7 2
7 5 3 2
7 7 6 6
7 7 7 9
7 8 7 2
7 8 8 3
8 5 3 2
8 6 4 3
8 6 5 1
8 7 6 3
8 7 8 1
8 8 7 3
8 8 8 4
8 9 8 1
8 9 9 1
9 6 4 2
9 7 5 2
9 8 6 1
9 8 7 1
9 9 8 1
9 9 9 5
9 9 10 1
9 10 10 3
10 6 4 1
10 7 4 1
10 7 5 1
10 8 6 1
10 9 7 1
10 10 9 2
10 10 10 2
10 11 10 1
10 11 11 2
11 8 7 1
11 9 7 1
11 11 9 1
11 11 10 2
11 11 11 1
11 12 11 1
11 12 12 3
12 10 8 1
12 11 10 1
12 12 11 3
12 12 12 1
12 12 13 1
12 13 12 3
12 13 13 3
13 11 9 1
13 12 11 1
13 13 11 1
13 13 12 2
13 13 13 6
13 13 14 1
13 14 12 1
13 14 14 2
14 11 10 1
14 13 11 1
14 14 13 3
14 14 14 2
14 15 14 1
14 15 15 2
15 11 7 2
15 12 8 1
15 13 11 1
15 14 13 3
15 15 14 4
15 15 15 5
15 15 16 1
15 16 15 2
15 16 16 3
16 12 8 7
16 12 9 1
16 13 9 2
16 13 10 1
16 13 11 1
16 16 15 7
16 16 16 1
16 17 16 5
16 17 17 3
16 18 18 1
17 12 8 1
17 13 8 5
17 13 9 12
17 14 9 1
17 14 10 1
17 16 15 1
17 17 15 1
17 17 16 21
17 17 17 3
17 17 18 2
17 18 16 1
17 18 17 7
17 18 18 5
18 14 9 1
18 14 10 6
18 15 10 1
18 15 11 3
18 17 16 2
18 17 17 1
18 18 17 9
18 19 18 4
18 19 19 3
19 15 11 8
19 15 12 1
19 16 11 3
19 16 12 6
19 16 13 1
19 16 14 1
19 17 13 1
19 17 14 2
19 17 15 1
19 18 17 2
19 19 18 1
19 19 19 2
19 20 18 1
19 20 19 9
19 20 20 11
19 21 20 1
20 16 12 4
20 17 13 2
20 17 14 2
20 18 17 3
20 19 17 1
20 20 20 1
20 20 21 2
20 21 19 5
20 21 20 11
20 21 21 3
20 22 21 2
21 17 15 1
21 19 17 3
21 19 18 2
21 20 17 1
21 20 19 1
21 21 20 5
21 21 21 1
21 21 22 2
21 22 20 17
21 22 21 15
21 22 22 7
21 23 23 1
22 19 16 1
22 20 18 1
22 21 19 1
22 22 19 1
22 22 20 1
22 22 21 7
22 22 22 14
22 23 21 2
22 23 22 29
22 23 23 5
23 22 21 1
23 23 22 5
23 23 23 10
23 24 23 33
23 24 24 13
24 23 22 1
24 24 23 11
24 24 24 10
24 25 24 30
24 25 25 23
24 26 25 2
25 24 23 2
25 24 24 1
25 25 24 5
25 25 25 11
25 25 26 8
25 26 25 17
25 26 26 56
25 26 27 16
25 27 27 1
26 26 25 5
26 26 26 61
26 26 27 13
26 27 26 56
26 27 27 75
26 27 28 7
26 28 27 3
26 28 28 2
27 27 26 2
27 27 27 15
27 27 28 13
27 28 27 22
27 28 28 72
27 28 29 3
27 29 28 2
28 28 28 31
28 28 29 5
28 29 28 31
28 29 29 66
29 29 29 12
29 29 30 4
29 30 29 2
29 30 30 19
30 30 30 55
30 30 31 1
30 31 30 2
30 31 31 1
