32
1 1 0 3
1 2 1 6
2 2 1 33
2 2 2 8
2 3 1 2
2 3 2 13
3 3 1 2
3 3 2 17
3 3 3 7
3 4 3 3
3 4 4 1
3 4 5 1
4 4 2 1
4 4 3 3
4 4 4 8
4 4 5 2
4 5 4 6
4 5 5 6
4 5 6 1
4 6 6 1
5 4 3 1
5 5 3 2
5 5 4 3
5 5 5 7
5 5 6 3
5 6 5 1
5 6 6 7
5 6 7 1
6 5 4 1
6 6 7 2
6 7 6 1
6 7 7 3
6 7 8 1
7 7 7 3
7 7 8 1
7 7 9 1
7 8 8 1
8 7 4 3
8 7 5 2
8 8 5 1
8 8 7 3
8 8 8 2
8 8 9 1
8 9 8 1
8 9 9 2
8 9 10 1
9 7 4 1
9 8 4 1
9 8 6 2
9 8 7 2
9 9 7 1
9 9 9 2
9 10 9 1
9 10 10 1
9 10 11 1
10 8 5 2
10 8 6 1
10 9 6 4
10 9 7 1
10 10 8 2
10 10 10 1
10 11 11 1
10 11 12 4
11 9 6 1
11 10 7 1
11 10 9 2
11 12 12 2
11 12 13 3
11 13 13 1
11 13 14 2
12 10 8 1
12 11 8 1
12 11 9 1
12 12 10 1
12 12 13 1
12 13 13 6
12 13 14 2
12 14 14 2
13 10 7 1
13 12 9 4
13 12 10 3
13 13 12 1
13 14 13 1
13 14 14 2
13 14 15 3
13 15 15 2
13 15 16 1
14 12 7 1
14 12 8 2
14 12 9 2
14 13 10 1
14 13 11 3
14 13 12 1
14 14 13 1
14 15 15 3
14 15 16 2
14 16 15 1
14 16 16 4
15 11 5 1
15 11 6 2
15 12 7 1
15 12 8 1
15 15 12 1
15 16 16 1
15 16 17 4
15 16 18 1
15 17 17 2
15 17 18 1
16 12 6 1
16 12 7 2
16 12 8 7
16 12 9 1
16 13 8 4
16 13 9 1
16 15 12 1
16 15 13 1
16 16 16 1
16 17 17 3
16 17 18 3
16 18 17 1
16 18 18 1
16 18 19 3
17 12 6 1
17 12 7 3
17 12 8 2
17 13 7 9
17 13 8 4
17 13 9 13
17 13 10 4
17 13 11 1
17 14 9 1
17 14 10 9
17 14 11 8
17 15 13 1
17 16 14 1
17 17 13 1
17 17 15 2
17 17 17 1
17 18 17 4
17 18 18 6
17 18 19 3
17 18 20 1
17 19 18 13
17 19 19 4
17 19 20 3
18 13 6 2
18 13 7 1
18 14 9 1
18 14 10 2
18 15 11 1
18 15 12 2
18 15 13 1
18 16 12 1
18 16 13 1
18 16 14 1
18 16 16 1
18 17 15 1
18 17 16 1
18 18 17 1
18 19 18 5
18 19 19 7
18 19 20 6
18 20 19 3
18 20 20 17
18 20 21 7
18 21 21 1
19 14 6 1
19 14 7 1
19 15 10 1
19 17 13 1
19 17 14 1
19 17 15 2
19 17 16 1
19 18 16 1
19 19 17 1
19 19 18 2
19 19 21 1
19 20 19 4
19 20 20 8
19 20 21 7
19 21 20 1
19 21 21 15
19 21 22 8
19 22 22 8
20 14 7 3
20 15 9 1
20 17 15 1
20 18 15 1
20 18 16 1
20 19 17 2
20 20 20 2
20 20 21 1
20 21 20 2
20 21 21 7
20 21 22 7
20 21 23 1
20 22 22 12
20 22 23 9
20 23 23 3
20 23 24 1
21 17 11 2
21 18 14 1
21 18 16 1
21 19 16 1
21 19 17 3
21 20 16 1
21 20 17 1
21 20 18 2
21 20 19 2
21 21 21 3
21 22 21 1
21 22 22 9
21 22 23 10
21 22 24 2
21 23 23 3
21 23 24 6
21 24 24 1
21 24 25 2
22 18 14 1
22 19 14 1
22 19 15 1
22 20 18 1
22 21 17 2
22 21 18 2
22 21 19 2
22 22 19 1
22 22 21 1
22 22 22 2
22 22 23 3
22 23 22 1
22 23 23 8
22 23 24 12
22 23 25 5
22 24 24 2
22 24 25 8
22 24 26 1
23 22 19 1
23 22 20 1
23 22 21 3
23 22 23 2
23 23 22 1
23 23 23 3
23 23 24 1
23 23 25 1
23 24 24 5
23 24 25 9
23 24 26 5
23 25 25 5
23 25 26 10
23 26 27 1
24 22 19 1
24 22 22 1
24 23 19 1
24 23 21 1
24 23 22 1
24 24 22 2
24 24 23 2
24 24 24 1
24 25 25 17
24 25 26 35
24 25 27 9
24 26 26 21
24 26 27 20
24 26 28 1
25 22 18 1
25 23 19 1
25 23 21 1
25 24 19 1
25 24 24 1
25 25 24 9
25 25 25 10
25 25 26 15
25 26 25 1
25 26 26 28
25 26 27 38
25 26 28 25
25 27 27 10
25 27 28 27
25 27 29 6
26 24 21 1
26 25 21 1
26 25 22 1
26 25 25 1
26 26 23 1
26 26 24 1
26 26 25 9
26 26 26 45
26 26 27 20
26 26 28 3
26 27 26 49
26 27 27 45
26 27 28 43
26 27 29 5
26 28 28 17
26 28 29 7
26 28 30 5
27 25 23 2
27 26 21 1
27 26 22 3
27 27 26 12
27 27 27 13
27 27 28 11
27 27 29 1
27 28 28 5
27 28 29 4
27 28 30 1
27 29 29 1
27 29 30 6
28 26 22 2
28 26 23 1
28 27 23 1
28 27 25 1
28 27 26 1
28 28 27 1
28 28 28 1
28 29 29 1
28 29 30 5
28 30 30 1
29 27 23 11
29 27 24 15
29 28 24 5
29 28 25 2
29 29 28 1
29 30 30 9
29 31 31 1
30 30 30 25
30 31 30 5
30 31 31 4
