32
1 1 0 3
1 1 1 2
1 2 1 16
2 2 1 17
2 2 2 6
2 3 2 18
2 3 3 2
3 3 2 11
3 3 3 17
3 4 3 8
3 4 4 1
4 3 3 2
4 4 3 4
4 4 4 6
4 5 4 4
4 5 5 2
5 4 3 1
5 5 4 4
5 5 5 11
5 5 6 1
5 6 5 11
6 5 4 1
6 6 5 8
6 6 6 6
6 7 6 5
6 7 7 7
7 5 3 1
7 5 4 1
7 6 5 2
7 7 5 1
7 7 6 4
7 7 7 6
7 8 7 1
7 8 8 3
8 5 3 2
8 5 4 1
8 6 4 4
8 6 5 1
8 7 6 2
8 7 7 1
8 8 7 2
8 8 8 4
8 8 9 2
8 9 8 5
8 9 9 1
9 6 4 3
9 8 6 1
9 8 7 1
9 9 8 2
9 9 9 2
9 9 10 1
9 10 9 1
9 10 10 4
10 6 4 1
10 7 4 1
10 7 6 1
10 8 6 1
10 8 7 1
10 10 8 1
10 11 9 1
10 11 10 2
10 11 11 1
11 9 7 1
11 11 10 1
11 11 11 1
11 12 10 1
11 12 11 2
11 12 12 1
12 10 8 2
12 10 9 1
12 11 10 1
12 12 10 1
12 12 11 1
12 12 12 5
12 12 13 1
12 13 12 1
12 13 13 1
13 11 10 1
13 12 11 1
13 13 11 1
13 13 12 2
13 13 13 4
13 13 14 1
13 14 13 1
13 14 14 1
13 15 14 1
14 11 9 1
14 12 10 1
14 13 12 1
14 13 13 1
14 14 13 5
14 14 14 1
14 14 15 3
14 15 14 1
14 15 15 2
15 11 8 1
15 12 8 1
15 12 10 1
15 14 13 2
15 14 14 1
15 15 14 5
15 15 15 3
15 16 15 2
15 17 17 1
16 11 7 1
16 12 8 7
16 13 8 2
16 13 10 2
16 15 14 1
16 16 14 1
16 16 15 7
16 16 16 2
16 17 16 4
16 17 17 2
17 13 8 5
17 13 9 12
17 13 10 1
17 14 11 2
17 15 15 1
17 17 15 1
17 17 16 21
17 17 17 7
17 17 18 2
17 18 17 6
17 18 18 5
18 14 9 1
18 14 10 7
18 15 10 1
18 15 11 2
18 15 13 1
18 17 16 1
18 17 17 2
18 18 17 4
18 18 18 2
18 18 19 1
18 19 18 4
18 19 19 3
19 15 11 9
19 15 12 1
19 16 11 2
19 16 12 6
19 16 13 3
19 17 14 3
19 18 15 1
19 18 17 1
19 18 18 1
19 19 18 2
19 19 19 4
19 19 20 3
19 20 18 2
19 20 19 4
19 20 20 7
19 21 20 1
20 16 12 6
20 17 14 2
20 18 15 1
20 18 17 2
20 19 17 1
20 20 18 1
20 20 19 2
20 20 20 1
20 21 19 6
20 21 20 12
20 21 21 8
20 22 22 1
21 18 15 1
21 19 16 2
21 19 17 3
21 19 18 1
21 21 20 1
21 21 21 6
21 21 22 4
21 22 20 12
21 22 21 18
21 22 22 5
21 22 23 1
22 20 18 2
22 21 20 1
22 22 20 1
22 22 21 11
22 22 22 9
22 22 23 1
22 23 22 25
22 23 23 3
23 22 20 1
23 23 22 4
23 23 23 10
23 23 24 2
23 24 23 27
23 24 24 8
24 23 22 1
24 23 23 1
24 24 23 10
24 24 24 13
24 25 23 1
24 25 24 26
24 25 25 30
24 26 25 1
24 26 26 2
25 24 24 1
25 25 24 5
25 25 25 17
25 25 26 6
25 26 24 1
25 26 25 15
25 26 26 59
25 26 27 17
25 27 27 1
26 25 25 2
26 26 25 1
26 26 26 62
26 26 27 11
26 27 26 52
26 27 27 78
26 27 28 10
26 28 28 3
27 27 27 16
27 27 28 14
27 28 27 16
27 28 28 90
27 28 29 5
27 29 28 2
27 29 29 2
28 27 28 1
28 28 28 19
28 28 29 8
28 29 28 17
28 29 29 64
28 29 30 1
29 29 29 4
29 29 30 6
29 30 30 17
30 30 30 50
30 31 30 1
