32
1 1 0 3
1 2 0 2
1 2 1 3
2 2 1 28
2 2 2 10
2 3 1 2
2 3 2 11
2 3 3 1
3 3 1 1
3 3 2 13
3 3 3 5
3 4 3 4
3 4 4 1
4 4 2 1
4 4 3 6
4 4 4 9
4 4 5 1
4 5 4 6
4 5 5 7
4 5 6 4
5 5 4 2
5 5 5 4
5 5 6 6
5 6 5 1
5 6 6 3
5 6 7 2
6 5 4 1
6 6 6 5
6 6 8 1
6 7 6 1
6 7 7 3
6 7 8 2
7 7 5 1
7 7 7 1
7 7 8 2
7 8 6 1
7 8 7 1
7 8 8 3
7 8 9 1
8 8 5 2
8 8 6 3
8 8 7 2
8 8 8 2
8 9 7 1
8 9 8 1
8 9 10 3
9 7 4 3
9 8 5 1
9 8 6 1
9 9 7 3
9 9 8 1
9 9 9 1
9 10 11 1
10 9 6 1
10 9 7 1
10 9 8 1
10 10 8 2
10 10 9 2
10 10 11 1
10 11 11 1
10 11 12 1
11 9 6 1
11 9 7 2
11 10 7 1
11 11 12 3
11 12 13 1
11 13 13 2
12 10 6 1
12 10 8 1
12 11 8 2
12 11 10 1
12 12 13 1
12 13 12 1
12 13 13 2
12 13 14 5
12 14 15 1
13 10 7 1
13 11 8 2
13 12 9 1
13 12 10 1
13 13 10 1
13 13 11 1
13 13 13 1
13 14 14 2
13 14 15 2
13 15 15 2
13 15 16 2
14 11 8 1
14 12 8 1
14 12 9 3
14 13 10 1
14 13 11 1
14 13 12 1
14 14 11 2
14 14 13 1
14 14 14 1
14 15 15 2
14 15 16 3
14 15 17 1
14 16 16 1
14 16 17 2
15 12 6 1
15 12 8 1
15 14 11 1
15 16 16 1
15 16 17 4
15 17 17 5
15 17 18 4
16 12 6 1
16 12 7 3
16 12 8 5
16 12 9 1
16 13 8 4
16 13 9 4
16 14 12 1
16 15 12 1
16 15 13 1
16 17 17 2
16 17 18 2
16 18 17 2
16 18 18 3
16 18 19 6
17 12 6 1
17 13 7 7
17 13 8 10
17 13 9 10
17 13 10 2
17 14 9 2
17 14 10 8
17 14 11 11
17 14 12 1
17 15 11 1
17 15 12 1
17 16 15 1
17 17 17 1
17 17 18 1
17 18 18 7
17 18 19 4
17 19 17 2
17 19 18 11
17 19 19 11
17 19 20 8
17 19 21 1
17 20 21 1
18 13 6 1
18 14 9 2
18 15 10 1
18 15 11 2
18 15 13 1
18 15 14 1
18 16 12 1
18 16 13 1
18 17 14 1
18 17 15 1
18 17 16 1
18 18 18 1
18 18 19 1
18 19 18 3
18 19 19 2
18 19 20 3
18 19 21 2
18 20 20 19
18 20 21 11
18 20 22 1
18 21 21 5
19 14 6 1
19 16 13 1
19 17 15 2
19 18 17 1
19 19 18 1
19 19 19 2
19 20 18 1
19 20 19 3
19 20 20 3
19 20 21 8
19 21 21 11
19 21 22 14
19 22 22 5
19 22 23 1
20 14 7 1
20 15 7 3
20 15 8 1
20 17 12 1
20 17 14 2
20 18 15 1
20 18 16 1
20 18 17 1
20 19 16 1
20 19 17 2
20 19 18 1
20 20 18 1
20 20 19 1
20 20 20 3
20 21 21 5
20 21 22 4
20 22 22 8
20 22 23 14
20 22 24 2
20 23 24 2
21 15 7 1
21 15 8 2
21 17 11 1
21 19 16 1
21 19 17 3
21 20 16 1
21 20 17 1
21 20 19 1
21 21 20 1
21 21 21 1
21 21 22 1
21 22 21 2
21 22 22 5
21 22 23 9
21 22 24 2
21 23 23 4
21 23 24 8
21 23 25 3
21 24 25 1
22 17 11 1
22 19 14 1
22 19 15 1
22 19 17 2
22 20 18 2
22 20 19 1
22 21 18 4
22 21 20 1
22 22 19 1
22 22 21 2
22 22 22 2
22 22 23 1
22 23 22 3
22 23 23 3
22 23 24 8
22 23 25 1
22 24 24 1
22 24 25 6
22 24 26 5
23 19 14 1
23 21 19 1
23 22 18 1
23 22 20 1
23 22 21 1
23 23 21 1
23 23 24 4
23 24 24 3
23 24 25 11
23 24 26 7
23 25 25 3
23 25 26 10
23 26 27 1
24 22 22 1
24 23 19 1
24 23 21 1
24 23 22 1
24 24 23 2
24 24 24 1
24 24 25 2
24 25 24 1
24 25 25 3
24 25 26 27
24 25 27 10
24 26 26 21
24 26 27 28
24 26 28 8
25 24 20 1
25 24 22 1
25 24 23 1
25 25 23 1
25 25 24 3
25 25 25 2
25 25 26 6
25 25 27 1
25 26 25 1
25 26 26 32
25 26 27 35
25 26 28 22
25 27 27 5
25 27 28 38
25 27 29 9
25 28 29 3
26 23 19 1
26 25 21 2
26 25 22 1
26 25 23 1
26 25 25 3
26 26 24 1
26 26 25 7
26 26 26 16
26 26 27 17
26 26 28 2
26 27 26 10
26 27 27 53
26 27 28 39
26 27 29 2
26 28 28 40
26 28 29 5
26 28 30 8
26 29 30 1
27 26 22 1
27 26 23 1
27 26 24 1
27 26 25 1
27 26 27 1
27 27 26 18
27 27 27 54
27 27 28 21
27 28 27 2
27 28 28 41
27 28 29 14
27 29 29 1
27 29 30 6
28 26 22 3
28 26 23 1
28 27 23 2
28 27 24 1
28 27 25 1
28 27 26 1
28 27 27 1
28 28 28 2
28 29 30 3
28 30 30 4
29 28 24 13
29 28 25 5
29 28 26 3
29 28 28 1
29 29 28 1
29 30 30 9
29 31 31 4
30 28 24 2
30 28 25 13
30 30 30 14
30 30 31 1
30 31 30 4
30 31 31 1
