32
1 1 0 4
1 1 1 3
1 2 1 22
2 2 1 13
2 2 2 11
2 3 2 15
2 3 3 5
3 3 2 10
3 3 3 17
3 4 3 6
4 3 3 1
4 4 3 4
4 4 4 7
4 5 4 2
4 5 5 1
5 5 4 6
5 5 5 16
5 5 6 1
5 6 5 11
6 5 3 1
6 5 4 3
6 6 5 8
6 6 6 7
6 7 6 10
6 7 7 4
6 8 8 1
7 5 3 2
7 6 5 2
7 7 6 4
7 7 7 7
7 8 7 3
7 8 8 1
8 5 3 2
8 5 4 1
8 6 4 2
8 7 5 1
8 7 6 2
8 8 6 1
8 8 7 4
8 8 8 4
8 8 9 1
8 9 8 2
8 9 9 3
9 6 4 3
9 7 4 1
9 7 5 1
9 8 6 1
9 8 7 2
9 8 8 1
9 9 8 2
9 9 9 2
9 9 10 1
9 10 10 3
10 7 4 1
10 8 6 1
10 8 7 1
10 9 8 1
10 9 10 1
10 10 10 2
10 10 11 1
10 11 10 1
10 11 11 1
11 8 7 1
11 9 6 1
11 9 7 1
11 10 8 1
11 11 9 1
11 11 10 2
11 11 11 1
11 11 12 1
11 12 10 1
11 12 11 1
12 10 7 1
12 10 8 2
12 11 10 1
12 12 10 1
12 12 11 3
12 12 12 2
12 13 11 1
12 13 12 1
12 13 13 3
13 10 8 1
13 13 11 1
13 13 12 2
13 13 13 2
13 14 14 2
13 15 14 1
14 12 10 1
14 13 11 1
14 13 12 1
14 14 13 3
14 14 14 1
14 15 14 1
14 15 15 3
15 11 7 2
15 12 8 1
15 12 10 1
15 13 11 1
15 14 13 1
15 15 13 1
15 15 14 5
15 15 15 3
15 16 15 2
15 16 16 1
16 12 8 7
16 12 9 1
16 13 8 2
16 13 10 1
16 14 13 1
16 15 13 1
16 15 15 1
16 16 15 6
16 16 16 5
16 16 17 1
16 17 15 1
16 17 16 4
16 17 17 4
17 13 8 5
17 13 9 13
17 13 10 1
17 14 10 1
17 15 15 1
17 16 15 1
17 17 15 1
17 17 16 19
17 17 17 1
17 17 18 2
17 18 16 2
17 18 17 7
17 18 18 4
17 19 18 1
18 14 9 1
18 14 10 7
18 15 11 4
18 17 16 1
18 17 17 1
18 18 16 1
18 18 17 2
18 18 18 2
18 18 19 1
18 19 18 5
18 19 19 4
18 19 20 1
18 20 20 1
19 15 11 8
19 16 11 4
19 16 12 7
19 16 13 2
19 16 14 1
19 17 14 1
19 18 15 2
19 19 18 3
19 19 20 3
19 20 18 2
19 20 19 6
19 20 20 6
20 16 11 1
20 16 12 4
20 17 14 2
20 18 16 1
20 18 17 2
20 19 17 1
20 20 19 2
20 20 20 1
20 20 21 1
20 21 19 4
20 21 20 14
20 21 21 11
20 21 22 1
21 19 16 2
21 19 17 2
21 19 18 1
21 20 18 1
21 20 19 2
21 21 20 1
21 21 21 5
21 22 20 11
21 22 21 15
21 22 22 7
21 23 22 1
22 20 18 2
22 20 19 1
22 21 20 1
22 22 20 3
22 22 21 6
22 22 22 9
22 22 23 3
22 23 21 2
22 23 22 30
22 23 23 4
23 22 20 1
23 22 21 1
23 23 22 3
23 23 23 10
23 23 24 1
23 24 23 25
23 24 24 8
23 25 24 1
24 23 22 1
24 23 23 1
24 24 23 9
24 24 24 14
24 25 24 35
24 25 25 26
24 26 25 1
25 24 24 1
25 25 24 5
25 25 25 13
25 25 26 6
25 26 25 18
25 26 26 58
25 26 27 17
25 27 27 2
26 25 25 1
26 26 25 1
26 26 26 71
26 26 27 9
26 27 26 55
26 27 27 65
26 27 28 10
26 28 28 3
27 26 27 1
27 27 26 1
27 27 27 13
27 27 28 9
27 28 27 21
27 28 28 79
27 28 29 4
27 29 28 1
27 29 29 1
28 28 28 37
28 28 29 5
28 29 28 24
28 29 29 66
29 29 29 9
29 29 30 4
29 30 29 1
29 30 30 21
30 30 30 52
30 30 31 1
30 31 30 1
30 31 31 1
