32
0 5 2 1
1 1 0 3
1 1 1 2
1 2 1 13
2 2 1 15
2 2 2 9
2 3 2 17
2 3 3 1
3 3 2 9
3 3 3 16
3 4 3 8
3 4 4 2
3 8 5 1
4 3 3 2
4 4 3 4
4 4 4 8
4 5 4 5
4 5 5 1
5 5 4 6
5 5 5 4
5 6 5 12
5 6 6 2
6 4 2 1
6 5 4 2
6 6 5 7
6 6 6 7
6 7 6 7
6 7 7 3
7 5 3 3
7 6 5 1
7 6 6 2
7 7 6 3
7 7 7 4
7 8 7 2
7 8 8 4
8 5 3 2
8 5 4 1
8 6 3 2
8 6 4 1
8 7 5 1
8 7 6 2
8 8 7 2
8 8 8 7
8 9 8 1
8 9 9 4
9 6 4 2
9 7 5 3
9 7 6 1
9 8 7 3
9 8 9 1
9 9 8 4
9 9 9 1
9 9 10 1
9 10 9 2
9 10 10 1
9 11 11 1
10 7 4 2
10 8 6 1
10 8 7 1
10 10 8 1
10 10 9 2
10 10 10 2
10 10 11 1
10 11 11 2
11 8 6 1
11 9 7 1
11 11 10 4
11 11 11 1
11 12 10 1
11 12 11 2
12 9 8 1
12 10 8 1
12 10 9 1
12 12 11 1
12 12 12 1
12 12 13 2
12 13 12 3
13 11 9 1
13 12 11 1
13 13 12 2
13 13 13 2
13 13 14 1
13 14 13 2
13 14 14 2
13 15 14 1
14 11 9 1
14 13 12 1
14 13 13 1
14 14 13 5
14 14 14 1
14 14 15 2
14 15 14 2
14 15 15 1
15 11 8 1
15 12 8 1
15 13 12 1
15 14 13 1
15 14 14 1
15 15 13 1
15 15 14 4
15 15 15 2
15 16 15 3
15 16 16 5
16 11 7 1
16 12 7 2
16 12 8 5
16 13 8 1
16 13 9 1
16 13 10 1
16 14 10 1
16 15 14 2
16 16 15 6
16 16 16 1
16 17 15 1
16 17 16 5
16 17 17 1
17 12 9 1
17 13 8 5
17 13 9 10
17 13 10 2
17 14 9 1
17 14 11 1
17 16 16 1
17 17 15 1
17 17 16 26
17 17 17 5
17 17 18 1
17 18 16 2
17 18 17 4
17 18 18 5
18 14 9 2
18 14 10 5
18 14 11 1
18 15 10 1
18 15 11 1
18 17 16 1
18 17 17 3
18 18 17 6
18 19 18 7
18 19 19 5
19 15 10 1
19 15 11 8
19 16 11 3
19 16 12 6
19 16 13 2
19 17 14 2
19 18 15 1
19 18 17 1
19 19 18 3
19 20 19 5
19 20 20 7
19 21 21 1
20 16 12 5
20 16 13 1
20 17 13 1
20 17 14 2
20 18 15 1
20 18 16 2
20 19 17 1
20 20 19 6
20 20 20 2
20 20 21 1
20 21 19 10
20 21 20 7
20 21 21 9
21 18 16 1
21 19 17 1
21 19 18 3
21 20 17 2
21 21 20 4
21 21 21 4
21 21 22 1
21 22 20 15
21 22 21 15
21 22 22 4
21 23 23 1
22 19 16 1
22 20 18 1
22 20 19 1
22 20 20 1
22 22 20 3
22 22 21 8
22 22 22 11
22 22 23 1
22 23 21 1
22 23 22 31
22 23 23 5
23 22 21 1
23 23 22 3
23 23 23 13
23 23 24 2
23 24 22 1
23 24 23 25
23 24 24 7
23 24 25 1
24 23 22 1
24 23 23 1
24 24 23 11
24 24 24 9
24 25 24 32
24 25 25 27
24 26 25 1
24 26 26 1
25 24 24 1
25 25 23 1
25 25 24 5
25 25 25 15
25 25 26 4
25 26 25 15
25 26 26 53
25 26 27 19
26 26 24 1
26 26 25 3
26 26 26 66
26 26 27 10
26 27 26 55
26 27 27 81
26 27 28 6
26 28 27 6
26 28 28 1
27 27 26 1
27 27 27 12
27 27 28 14
27 28 27 20
27 28 28 69
27 28 29 2
27 29 28 3
27 29 29 1
28 28 28 32
28 28 29 9
28 29 28 31
28 29 29 63
29 29 29 10
29 29 30 6
29 30 29 1
29 30 30 16
30 30 30 59
30 31 30 2
30 31 31 1
