32
1 1 0 5
1 1 1 1
1 2 1 22
2 2 1 13
2 2 2 9
2 3 2 21
2 3 3 4
3 3 2 8
3 3 3 17
3 4 3 2
3 5 4 1
4 3 3 1
4 4 3 6
4 4 4 6
4 5 4 7
4 5 5 2
5 4 3 1
5 4 4 1
5 5 4 6
5 5 5 4
5 6 5 10
5 6 6 2
6 5 3 1
6 5 4 2
6 6 5 8
6 6 6 4
6 7 6 5
6 7 7 2
7 5 3 2
7 5 4 1
7 6 5 1
7 7 6 4
7 7 7 5
7 8 7 2
7 8 8 5
8 5 3 1
8 6 4 4
8 7 5 2
8 7 6 2
8 8 6 1
8 8 7 2
8 8 8 6
8 8 9 1
8 9 8 3
8 9 9 2
9 6 4 2
9 7 5 1
9 7 6 1
9 8 6 1
9 8 7 2
9 9 8 2
9 9 9 3
9 10 9 1
9 10 10 1
10 7 4 1
10 8 7 1
10 9 7 1
10 10 8 1
10 10 9 1
10 10 10 3
10 10 11 1
10 11 11 1
11 8 7 1
11 9 7 1
11 11 10 2
11 11 11 1
12 10 8 2
12 11 9 1
12 11 10 2
12 12 11 1
12 12 12 4
12 12 13 1
12 13 12 2
12 13 13 3
13 10 7 1
13 12 10 1
13 12 11 1
13 13 12 2
13 13 13 3
13 13 14 1
13 14 13 2
13 14 14 1
14 13 12 1
14 14 13 6
14 14 14 2
14 15 14 1
14 15 15 3
15 11 7 1
15 12 8 1
15 12 9 1
15 14 13 2
15 15 14 4
15 15 15 4
15 16 15 2
15 16 16 1
16 12 7 4
16 12 8 5
16 13 8 3
16 13 9 1
16 13 10 1
16 13 11 1
16 14 13 1
16 16 15 7
16 17 15 1
16 17 16 7
16 17 17 3
17 13 8 4
17 13 9 10
17 13 10 1
17 14 9 1
17 14 10 2
17 15 15 1
17 17 15 1
17 17 16 22
17 17 17 2
17 18 16 2
17 18 17 5
17 18 18 9
17 19 19 1
18 14 9 1
18 14 10 5
18 14 11 1
18 15 10 1
18 15 11 2
18 15 13 1
18 17 16 1
18 17 17 1
18 18 17 6
18 18 18 3
18 19 18 6
18 19 19 5
19 15 10 1
19 15 11 7
19 16 11 3
19 16 12 6
19 16 13 2
19 17 13 2
19 17 14 2
19 18 15 1
19 18 18 1
19 19 18 3
19 19 20 1
19 20 19 8
19 20 20 9
20 16 11 1
20 16 12 3
20 17 13 1
20 17 14 3
20 18 15 1
20 18 16 2
20 19 17 1
20 19 18 1
20 20 19 2
20 20 20 2
20 21 19 8
20 21 20 14
20 21 21 9
21 19 16 1
21 19 17 2
21 19 18 1
21 20 17 1
21 21 20 1
21 21 21 1
21 22 20 12
21 22 21 18
21 22 22 11
22 19 16 1
22 21 18 1
22 21 20 1
22 21 21 1
22 22 20 1
22 22 21 8
22 22 22 14
22 23 21 1
22 23 22 28
22 23 23 6
23 23 21 1
23 23 22 8
23 23 23 10
23 23 24 1
23 24 23 31
23 24 24 9
23 25 24 1
24 23 22 1
24 24 23 6
24 24 24 11
24 25 24 38
24 25 25 27
24 25 26 1
24 26 25 4
24 26 26 1
25 24 23 1
25 24 24 1
25 25 24 3
25 25 25 10
25 25 26 6
25 26 25 18
25 26 26 77
25 26 27 15
25 27 26 1
25 27 27 6
26 26 25 3
26 26 26 50
26 26 27 6
26 27 26 53
26 27 27 78
26 27 28 8
26 28 27 2
26 28 28 2
27 27 27 18
27 27 28 11
27 28 27 19
27 28 28 86
27 28 29 4
27 29 28 3
27 29 29 1
28 28 28 21
28 28 29 8
28 29 28 32
28 29 29 62
28 30 29 1
29 29 29 9
29 29 30 5
29 30 29 1
29 30 30 18
30 30 30 70
30 30 31 1
30 31 30 1
