32
0 1 0 1
1 1 0 2
1 1 1 3
1 2 1 14
2 2 1 20
2 2 2 5
2 3 2 15
2 3 3 3
2 4 3 1
3 3 2 10
3 3 3 17
3 4 3 5
4 3 3 3
4 4 3 2
4 4 4 3
4 5 4 2
4 5 5 2
5 5 4 5
5 5 5 19
5 6 5 9
5 6 6 1
6 5 4 2
6 6 6 8
6 6 7 1
6 7 6 5
6 7 7 3
7 5 3 3
7 6 6 1
7 7 5 1
7 7 6 4
7 7 7 7
7 7 8 1
7 8 7 1
8 5 3 1
8 6 4 1
8 7 6 1
8 8 7 1
8 8 8 6
8 9 8 1
8 9 9 2
9 6 4 3
9 7 5 1
9 8 6 2
9 8 7 2
9 9 8 2
9 9 9 4
9 9 10 1
9 10 9 2
9 10 10 1
10 7 4 2
10 8 6 1
10 8 7 1
10 9 7 1
10 9 8 1
10 9 10 1
10 10 10 2
10 10 11 2
10 11 11 1
10 12 11 1
11 8 6 1
11 9 7 1
11 10 10 1
11 11 11 1
11 12 11 4
12 10 9 1
12 12 11 1
12 12 12 1
12 12 13 1
12 13 13 1
13 11 9 1
13 13 12 1
13 13 13 5
13 13 14 1
13 14 13 3
13 14 14 1
14 11 10 1
14 12 11 1
14 13 11 1
14 14 13 1
14 14 14 2
14 15 14 1
14 15 15 3
15 11 7 2
15 12 8 1
15 13 11 1
15 13 12 1
15 15 14 3
15 15 15 1
15 16 16 3
15 17 16 1
16 12 7 3
16 12 8 4
16 13 9 2
16 13 10 2
16 13 11 1
16 16 15 2
16 16 16 2
16 16 17 1
16 17 16 3
16 17 17 3
17 13 8 8
17 13 9 12
17 13 10 1
17 16 15 1
17 16 16 1
17 17 15 1
17 17 16 6
17 17 17 3
17 17 18 3
17 18 17 4
17 18 18 4
17 19 19 1
18 14 9 2
18 14 10 4
18 15 10 1
18 15 11 2
18 17 16 1
18 18 17 6
18 18 18 2
18 19 18 6
18 19 19 4
19 15 10 1
19 15 11 9
19 15 12 1
19 16 11 3
19 16 12 6
19 16 13 2
19 17 14 2
19 17 16 1
19 18 15 1
19 19 19 4
19 20 18 1
19 20 19 7
19 20 20 10
20 16 11 1
20 16 12 4
20 17 14 2
20 17 15 1
20 18 16 1
20 18 17 2
20 19 17 1
20 19 19 1
20 21 19 1
20 21 20 5
20 21 21 8
20 22 22 1
21 18 15 1
21 19 17 3
21 20 18 1
21 20 19 1
21 21 19 1
21 21 20 4
21 21 21 5
21 21 22 1
21 22 20 1
21 22 21 14
21 22 22 8
22 20 18 2
22 20 20 1
22 21 19 1
22 22 21 7
22 22 22 9
22 22 23 3
22 23 21 1
22 23 22 33
22 23 23 6
23 22 20 1
23 23 21 1
23 23 22 6
23 23 23 6
23 23 24 1
23 24 23 31
23 24 24 9
23 25 24 1
24 23 22 1
24 24 23 11
24 24 24 9
24 24 25 1
24 25 24 32
24 25 25 29
24 26 25 2
25 25 23 1
25 25 24 6
25 25 25 13
25 25 26 1
25 26 25 13
25 26 26 62
25 26 27 15
25 27 27 1
26 25 25 2
26 26 25 1
26 26 26 64
26 26 27 8
26 27 26 51
26 27 27 54
26 27 28 7
26 28 28 4
27 27 27 18
27 27 28 15
27 28 27 18
27 28 28 77
27 28 29 7
27 29 28 5
27 29 29 1
28 28 28 27
28 28 29 5
28 29 28 28
28 29 29 61
29 29 28 1
29 29 29 8
29 29 30 4
29 30 29 1
29 30 30 19
30 30 30 37
30 31 30 4
30 31 31 2
