32
0 1 0 2
1 1 0 3
1 1 1 4
1 2 1 17
2 2 1 15
2 2 2 4
2 3 2 16
2 3 3 2
2 4 4 1
3 3 2 14
3 3 3 13
3 4 3 7
4 3 3 5
4 4 3 3
4 4 4 8
4 5 4 5
4 5 5 1
5 4 3 2
5 5 3 1
5 5 4 4
5 5 5 16
5 5 6 1
5 6 5 9
5 6 6 1
6 5 4 1
6 6 4 1
6 6 5 5
6 6 6 8
6 7 6 5
6 7 7 3
6 8 7 1
7 5 3 3
7 5 4 1
7 6 5 3
7 7 6 5
7 7 7 2
7 8 7 2
7 8 8 2
8 5 3 2
8 6 4 2
8 6 5 1
8 7 6 2
8 8 6 1
8 8 7 4
8 8 8 6
8 8 9 1
8 9 8 3
8 9 9 1
9 6 4 3
9 7 5 2
9 8 6 1
9 8 8 1
9 9 8 4
9 9 9 3
9 10 10 2
10 7 4 1
10 8 6 1
10 9 8 1
10 11 10 2
10 11 11 2
11 10 8 1
11 10 9 1
11 11 10 1
11 11 11 2
11 11 12 1
11 12 11 2
11 12 12 1
12 10 8 3
12 11 10 1
12 12 11 4
12 12 12 4
12 13 12 2
12 13 13 4
13 10 8 1
13 11 9 1
13 13 11 1
13 13 12 1
13 13 13 5
13 14 12 1
13 14 13 2
13 14 14 1
14 13 12 2
14 14 13 3
14 14 14 2
14 14 15 1
14 15 15 3
15 12 7 1
15 12 8 2
15 13 12 1
15 14 14 1
15 15 13 1
15 15 14 5
15 15 15 1
15 16 14 1
15 16 15 4
15 16 16 1
16 12 7 1
16 12 8 6
16 13 8 1
16 13 9 1
16 13 10 1
16 13 11 1
16 14 13 1
16 16 15 5
16 16 16 2
16 17 15 2
16 17 16 3
16 17 17 4
17 12 8 1
17 13 8 9
17 13 9 10
17 13 10 2
17 14 9 2
17 14 11 1
17 15 14 1
17 16 15 1
17 17 16 22
17 17 17 3
17 17 18 1
17 18 16 1
17 18 17 3
17 18 18 4
18 14 10 5
18 14 11 1
18 15 10 1
18 15 12 1
18 17 14 1
18 17 16 1
18 18 17 6
18 18 18 2
18 19 18 7
18 19 19 2
19 15 10 1
19 15 11 8
19 15 12 2
19 16 11 2
19 16 12 5
19 16 13 1
19 17 13 1
19 17 14 3
19 18 17 3
19 18 18 2
19 19 18 2
19 19 19 1
19 20 18 1
19 20 19 5
19 20 20 8
20 16 12 5
20 17 13 1
20 17 14 3
20 18 16 1
20 18 17 1
20 19 17 1
20 20 19 1
20 20 20 5
20 20 21 1
20 21 19 9
20 21 20 18
20 21 21 5
20 21 22 1
21 19 17 4
21 20 18 1
21 20 19 1
21 21 19 1
21 21 20 2
21 21 21 3
21 21 22 2
21 22 20 10
21 22 21 16
21 22 22 3
21 22 23 1
21 23 22 1
21 23 23 1
22 19 16 1
22 20 19 1
22 21 18 1
22 21 20 1
22 22 19 1
22 22 20 2
22 22 21 7
22 22 22 13
22 23 22 30
22 23 23 5
23 23 22 2
23 23 23 6
23 23 24 1
23 24 23 40
23 24 24 9
23 25 25 1
24 23 22 1
24 24 23 4
24 24 24 7
24 24 25 2
24 25 24 37
24 25 25 26
24 25 26 1
24 26 25 1
24 26 26 1
25 24 24 1
25 25 24 3
25 25 25 9
25 25 26 5
25 26 25 17
25 26 26 72
25 26 27 14
25 27 27 7
26 25 25 1
26 26 25 2
26 26 26 52
26 26 27 15
26 27 26 49
26 27 27 79
26 27 28 8
26 28 27 4
26 28 28 2
27 27 27 14
27 27 28 12
27 28 27 20
27 28 28 78
27 28 29 3
27 29 28 3
27 29 29 2
28 28 28 19
28 28 29 6
28 29 28 32
28 29 29 56
29 29 29 7
29 29 30 6
29 30 29 1
29 30 30 14
30 30 30 48
30 30 31 3
30 31 30 2
30 31 31 1
