32
1 1 0 3
1 1 1 4
1 2 1 19
1 3 2 1
2 2 1 18
2 2 2 6
2 3 2 23
2 3 3 5
3 3 2 10
3 3 3 12
3 4 3 7
3 4 4 1
4 3 3 2
4 4 3 6
4 4 4 8
4 5 4 2
4 5 5 2
5 5 4 4
5 5 5 17
5 5 6 1
5 6 5 8
5 6 6 1
6 5 3 1
6 6 5 5
6 6 6 9
6 7 6 5
6 7 7 5
7 5 3 3
7 6 5 2
7 7 5 1
7 7 6 4
7 7 7 7
7 8 7 2
7 8 8 3
8 5 3 1
8 5 4 1
8 6 4 2
8 7 5 2
8 7 6 2
8 8 7 4
8 8 8 6
8 9 8 1
8 9 9 4
8 10 9 1
9 6 4 3
9 7 5 1
9 8 6 1
9 8 7 2
9 9 8 3
9 9 9 2
9 9 10 1
9 10 10 3
10 7 4 1
10 8 6 1
10 8 7 1
10 10 8 1
10 10 10 2
10 11 9 1
10 11 10 1
10 11 11 2
11 9 7 2
11 11 10 2
11 11 12 1
11 12 10 1
11 12 11 4
12 9 7 1
12 10 8 2
12 11 9 1
12 12 11 1
12 12 12 3
12 13 12 2
12 13 13 2
13 11 10 1
13 12 11 1
13 13 12 3
13 13 13 2
13 13 14 1
13 14 12 1
13 14 14 1
14 12 11 1
14 13 11 1
14 14 13 3
14 14 14 2
14 14 15 4
14 15 14 1
14 15 15 4
14 16 16 1
15 11 7 1
15 11 8 1
15 14 13 2
15 15 13 1
15 15 14 3
15 15 15 2
15 15 16 1
15 16 15 2
15 16 16 3
16 12 8 8
16 13 9 2
16 13 10 2
16 13 11 1
16 15 14 1
16 15 15 1
16 16 15 6
16 16 16 3
16 17 15 2
16 17 16 3
16 17 17 3
17 13 8 7
17 13 9 9
17 14 10 3
17 16 15 1
17 17 15 1
17 17 16 18
17 17 17 7
17 18 17 7
17 18 18 7
17 19 18 1
17 19 19 1
18 14 10 6
18 15 11 4
18 15 12 1
18 17 16 2
18 18 17 2
18 19 18 5
18 19 19 6
18 20 20 1
19 15 11 9
19 16 11 3
19 16 12 5
19 16 13 2
19 17 14 3
19 18 15 1
19 19 18 4
19 19 19 2
19 19 20 3
19 20 19 7
19 20 20 10
19 21 21 1
20 16 12 5
20 16 13 1
20 17 13 2
20 17 14 2
20 18 16 2
20 18 17 1
20 19 17 1
20 19 18 1
20 20 19 2
20 20 20 2
20 21 19 6
20 21 20 13
20 21 21 5
20 22 21 1
20 22 22 1
21 19 16 1
21 19 17 1
21 19 18 2
21 20 17 1
21 21 21 3
21 21 22 3
21 22 20 9
21 22 21 15
21 22 22 8
21 22 23 1
21 23 22 1
22 19 16 1
22 20 18 1
22 21 19 2
22 21 20 1
22 22 20 3
22 22 21 8
22 22 22 9
22 22 23 1
22 23 21 1
22 23 22 33
22 23 23 3
22 24 23 1
23 23 22 3
23 23 23 12
23 23 24 1
23 24 23 22
23 24 24 10
23 25 24 1
24 23 22 1
24 23 23 2
24 24 23 6
24 24 24 17
24 25 24 26
24 25 25 32
24 26 25 2
24 27 27 1
25 25 24 6
25 25 25 17
25 25 26 4
25 26 25 11
25 26 26 56
25 26 27 18
26 26 25 2
26 26 26 67
26 26 27 13
26 27 26 55
26 27 27 79
26 27 28 7
26 28 28 2
27 27 27 17
27 27 28 12
27 28 27 18
27 28 28 87
27 28 29 7
27 29 28 2
28 28 28 21
28 28 29 6
28 29 28 21
28 29 29 66
28 29 30 2
29 29 29 5
29 29 30 5
29 30 30 20
30 30 30 45
30 30 31 1
30 31 31 1
