32
0 0 0 1
0 1 0 2
1 1 0 6
1 1 1 6
1 2 1 16
2 2 1 6
2 2 2 3
2 3 2 10
2 8 12 1
2 8 13 1
2 8 14 1
2 9 14 3
2 10 14 1
2 10 15 1
2 11 16 2
3 2 1 1
3 3 2 13
3 3 3 10
3 4 2 3
3 4 3 10
3 5 9 1
3 6 11 1
3 7 3 1
3 7 4 1
3 7 12 1
3 7 13 1
3 8 4 3
3 8 5 1
3 10 13 1
3 10 14 1
3 10 15 3
3 11 14 1
3 11 15 2
3 12 16 3
4 4 3 9
4 4 4 23
4 5 3 2
4 5 4 15
4 8 4 4
4 8 5 3
4 9 5 1
4 9 7 1
4 9 9 1
4 10 6 1
4 10 7 1
4 10 9 1
4 10 10 1
4 10 12 1
4 10 13 1
4 10 17 1
4 11 10 1
4 11 15 2
5 4 3 1
5 5 3 1
5 5 4 10
5 5 5 12
5 6 4 1
5 6 5 7
5 6 6 3
5 8 5 1
5 9 6 1
5 10 14 1
5 10 17 1
5 12 16 1
5 12 20 1
6 4 3 1
6 5 3 3
6 6 4 1
6 6 5 6
6 6 6 3
6 7 6 5
6 10 8 1
6 11 14 1
7 6 4 1
7 7 6 6
7 7 7 1
7 8 6 2
7 8 7 4
7 9 8 1
7 10 13 1
7 11 14 1
7 12 14 1
7 12 15 1
7 12 17 1
8 6 3 12
8 6 4 37
8 6 5 1
8 7 5 6
8 7 6 1
8 8 7 8
8 8 8 5
8 9 7 1
8 9 8 5
8 9 11 1
8 10 13 1
8 11 8 1
8 11 15 1
8 13 16 2
9 6 4 15
9 7 4 2
9 7 5 8
9 7 6 1
9 8 5 3
9 8 6 1
9 8 7 3
9 9 7 2
9 9 8 7
9 9 9 3
9 10 8 1
9 10 9 4
9 10 10 1
9 11 11 1
9 13 16 2
10 8 6 1
10 8 7 3
10 9 7 1
10 9 8 1
10 10 8 3
10 10 9 14
10 10 10 5
10 11 10 5
10 11 11 1
10 13 10 1
10 15 17 2
11 10 8 1
11 11 9 2
11 11 10 36
11 11 11 4
11 12 10 10
11 12 11 14
11 12 12 2
11 14 15 1
12 10 9 1
12 11 9 1
12 11 10 1
12 12 10 2
12 12 11 63
12 12 12 7
12 13 11 6
12 13 12 14
13 11 10 1
13 12 11 66
13 12 12 22
13 13 10 1
13 13 11 9
13 13 12 206
13 13 13 33
13 14 12 2
13 14 13 19
13 15 13 1
13 15 14 1
14 13 9 1
14 13 11 3
14 13 12 13
14 13 13 28
14 14 12 2
14 14 13 134
14 14 14 26
14 15 13 30
14 15 14 108
14 15 16 1
14 16 14 2
14 16 16 1
14 16 18 1
14 17 18 1
15 14 12 2
15 14 13 8
15 14 14 9
15 15 13 34
15 15 14 245
15 15 15 54
15 16 14 95
15 16 15 202
15 16 16 3
15 16 17 1
15 17 15 4
15 17 16 1
16 15 13 1
16 15 14 4
16 15 15 4
16 16 14 57
16 16 15 140
16 16 16 37
16 16 17 1
16 17 15 50
16 17 16 250
16 17 17 3
16 18 16 4
16 18 17 1
17 16 15 2
17 16 16 6
17 17 15 3
17 17 16 159
17 17 17 81
17 18 16 38
17 18 17 372
17 18 18 7
17 19 17 12
17 19 18 5
18 11 7 1
18 17 15 1
18 17 16 1
18 17 17 2
18 18 16 2
18 18 17 146
18 18 18 35
18 19 17 32
18 19 18 344
18 19 19 2
18 20 18 5
18 20 19 1
19 14 10 1
19 17 15 1
19 18 17 4
19 18 18 1
19 19 17 2
19 19 18 89
19 19 19 24
19 20 18 25
19 20 19 242
19 20 20 1
19 21 19 7
20 15 10 1
20 18 17 1
20 20 19 53
20 20 20 14
20 21 19 13
20 21 20 180
20 21 21 3
20 22 20 6
21 17 13 1
21 18 16 1
21 20 17 1
21 20 19 2
21 20 20 1
21 21 20 29
21 21 21 21
21 21 22 1
21 22 20 9
21 22 21 183
21 22 22 4
22 15 8 1
22 19 16 1
22 20 18 1
22 21 20 1
22 22 21 11
22 22 22 58
22 23 21 1
22 23 22 134
22 23 23 15
23 15 8 1
23 17 9 1
23 18 14 1
23 22 21 1
23 22 22 1
23 23 22 10
23 23 23 34
23 24 23 106
23 24 24 14
24 18 11 1
24 23 23 1
24 24 23 8
24 24 24 43
24 24 25 2
24 25 24 111
24 25 25 12
24 26 25 1
25 18 12 1
25 25 24 10
25 25 25 31
25 26 25 69
25 26 26 31
25 27 26 1
26 26 25 4
26 26 26 94
26 27 26 175
26 27 27 51
27 27 26 8
27 27 27 90
27 28 27 146
27 28 28 63
27 29 28 2
28 28 28 68
28 29 28 67
28 29 29 56
29 29 29 37
29 30 29 28
29 30 30 48
30 30 30 164
30 30 31 1
30 31 30 50
30 31 31 1
