32
0 1 0 2
1 1 0 5
1 1 1 6
1 2 1 16
2 2 1 9
2 2 2 3
2 3 1 1
2 3 2 12
2 3 3 1
2 8 12 1
2 8 13 2
2 9 14 2
2 10 14 2
2 10 15 3
2 11 15 1
2 11 16 3
2 12 16 1
2 12 17 1
3 3 2 9
3 3 3 14
3 4 2 3
3 4 3 9
3 5 7 1
3 6 11 2
3 7 3 1
3 7 4 1
3 7 12 1
3 8 4 3
3 10 13 1
3 10 14 2
3 11 15 1
3 11 16 1
3 12 17 2
4 4 2 1
4 4 3 13
4 4 4 11
4 5 3 1
4 5 4 9
4 5 5 2
4 8 4 6
4 8 5 2
4 9 5 1
4 9 8 1
4 9 11 1
4 10 7 1
4 10 9 1
4 10 12 1
4 10 13 1
4 10 14 1
4 10 17 1
4 10 18 1
4 11 8 1
4 11 9 1
4 11 10 1
4 11 15 2
4 11 16 1
4 12 16 1
4 12 20 1
5 5 4 7
5 5 5 3
5 6 4 3
5 6 5 6
5 6 6 3
5 8 5 1
5 9 5 1
5 9 12 1
5 10 12 1
5 10 15 1
5 11 12 1
5 12 16 2
5 13 21 1
6 5 3 2
6 5 4 1
6 6 4 2
6 6 5 6
6 6 6 1
6 7 6 1
6 10 7 3
6 11 14 1
6 11 15 1
7 5 3 3
7 5 4 1
7 6 4 3
7 7 5 1
7 7 6 8
7 8 7 2
7 9 7 1
7 10 11 1
7 11 14 1
8 6 3 26
8 6 4 40
8 7 4 3
8 7 5 2
8 8 7 12
8 8 8 4
8 9 8 4
8 9 13 1
8 11 14 1
8 12 15 1
8 14 18 1
9 6 3 1
9 6 4 1
9 7 4 3
9 7 5 8
9 8 5 1
9 8 6 5
9 8 7 1
9 9 7 1
9 9 8 12
9 9 9 1
9 10 9 4
9 12 16 1
10 8 6 1
10 8 7 2
10 9 7 2
10 9 13 1
10 10 8 5
10 10 9 18
10 10 10 5
10 11 9 3
10 11 10 8
10 11 11 1
10 13 15 1
10 14 17 1
11 10 8 1
11 10 9 2
11 11 8 1
11 11 9 1
11 11 10 9
11 11 11 4
11 12 10 2
11 12 11 7
11 14 16 1
11 14 17 1
12 11 9 1
12 11 10 2
12 12 10 24
12 12 11 87
12 12 12 9
12 12 13 1
12 13 11 1
12 13 12 6
12 14 15 1
12 14 16 1
12 15 17 1
12 16 18 1
13 10 12 1
13 12 10 2
13 12 11 64
13 12 12 11
13 13 10 1
13 13 11 16
13 13 12 154
13 13 13 12
13 14 12 4
13 14 13 13
13 14 15 1
13 16 14 1
14 12 10 4
14 13 11 2
14 13 12 11
14 13 13 24
14 14 13 125
14 14 14 14
14 15 13 27
14 15 14 91
14 15 15 2
15 12 12 1
15 13 10 1
15 14 12 1
15 14 13 6
15 14 14 8
15 15 12 1
15 15 13 39
15 15 14 260
15 15 15 33
15 16 13 4
15 16 14 93
15 16 15 147
15 16 17 1
15 17 15 1
15 17 17 1
16 15 13 2
16 15 14 7
16 15 15 10
16 16 13 3
16 16 14 71
16 16 15 150
16 16 16 25
16 17 15 59
16 17 16 265
16 17 17 3
16 18 16 2
17 15 15 1
17 16 15 2
17 16 16 1
17 17 15 4
17 17 16 173
17 17 17 95
17 18 16 40
17 18 17 379
17 18 18 3
17 19 17 4
18 9 5 1
18 15 14 1
18 17 17 2
18 18 16 1
18 18 17 144
18 18 18 44
18 19 17 56
18 19 18 279
18 19 19 5
18 20 18 5
19 13 9 1
19 17 16 1
19 18 17 6
19 19 18 77
19 19 19 27
19 20 18 24
19 20 19 220
19 20 20 1
19 21 19 1
20 11 6 1
20 13 6 1
20 19 19 1
20 20 19 45
20 20 20 10
20 21 19 18
20 21 20 174
20 21 21 2
20 22 20 4
21 15 10 1
21 17 14 1
21 20 20 1
21 21 20 33
21 21 21 20
21 22 20 12
21 22 21 172
21 22 22 3
22 15 8 1
22 18 16 1
22 19 17 1
22 22 21 19
22 22 22 71
22 23 22 127
22 23 23 29
23 16 8 1
23 17 13 1
23 22 21 1
23 23 22 9
23 23 23 62
23 24 23 131
23 24 24 34
24 17 10 1
24 18 11 1
24 24 23 7
24 24 24 48
24 24 25 1
24 25 24 99
24 25 25 15
24 26 25 1
25 18 12 1
25 24 23 1
25 24 24 1
25 25 24 3
25 25 25 36
25 25 26 2
25 26 25 68
25 26 26 31
25 27 26 1
26 26 25 6
26 26 26 97
26 27 26 186
26 27 27 30
26 28 26 1
27 27 26 9
27 27 27 111
27 27 28 1
27 28 27 135
27 28 28 58
28 28 27 2
28 28 28 87
28 28 29 1
28 29 28 71
28 29 29 57
29 29 29 57
29 30 29 23
29 30 30 45
30 30 30 141
30 30 31 4
30 31 30 41
30 31 31 1
