32
0 1 0 1
1 1 0 7
1 1 1 10
1 2 1 10
2 2 1 13
2 2 2 3
2 2 3 1
2 3 2 14
2 3 3 1
2 5 11 1
2 8 12 1
2 8 13 2
2 9 13 3
2 9 14 1
2 10 15 3
2 10 16 1
2 11 16 2
3 2 2 1
3 3 2 12
3 3 3 9
3 4 2 2
3 4 3 16
3 5 8 1
3 6 10 1
3 7 4 2
3 7 12 1
3 7 13 1
3 8 4 3
3 8 5 1
3 9 7 1
3 9 9 1
3 9 13 1
3 10 14 2
3 10 15 3
3 11 15 2
3 12 16 3
4 4 2 1
4 4 3 16
4 4 4 15
4 5 3 1
4 5 4 6
4 8 4 2
4 8 5 4
4 8 7 1
4 10 7 2
4 10 8 1
4 10 10 1
4 10 13 1
4 10 14 2
4 10 17 1
4 10 18 1
4 11 15 1
4 11 16 1
4 11 19 1
5 4 3 1
5 4 4 3
5 5 4 6
5 5 5 14
5 6 4 1
5 6 5 5
5 6 8 1
5 8 5 1
5 9 5 1
5 9 6 1
5 10 8 1
5 10 14 1
5 11 11 1
5 11 14 1
5 13 20 1
6 5 3 2
6 5 4 1
6 6 4 2
6 6 5 4
6 6 6 3
6 7 6 2
6 8 7 1
6 10 7 1
6 10 13 1
6 10 14 1
6 11 9 1
6 11 11 1
6 11 14 1
6 13 21 1
7 5 3 2
7 6 4 2
7 7 5 1
7 7 6 4
7 7 7 4
7 8 6 3
7 9 8 1
7 13 17 1
7 14 17 1
8 6 3 6
8 6 4 51
8 7 5 6
8 8 5 2
8 8 7 9
8 8 8 1
8 8 9 1
8 9 7 1
8 9 8 6
8 12 15 2
8 13 16 1
9 6 4 5
9 7 4 7
9 7 5 5
9 8 5 1
9 8 6 2
9 9 8 17
9 9 9 3
9 10 8 2
9 10 9 6
9 12 15 1
9 12 16 1
9 13 9 1
9 13 16 1
10 8 6 2
10 8 7 1
10 9 7 1
10 10 8 5
10 10 9 8
10 10 10 4
10 11 9 2
10 11 10 2
10 12 11 1
10 12 15 1
10 14 17 1
11 10 8 2
11 10 9 4
11 11 8 1
11 11 9 2
11 11 10 15
11 11 11 5
11 12 10 2
11 12 11 7
11 12 12 2
11 12 14 1
11 13 17 1
11 14 15 1
12 10 9 1
12 10 12 1
12 11 10 1
12 11 12 1
12 12 10 2
12 12 11 58
12 12 12 1
12 13 11 3
12 13 12 7
12 13 15 1
12 14 12 1
12 16 18 1
13 11 9 1
13 11 10 1
13 12 10 1
13 12 11 65
13 12 12 14
13 13 10 1
13 13 11 9
13 13 12 170
13 13 13 30
13 14 13 11
13 15 14 1
13 15 16 1
13 16 14 1
14 13 11 5
14 13 12 16
14 13 13 19
14 14 12 1
14 14 13 152
14 14 14 21
14 15 13 29
14 15 14 92
14 16 14 1
15 13 11 1
15 14 11 1
15 14 13 8
15 14 14 6
15 15 13 35
15 15 14 239
15 15 15 35
15 16 13 3
15 16 14 100
15 16 15 175
15 16 17 1
15 17 15 1
15 17 18 1
16 14 12 1
16 15 13 2
16 15 14 1
16 15 15 6
16 16 13 1
16 16 14 67
16 16 15 141
16 16 16 33
16 16 17 1
16 17 15 43
16 17 16 253
16 17 17 4
16 18 16 4
17 15 14 1
17 16 14 1
17 16 15 2
17 17 15 4
17 17 16 167
17 17 17 92
17 18 16 33
17 18 17 387
17 18 18 8
17 19 17 14
17 19 18 4
18 17 16 1
18 18 16 1
18 18 17 142
18 18 18 29
18 19 17 42
18 19 18 379
18 19 19 4
18 20 18 6
19 14 10 1
19 14 11 1
19 17 16 1
19 18 15 1
19 18 17 2
19 18 18 1
19 19 11 1
19 19 17 1
19 19 18 71
19 19 19 26
19 20 18 28
19 20 19 235
19 20 20 5
19 21 19 3
19 21 20 1
20 11 6 1
20 19 10 1
20 19 19 3
20 20 19 45
20 20 20 15
20 21 19 19
20 21 20 184
20 21 21 1
20 22 20 9
21 13 7 2
21 17 13 1
21 18 17 1
21 20 20 1
21 21 20 35
21 21 21 21
21 22 12 1
21 22 20 12
21 22 21 178
21 22 22 5
22 22 21 14
22 22 22 60
22 23 22 131
22 23 23 10
23 15 8 1
23 16 8 1
23 16 9 1
23 17 12 1
23 19 17 1
23 22 22 1
23 23 22 9
23 23 23 27
23 24 23 123
23 24 24 14
24 18 10 1
24 23 22 1
24 24 23 7
24 24 24 54
24 25 24 103
24 25 25 15
25 18 11 1
25 24 24 3
25 25 24 7
25 25 25 28
25 25 26 2
25 26 25 86
25 26 26 26
25 27 26 1
26 26 25 8
26 26 26 77
26 26 27 1
26 27 26 172
26 27 27 39
26 28 26 1
26 28 27 2
27 27 26 10
27 27 27 111
27 27 28 1
27 28 27 153
27 28 28 72
28 28 27 1
28 28 28 67
28 29 28 80
28 29 29 55
29 29 29 38
29 30 29 27
29 30 30 51
30 30 30 157
30 30 31 4
30 31 30 59
30 31 31 2
