32
0 0 0 2
0 1 0 1
1 1 0 5
1 1 1 7
1 2 1 16
2 2 1 12
2 2 2 6
2 2 3 1
2 3 2 11
2 6 12 1
2 8 12 2
2 8 13 2
2 9 13 1
2 9 14 1
2 10 14 3
2 10 15 2
2 11 16 4
3 3 2 14
3 3 3 14
3 4 2 1
3 4 3 14
3 5 8 1
3 5 9 1
3 5 11 1
3 6 10 1
3 7 4 2
3 7 12 1
3 8 4 3
3 8 6 1
3 10 12 1
3 10 14 1
3 10 15 2
3 11 15 2
3 11 16 2
3 12 16 1
4 4 3 16
4 4 4 19
4 5 4 10
4 5 6 1
4 5 7 1
4 6 10 1
4 6 11 1
4 7 13 1
4 8 4 2
4 8 5 2
4 8 6 1
4 9 5 2
4 10 8 1
4 10 9 2
4 10 12 1
4 10 13 2
4 10 17 2
4 11 11 1
4 11 14 1
4 11 15 1
4 11 16 2
4 11 19 1
4 12 20 1
5 4 3 1
5 4 4 1
5 5 4 8
5 5 5 11
5 6 5 3
5 8 6 1
5 9 5 1
5 10 10 1
5 10 14 1
5 10 16 1
5 11 15 2
5 13 20 1
5 13 21 1
6 5 3 2
6 6 4 3
6 6 5 4
6 7 5 3
6 7 6 4
6 9 13 1
6 10 8 2
6 10 14 2
6 10 17 1
7 5 4 1
7 6 4 1
7 7 5 2
7 7 6 3
7 7 7 3
7 8 6 2
7 8 7 5
7 9 8 1
7 10 7 1
7 12 17 1
7 13 19 1
8 6 3 3
8 6 4 56
8 6 5 1
8 7 5 3
8 7 6 1
8 8 7 11
8 8 8 4
8 9 8 9
8 10 8 1
8 11 9 1
8 12 15 1
9 6 3 1
9 6 4 10
9 7 4 1
9 7 5 8
9 7 6 1
9 8 5 1
9 8 6 2
9 9 7 4
9 9 8 10
9 9 9 1
9 10 8 2
9 10 9 5
9 10 11 1
9 11 11 1
9 11 12 1
9 12 10 1
9 12 15 2
9 13 9 1
9 13 15 1
9 14 17 2
10 9 7 1
10 9 8 1
10 10 8 5
10 10 9 11
10 10 10 4
10 11 9 1
10 11 10 6
10 13 15 1
11 10 8 1
11 11 8 1
11 11 9 3
11 11 10 10
11 11 11 2
11 12 10 3
11 12 11 6
11 13 15 1
11 14 16 1
11 14 18 1
12 11 9 2
12 11 10 1
12 12 9 1
12 12 10 4
12 12 11 48
12 12 12 9
12 13 11 1
12 13 12 9
12 14 16 1
13 11 10 1
13 12 9 1
13 12 10 1
13 12 11 71
13 12 12 5
13 13 11 8
13 13 12 195
13 13 13 30
13 14 12 6
13 14 13 13
13 14 14 1
13 15 14 1
13 15 15 1
13 16 18 1
14 13 11 2
14 13 12 13
14 13 13 24
14 14 12 4
14 14 13 144
14 14 14 18
14 15 13 18
14 15 14 99
14 15 15 2
14 16 14 3
15 13 11 1
15 14 13 10
15 14 14 18
15 15 13 51
15 15 14 247
15 15 15 49
15 15 16 1
15 16 13 7
15 16 14 100
15 16 15 214
15 16 16 1
15 17 15 4
15 17 18 1
16 15 13 3
16 15 14 1
16 15 15 6
16 16 14 42
16 16 15 157
16 16 16 41
16 16 17 1
16 17 15 37
16 17 16 252
16 17 17 3
16 18 16 3
16 18 17 1
17 15 14 1
17 16 15 1
17 16 16 3
17 17 15 3
17 17 16 157
17 17 17 110
17 18 16 31
17 18 17 382
17 18 18 11
17 19 17 13
17 19 18 2
18 17 17 3
18 18 17 141
18 18 18 43
18 19 17 45
18 19 18 350
18 19 19 3
18 20 18 2
19 12 9 1
19 18 16 1
19 18 17 5
19 19 18 85
19 19 19 27
19 20 18 28
19 20 19 231
19 21 19 3
20 13 6 1
20 19 10 1
20 19 18 2
20 19 19 1
20 20 19 49
20 20 20 24
20 21 19 17
20 21 20 189
20 22 20 2
21 15 10 1
21 17 14 1
21 17 15 1
21 20 19 1
21 20 20 1
21 21 20 36
21 21 21 19
21 22 20 10
21 22 21 166
21 22 22 7
22 14 8 1
22 15 8 1
22 17 13 1
22 19 16 1
22 21 21 1
22 22 21 13
22 22 22 60
22 23 22 119
22 23 23 13
23 16 9 1
23 18 11 1
23 19 16 1
23 22 21 1
23 22 22 1
23 23 22 10
23 23 23 33
23 24 23 116
23 24 24 19
24 24 23 5
24 24 24 47
24 25 24 103
24 25 25 11
25 18 11 1
25 24 24 1
25 25 24 9
25 25 25 30
25 25 26 1
25 26 25 78
25 26 26 22
26 25 26 1
26 26 25 4
26 26 26 105
26 27 26 159
26 27 27 46
26 28 26 1
26 28 27 1
27 27 26 15
27 27 27 109
27 27 28 1
27 28 27 155
27 28 28 56
28 28 27 2
28 28 28 83
28 29 28 78
28 29 29 67
29 29 29 31
29 29 30 1
29 30 29 25
29 30 30 50
30 30 30 165
30 30 31 2
30 31 30 47
30 31 31 1
