32
0 0 0 2
0 1 0 3
1 1 0 3
1 1 1 6
1 2 1 13
2 2 1 10
2 2 2 1
2 3 2 9
2 8 12 1
2 8 13 2
2 9 13 2
2 9 14 3
2 10 15 4
2 11 16 3
2 11 17 1
3 3 1 1
3 3 2 11
3 3 3 14
3 4 2 2
3 4 3 8
3 5 9 1
3 7 4 1
3 7 12 2
3 8 4 6
3 8 5 1
3 10 13 1
3 10 14 2
3 10 15 1
3 11 14 1
3 11 15 1
3 11 16 2
3 12 16 1
4 4 3 18
4 4 4 22
4 5 4 8
4 8 4 3
4 8 5 2
4 9 5 1
4 9 7 1
4 9 11 1
4 10 8 1
4 10 9 3
4 10 12 1
4 10 13 1
4 10 14 1
4 10 17 2
4 11 7 1
4 11 18 1
4 12 16 1
5 4 2 1
5 4 3 2
5 5 4 12
5 5 5 10
5 6 4 2
5 6 5 2
5 6 6 3
5 8 5 1
5 10 13 2
6 4 3 1
6 5 3 2
6 5 4 1
6 6 4 2
6 6 5 9
6 6 6 4
6 7 5 3
6 7 6 5
6 9 7 1
6 10 7 1
6 10 14 1
6 12 15 1
7 5 3 1
7 6 4 1
7 7 5 1
7 7 6 1
7 7 7 2
7 8 7 6
7 8 9 1
7 9 8 1
7 10 7 1
7 10 14 1
7 11 13 1
7 12 17 1
7 13 16 1
8 6 3 8
8 6 4 53
8 6 5 3
8 7 5 2
8 7 6 1
8 8 7 7
8 8 8 4
8 9 8 2
8 11 12 1
8 11 14 1
8 12 15 2
8 13 16 1
9 6 4 4
9 6 5 1
9 7 4 6
9 7 5 5
9 7 6 1
9 8 6 5
9 8 7 4
9 9 8 11
9 9 9 2
9 9 10 1
9 10 9 7
9 10 13 1
9 12 15 1
10 8 6 2
10 10 8 3
10 10 9 19
10 10 10 4
10 11 9 1
10 11 10 2
10 11 11 1
10 14 16 1
11 9 8 2
11 10 8 1
11 10 9 2
11 11 9 2
11 11 10 21
11 11 11 6
11 12 10 1
11 12 11 7
11 13 15 2
11 15 17 1
12 10 9 1
12 11 9 3
12 11 11 1
12 12 9 1
12 12 10 2
12 12 11 56
12 12 12 7
12 13 12 4
12 13 13 1
12 15 12 1
12 16 18 1
13 12 11 77
13 12 12 18
13 13 10 2
13 13 11 6
13 13 12 176
13 13 13 19
13 14 12 4
13 14 13 15
13 15 13 1
13 15 18 1
13 16 17 1
14 13 11 1
14 13 12 19
14 13 13 27
14 14 13 147
14 14 14 14
14 15 13 41
14 15 14 108
14 15 15 1
14 16 14 1
14 16 15 1
14 16 16 1
15 13 10 1
15 14 12 1
15 14 13 10
15 14 14 13
15 15 13 44
15 15 14 267
15 15 15 37
15 16 13 2
15 16 14 91
15 16 15 157
15 16 16 1
15 17 15 2
16 15 13 1
16 15 14 6
16 15 15 13
16 16 14 64
16 16 15 153
16 16 16 23
16 16 17 1
16 17 15 39
16 17 16 284
16 17 17 2
16 17 19 1
16 18 18 1
17 15 13 1
17 15 14 1
17 16 14 1
17 16 15 3
17 16 16 4
17 17 15 3
17 17 16 169
17 17 17 97
17 18 16 26
17 18 17 361
17 18 18 2
17 19 17 13
18 11 8 1
18 17 16 2
18 17 17 1
18 18 16 1
18 18 17 158
18 18 18 41
18 19 17 31
18 19 18 335
18 19 19 3
18 20 18 9
19 14 10 1
19 18 16 1
19 18 17 1
19 19 18 63
19 19 19 26
19 20 18 24
19 20 19 244
19 21 19 2
20 19 18 2
20 20 19 45
20 20 20 20
20 21 19 19
20 21 20 169
20 21 21 5
20 22 20 4
20 22 21 1
21 17 14 1
21 20 19 1
21 21 20 32
21 21 21 20
21 22 20 8
21 22 21 183
21 22 22 5
22 14 7 1
22 16 8 1
22 16 11 1
22 16 13 1
22 19 16 1
22 20 18 1
22 21 20 1
22 22 21 12
22 22 22 63
22 23 21 1
22 23 22 117
22 23 23 13
23 18 15 1
23 19 11 1
23 23 22 8
23 23 23 39
23 23 24 1
23 24 23 100
23 24 24 30
24 16 8 1
24 17 9 1
24 19 14 1
24 23 23 2
24 24 22 1
24 24 23 5
24 24 24 55
24 24 25 1
24 25 24 92
24 25 25 16
24 26 25 1
25 18 11 1
25 24 24 1
25 25 24 4
25 25 25 39
25 26 25 68
25 26 26 25
26 26 25 8
26 26 26 96
26 27 26 190
26 27 27 29
27 27 26 17
27 27 27 100
27 28 27 142
27 28 28 48
27 29 28 1
28 28 27 8
28 28 28 77
28 29 28 78
28 29 29 49
29 29 28 2
29 29 29 56
29 30 29 21
29 30 30 46
30 30 30 172
30 31 30 42
