32
0 0 0 1
1 1 0 5
1 1 1 9
1 2 1 8
2 1 1 1
2 2 1 10
2 2 2 2
2 3 2 10
2 3 3 1
2 8 12 1
2 8 13 2
2 9 13 1
2 9 14 1
2 9 15 1
2 10 14 2
2 10 15 2
2 11 16 3
2 12 17 1
3 3 2 11
3 3 3 8
3 4 2 1
3 4 3 17
3 4 4 1
3 5 8 1
3 6 11 2
3 7 3 1
3 8 4 5
3 8 5 2
3 10 13 1
3 10 14 2
3 10 15 3
3 11 16 2
3 12 16 1
4 4 3 17
4 4 4 12
4 5 4 13
4 5 5 1
4 8 4 2
4 8 5 3
4 9 5 2
4 9 7 2
4 9 9 1
4 9 10 1
4 10 8 1
4 10 9 1
4 10 13 1
4 10 14 1
4 10 15 1
4 10 18 1
4 11 10 1
4 11 15 2
4 11 18 1
4 12 16 1
5 4 3 1
5 5 4 11
5 5 5 8
5 6 5 4
5 6 6 2
5 9 6 2
5 10 12 1
5 10 13 1
5 11 14 1
5 11 15 1
5 12 15 1
5 13 21 1
6 5 3 1
6 5 4 2
6 6 4 1
6 6 5 7
6 7 5 1
6 7 6 3
6 10 7 1
6 10 14 1
6 11 9 1
6 11 13 1
7 5 3 2
7 6 4 2
7 7 6 10
7 7 7 2
7 8 6 1
7 8 7 7
7 8 8 1
7 9 8 1
7 10 7 1
8 6 3 5
8 6 4 52
8 6 5 1
8 7 5 3
8 7 6 1
8 8 6 1
8 8 7 7
8 8 8 4
8 9 8 6
8 9 9 1
8 9 12 1
8 11 11 1
8 14 17 1
9 6 4 11
9 7 4 5
9 7 5 8
9 7 6 1
9 8 5 1
9 8 6 5
9 8 7 1
9 9 7 2
9 9 8 8
9 9 9 3
9 10 9 3
9 12 13 1
9 12 14 1
9 12 15 1
9 12 16 1
9 14 17 1
10 8 7 1
10 9 7 2
10 9 8 1
10 10 8 1
10 10 9 9
10 10 10 7
10 11 9 2
10 11 10 9
10 11 12 1
10 13 15 1
10 15 18 1
11 10 8 1
11 10 9 1
11 10 12 1
11 11 9 2
11 11 10 21
11 11 11 5
11 12 10 3
11 12 11 5
11 14 15 1
11 14 16 1
11 14 17 1
12 11 10 4
12 12 10 3
12 12 11 56
12 12 12 9
12 13 12 12
12 13 15 1
12 14 16 1
13 12 11 61
13 12 12 20
13 13 10 1
13 13 11 2
13 13 12 166
13 13 13 27
13 14 12 5
13 14 13 16
13 15 13 1
13 15 15 1
13 16 18 1
14 12 11 1
14 13 11 2
14 13 12 10
14 13 13 27
14 14 11 1
14 14 13 153
14 14 14 24
14 14 15 1
14 15 13 30
14 15 14 103
14 15 15 2
14 15 16 1
14 16 15 1
14 16 19 1
15 13 11 1
15 13 12 1
15 14 13 4
15 14 14 13
15 15 13 38
15 15 14 246
15 15 15 56
15 16 13 1
15 16 14 54
15 16 15 170
15 16 16 1
15 17 15 3
16 14 12 1
16 14 13 2
16 15 13 2
16 15 14 2
16 15 15 6
16 16 13 2
16 16 14 88
16 16 15 138
16 16 16 36
16 17 15 48
16 17 16 232
16 17 17 4
16 18 16 6
16 18 17 1
17 16 14 1
17 16 15 1
17 16 16 7
17 17 15 6
17 17 16 156
17 17 17 84
17 18 16 43
17 18 17 380
17 18 18 8
17 19 17 15
17 19 18 1
17 19 20 1
18 18 17 153
18 18 18 55
18 19 17 39
18 19 18 334
18 19 19 1
18 20 18 1
19 13 10 1
19 16 15 1
19 18 16 1
19 18 17 3
19 18 18 1
19 19 18 62
19 19 19 36
19 20 18 30
19 20 19 213
19 20 20 1
19 21 19 2
20 11 5 1
20 17 14 1
20 19 17 1
20 20 19 42
20 20 20 23
20 20 21 1
20 21 19 20
20 21 20 184
20 21 21 4
20 22 20 3
21 13 7 1
21 20 19 3
21 21 20 37
21 21 21 30
21 22 20 11
21 22 21 174
21 22 22 3
22 16 11 1
22 19 17 1
22 21 20 1
22 22 21 20
22 22 22 64
22 23 22 111
22 23 23 10
22 24 23 1
23 15 8 2
23 19 15 1
23 19 16 1
23 22 21 1
23 23 21 1
23 23 22 13
23 23 23 49
23 24 23 102
23 24 24 25
24 17 9 1
24 18 11 1
24 23 24 1
24 24 23 4
24 24 24 63
24 25 24 106
24 25 25 20
25 18 13 1
25 24 24 1
25 25 24 9
25 25 25 42
25 25 26 1
25 26 25 62
25 26 26 24
26 26 25 5
26 26 26 102
26 26 27 1
26 27 26 169
26 27 27 55
26 28 26 1
27 27 26 9
27 27 27 91
27 28 27 135
27 28 28 69
28 28 27 1
28 28 28 95
28 28 29 2
28 29 28 55
28 29 29 82
29 29 29 40
29 29 30 1
29 30 29 19
29 30 30 53
30 30 30 198
30 30 31 2
30 31 30 52
30 31 31 4
31 31 31 1
