32
0 0 0 1
0 1 0 3
1 1 0 6
1 1 1 6
1 2 1 14
2 2 1 9
2 2 2 3
2 3 2 9
2 8 13 1
2 9 13 1
2 9 14 2
2 10 14 1
2 10 15 1
2 10 16 1
2 11 16 3
2 12 17 1
3 3 2 8
3 3 3 10
3 4 3 14
3 8 4 6
3 8 5 1
3 9 9 1
3 9 14 1
3 10 13 2
3 10 14 1
3 10 15 1
3 11 12 1
3 11 13 1
3 11 15 1
3 11 16 1
3 12 17 2
4 4 2 1
4 4 3 15
4 4 4 18
4 5 4 12
4 5 5 1
4 8 4 2
4 8 5 3
4 9 5 2
4 9 7 1
4 9 9 1
4 10 8 2
4 10 13 1
4 10 14 1
4 10 18 1
4 11 15 1
4 11 16 2
4 12 16 1
4 12 17 1
5 4 3 2
5 5 4 11
5 5 5 13
5 6 4 1
5 6 5 6
5 6 6 4
5 9 5 1
5 10 6 1
5 10 7 1
5 11 10 1
5 11 12 1
5 11 14 1
5 11 15 2
6 5 3 2
6 5 4 1
6 6 4 2
6 6 5 7
6 7 6 5
6 7 9 1
6 10 7 1
6 12 15 1
6 13 17 1
7 5 4 1
7 6 4 3
7 7 6 9
7 7 7 2
7 8 7 2
7 9 8 1
7 10 7 1
7 10 12 1
7 11 13 1
7 13 16 1
8 6 3 7
8 6 4 49
8 7 4 1
8 7 5 3
8 7 7 1
8 8 7 6
8 8 8 4
8 9 7 1
8 9 8 5
8 13 16 1
9 6 4 8
9 7 4 4
9 7 5 7
9 8 5 1
9 8 6 6
9 8 8 1
9 9 8 8
9 9 9 3
9 10 8 1
9 10 9 3
9 12 15 3
10 8 6 1
10 10 8 1
10 10 9 10
10 10 10 7
10 10 12 1
10 11 10 3
10 13 15 1
11 9 8 2
11 10 9 2
11 11 9 2
11 11 10 12
11 11 11 5
11 12 10 3
11 12 11 9
12 10 9 2
12 11 10 5
12 12 10 6
12 12 11 55
12 12 12 3
12 13 10 1
12 13 11 3
12 13 12 7
12 13 13 1
12 14 12 1
12 14 15 1
12 14 16 1
12 15 17 1
13 12 11 69
13 12 12 4
13 13 11 10
13 13 12 192
13 13 13 22
13 14 12 8
13 14 13 18
13 15 16 1
13 16 14 1
13 16 16 1
13 17 18 1
14 12 10 1
14 13 11 2
14 13 12 18
14 13 13 27
14 14 11 1
14 14 13 145
14 14 14 14
14 15 13 45
14 15 14 107
14 15 15 2
15 13 13 1
15 14 12 2
15 14 13 9
15 14 14 22
15 15 13 32
15 15 14 284
15 15 15 36
15 15 16 1
15 16 14 102
15 16 15 160
15 16 17 1
15 17 15 1
15 17 16 1
15 17 19 1
15 18 19 1
16 15 13 2
16 15 14 4
16 15 15 10
16 16 14 78
16 16 15 157
16 16 16 23
16 17 15 32
16 17 16 247
16 17 17 8
16 18 16 6
17 15 15 1
17 16 15 1
17 16 16 3
17 17 15 8
17 17 16 167
17 17 17 98
17 17 18 1
17 18 16 27
17 18 17 385
17 18 18 3
17 19 17 17
17 19 18 1
17 20 17 1
18 13 11 1
18 17 16 2
18 18 17 148
18 18 18 43
18 19 17 28
18 19 18 310
18 19 19 3
18 20 18 9
19 11 5 1
19 14 11 1
19 18 16 1
19 18 17 1
19 19 18 76
19 19 19 27
19 20 18 27
19 20 19 214
19 20 20 3
19 21 19 3
20 12 6 1
20 18 17 1
20 20 19 47
20 20 20 18
20 21 19 25
20 21 20 172
20 21 21 5
20 22 20 1
20 22 21 1
21 17 13 1
21 19 17 1
21 20 19 2
21 21 20 37
21 21 21 21
21 22 20 8
21 22 21 184
21 22 22 5
22 21 20 2
22 21 21 1
22 22 21 19
22 22 22 65
22 23 22 129
22 23 23 16
23 15 9 1
23 19 16 2
23 22 21 1
23 22 22 1
23 23 22 6
23 23 23 51
23 24 23 121
23 24 24 34
24 24 23 3
24 24 24 64
24 25 24 106
24 25 25 21
25 18 12 1
25 25 24 4
25 25 25 37
25 26 25 74
25 26 26 19
26 26 25 12
26 26 26 95
26 27 26 185
26 27 27 39
26 28 26 1
26 28 27 1
27 26 26 1
27 27 26 17
27 27 27 91
27 27 28 1
27 28 27 148
27 28 28 39
28 28 27 4
28 28 28 75
28 29 28 77
28 29 29 65
29 29 28 1
29 29 29 44
29 30 29 26
29 30 30 44
30 30 30 157
30 31 30 43
