32
1 1 0 8
1 1 1 7
1 2 1 11
2 2 1 5
2 2 2 2
2 3 1 1
2 3 2 11
2 3 3 1
2 8 13 2
2 9 14 2
2 10 14 1
2 10 15 4
2 11 16 4
2 12 17 1
3 3 2 9
3 3 3 7
3 4 2 1
3 4 3 12
3 4 4 3
3 8 4 6
3 8 12 1
3 9 9 1
3 10 12 1
3 10 13 1
3 10 14 2
3 11 14 1
3 11 16 1
3 12 16 1
3 12 17 1
4 3 3 1
4 4 3 14
4 4 4 21
4 5 4 10
4 5 5 4
4 8 4 4
4 8 5 3
4 9 5 4
4 9 8 1
4 9 13 1
4 9 16 1
4 10 9 1
4 10 14 1
4 11 8 1
4 11 9 1
4 11 14 1
4 11 15 1
4 12 16 1
4 12 17 1
5 4 3 2
5 4 4 1
5 5 4 11
5 5 5 14
5 6 5 3
5 6 6 1
5 8 5 1
5 10 12 1
5 10 14 2
5 11 10 1
5 11 15 2
5 12 16 1
6 5 3 1
6 5 4 2
6 6 4 1
6 6 5 12
6 6 6 1
6 7 6 3
6 7 8 1
6 9 6 1
6 10 7 1
6 10 8 1
6 12 16 1
7 5 3 2
7 6 4 4
7 7 6 8
7 7 7 5
7 8 7 1
7 9 7 1
7 10 8 1
7 10 12 1
7 10 13 1
8 6 3 6
8 6 4 45
8 7 4 2
8 7 5 4
8 8 7 14
8 8 8 4
8 9 8 3
8 10 13 1
8 11 11 1
9 6 3 1
9 6 4 17
9 7 4 3
9 7 5 10
9 7 6 1
9 8 5 1
9 8 6 4
9 9 7 1
9 9 8 10
9 9 9 3
9 10 8 1
9 10 9 3
9 13 15 1
9 13 16 1
9 14 17 1
10 8 6 2
10 8 7 2
10 9 7 1
10 9 12 1
10 10 8 2
10 10 9 12
10 10 10 3
10 11 10 3
10 12 14 1
11 9 8 2
11 10 9 1
11 11 8 1
11 11 9 2
11 11 10 13
11 11 11 2
11 12 10 1
11 12 11 7
11 13 15 1
11 15 17 1
12 11 9 1
12 11 10 3
12 12 10 5
12 12 11 50
12 12 12 3
12 13 11 2
12 13 12 10
12 13 13 2
12 14 15 1
12 14 16 2
13 12 10 1
13 12 11 76
13 12 12 12
13 13 11 12
13 13 12 181
13 13 13 16
13 14 12 8
13 14 13 16
13 15 14 1
13 17 19 1
14 13 11 1
14 13 12 17
14 13 13 32
14 14 13 169
14 14 14 17
14 14 15 1
14 15 13 36
14 15 14 113
14 15 15 1
14 15 16 1
14 16 19 1
15 13 13 1
15 14 12 1
15 14 13 8
15 14 14 9
15 15 13 35
15 15 14 266
15 15 15 27
15 16 13 1
15 16 14 106
15 16 15 147
15 16 16 2
15 17 15 2
15 18 19 1
16 14 13 1
16 14 14 1
16 15 13 2
16 15 14 4
16 15 15 6
16 16 13 1
16 16 14 59
16 16 15 146
16 16 16 30
16 17 15 42
16 17 16 244
16 17 17 1
16 18 16 2
16 19 17 1
17 16 13 1
17 16 14 1
17 16 15 3
17 16 16 2
17 17 15 2
17 17 16 164
17 17 17 92
17 17 18 1
17 18 16 38
17 18 17 346
17 18 18 4
17 19 17 10
17 19 18 2
18 12 10 1
18 17 17 1
18 18 17 150
18 18 18 41
18 19 17 43
18 19 18 275
18 19 19 1
18 20 18 5
19 18 16 1
19 18 17 3
19 19 17 1
19 19 18 72
19 19 19 11
19 20 18 32
19 20 19 220
19 20 20 4
19 21 19 6
20 16 13 1
20 20 19 47
20 20 20 8
20 21 19 17
20 21 20 194
20 21 21 3
20 22 20 2
21 17 14 1
21 20 18 1
21 20 20 1
21 21 20 30
21 21 21 24
21 22 20 15
21 22 21 178
21 22 22 8
22 22 21 23
22 22 22 49
22 23 22 133
22 23 23 12
23 15 8 1
23 19 15 1
23 19 16 1
23 22 22 1
23 23 22 14
23 23 23 36
23 24 23 117
23 24 24 24
24 24 23 7
24 24 24 60
24 24 25 1
24 25 24 103
24 25 25 14
25 19 14 1
25 24 24 1
25 25 24 3
25 25 25 49
25 26 25 88
25 26 26 22
26 26 25 14
26 26 26 110
26 26 27 1
26 27 26 185
26 27 27 24
26 28 26 1
27 27 26 18
27 27 27 97
27 27 28 1
27 28 27 126
27 28 28 41
27 29 28 1
28 28 27 5
28 28 28 66
28 29 28 79
28 29 29 56
29 29 28 1
29 29 29 45
29 30 29 27
29 30 30 38
30 30 30 126
30 30 31 2
30 31 30 39
