32
0 0 0 2
0 1 0 1
1 1 0 4
1 1 1 2
1 2 1 15
2 2 1 7
2 2 2 10
2 3 1 2
2 3 2 14
2 5 10 1
2 8 12 1
2 8 13 2
2 9 14 4
2 10 14 1
2 10 15 2
2 11 15 1
2 11 16 4
2 12 16 1
3 3 2 10
3 3 3 15
3 4 3 12
3 5 7 1
3 6 10 1
3 6 11 1
3 7 4 1
3 8 4 5
3 8 5 1
3 9 14 1
3 10 13 2
3 10 14 2
3 10 15 1
3 11 15 2
3 11 16 1
3 12 16 1
4 4 3 18
4 4 4 20
4 5 4 9
4 7 12 1
4 8 4 4
4 8 5 2
4 9 5 2
4 9 9 2
4 10 8 2
4 10 9 1
4 10 10 1
4 10 12 1
4 10 14 1
4 10 16 1
4 10 17 1
4 11 16 1
4 11 18 1
4 12 16 1
4 12 20 1
5 4 3 2
5 5 4 7
5 5 5 15
5 6 4 2
5 6 5 5
5 6 6 1
5 8 6 1
5 9 5 1
5 10 9 1
5 10 11 1
5 13 21 1
6 5 3 2
6 5 4 1
6 6 4 1
6 6 5 4
6 6 6 4
6 7 6 2
6 7 8 1
6 9 7 1
6 9 13 1
6 10 6 1
6 10 7 1
6 10 14 1
6 11 15 1
6 12 15 1
7 5 3 1
7 5 4 1
7 6 4 3
7 7 6 10
7 7 7 1
7 8 6 2
7 8 7 3
7 9 7 1
7 11 13 1
7 11 14 1
8 6 3 7
8 6 4 45
8 6 5 1
8 7 4 2
8 7 5 6
8 7 6 1
8 8 6 1
8 8 7 13
8 8 8 2
8 9 8 2
8 10 13 1
8 11 11 1
8 11 13 1
8 11 14 1
8 11 15 1
8 12 14 1
9 6 4 17
9 7 4 6
9 7 5 4
9 7 6 1
9 8 5 2
9 8 6 1
9 9 7 1
9 9 8 11
9 9 9 2
9 10 8 1
9 10 9 4
9 12 16 1
9 13 16 1
9 14 16 1
9 14 17 1
10 8 6 1
10 8 7 3
10 10 8 6
10 10 9 10
10 10 10 4
10 11 9 1
10 11 10 5
10 11 11 1
11 10 8 3
11 10 9 3
11 11 9 2
11 11 10 14
11 11 11 7
11 12 10 3
11 12 11 6
11 13 15 2
12 12 10 2
12 12 11 62
12 12 12 6
12 13 12 4
12 14 14 1
13 12 11 68
13 12 12 9
13 13 10 2
13 13 11 10
13 13 12 179
13 13 13 20
13 14 12 7
13 14 13 10
13 15 17 1
13 17 18 1
14 11 11 1
14 13 12 17
14 13 13 32
14 14 12 5
14 14 13 140
14 14 14 20
14 14 15 1
14 15 13 29
14 15 14 101
14 15 15 1
14 16 18 1
15 13 10 1
15 14 12 1
15 14 13 9
15 14 14 12
15 15 13 40
15 15 14 235
15 15 15 42
15 16 13 3
15 16 14 83
15 16 15 165
15 16 16 1
15 16 17 1
15 17 15 3
15 18 16 1
16 14 13 4
16 15 13 3
16 15 14 7
16 15 15 14
16 16 13 5
16 16 14 69
16 16 15 136
16 16 16 25
16 17 15 56
16 17 16 263
16 17 17 9
16 18 16 2
17 15 15 1
17 16 14 2
17 16 15 4
17 16 16 1
17 17 15 1
17 17 16 163
17 17 17 91
17 18 16 35
17 18 17 376
17 18 18 2
17 19 17 2
17 19 18 1
17 20 18 1
18 17 15 1
18 17 16 1
18 17 17 2
18 18 16 1
18 18 17 158
18 18 18 51
18 19 17 47
18 19 18 309
18 19 19 3
18 20 18 3
18 20 19 3
19 11 7 1
19 18 16 1
19 18 17 2
19 19 18 86
19 19 19 28
19 20 18 25
19 20 19 222
19 20 20 2
19 21 19 3
19 21 20 2
20 13 7 1
20 15 10 1
20 19 19 2
20 20 19 49
20 20 20 18
20 21 19 17
20 21 20 180
20 21 21 3
20 22 20 1
21 17 13 1
21 20 19 1
21 21 20 41
21 21 21 14
21 22 20 9
21 22 21 178
21 22 22 6
21 23 22 1
22 19 17 1
22 22 21 20
22 22 22 55
22 23 22 129
22 23 23 20
23 15 8 2
23 17 12 1
23 19 16 1
23 22 21 1
23 23 22 14
23 23 23 40
23 24 23 115
23 24 24 18
24 17 9 1
24 18 11 1
24 24 23 9
24 24 24 58
24 24 25 1
24 25 24 101
24 25 25 14
24 26 25 1
25 18 12 1
25 23 24 1
25 24 24 2
25 25 24 2
25 25 25 39
25 26 25 74
25 26 26 22
26 26 25 7
26 26 26 90
26 26 27 1
26 27 26 200
26 27 27 36
26 28 26 1
26 28 27 1
27 27 26 17
27 27 27 90
27 28 27 142
27 28 28 54
27 29 28 1
28 28 27 6
28 28 28 88
28 29 28 66
28 29 29 59
29 29 29 38
29 29 30 1
29 30 29 20
29 30 30 49
30 30 30 167
30 30 31 2
30 31 30 44
30 31 31 3
31 31 31 2
