32
0 0 0 1
0 1 0 2
0 1 1 1
1 1 0 2
1 1 1 6
1 2 1 9
2 2 1 11
2 2 2 4
2 3 1 1
2 3 2 10
2 8 12 1
2 8 14 1
2 9 13 1
2 9 14 3
2 10 15 3
2 11 16 3
2 12 17 1
3 3 2 10
3 3 3 8
3 4 2 1
3 4 3 8
3 5 8 1
3 6 11 2
3 7 4 2
3 8 4 3
3 10 13 2
3 10 14 1
3 10 15 1
3 10 18 1
3 11 16 1
3 12 16 2
3 12 17 2
4 4 3 22
4 4 4 23
4 5 4 10
4 7 4 1
4 7 12 1
4 8 4 5
4 8 5 2
4 9 5 3
4 9 8 1
4 9 11 1
4 10 8 3
4 10 13 1
4 10 17 1
4 10 18 1
4 11 10 1
4 11 14 1
4 11 15 2
4 11 16 1
4 12 16 1
5 4 3 3
5 5 4 9
5 5 5 11
5 5 6 1
5 6 4 2
5 6 5 7
5 6 6 1
5 9 12 1
5 10 12 1
5 11 7 1
5 11 15 2
5 12 16 2
5 13 21 1
6 5 3 3
6 5 5 1
6 6 4 2
6 6 5 5
6 7 6 3
6 9 6 1
6 10 7 2
6 11 10 1
7 6 3 1
7 6 4 5
7 7 5 2
7 7 6 6
7 7 7 1
7 9 11 1
7 10 8 1
7 10 10 1
7 13 16 1
8 6 3 6
8 6 4 47
8 7 4 2
8 7 5 4
8 7 6 1
8 8 6 1
8 8 7 8
8 8 8 8
8 9 8 4
8 9 10 1
8 10 14 1
8 11 8 1
8 11 15 1
8 12 15 2
9 6 4 11
9 7 4 4
9 7 5 6
9 8 5 2
9 8 6 7
9 9 6 1
9 9 7 1
9 9 8 6
9 9 9 2
9 10 8 1
9 10 9 5
9 10 10 1
9 13 15 1
10 8 6 1
10 8 7 1
10 9 8 1
10 10 8 5
10 10 9 7
10 10 10 2
10 10 12 1
10 11 9 3
10 11 10 1
10 12 14 1
11 9 7 1
11 10 8 1
11 10 9 1
11 10 10 1
11 11 9 5
11 11 10 15
11 11 11 10
11 12 10 1
11 12 11 5
11 13 12 1
11 16 18 1
12 10 9 2
12 11 10 1
12 12 10 8
12 12 11 44
12 12 12 10
12 13 11 4
12 13 12 7
12 14 15 1
12 14 16 1
12 15 16 1
13 12 11 82
13 12 12 11
13 13 10 1
13 13 11 12
13 13 12 166
13 13 13 11
13 14 12 1
13 14 13 14
13 14 16 1
13 15 13 2
13 15 14 1
13 15 17 1
13 16 13 1
14 13 12 19
14 13 13 22
14 14 11 1
14 14 12 3
14 14 13 134
14 14 14 7
14 15 13 30
14 15 14 108
14 15 15 2
14 16 18 1
14 17 15 1
15 12 12 1
15 13 10 1
15 14 13 9
15 14 14 13
15 15 12 1
15 15 13 33
15 15 14 254
15 15 15 38
15 16 13 1
15 16 14 92
15 16 15 136
15 17 15 4
15 18 20 1
16 14 11 1
16 14 13 1
16 15 13 3
16 15 14 3
16 15 15 14
16 16 13 1
16 16 14 76
16 16 15 146
16 16 16 37
16 16 17 1
16 17 15 34
16 17 16 264
16 17 17 5
16 18 16 3
16 18 17 1
17 14 14 1
17 16 14 1
17 16 15 3
17 16 16 1
17 17 15 3
17 17 16 178
17 17 17 96
17 18 16 31
17 18 17 371
17 18 18 4
17 19 17 10
17 19 18 2
18 12 9 1
18 17 16 1
18 18 16 1
18 18 17 144
18 18 18 33
18 19 17 30
18 19 18 302
18 19 19 3
18 20 18 11
19 10 5 2
19 17 15 2
19 18 17 3
19 19 17 2
19 19 18 70
19 19 19 22
19 20 18 21
19 20 19 219
19 20 20 1
19 21 19 4
20 12 6 1
20 13 6 1
20 17 14 1
20 18 17 1
20 19 17 2
20 19 18 1
20 20 19 55
20 20 20 6
20 21 19 22
20 21 20 156
20 21 21 3
21 16 11 1
21 20 18 1
21 20 19 1
21 21 20 33
21 21 21 21
21 22 20 18
21 22 21 171
21 22 22 4
21 23 22 1
22 15 8 1
22 16 8 1
22 19 16 1
22 19 17 1
22 21 20 1
22 21 21 1
22 22 21 16
22 22 22 59
22 23 22 126
22 23 23 14
23 15 8 1
23 17 13 1
23 18 10 1
23 22 21 2
23 23 22 8
23 23 23 33
23 24 23 125
23 24 24 25
23 25 23 1
24 19 16 1
24 24 23 6
24 24 24 53
24 24 25 2
24 25 24 100
24 25 25 22
25 18 12 1
25 25 24 4
25 25 25 31
25 25 26 1
25 26 25 89
25 26 26 22
26 26 25 10
26 26 26 122
26 27 26 184
26 27 27 29
27 26 26 1
27 27 26 18
27 27 27 89
27 28 27 146
27 28 28 39
28 28 27 1
28 28 28 80
28 29 28 67
28 29 29 66
29 29 29 41
29 29 30 2
29 30 29 14
29 30 30 40
30 30 30 119
30 30 31 1
30 31 30 35
30 31 31 1
