32
0 0 1 1
0 1 0 1
1 1 0 2
1 1 1 5
1 2 1 13
2 2 1 6
2 2 2 4
2 3 1 1
2 3 2 12
2 3 3 1
2 8 12 1
2 8 13 2
2 9 13 2
2 10 14 2
2 10 15 3
2 11 16 4
2 11 17 1
3 3 2 10
3 3 3 12
3 4 2 1
3 4 3 14
3 6 11 2
3 7 12 1
3 8 4 5
3 9 14 1
3 10 13 1
3 10 14 1
3 10 15 2
3 11 16 1
3 12 16 1
4 4 2 2
4 4 3 15
4 4 4 18
4 5 3 1
4 5 4 9
4 5 5 3
4 8 4 5
4 8 5 1
4 8 7 1
4 9 5 1
4 9 8 1
4 9 11 1
4 10 7 1
4 10 8 2
4 10 9 2
4 10 13 1
4 10 17 2
4 11 14 1
4 11 16 3
4 12 20 1
5 5 4 11
5 5 5 18
5 6 4 1
5 6 5 5
5 6 6 1
5 8 5 1
5 9 5 1
5 10 11 1
5 11 15 1
5 12 16 1
5 12 20 1
6 4 3 1
6 5 3 2
6 5 4 2
6 6 5 9
6 6 6 4
6 7 5 2
6 7 6 3
6 7 8 1
6 9 6 1
6 9 13 1
6 10 7 2
6 10 13 1
6 11 15 1
6 12 16 1
7 5 3 1
7 5 4 1
7 6 4 3
7 6 5 1
7 7 6 9
7 7 7 1
7 8 6 2
7 8 7 3
7 10 8 1
7 11 10 1
7 13 16 1
8 6 3 9
8 6 4 53
8 6 5 1
8 7 5 3
8 8 6 3
8 8 7 11
8 8 8 3
8 9 7 1
8 9 8 9
8 10 13 1
8 11 15 1
8 12 14 1
8 12 15 1
9 6 4 3
9 7 4 4
9 7 5 6
9 7 6 2
9 8 5 2
9 8 6 2
9 9 7 3
9 9 8 7
9 9 9 2
9 10 8 1
9 10 9 2
9 12 15 2
9 13 15 1
10 9 7 2
10 10 8 4
10 10 9 9
10 10 10 5
10 10 12 1
10 11 9 1
10 11 10 2
10 11 12 1
10 12 14 1
10 15 17 1
11 10 8 1
11 10 9 2
11 11 9 4
11 11 10 12
11 11 11 6
11 12 10 1
11 12 11 7
11 12 12 1
11 13 11 1
11 13 15 1
11 15 17 1
12 12 10 6
12 12 11 67
12 12 12 9
12 13 11 2
12 13 12 6
12 13 16 1
12 14 16 1
12 15 12 1
13 12 10 1
13 12 11 63
13 12 12 12
13 13 11 13
13 13 12 199
13 13 13 25
13 14 12 4
13 14 13 23
13 15 15 1
13 16 13 1
13 16 18 1
14 13 11 1
14 13 12 17
14 13 13 29
14 14 12 2
14 14 13 165
14 14 14 24
14 15 13 44
14 15 14 129
14 15 16 1
15 13 11 1
15 13 12 1
15 14 12 1
15 14 13 4
15 14 14 13
15 15 13 53
15 15 14 283
15 15 15 36
15 16 13 10
15 16 14 130
15 16 15 176
15 16 16 1
15 16 17 1
15 17 15 2
16 14 13 1
16 15 13 2
16 15 14 5
16 15 15 3
16 16 13 1
16 16 14 51
16 16 15 155
16 16 16 34
16 17 15 32
16 17 16 283
16 17 17 5
16 17 18 1
16 18 16 2
16 18 17 1
17 16 15 1
17 16 16 1
17 17 15 5
17 17 16 154
17 17 17 109
17 18 16 38
17 18 17 378
17 18 18 6
17 19 17 16
17 19 18 3
18 11 8 1
18 17 17 1
18 18 17 143
18 18 18 42
18 19 17 30
18 19 18 336
18 19 19 2
18 20 18 3
18 20 19 1
19 10 5 1
19 16 14 1
19 16 15 1
19 17 15 1
19 18 17 4
19 19 17 1
19 19 18 75
19 19 19 16
19 20 18 31
19 20 19 248
19 21 19 6
20 19 17 1
20 19 18 2
20 20 19 34
20 20 20 17
20 21 19 21
20 21 20 171
20 21 21 3
20 22 20 3
20 22 21 1
21 13 7 1
21 15 10 1
21 17 13 1
21 17 15 1
21 21 20 33
21 21 21 18
21 22 20 14
21 22 21 167
21 22 22 5
22 19 17 1
22 21 20 1
22 22 21 13
22 22 22 58
22 23 22 108
22 23 23 16
22 24 22 1
23 15 8 1
23 18 11 1
23 18 13 1
23 22 22 1
23 23 22 10
23 23 23 32
23 24 23 112
23 24 24 28
24 16 9 1
24 23 22 1
24 24 23 8
24 24 24 46
24 24 25 2
24 25 24 110
24 25 25 19
25 18 12 1
25 25 24 2
25 25 25 31
25 26 25 74
25 26 26 26
26 26 25 9
26 26 26 103
26 27 26 191
26 27 27 46
26 28 26 1
27 27 26 9
27 27 27 84
27 27 28 2
27 28 27 139
27 28 28 59
28 28 27 2
28 28 28 80
28 28 29 2
28 29 28 56
28 29 29 67
29 29 29 45
29 30 29 24
29 30 30 49
30 29 30 1
30 30 30 155
30 30 31 3
30 31 30 47
30 31 31 1
31 31 31 1
