32
1 1 0 4
1 1 1 1
1 2 0 1
1 2 1 1
2 1 0 2
2 2 0 4
2 2 1 11
2 2 2 3
2 3 1 1
2 3 2 11
2 11 16 1
3 3 1 6
3 3 2 15
3 3 3 8
3 4 3 7
3 5 8 1
3 6 11 2
3 7 12 1
3 10 15 1
3 10 16 1
3 11 16 1
3 12 17 1
3 12 18 2
4 3 2 1
4 4 3 9
4 4 4 10
4 5 3 1
4 5 4 3
4 10 17 1
4 10 18 1
4 12 17 2
4 12 18 1
4 13 18 2
4 13 19 2
5 4 2 1
5 4 3 3
5 5 3 2
5 5 4 13
5 5 5 9
5 6 4 1
5 6 5 2
5 6 7 1
5 6 8 1
5 12 16 2
5 12 17 1
5 12 20 1
5 13 17 1
5 13 18 2
5 13 19 2
6 4 2 1
6 5 3 1
6 6 3 4
6 6 4 4
6 6 5 8
6 6 6 1
6 7 6 1
6 11 10 1
6 11 16 1
6 12 5 1
6 12 6 1
6 12 16 2
6 12 17 1
6 13 17 1
7 6 4 1
7 6 5 2
7 7 4 1
7 7 5 3
7 7 6 1
7 8 7 2
7 11 14 1
7 12 5 3
7 12 17 1
7 13 5 2
7 13 6 3
7 13 13 1
7 13 14 1
7 13 17 2
7 14 6 1
7 14 9 1
7 14 10 2
7 14 18 1
8 7 4 2
8 7 5 1
8 8 6 4
8 8 7 4
8 8 9 1
8 12 15 1
8 13 6 1
8 13 7 2
8 13 12 1
8 14 7 2
8 14 8 1
8 14 10 1
9 8 7 2
9 9 7 5
9 9 9 1
9 10 9 1
9 13 16 1
9 14 19 1
10 8 3 2
10 9 7 2
10 9 8 1
10 10 8 8
10 10 9 1
10 10 10 1
10 11 10 2
10 11 11 1
10 12 15 1
10 14 8 1
10 14 9 1
10 14 17 1
11 8 3 1
11 9 5 2
11 9 7 1
11 10 6 1
11 10 7 1
11 10 8 1
11 10 9 1
11 11 8 2
11 11 9 2
11 11 10 3
11 12 11 1
11 12 12 1
11 13 11 1
11 15 19 1
12 9 4 1
12 9 5 2
12 10 6 1
12 11 8 1
12 11 9 4
12 12 10 3
12 12 11 5
12 13 12 1
12 13 13 1
12 13 15 1
12 14 17 1
12 15 17 1
12 16 17 1
13 9 4 4
13 9 5 1
13 10 4 4
13 10 5 8
13 10 6 1
13 11 5 1
13 11 7 1
13 11 8 1
13 12 8 1
13 12 10 2
13 12 11 2
13 13 11 8
13 13 12 8
13 14 12 4
13 14 13 1
13 15 14 1
13 15 17 2
13 15 18 1
14 10 4 28
14 10 5 22
14 10 6 1
14 11 5 2
14 11 6 3
14 11 7 4
14 12 10 1
14 13 10 1
14 13 11 2
14 13 12 9
14 14 12 5
14 14 13 8
14 14 14 2
14 15 13 6
14 15 14 2
14 15 15 1
15 12 7 1
15 12 8 3
15 12 9 1
15 13 11 1
15 14 11 3
15 14 12 3
15 14 13 4
15 15 13 51
15 15 14 14
15 15 15 3
15 16 13 3
15 16 14 15
15 16 15 3
15 17 15 1
15 17 18 1
15 17 19 1
15 17 20 1
15 18 21 1
16 12 8 1
16 13 9 1
16 14 11 1
16 15 12 3
16 15 13 6
16 15 14 7
16 15 15 2
16 16 13 9
16 16 14 63
16 16 15 15
16 17 14 1
16 17 15 18
16 17 16 10
16 19 15 1
16 19 21 1
17 14 11 1
17 15 12 1
17 15 13 6
17 16 13 11
17 16 14 23
17 16 15 12
17 17 14 4
17 17 15 46
17 17 16 108
17 17 17 11
17 17 18 1
17 18 16 50
17 18 17 40
18 10 5 1
18 10 7 1
18 15 11 1
18 16 13 20
18 16 14 28
18 17 13 1
18 17 14 38
18 17 15 61
18 17 16 44
18 17 17 4
18 18 15 1
18 18 16 59
18 18 17 110
18 18 18 11
18 19 17 55
18 19 18 34
18 19 19 4
18 19 20 1
18 20 21 12
18 20 22 19
18 21 22 13
19 14 10 1
19 17 13 3
19 17 14 21
19 17 15 85
19 17 16 14
19 18 14 1
19 18 15 20
19 18 16 145
19 18 17 107
19 18 18 13
19 19 17 195
19 19 18 180
19 19 19 24
19 20 17 13
19 20 18 68
19 20 19 54
19 20 20 6
19 20 21 17
19 20 22 7
19 21 20 1
19 21 21 8
19 21 22 178
19 21 23 46
19 22 19 1
19 22 23 43
20 16 13 1
20 18 15 12
20 18 16 51
20 18 17 22
20 19 16 1
20 19 17 178
20 19 18 76
20 19 19 14
20 20 12 1
20 20 17 3
20 20 18 165
20 20 19 222
20 20 20 22
20 20 21 1
20 21 18 6
20 21 19 123
20 21 20 117
20 21 21 15
20 21 22 35
20 21 23 2
20 22 20 3
20 22 21 4
20 22 22 15
20 22 23 183
20 22 24 95
20 23 24 7
21 17 15 1
21 18 15 1
21 19 17 12
21 19 18 1
21 20 18 12
21 20 19 8
21 20 20 1
21 21 19 100
21 21 20 164
21 21 21 8
21 22 20 50
21 22 21 161
21 22 22 32
21 22 23 13
21 22 24 14
21 23 22 1
21 23 23 1
21 23 24 66
21 23 25 55
21 24 25 4
21 24 26 1
22 14 8 1
22 15 8 1
22 16 12 1
22 17 10 1
22 18 15 1
22 20 17 1
22 20 18 1
22 21 18 9
22 21 19 32
22 21 20 15
22 21 21 1
22 22 18 1
22 22 19 50
22 22 20 53
22 22 21 77
22 22 22 54
22 23 20 1
22 23 21 2
22 23 22 106
22 23 23 56
22 23 24 11
22 23 25 4
22 24 23 5
22 24 24 1
22 24 25 19
22 24 26 54
22 24 27 1
22 25 26 8
22 25 27 6
22 25 28 3
23 18 14 1
23 21 20 1
23 22 19 11
23 22 20 60
23 22 21 2
23 23 20 39
23 23 21 33
23 23 22 35
23 23 23 75
23 23 24 1
23 24 22 1
23 24 23 99
23 24 24 75
23 24 25 10
23 25 24 4
23 25 25 4
23 25 26 14
23 25 27 25
23 25 28 4
23 26 27 1
23 26 28 16
23 26 29 3
24 17 10 1
24 22 20 1
24 23 20 18
24 23 21 76
24 23 22 2
24 24 21 41
24 24 22 33
24 24 23 9
24 24 24 15
24 24 25 1
24 25 24 32
24 25 25 32
24 25 26 10
24 26 25 6
24 26 26 6
24 26 27 7
24 26 28 7
24 26 29 6
24 27 29 17
24 27 30 3
25 24 22 70
25 25 22 15
25 25 24 5
25 25 25 13
25 26 25 13
25 26 26 22
25 26 27 5
25 27 26 5
25 27 27 1
25 27 28 2
25 27 29 13
25 27 30 5
25 28 29 1
25 28 30 6
25 29 30 5
26 25 23 2
26 25 24 1
26 26 24 1
26 26 26 7
26 27 26 10
26 27 27 10
26 28 27 5
26 28 30 1
26 29 30 1
26 29 31 1
26 30 30 1
27 27 27 2
27 28 27 3
27 28 28 13
27 29 28 2
28 28 27 1
28 28 28 4
28 28 29 2
28 29 28 1
28 29 29 12
29 29 29 2
29 30 29 1
29 30 30 8
29 31 31 1
30 30 30 28
30 31 30 2
30 31 31 1
