32
1 1 0 3
1 2 0 2
1 2 1 2
2 2 0 1
2 2 1 18
2 2 2 3
2 3 1 3
2 3 2 15
2 3 3 1
2 10 16 1
2 10 17 1
3 2 1 2
3 3 1 5
3 3 2 8
3 3 3 8
3 4 2 1
3 4 3 10
3 5 8 1
3 6 10 1
3 7 12 2
3 10 15 1
3 11 16 1
3 12 17 1
3 12 18 1
4 3 2 2
4 4 2 1
4 4 3 14
4 4 4 5
4 5 4 3
4 5 7 1
4 5 8 1
4 6 10 2
4 7 12 1
4 8 13 1
4 9 15 1
4 9 16 1
4 9 17 1
4 10 18 1
4 11 16 1
4 12 18 2
4 12 20 1
4 13 18 2
4 13 19 1
5 5 4 14
5 5 5 6
5 6 4 1
5 6 5 3
5 10 12 1
5 11 16 2
5 12 17 3
5 12 20 2
5 13 17 2
5 13 18 3
5 13 19 2
6 5 3 1
6 5 4 1
6 6 3 2
6 6 4 8
6 6 5 6
6 6 7 1
6 7 5 1
6 7 6 2
6 9 15 1
6 10 15 1
6 11 19 1
6 12 5 2
6 12 6 1
6 12 16 2
6 12 17 1
6 13 5 1
6 13 16 2
6 13 17 1
7 6 3 3
7 6 4 2
7 7 4 1
7 7 5 4
7 7 6 3
7 7 7 1
7 8 5 1
7 8 7 4
7 8 8 1
7 13 5 1
7 13 6 3
7 13 7 1
7 13 10 1
7 13 12 1
7 13 17 1
7 14 6 1
7 14 11 2
8 7 4 1
8 7 5 2
8 7 6 1
8 8 6 3
8 8 7 2
8 9 8 2
8 9 9 1
8 9 11 1
8 12 6 1
8 12 17 1
8 13 7 1
8 13 17 1
8 14 6 1
8 14 7 2
8 14 9 2
8 14 18 1
8 15 8 1
8 15 19 1
9 8 6 1
9 8 7 3
9 9 7 5
9 9 8 2
9 10 9 2
9 10 12 1
9 11 14 1
9 12 9 1
9 13 17 1
9 14 7 1
9 14 8 1
9 14 12 1
10 8 3 1
10 8 4 1
10 8 5 1
10 9 7 1
10 9 8 1
10 10 7 1
10 10 8 6
10 10 9 1
10 10 10 1
10 11 9 1
10 11 10 2
10 11 11 1
10 12 11 1
10 12 16 1
10 14 8 1
11 9 5 2
11 9 6 1
11 10 7 1
11 10 8 2
11 10 9 3
11 11 8 1
11 11 9 6
11 11 10 3
11 11 11 1
11 12 10 2
11 12 11 1
11 12 12 1
12 8 4 1
12 9 5 1
12 9 6 1
12 10 8 1
12 11 9 2
12 11 10 1
12 12 9 3
12 12 10 6
12 12 11 2
12 13 11 2
12 14 14 1
12 14 17 1
12 15 12 1
12 17 20 1
13 10 4 2
13 10 5 4
13 10 6 1
13 11 5 1
13 11 6 2
13 12 9 1
13 12 10 3
13 12 11 3
13 12 12 1
13 13 10 1
13 13 11 5
13 13 12 4
13 14 12 2
13 14 13 1
13 14 16 1
13 15 17 1
14 10 4 19
14 10 5 41
14 10 6 3
14 11 5 2
14 11 6 8
14 11 7 1
14 11 8 1
14 12 8 1
14 12 11 1
14 13 10 2
14 13 11 2
14 13 12 14
14 13 13 1
14 13 15 1
14 14 12 12
14 14 13 8
14 14 14 1
14 15 13 9
14 15 14 4
14 15 17 1
14 16 14 2
14 16 18 2
14 16 19 1
15 11 5 1
15 11 7 1
15 12 7 1
15 12 8 2
15 13 13 1
15 14 11 2
15 14 12 3
15 14 13 10
15 14 14 1
15 15 12 1
15 15 13 64
15 15 14 13
15 15 15 2
15 16 13 2
15 16 14 18
15 16 15 4
15 17 19 1
15 17 20 1
16 13 10 2
16 14 11 1
16 15 12 4
16 15 13 13
16 15 14 7
16 16 13 9
16 16 14 78
16 16 15 14
16 16 16 4
16 16 17 1
16 17 15 26
16 17 16 18
16 17 17 1
16 17 19 1
16 19 21 1
17 14 10 1
17 14 14 1
17 15 10 1
17 15 11 1
17 15 12 3
17 15 13 4
17 16 13 10
17 16 14 23
17 16 15 12
17 16 16 3
17 17 14 1
17 17 15 59
17 17 16 80
17 17 17 15
17 18 16 52
17 18 17 26
17 18 18 2
17 18 19 1
17 19 20 1
18 10 5 1
18 12 10 1
18 15 14 1
18 16 13 2
18 16 14 35
18 17 14 34
18 17 15 58
18 17 16 44
18 17 17 9
18 18 15 1
18 18 16 67
18 18 17 123
18 18 18 12
18 18 20 1
18 19 11 1
18 19 17 54
18 19 18 36
18 19 19 3
18 19 20 1
18 20 19 1
18 20 21 4
18 20 22 33
18 21 18 2
18 21 22 7
18 21 23 1
19 12 8 1
19 13 7 1
19 16 14 1
19 17 14 14
19 17 15 73
19 17 16 22
19 18 15 12
19 18 16 169
19 18 17 97
19 18 18 9
19 19 17 202
19 19 18 160
19 19 19 33
19 20 17 27
19 20 18 53
19 20 19 50
19 20 20 9
19 20 21 14
19 20 22 9
19 21 19 4
19 21 21 1
19 21 22 140
19 21 23 77
19 22 22 3
19 22 23 51
20 11 6 1
20 15 10 1
20 16 13 1
20 18 9 1
20 18 15 4
20 18 16 41
20 18 17 19
20 19 17 152
20 19 18 109
20 19 19 17
20 20 17 3
20 20 18 184
20 20 19 198
20 20 20 19
20 20 21 2
20 21 18 14
20 21 19 114
20 21 20 112
20 21 21 4
20 21 22 22
20 21 23 6
20 22 20 5
20 22 21 1
20 22 22 10
20 22 23 192
20 22 24 120
20 22 25 1
20 23 24 22
20 23 26 1
21 13 7 1
21 19 16 1
21 19 17 1
21 20 18 20
21 20 19 18
21 21 18 1
21 21 19 121
21 21 20 188
21 21 21 5
21 22 19 2
21 22 20 59
21 22 21 129
21 22 22 13
21 22 23 8
21 22 24 13
21 23 22 1
21 23 23 1
21 23 24 50
21 23 25 60
21 23 26 2
21 24 25 5
21 24 26 2
21 24 27 1
22 14 8 1
22 17 12 1
22 18 10 1
22 19 16 1
22 21 18 3
22 21 19 5
22 21 20 7
22 21 21 1
22 22 19 16
22 22 20 57
22 22 21 130
22 22 22 46
22 22 23 1
22 23 20 1
22 23 21 2
22 23 22 94
22 23 23 37
22 23 24 2
22 23 25 2
22 24 23 4
22 24 24 2
22 24 25 8
22 24 26 55
22 24 27 4
22 25 26 4
22 25 27 29
22 25 28 8
22 26 29 1
23 16 9 1
23 20 19 1
23 22 19 7
23 22 20 36
23 22 21 7
23 22 22 1
23 23 20 35
23 23 21 49
23 23 22 55
23 23 23 42
23 24 21 1
23 24 22 3
23 24 23 134
23 24 24 48
23 25 24 5
23 25 27 35
23 25 28 12
23 26 28 27
23 26 29 8
23 27 29 5
24 18 13 1
24 22 21 1
24 23 20 2
24 23 21 55
24 23 22 2
24 24 21 24
24 24 22 44
24 24 23 21
24 24 24 31
24 25 24 39
24 25 25 28
24 26 25 7
24 26 26 1
24 26 28 5
24 26 29 19
24 27 29 34
24 27 30 11
24 28 30 1
25 24 21 2
25 24 22 71
25 25 22 35
25 25 23 32
25 25 24 10
25 25 25 21
25 25 26 1
25 26 25 19
25 26 26 21
25 27 26 6
25 27 29 3
25 27 30 8
25 28 29 1
25 28 30 9
25 29 30 3
26 25 23 11
26 25 24 1
26 26 23 1
26 26 26 4
26 27 26 9
26 27 27 10
26 27 28 1
26 28 27 4
26 29 30 1
27 27 27 5
27 28 27 5
27 28 28 11
27 29 28 3
27 29 29 3
28 28 29 1
28 29 28 3
28 29 29 14
28 30 29 1
29 29 29 1
29 29 30 1
29 30 30 8
30 30 30 9
30 31 30 3
30 31 31 1
