32
0 0 0 2
0 1 0 3
1 1 0 5
1 1 1 6
1 2 1 15
2 2 1 8
2 2 2 5
2 3 2 13
2 3 3 1
2 6 12 1
2 8 11 1
2 8 12 2
2 8 13 1
2 9 13 3
2 9 14 3
2 10 14 2
2 10 15 2
2 11 15 2
2 11 16 1
3 3 2 14
3 3 3 5
3 4 2 4
3 4 3 15
3 4 8 1
3 5 8 2
3 5 9 1
3 6 10 2
3 7 3 3
3 7 4 3
3 7 12 1
3 7 13 1
3 8 4 2
3 8 7 2
3 9 13 3
3 10 13 1
3 10 14 1
3 10 15 1
3 11 15 2
3 11 16 1
4 4 2 2
4 4 3 16
4 4 4 14
4 5 4 10
4 5 6 1
4 5 7 2
4 6 11 1
4 7 4 1
4 7 5 2
4 8 4 3
4 8 14 1
4 9 5 1
4 9 6 2
4 9 11 2
4 9 13 1
4 10 8 1
4 10 9 1
4 10 10 1
4 10 14 1
4 10 17 1
4 11 15 1
4 11 19 1
4 12 20 1
5 4 2 2
5 4 3 1
5 5 4 9
5 5 5 5
5 6 4 1
5 6 5 3
5 9 6 1
5 9 12 1
5 10 13 2
5 10 16 1
5 10 17 1
5 12 21 1
6 5 3 5
6 5 4 1
6 6 5 9
6 6 6 2
6 7 6 7
6 8 7 1
6 9 7 1
6 10 9 1
6 10 14 1
6 12 15 1
6 12 20 1
6 13 20 1
7 5 3 2
7 5 4 2
7 6 3 1
7 6 4 4
7 7 5 1
7 7 6 13
7 7 7 2
7 8 6 1
7 8 7 5
7 8 9 1
7 11 15 1
7 12 14 1
7 12 17 1
7 13 19 1
8 5 3 5
8 6 3 48
8 6 4 20
8 7 4 2
8 7 5 5
8 8 6 1
8 8 7 12
8 8 8 2
8 9 8 7
8 10 10 1
8 10 12 1
8 11 8 1
8 11 13 1
8 12 9 1
8 12 14 1
8 13 15 1
9 7 5 3
9 7 6 1
9 8 6 2
9 8 7 2
9 9 7 3
9 9 8 10
9 9 9 4
9 10 8 2
9 10 9 9
9 11 14 1
9 12 10 1
9 14 16 1
10 8 7 1
10 9 7 2
10 9 8 2
10 10 8 7
10 10 9 10
10 10 10 5
10 11 9 1
10 11 10 9
10 11 11 1
10 13 14 1
10 13 16 1
11 10 8 2
11 10 9 1
11 11 8 1
11 11 9 1
11 11 10 17
11 11 11 6
11 12 10 1
11 12 11 6
11 12 12 1
11 13 11 1
11 15 17 1
12 11 9 1
12 11 10 65
12 12 9 2
12 12 10 25
12 12 11 135
12 12 12 6
12 13 11 3
12 13 12 16
12 14 12 2
12 14 13 2
13 12 9 1
13 12 10 2
13 12 11 56
13 12 12 16
13 13 11 6
13 13 12 157
13 13 13 41
13 14 12 7
13 14 13 67
13 15 13 1
13 15 14 2
13 16 17 1
14 13 11 2
14 13 12 5
14 13 13 15
14 14 12 5
14 14 13 219
14 14 14 43
14 14 15 1
14 15 13 47
14 15 14 174
14 15 15 2
14 16 14 3
14 16 18 1
15 13 10 1
15 13 12 1
15 13 13 2
15 14 12 2
15 14 13 3
15 14 14 15
15 15 13 70
15 15 14 187
15 15 15 16
15 15 16 1
15 16 13 1
15 16 14 44
15 16 15 136
15 16 16 1
15 16 17 1
15 17 15 2
15 17 16 1
16 15 14 2
16 15 15 1
16 16 14 19
16 16 15 126
16 16 16 29
16 17 15 39
16 17 16 355
16 17 17 5
16 18 16 4
17 16 14 2
17 16 15 1
17 16 16 4
17 17 15 5
17 17 16 179
17 17 17 111
17 18 16 25
17 18 17 418
17 18 18 1
17 19 17 2
18 10 5 2
18 17 16 2
18 17 17 1
18 18 16 1
18 18 17 97
18 18 18 38
18 18 19 3
18 19 17 29
18 19 18 240
18 20 18 5
19 13 8 1
19 18 17 2
19 19 11 1
19 19 17 1
19 19 18 72
19 19 19 21
19 20 18 10
19 20 19 177
19 20 20 2
19 21 19 3
20 19 10 1
20 19 18 1
20 19 19 1
20 20 19 32
20 20 20 27
20 21 19 12
20 21 20 169
20 21 21 5
20 22 20 2
20 22 21 1
21 13 6 1
21 16 10 1
21 17 13 1
21 17 15 1
21 19 17 1
21 20 19 2
21 21 20 24
21 21 21 16
21 22 12 1
21 22 20 5
21 22 21 147
21 22 22 12
22 17 13 1
22 19 16 1
22 22 21 7
22 22 22 49
22 23 22 109
22 23 23 20
23 15 8 1
23 16 9 1
23 17 9 1
23 23 22 8
23 23 23 43
23 24 23 114
23 24 24 37
23 25 24 2
24 19 15 1
24 23 23 2
24 24 23 4
24 24 24 50
24 24 25 2
24 25 24 89
24 25 25 27
25 18 13 1
25 24 24 1
25 25 24 6
25 25 25 54
25 25 26 1
25 26 25 155
25 26 26 41
26 25 25 1
26 26 25 10
26 26 26 141
26 27 26 160
26 27 27 59
27 27 26 4
27 27 27 83
27 27 28 2
27 28 27 100
27 28 28 55
28 28 28 53
28 28 29 2
28 29 28 31
28 29 29 40
29 29 29 27
29 30 29 22
29 30 30 57
30 30 30 140
30 30 31 2
30 31 30 38
30 31 31 3
