32
0 1 0 2
1 1 0 4
1 1 1 8
1 2 1 6
2 2 1 12
2 2 2 2
2 3 1 3
2 3 2 9
2 3 3 1
2 8 12 1
2 9 14 3
2 10 15 1
2 10 16 1
2 11 15 1
2 11 16 2
2 12 17 1
3 3 2 9
3 3 3 11
3 4 2 1
3 4 3 18
3 4 4 1
3 5 8 1
3 6 10 1
3 7 3 1
3 7 11 1
3 7 12 1
3 8 4 3
3 10 14 4
3 10 15 1
3 11 15 1
3 11 16 2
3 12 17 3
4 4 3 16
4 4 4 15
4 5 4 11
4 5 5 1
4 8 4 2
4 8 5 5
4 9 4 1
4 9 5 1
4 9 9 1
4 9 16 1
4 10 8 3
4 10 15 1
4 11 7 1
4 11 8 1
4 11 15 2
4 11 16 1
4 11 18 1
4 12 17 1
4 13 21 1
5 4 3 2
5 5 4 13
5 5 5 7
5 6 4 2
5 6 5 6
5 6 6 2
5 6 7 1
5 8 5 1
5 9 5 2
5 10 6 1
5 11 12 1
5 11 15 2
6 5 3 1
6 5 4 1
6 6 4 1
6 6 5 5
6 6 6 1
6 7 6 3
6 9 7 1
6 13 21 1
7 5 3 2
7 6 4 2
7 6 5 1
7 7 5 1
7 7 6 8
7 7 7 1
7 8 7 3
7 9 8 1
7 10 14 1
7 12 15 1
8 6 3 8
8 6 4 50
8 6 5 3
8 7 4 2
8 7 5 2
8 8 6 1
8 8 7 10
8 8 8 7
8 9 7 2
8 9 8 7
8 10 13 1
8 11 8 1
8 11 15 1
8 12 9 1
8 12 15 1
8 13 16 1
9 6 4 12
9 7 4 6
9 7 5 2
9 8 5 2
9 8 6 5
9 9 7 4
9 9 8 9
9 9 9 4
9 10 8 2
9 10 9 7
9 10 10 1
9 11 14 1
9 13 17 1
10 8 7 1
10 9 8 1
10 10 8 3
10 10 9 6
10 10 10 5
10 10 11 1
10 11 10 7
10 11 11 1
10 13 16 2
10 14 16 1
11 9 8 1
11 10 9 3
11 11 8 1
11 11 9 3
11 11 10 20
11 11 11 6
11 12 10 2
11 12 11 12
11 12 12 1
11 13 15 1
12 10 8 1
12 10 9 1
12 11 9 1
12 11 10 3
12 11 12 1
12 12 10 2
12 12 11 64
12 12 12 8
12 13 11 4
12 13 12 10
12 16 18 2
13 12 10 2
13 12 11 63
13 12 12 14
13 13 10 2
13 13 11 3
13 13 12 165
13 13 13 26
13 14 13 21
13 14 16 1
13 15 15 1
13 15 17 1
13 16 14 1
14 13 11 1
14 13 12 12
14 13 13 28
14 14 12 4
14 14 13 127
14 14 14 22
14 15 13 16
14 15 14 100
14 15 16 2
14 16 15 1
15 13 10 1
15 14 13 5
15 14 14 16
15 15 13 38
15 15 14 247
15 15 15 45
15 16 13 3
15 16 14 59
15 16 15 166
15 16 16 1
15 17 15 3
15 17 19 1
16 15 13 4
16 15 14 1
16 15 15 13
16 16 13 1
16 16 14 104
16 16 15 130
16 16 16 43
16 17 15 33
16 17 16 235
16 17 17 4
16 18 16 1
16 19 16 1
17 14 14 1
17 16 15 1
17 16 16 4
17 17 15 8
17 17 16 166
17 17 17 83
17 18 16 36
17 18 17 373
17 18 18 16
17 19 17 14
17 19 18 2
18 17 16 1
18 17 17 3
18 18 16 1
18 18 17 158
18 18 18 50
18 19 17 48
18 19 18 330
18 19 19 2
18 20 18 3
19 10 5 1
19 11 5 1
19 11 6 1
19 13 9 1
19 14 7 1
19 17 14 1
19 18 16 1
19 18 17 3
19 19 18 88
19 19 19 31
19 19 20 1
19 20 18 18
19 20 19 245
20 18 17 2
20 19 18 2
20 20 11 1
20 20 19 52
20 20 20 16
20 21 19 14
20 21 20 192
20 21 21 3
20 22 20 4
21 16 11 1
21 17 15 1
21 19 10 1
21 21 20 35
21 21 21 29
21 22 20 13
21 22 21 158
21 22 22 5
22 14 8 1
22 19 11 1
22 19 17 1
22 19 18 1
22 21 20 1
22 22 21 30
22 22 22 59
22 23 22 124
22 23 23 13
23 15 8 1
23 17 10 1
23 18 15 1
23 22 21 1
23 23 22 6
23 23 23 59
23 23 24 1
23 24 23 121
23 24 24 31
23 25 24 2
24 17 9 1
24 18 13 1
24 24 22 1
24 24 23 3
24 24 24 64
24 24 25 1
24 25 24 108
24 25 25 20
25 18 11 1
25 24 24 1
25 25 24 4
25 25 25 32
25 26 25 61
25 26 26 24
26 26 25 2
26 26 26 105
26 26 27 1
26 27 26 175
26 27 27 53
26 28 27 1
27 26 26 1
27 27 26 5
27 27 27 99
27 28 27 139
27 28 28 83
27 29 28 1
28 28 28 78
28 28 29 2
28 29 28 55
28 29 29 83
28 30 29 1
29 29 29 44
29 30 29 26
29 30 30 53
30 30 30 182
30 30 31 1
30 31 30 61
30 31 31 4
