32
0 0 0 1
0 1 0 2
1 0 0 1
1 1 0 3
1 2 1 4
1 4 9 1
2 2 0 8
2 2 1 13
2 2 2 1
2 3 1 1
2 3 2 14
2 10 16 1
3 2 1 2
3 3 1 4
3 3 2 10
3 3 3 7
3 4 2 2
3 4 3 5
3 4 4 1
3 5 8 1
3 6 11 1
3 6 12 1
3 9 17 1
3 10 15 1
3 10 16 1
3 11 16 1
3 11 17 2
3 12 18 1
4 3 2 2
4 4 2 3
4 4 3 13
4 4 4 7
4 5 4 3
4 5 7 1
4 5 8 1
4 6 10 1
4 7 12 1
4 8 15 1
4 9 16 1
4 11 16 2
4 12 17 1
4 12 20 1
4 13 18 2
4 13 19 2
5 4 2 1
5 5 2 1
5 5 4 18
5 5 5 6
5 6 4 1
5 6 5 6
5 6 7 1
5 9 15 1
5 11 15 1
5 11 19 1
5 12 16 1
5 12 17 3
5 12 20 1
5 13 17 2
5 13 18 2
5 13 19 1
6 5 3 1
6 6 3 1
6 6 4 5
6 6 5 2
6 6 6 2
6 7 6 3
6 10 12 1
6 10 15 1
6 11 10 1
6 11 15 1
6 12 5 3
6 12 6 1
6 12 15 1
6 12 16 1
6 12 17 2
6 13 15 1
7 6 3 1
7 6 4 2
7 6 5 1
7 7 4 1
7 7 5 2
7 7 6 1
7 8 6 1
7 12 7 1
7 13 5 1
7 13 6 2
7 13 7 1
7 13 10 1
7 14 8 1
7 14 9 1
8 7 6 1
8 8 5 1
8 8 6 5
8 8 7 5
8 8 8 2
8 9 7 1
8 9 9 1
8 12 13 1
8 13 6 1
8 13 7 2
8 13 8 1
8 14 6 2
8 14 7 2
8 14 9 1
8 14 10 1
8 14 18 1
8 15 7 1
8 15 8 1
9 8 5 1
9 8 6 2
9 8 7 1
9 8 8 2
9 9 6 1
9 9 7 4
9 9 8 3
9 9 9 1
9 10 8 1
9 10 9 1
9 11 13 1
9 11 14 1
9 12 10 1
9 13 17 1
9 14 11 1
9 14 16 1
9 15 18 1
9 15 19 1
10 8 3 2
10 8 4 1
10 9 6 1
10 9 7 1
10 9 8 2
10 10 8 9
10 10 10 1
10 11 10 1
10 11 11 1
10 13 16 1
10 14 9 1
10 15 19 1
11 9 5 1
11 10 8 3
11 10 9 1
11 11 8 1
11 11 9 5
11 11 10 1
11 11 11 1
11 11 14 1
11 12 10 1
11 12 11 1
11 12 15 1
11 13 11 1
11 13 16 1
11 15 18 1
12 9 4 1
12 9 5 3
12 10 6 1
12 11 9 2
12 11 10 2
12 12 10 3
12 12 11 4
12 12 12 2
12 13 12 1
12 13 14 1
12 14 17 1
13 9 4 3
13 10 4 3
13 10 5 8
13 10 6 4
13 12 8 1
13 12 10 5
13 12 11 6
13 12 14 1
13 13 10 1
13 13 11 7
13 13 12 5
13 13 13 2
13 14 12 1
13 14 13 2
13 15 13 1
14 10 4 19
14 10 5 31
14 10 6 4
14 11 6 2
14 12 8 1
14 13 9 1
14 13 11 2
14 13 12 7
14 13 13 2
14 14 12 6
14 14 13 6
14 14 14 3
14 16 14 3
14 16 18 1
14 17 19 1
14 17 20 1
15 12 7 1
15 12 8 2
15 13 9 1
15 13 10 1
15 14 11 3
15 14 12 1
15 14 13 9
15 15 12 1
15 15 13 21
15 15 14 7
15 16 13 3
15 16 14 3
15 16 15 3
15 16 17 2
15 16 18 1
15 16 19 1
15 17 20 1
16 13 9 1
16 13 10 1
16 14 11 3
16 14 12 1
16 15 13 14
16 15 14 6
16 15 15 1
16 16 13 5
16 16 14 53
16 16 15 15
16 16 16 1
16 17 14 2
16 17 15 25
16 17 16 5
16 17 17 2
16 18 19 1
16 18 21 2
17 15 11 2
17 15 12 2
17 15 13 4
17 15 14 1
17 15 15 1
17 16 13 10
17 16 14 51
17 16 15 9
17 17 14 27
17 17 15 97
17 17 16 111
17 17 17 9
17 18 16 38
17 18 17 22
17 19 21 1
18 15 11 1
18 16 10 1
18 16 11 1
18 16 13 14
18 16 14 36
18 16 15 1
18 17 14 35
18 17 15 64
18 17 16 50
18 17 17 4
18 18 15 2
18 18 16 91
18 18 17 108
18 18 18 17
18 18 19 1
18 19 16 2
18 19 17 50
18 19 18 20
18 20 19 2
18 20 21 15
18 20 22 10
18 21 18 1
18 21 22 6
19 10 5 1
19 11 6 1
19 13 9 1
19 14 9 1
19 16 13 1
19 17 9 1
19 17 14 8
19 17 15 87
19 17 16 32
19 18 15 6
19 18 16 165
19 18 17 106
19 18 18 17
19 19 17 224
19 19 18 161
19 19 19 35
19 20 17 25
19 20 18 61
19 20 19 76
19 20 20 18
19 20 21 19
19 20 22 11
19 21 11 1
19 21 19 3
19 21 20 2
19 21 21 13
19 21 22 157
19 21 23 28
19 21 24 1
19 22 18 1
19 22 23 15
20 12 6 1
20 16 13 1
20 18 15 6
20 18 16 18
20 18 17 10
20 19 17 150
20 19 18 86
20 19 19 23
20 20 17 4
20 20 18 131
20 20 19 178
20 20 20 21
20 20 21 3
20 21 18 16
20 21 19 101
20 21 20 140
20 21 21 35
20 21 22 43
20 21 23 4
20 22 20 3
20 22 21 1
20 22 22 10
20 22 23 185
20 22 24 96
20 23 24 3
21 18 18 1
21 20 17 2
21 20 18 6
21 20 19 13
21 21 19 102
21 21 20 146
21 21 21 13
21 22 20 71
21 22 21 139
21 22 22 36
21 22 23 19
21 22 24 15
21 23 23 3
21 23 24 85
21 23 25 46
21 24 26 2
22 14 8 1
22 15 8 1
22 17 14 1
22 19 16 1
22 19 17 1
22 20 17 2
22 21 18 1
22 21 19 14
22 21 20 9
22 22 19 35
22 22 20 55
22 22 21 63
22 22 22 63
22 22 23 2
22 23 21 3
22 23 22 93
22 23 23 74
22 23 24 15
22 23 25 9
22 24 22 1
22 24 23 2
22 24 24 1
22 24 25 15
22 24 26 29
22 25 26 5
22 25 27 2
22 25 28 1
23 17 9 1
23 17 11 1
23 21 20 1
23 22 19 4
23 22 20 56
23 22 21 12
23 23 20 21
23 23 21 48
23 23 22 28
23 23 23 60
23 23 24 1
23 24 21 1
23 24 22 1
23 24 23 79
23 24 24 45
23 24 25 15
23 24 26 1
23 25 24 3
23 25 25 5
23 25 26 17
23 25 27 27
23 25 28 5
23 26 27 2
23 26 28 9
23 26 29 6
24 22 20 2
24 23 20 5
24 23 21 48
24 23 22 4
24 24 21 19
24 24 22 64
24 24 23 9
24 24 24 16
24 25 24 27
24 25 25 29
24 25 26 12
24 25 27 1
24 26 25 4
24 26 26 9
24 26 27 10
24 26 28 8
24 26 29 3
24 27 28 1
24 27 29 14
24 27 30 1
24 28 30 2
25 24 21 2
25 24 22 71
25 24 23 1
25 25 22 18
25 25 23 44
25 25 24 2
25 25 25 10
25 25 26 2
25 26 25 9
25 26 26 20
25 26 27 4
25 26 28 3
25 27 26 5
25 27 28 5
25 27 29 3
25 27 30 2
25 28 30 1
25 29 30 1
26 25 23 2
26 25 24 1
26 26 25 1
26 26 26 1
26 26 27 1
26 27 26 6
26 27 27 14
26 27 28 3
26 28 27 5
26 28 29 1
27 27 27 1
27 27 28 1
27 28 27 2
27 28 28 13
27 28 29 1
27 29 29 1
27 29 30 1
28 28 27 1
28 28 28 2
28 29 28 1
28 29 29 9
28 30 30 1
29 29 29 1
29 29 30 1
29 30 30 7
29 30 31 1
30 30 30 5
30 31 30 4
