32
0 0 0 1
0 1 0 1
1 1 0 5
1 1 1 7
1 2 1 18
1 2 2 1
2 2 1 13
2 2 2 4
2 3 2 11
2 3 3 1
2 8 12 1
2 8 13 3
2 9 13 1
2 10 14 1
2 10 15 2
2 11 16 3
3 3 2 13
3 3 3 11
3 4 3 12
3 5 8 1
3 6 11 2
3 7 4 1
3 8 4 3
3 8 6 1
3 8 7 1
3 9 13 1
3 10 14 2
3 10 15 5
3 11 16 2
3 12 16 2
4 4 3 17
4 4 4 14
4 5 3 2
4 5 4 5
4 5 5 1
4 7 12 1
4 8 4 4
4 8 5 2
4 9 5 2
4 9 16 1
4 10 7 1
4 10 8 1
4 10 9 2
4 10 11 2
4 10 13 2
4 10 14 2
4 10 17 1
4 11 16 1
4 11 19 1
4 12 16 1
5 4 3 1
5 5 4 4
5 5 5 12
5 6 4 1
5 6 5 6
5 6 6 2
5 7 8 1
5 8 5 1
5 10 7 1
5 10 14 2
5 11 14 1
5 13 20 1
6 5 3 2
6 6 4 4
6 6 5 11
6 6 6 2
6 7 6 7
6 7 8 1
6 10 7 1
6 11 9 1
6 11 14 1
7 6 3 1
7 6 4 2
7 7 5 2
7 7 6 9
7 8 6 2
7 8 7 3
7 10 8 2
7 10 13 1
8 6 3 4
8 6 4 50
8 6 5 2
8 7 4 1
8 7 5 4
8 8 6 3
8 8 7 10
8 8 8 2
8 9 7 2
8 9 8 2
8 10 8 1
8 11 8 2
8 11 13 1
8 13 15 1
8 13 16 1
9 6 4 9
9 7 4 4
9 7 5 6
9 7 6 1
9 8 5 1
9 8 6 4
9 8 7 1
9 9 7 2
9 9 8 9
9 9 9 2
9 10 8 2
9 10 9 3
9 11 12 1
9 11 13 1
9 12 15 2
9 13 15 1
10 8 7 1
10 9 8 1
10 10 8 2
10 10 9 12
10 10 10 3
10 11 9 1
10 11 10 2
10 14 16 1
11 9 7 1
11 10 9 1
11 11 8 1
11 11 9 5
11 11 10 14
11 11 11 5
11 12 11 9
11 14 16 1
11 15 17 1
12 11 10 1
12 12 10 4
12 12 11 51
12 12 12 3
12 13 11 1
12 13 12 7
12 13 14 1
12 13 15 1
12 14 16 1
12 16 18 1
13 11 10 2
13 12 10 1
13 12 11 63
13 12 12 13
13 13 10 1
13 13 11 10
13 13 12 191
13 13 13 31
13 13 14 1
13 14 12 6
13 14 13 19
13 16 13 1
13 16 18 1
14 13 10 1
14 13 11 3
14 13 12 10
14 13 13 39
14 14 12 3
14 14 13 135
14 14 14 11
14 15 13 26
14 15 14 115
14 15 15 1
14 16 14 1
14 16 15 1
14 16 19 1
15 14 12 1
15 14 13 4
15 14 14 7
15 15 13 35
15 15 14 253
15 15 15 49
15 15 16 1
15 16 13 4
15 16 14 91
15 16 15 197
15 16 16 1
15 16 17 1
15 17 15 3
16 13 13 1
16 14 13 2
16 15 15 6
16 16 13 4
16 16 14 63
16 16 15 138
16 16 16 42
16 16 17 1
16 17 15 48
16 17 16 252
16 17 17 7
16 18 16 2
17 15 14 1
17 16 15 4
17 16 16 1
17 17 15 3
17 17 16 170
17 17 17 95
17 18 16 28
17 18 17 380
17 18 18 12
17 19 17 8
17 19 18 1
18 17 16 1
18 17 17 3
18 18 16 3
18 18 17 166
18 18 18 35
18 19 17 39
18 19 18 344
18 19 19 3
18 20 18 6
18 20 19 1
19 11 6 1
19 12 7 1
19 16 14 1
19 18 17 2
19 19 17 1
19 19 18 81
19 19 19 27
19 20 18 27
19 20 19 249
19 21 19 4
20 19 17 1
20 19 18 1
20 19 19 1
20 20 19 48
20 20 20 18
20 21 19 11
20 21 20 183
20 21 21 4
20 22 20 9
21 16 10 1
21 17 13 1
21 18 16 1
21 21 20 39
21 21 21 28
21 22 20 10
21 22 21 176
21 22 22 7
22 19 17 1
22 21 20 2
22 21 21 2
22 22 21 20
22 22 22 56
22 23 22 124
22 23 23 20
23 15 8 2
23 17 12 1
23 22 21 1
23 22 22 1
23 23 22 6
23 23 23 42
23 24 23 124
23 24 24 18
23 25 23 1
23 25 24 1
24 17 10 1
24 18 11 1
24 23 23 1
24 24 23 3
24 24 24 45
24 25 24 101
24 25 25 14
24 26 24 1
25 18 12 1
25 24 24 1
25 25 24 8
25 25 25 26
25 26 25 65
25 26 26 31
25 27 25 1
26 26 25 4
26 26 26 92
26 26 27 1
26 27 26 164
26 27 27 58
27 27 26 11
27 27 27 99
27 28 27 148
27 28 28 55
27 29 28 1
28 28 27 2
28 28 28 74
28 29 28 67
28 29 29 77
29 29 29 36
29 29 30 1
29 30 29 23
29 30 30 47
30 30 29 1
30 30 30 166
30 30 31 4
30 31 30 63
