32
0 1 0 2
1 1 0 3
1 1 1 7
1 2 1 16
2 2 1 8
2 2 2 4
2 3 2 13
2 3 3 2
2 8 12 1
2 8 13 2
2 9 13 1
2 9 14 1
2 10 14 2
2 10 15 1
2 10 16 1
2 11 16 3
3 3 2 17
3 3 3 9
3 4 2 1
3 4 3 12
3 5 4 1
3 5 9 1
3 6 10 1
3 7 12 1
3 7 13 1
3 8 4 4
3 8 5 1
3 9 13 2
3 10 14 2
3 10 15 3
3 11 15 2
3 11 16 1
3 12 16 2
4 4 3 23
4 4 4 15
4 5 4 11
4 5 5 3
4 5 7 1
4 8 4 4
4 8 5 1
4 8 6 2
4 9 8 1
4 9 11 2
4 10 8 1
4 10 9 1
4 10 10 3
4 10 17 1
4 10 18 1
4 11 15 1
4 12 15 1
5 4 3 1
5 5 4 6
5 5 5 18
5 6 5 4
5 6 6 1
5 8 6 1
5 9 5 2
5 10 7 1
5 10 14 1
5 11 14 1
5 12 15 2
5 12 16 1
5 12 20 2
6 4 2 1
6 5 3 1
6 5 4 1
6 6 4 1
6 6 5 7
6 6 6 3
6 7 5 3
6 7 6 5
6 9 7 1
6 10 6 1
6 13 21 1
7 5 3 1
7 6 4 2
7 7 6 6
7 7 7 1
7 7 8 1
7 8 6 2
7 8 7 5
7 9 8 1
7 10 8 1
7 11 14 1
7 12 15 2
7 13 16 1
8 6 3 3
8 6 4 60
8 7 4 2
8 7 5 2
8 7 6 2
8 7 7 1
8 8 6 4
8 8 7 4
8 8 8 1
8 9 8 8
8 10 8 1
8 10 11 1
8 11 12 1
8 12 14 1
8 12 15 1
8 13 15 1
9 6 3 1
9 6 4 7
9 7 4 3
9 7 5 8
9 7 6 1
9 8 5 1
9 8 6 3
9 8 7 1
9 8 8 2
9 9 7 1
9 9 8 10
9 9 9 4
9 10 8 1
9 10 9 4
9 10 10 1
9 10 12 1
9 12 15 1
9 13 10 1
9 13 15 1
10 9 7 3
10 9 8 1
10 10 8 2
10 10 9 10
10 10 10 6
10 11 9 2
10 11 10 8
11 10 9 1
11 11 8 1
11 11 9 1
11 11 10 11
11 11 11 7
11 12 11 3
11 14 11 1
11 14 16 1
12 11 10 1
12 12 10 1
12 12 11 48
12 12 12 7
12 13 11 3
12 13 12 11
12 14 16 1
12 15 17 1
13 12 10 2
13 12 11 67
13 12 12 11
13 13 11 11
13 13 12 182
13 13 13 30
13 14 12 7
13 14 13 14
13 14 14 2
13 16 18 1
14 13 11 5
14 13 12 8
14 13 13 35
14 14 12 3
14 14 13 150
14 14 14 19
14 15 13 20
14 15 14 100
14 16 14 1
14 16 15 1
14 16 16 1
15 13 10 1
15 14 12 1
15 14 13 7
15 14 14 8
15 15 13 50
15 15 14 260
15 15 15 44
15 15 16 1
15 16 13 7
15 16 14 97
15 16 15 223
15 16 16 2
15 16 17 1
15 17 15 2
15 17 16 1
16 14 13 2
16 15 13 1
16 15 14 2
16 15 15 6
16 16 14 44
16 16 15 162
16 16 16 34
16 17 15 42
16 17 16 256
16 17 17 5
16 17 19 1
16 18 16 2
17 16 16 1
17 17 15 3
17 17 16 151
17 17 17 94
17 18 16 27
17 18 17 371
17 18 18 10
17 19 17 5
17 19 18 1
18 17 15 1
18 17 17 3
18 18 17 166
18 18 18 40
18 18 19 1
18 19 17 47
18 19 18 345
18 19 19 4
18 20 18 5
18 20 19 1
19 10 5 1
19 12 8 1
19 17 15 2
19 18 17 3
19 19 17 1
19 19 18 87
19 19 19 18
19 20 18 26
19 20 19 242
19 20 20 1
19 21 19 1
20 19 17 1
20 20 19 44
20 20 20 23
20 21 19 18
20 21 20 181
20 21 21 1
20 22 20 9
21 16 10 1
21 17 13 1
21 19 17 1
21 20 19 1
21 20 20 2
21 21 20 23
21 21 21 18
21 22 20 14
21 22 21 177
21 22 22 4
22 13 7 1
22 15 8 1
22 19 16 1
22 20 18 1
22 21 21 1
22 22 21 15
22 22 22 47
22 23 22 126
22 23 23 8
23 16 9 1
23 17 13 1
23 18 10 1
23 22 22 2
23 23 22 8
23 23 23 37
23 23 24 2
23 24 23 119
23 24 24 15
24 24 23 7
24 24 24 49
24 25 24 112
24 25 25 8
25 18 11 1
25 19 14 1
25 24 24 2
25 25 24 8
25 25 25 31
25 25 26 2
25 26 25 74
25 26 26 29
26 26 25 5
26 26 26 84
26 27 26 152
26 27 27 44
26 28 26 1
27 27 26 11
27 27 27 112
27 28 27 166
27 28 28 60
28 28 27 1
28 28 28 63
28 29 28 73
28 29 29 67
29 29 29 30
29 30 29 27
29 30 30 47
30 30 29 1
30 30 30 173
30 30 31 2
30 31 30 59
30 31 31 6
