32
0 1 0 3
1 1 0 5
1 1 1 5
1 2 1 10
2 2 1 10
2 2 2 3
2 3 2 16
2 8 13 1
2 8 14 1
2 9 14 2
2 9 15 1
2 10 14 1
2 10 15 2
2 11 16 3
2 12 17 1
3 3 2 10
3 3 3 12
3 4 2 1
3 4 3 15
3 5 8 1
3 6 10 1
3 7 11 1
3 8 4 3
3 8 5 1
3 9 9 1
3 9 13 1
3 9 14 1
3 10 13 2
3 10 14 1
3 10 15 2
3 11 14 1
3 11 15 1
3 11 16 1
3 12 16 1
3 12 17 2
4 4 3 18
4 4 4 20
4 5 4 13
4 5 5 1
4 6 11 1
4 8 4 5
4 8 5 4
4 9 5 1
4 9 10 1
4 9 17 1
4 10 7 2
4 10 8 1
4 10 12 1
4 11 10 1
4 11 15 2
4 11 16 1
4 11 19 1
4 12 16 2
5 4 3 1
5 4 4 2
5 5 4 12
5 5 5 12
5 6 4 1
5 6 5 7
5 8 5 2
5 9 5 1
5 9 6 1
5 10 6 1
5 11 8 1
5 11 15 1
5 13 21 1
6 5 3 2
6 5 4 1
6 6 4 1
6 6 5 4
6 7 6 5
6 8 7 1
6 11 10 1
6 12 16 1
7 5 3 1
7 6 4 1
7 6 5 1
7 7 6 12
7 7 7 1
7 8 8 1
7 10 11 1
7 11 8 1
7 11 14 1
7 12 13 1
7 12 15 1
8 6 3 6
8 6 4 48
8 7 4 1
8 7 5 4
8 7 6 1
8 8 7 10
8 8 8 5
8 8 9 1
8 9 7 1
8 9 8 5
8 12 14 1
8 12 15 1
8 13 16 1
9 6 3 3
9 6 4 11
9 7 4 5
9 7 5 7
9 8 5 1
9 8 6 6
9 8 7 1
9 8 8 1
9 9 7 2
9 9 8 11
9 10 8 1
9 10 9 5
9 14 17 1
9 15 17 1
10 8 6 1
10 8 7 1
10 9 7 2
10 10 7 1
10 10 8 2
10 10 9 8
10 10 10 3
10 11 9 1
10 11 10 3
10 11 11 1
10 12 14 1
10 13 15 1
10 14 16 1
11 9 8 1
11 10 9 2
11 11 8 1
11 11 9 4
11 11 10 28
11 11 11 1
11 11 13 1
11 12 10 1
11 12 11 8
11 12 12 1
11 13 12 1
12 11 10 4
12 12 9 1
12 12 10 3
12 12 11 56
12 12 12 6
12 13 11 2
12 13 12 3
12 14 15 1
12 15 17 1
13 12 10 1
13 12 11 81
13 12 12 8
13 13 10 1
13 13 11 17
13 13 12 158
13 13 13 14
13 14 12 6
13 14 13 7
13 14 14 2
13 14 15 1
13 15 14 1
14 13 11 1
14 13 12 22
14 13 13 30
14 14 12 4
14 14 13 135
14 14 14 15
14 15 13 35
14 15 14 98
14 15 16 2
14 16 14 2
14 17 19 1
15 13 10 1
15 14 12 1
15 14 13 11
15 14 14 11
15 15 13 31
15 15 14 253
15 15 15 36
15 16 13 3
15 16 14 79
15 16 15 140
15 16 16 2
15 17 15 1
15 17 16 2
15 17 19 1
16 14 13 1
16 14 14 1
16 15 13 1
16 15 14 3
16 15 15 8
16 16 13 1
16 16 14 82
16 16 15 155
16 16 16 31
16 17 15 49
16 17 16 260
16 17 17 3
16 18 16 2
16 18 17 1
16 18 18 1
17 16 13 1
17 16 14 1
17 16 15 1
17 16 16 3
17 17 15 8
17 17 16 172
17 17 17 94
17 18 16 32
17 18 17 377
17 18 18 3
17 19 17 13
18 13 11 1
18 17 16 2
18 18 17 152
18 18 18 41
18 19 17 49
18 19 18 325
18 19 19 3
18 20 18 3
19 10 5 1
19 18 16 1
19 18 17 2
19 18 18 1
19 19 18 100
19 19 19 25
19 20 18 24
19 20 19 236
19 20 20 5
19 21 19 1
19 21 20 1
20 13 7 1
20 14 10 1
20 18 17 1
20 19 19 2
20 20 19 49
20 20 20 15
20 21 19 20
20 21 20 173
20 21 21 3
20 22 20 2
21 13 6 1
21 16 10 1
21 17 13 1
21 21 20 37
21 21 21 14
21 22 20 9
21 22 21 178
21 22 22 6
22 18 16 1
22 19 16 1
22 21 20 2
22 22 21 21
22 22 22 85
22 23 22 136
22 23 23 30
22 24 23 1
23 15 8 1
23 16 9 1
23 17 13 1
23 22 22 4
23 23 22 6
23 23 23 67
23 24 22 1
23 24 23 118
23 24 24 43
24 18 11 1
24 24 23 7
24 24 24 49
24 24 25 1
24 25 24 102
24 25 25 16
25 18 13 1
25 24 24 1
25 25 24 6
25 25 25 20
25 26 25 72
25 26 26 18
26 26 25 5
26 26 26 79
26 27 26 168
26 27 27 43
26 28 26 1
27 27 26 19
27 27 27 99
27 27 28 1
27 28 27 158
27 28 28 51
28 28 27 4
28 28 28 86
28 28 29 1
28 29 28 81
28 29 29 59
29 29 28 1
29 29 29 38
29 30 29 20
29 30 30 45
30 30 29 1
30 30 30 230
30 31 30 69
30 31 31 1
