32
0 1 0 1
1 1 0 8
1 1 1 8
1 2 1 9
2 2 1 10
2 2 2 7
2 3 1 2
2 3 2 15
2 3 3 1
2 8 13 3
2 9 14 4
2 10 14 2
2 10 15 1
2 11 16 2
3 3 2 12
3 3 3 7
3 4 3 13
3 4 4 1
3 5 8 1
3 5 11 1
3 6 10 1
3 6 11 1
3 7 3 1
3 7 4 1
3 7 12 1
3 8 4 2
3 9 14 1
3 10 13 2
3 10 14 1
3 10 18 1
3 11 13 1
3 11 15 3
3 11 16 4
3 12 16 1
3 12 17 1
4 4 3 17
4 4 4 21
4 5 4 8
4 5 5 1
4 5 7 2
4 8 4 6
4 8 5 4
4 9 5 2
4 9 8 1
4 10 8 1
4 10 13 1
4 10 14 1
4 10 18 1
4 11 10 1
4 11 15 1
4 11 16 1
4 12 16 1
5 4 3 1
5 4 4 1
5 5 3 1
5 5 4 7
5 5 5 10
5 6 4 3
5 6 5 3
5 10 8 1
5 10 14 1
5 11 7 1
5 11 10 1
5 11 12 1
5 11 15 1
5 12 15 1
5 12 16 1
5 12 21 1
5 13 21 1
6 4 3 1
6 5 3 2
6 6 4 3
6 6 5 5
6 6 6 2
6 7 5 2
6 7 6 5
6 9 6 1
6 11 9 1
6 11 15 1
6 11 16 1
6 12 16 1
7 6 4 3
7 7 5 1
7 7 6 17
7 7 7 1
7 8 6 2
7 8 7 4
7 9 8 1
7 10 7 1
7 11 14 2
8 6 3 9
8 6 4 48
8 7 4 1
8 7 5 4
8 7 6 1
8 8 6 1
8 8 7 11
8 8 8 3
8 9 7 1
8 9 8 4
8 9 10 1
8 9 13 1
8 10 13 1
8 13 16 2
9 6 4 5
9 7 4 3
9 7 5 8
9 7 6 1
9 8 6 4
9 9 7 1
9 9 8 9
9 9 9 2
9 10 9 2
9 10 10 1
9 12 14 1
10 9 10 1
10 10 8 6
10 10 9 10
10 10 10 5
10 10 11 1
10 10 13 1
10 11 9 4
10 11 10 10
10 13 15 1
10 13 16 1
10 14 16 1
10 15 17 1
11 9 8 2
11 10 9 2
11 11 8 1
11 11 9 1
11 11 10 15
11 11 11 4
11 12 11 6
11 13 14 1
11 13 15 1
11 14 12 1
12 10 8 1
12 10 9 1
12 11 9 1
12 11 10 4
12 11 11 1
12 11 12 1
12 12 9 1
12 12 10 5
12 12 11 88
12 12 12 7
12 13 11 1
12 13 12 7
12 13 13 1
12 13 15 1
12 14 12 1
12 15 13 1
13 12 10 1
13 12 11 60
13 12 12 20
13 13 10 1
13 13 11 11
13 13 12 167
13 13 13 14
13 14 12 5
13 14 13 16
13 14 15 1
13 14 16 2
13 16 15 1
13 16 18 1
14 12 10 1
14 13 10 1
14 13 11 1
14 13 12 18
14 13 13 30
14 14 12 4
14 14 13 151
14 14 14 22
14 15 13 29
14 15 14 118
14 15 15 2
14 16 14 2
14 17 19 1
15 13 11 1
15 14 11 1
15 14 12 1
15 14 13 7
15 14 14 14
15 15 13 32
15 15 14 252
15 15 15 40
15 16 13 2
15 16 14 72
15 16 15 161
15 16 16 1
15 16 17 1
15 17 15 2
15 17 19 1
16 14 13 1
16 14 14 1
16 15 13 3
16 15 14 5
16 15 15 15
16 16 13 2
16 16 14 82
16 16 15 158
16 16 16 23
16 17 15 32
16 17 16 257
16 17 17 3
16 18 16 3
16 18 17 1
17 15 13 1
17 16 15 1
17 16 16 4
17 17 15 9
17 17 16 158
17 17 17 110
17 18 16 40
17 18 17 393
17 18 18 7
17 19 17 11
17 19 18 1
18 17 17 1
18 18 16 1
18 18 17 146
18 18 18 57
18 18 19 1
18 19 17 46
18 19 18 292
18 19 19 2
18 20 18 9
19 13 10 1
19 18 16 1
19 18 17 2
19 18 18 1
19 19 17 1
19 19 18 86
19 19 19 20
19 20 18 25
19 20 19 226
19 20 20 3
19 21 19 2
20 11 6 2
20 13 7 1
20 17 15 1
20 18 17 1
20 19 18 1
20 20 19 49
20 20 20 17
20 21 19 15
20 21 20 184
20 21 21 3
20 22 20 3
20 22 21 2
21 16 11 1
21 19 11 1
21 20 18 1
21 21 19 1
21 21 20 30
21 21 21 20
21 22 20 13
21 22 21 187
21 22 22 6
22 15 8 1
22 19 17 1
22 22 21 14
22 22 22 76
22 23 22 138
22 23 23 26
23 15 8 1
23 18 14 1
23 22 22 1
23 23 22 10
23 23 23 68
23 24 23 126
23 24 24 39
24 17 9 1
24 18 12 1
24 18 13 1
24 23 22 2
24 23 23 1
24 24 23 6
24 24 24 62
24 25 24 106
24 25 25 16
24 26 25 1
25 24 24 1
25 25 24 4
25 25 25 30
25 26 25 76
25 26 26 33
25 27 26 1
26 26 25 7
26 26 26 85
26 27 26 187
26 27 27 38
26 28 26 1
27 27 26 9
27 27 27 88
27 28 27 148
27 28 28 72
28 28 27 1
28 28 28 79
28 28 29 2
28 29 28 66
28 29 29 67
29 29 29 47
29 30 29 20
29 30 30 54
30 30 30 209
30 30 31 1
30 31 30 54
30 31 31 4
