32
1 1 0 6
1 1 1 7
1 2 1 10
2 2 1 5
2 2 2 3
2 3 2 13
2 3 3 1
2 8 13 1
2 9 13 1
2 9 14 2
2 10 14 1
2 10 15 1
2 11 15 1
2 11 16 2
2 11 17 1
2 12 17 1
3 3 2 10
3 3 3 8
3 4 2 1
3 4 3 16
3 6 11 1
3 7 4 1
3 8 4 5
3 8 5 1
3 10 13 1
3 10 14 2
3 10 15 2
3 11 15 1
3 11 16 2
3 12 17 3
4 4 3 15
4 4 4 22
4 5 3 1
4 5 4 7
4 8 4 2
4 8 5 5
4 9 7 1
4 9 9 1
4 10 7 1
4 10 8 2
4 10 12 1
4 10 13 1
4 10 17 1
4 11 10 1
4 11 12 1
4 11 15 1
4 11 16 2
4 12 16 1
4 12 17 1
4 13 20 1
5 4 3 2
5 5 4 5
5 5 5 14
5 6 4 2
5 6 5 5
5 6 6 2
5 6 8 1
5 8 5 1
5 10 6 2
5 10 11 1
5 12 16 1
6 5 3 1
6 6 4 3
6 6 5 8
6 6 6 6
6 7 5 2
6 7 6 7
6 9 6 1
6 10 6 1
6 11 15 1
6 12 15 1
6 13 17 1
7 5 3 1
7 6 4 3
7 6 5 1
7 7 5 1
7 7 6 8
7 7 7 1
7 8 7 5
7 9 8 1
7 10 12 1
7 11 9 1
7 11 15 1
7 12 15 1
8 5 3 1
8 6 3 8
8 6 4 54
8 7 5 4
8 8 7 9
8 8 8 7
8 9 8 3
8 10 8 1
9 6 3 1
9 6 4 10
9 7 4 8
9 7 5 4
9 7 6 1
9 8 6 5
9 8 7 1
9 9 8 5
9 9 9 2
9 10 9 4
9 13 15 2
9 13 16 1
9 14 17 1
10 8 6 2
10 8 7 2
10 9 7 1
10 10 8 4
10 10 9 12
10 10 10 2
10 10 11 1
10 11 10 8
10 11 14 1
10 13 11 1
10 13 15 1
10 14 17 1
11 9 8 1
11 10 9 1
11 10 13 1
11 11 9 3
11 11 10 13
11 11 11 8
11 12 11 6
11 14 16 1
12 11 9 1
12 11 10 1
12 12 10 3
12 12 11 59
12 12 12 9
12 13 11 3
12 13 12 9
12 13 15 2
12 16 18 1
13 12 11 64
13 12 12 18
13 13 10 2
13 13 11 9
13 13 12 161
13 13 13 25
13 14 12 6
13 14 13 13
13 15 17 1
13 17 19 1
14 12 10 1
14 12 11 1
14 13 11 3
14 13 12 11
14 13 13 27
14 14 12 2
14 14 13 137
14 14 14 27
14 15 13 21
14 15 14 101
14 16 17 1
15 13 11 1
15 14 13 7
15 14 14 18
15 15 13 34
15 15 14 240
15 15 15 62
15 15 17 1
15 16 13 3
15 16 14 55
15 16 15 187
15 17 15 3
15 17 16 1
15 17 19 1
16 14 13 1
16 15 13 2
16 15 14 1
16 15 15 16
16 16 14 91
16 16 15 136
16 16 16 30
16 17 15 50
16 17 16 225
16 17 17 3
16 18 16 6
17 15 14 1
17 16 13 1
17 16 14 1
17 17 15 5
17 17 16 159
17 17 17 90
17 18 16 35
17 18 17 396
17 18 18 13
17 19 17 12
17 19 18 3
18 10 5 1
18 14 12 1
18 17 17 4
18 18 16 1
18 18 17 143
18 18 18 53
18 19 17 44
18 19 18 312
18 19 19 2
18 20 18 3
19 17 16 1
19 18 16 1
19 18 17 2
19 19 17 1
19 19 18 90
19 19 19 25
19 20 18 31
19 20 19 228
19 20 20 4
19 21 19 1
20 11 5 1
20 16 14 1
20 17 15 1
20 20 19 47
20 20 20 17
20 21 19 24
20 21 20 165
20 21 21 3
20 22 20 6
20 22 21 1
21 16 11 1
21 19 17 1
21 20 19 1
21 21 20 34
21 21 21 15
21 22 20 14
21 22 21 170
21 22 22 2
22 19 16 1
22 22 21 24
22 22 22 50
22 22 23 1
22 23 21 1
22 23 22 124
22 23 23 10
23 15 8 1
23 16 9 1
23 19 15 1
23 22 21 1
23 22 22 3
23 23 22 7
23 23 23 43
23 24 23 124
23 24 24 27
23 25 24 1
24 18 11 1
24 24 23 10
24 24 24 55
24 25 24 77
24 25 25 17
25 19 13 1
25 25 24 5
25 25 25 31
25 25 26 2
25 26 24 1
25 26 25 79
25 26 26 39
26 26 25 7
26 26 26 107
26 26 27 1
26 27 26 183
26 27 27 42
27 27 26 15
27 27 27 101
27 27 28 1
27 28 27 125
27 28 28 65
28 28 27 2
28 28 28 78
28 28 29 1
28 29 28 72
28 29 29 64
29 28 29 1
29 29 28 2
29 29 29 42
29 30 29 23
29 30 30 40
30 30 30 123
30 30 31 4
30 31 30 46
30 31 31 1
31 31 31 1
