32
0 0 0 1
0 1 0 3
1 1 0 3
1 1 1 7
1 2 1 8
2 2 1 13
2 2 2 4
2 3 2 16
2 4 10 1
2 8 12 2
2 8 13 2
2 9 13 1
2 9 14 1
2 10 15 5
2 11 16 3
3 3 2 11
3 3 3 11
3 4 2 1
3 4 3 14
3 6 10 1
3 6 11 1
3 7 4 2
3 7 12 1
3 8 4 4
3 8 5 1
3 9 13 1
3 9 14 1
3 10 13 1
3 10 14 2
3 10 15 2
3 11 15 3
3 11 16 1
3 12 16 1
4 4 2 1
4 4 3 12
4 4 4 21
4 5 3 1
4 5 4 9
4 5 5 1
4 5 7 1
4 5 8 1
4 8 4 2
4 8 5 4
4 9 5 2
4 9 8 1
4 9 12 1
4 10 6 1
4 10 8 2
4 10 9 2
4 10 12 1
4 10 13 2
4 10 14 2
4 10 17 1
4 11 15 1
4 11 18 1
5 4 3 1
5 5 4 6
5 5 5 11
5 6 5 6
5 8 5 1
5 9 6 1
5 10 12 1
5 10 14 1
5 12 20 1
5 13 21 1
6 5 3 1
6 5 4 1
6 6 4 1
6 6 5 8
6 6 6 2
6 7 6 5
6 10 6 1
6 10 14 1
6 11 9 1
7 5 3 2
7 6 4 3
7 7 6 8
7 7 7 1
7 8 7 4
7 9 7 1
7 11 8 1
7 11 13 1
8 6 3 5
8 6 4 52
8 7 4 1
8 7 5 2
8 8 7 14
8 8 8 3
8 9 8 6
8 9 12 1
8 11 11 1
8 12 14 1
8 12 15 1
8 13 16 1
8 13 17 1
9 6 4 2
9 7 4 4
9 7 5 7
9 8 5 1
9 8 6 2
9 8 7 1
9 9 7 2
9 9 8 8
9 9 9 3
9 10 8 1
9 10 9 6
9 12 10 1
9 12 14 1
9 12 16 1
9 13 15 1
9 13 16 1
10 8 6 1
10 8 7 1
10 9 7 1
10 9 8 1
10 9 12 1
10 10 8 3
10 10 9 7
10 10 10 3
10 11 9 1
10 11 10 4
10 13 11 1
10 13 15 1
10 14 16 1
11 9 7 1
11 10 8 1
11 10 9 2
11 10 10 1
11 11 8 2
11 11 9 2
11 11 10 11
11 11 11 4
11 12 10 1
11 12 11 6
11 13 15 1
12 11 9 1
12 12 10 2
12 12 11 66
12 12 12 4
12 12 13 1
12 13 11 2
12 13 12 7
12 13 13 1
12 13 16 1
12 14 15 1
12 15 13 1
12 15 16 1
12 15 17 1
13 12 10 2
13 12 11 63
13 12 12 8
13 13 10 1
13 13 11 8
13 13 12 180
13 13 13 31
13 14 12 3
13 14 13 13
13 14 14 1
14 12 10 1
14 12 11 1
14 13 11 2
14 13 12 12
14 13 13 20
14 14 13 142
14 14 14 21
14 15 13 38
14 15 14 116
14 15 16 1
14 16 14 2
14 16 17 1
14 16 18 1
15 13 10 1
15 14 12 1
15 14 13 6
15 14 14 10
15 15 13 42
15 15 14 240
15 15 15 47
15 16 13 4
15 16 14 120
15 16 15 170
15 16 16 1
15 17 15 2
15 17 17 1
16 15 13 2
16 15 14 1
16 15 15 4
16 16 14 55
16 16 15 145
16 16 16 29
16 17 15 43
16 17 16 267
16 17 17 2
16 18 17 1
17 15 14 1
17 15 15 1
17 16 14 1
17 16 15 3
17 16 16 1
17 17 15 3
17 17 16 170
17 17 17 91
17 18 16 40
17 18 17 408
17 18 18 4
17 19 17 7
17 19 18 1
18 17 16 3
18 17 17 2
18 18 16 2
18 18 17 149
18 18 18 35
18 19 17 32
18 19 18 343
18 19 19 4
18 20 18 5
18 20 19 1
19 10 5 1
19 12 9 1
19 18 16 1
19 18 17 2
19 19 18 80
19 19 19 24
19 20 18 30
19 20 19 240
19 20 20 3
19 21 19 3
20 11 5 1
20 14 7 1
20 19 17 1
20 19 18 1
20 20 19 43
20 20 20 11
20 21 19 18
20 21 20 190
20 21 21 2
20 22 20 2
21 16 11 1
21 17 13 1
21 19 17 1
21 20 10 1
21 21 20 39
21 21 21 23
21 22 20 15
21 22 21 171
21 22 22 6
22 14 7 1
22 21 20 1
22 22 21 12
22 22 22 54
22 23 22 131
22 23 23 10
22 24 22 1
23 15 8 1
23 16 9 1
23 17 13 1
23 22 22 2
23 23 22 5
23 23 23 33
23 23 24 1
23 24 23 111
23 24 24 22
24 18 11 1
24 19 15 1
24 23 22 2
24 24 23 7
24 24 24 56
24 25 24 100
24 25 25 16
24 26 25 2
25 18 12 1
25 24 24 1
25 25 24 3
25 25 25 32
25 25 26 1
25 26 25 83
25 26 26 30
26 26 25 6
26 26 26 94
26 26 27 1
26 27 26 198
26 27 27 30
26 28 27 1
27 27 26 15
27 27 27 90
27 27 28 1
27 28 27 142
27 28 28 55
28 28 27 3
28 28 28 69
28 28 29 1
28 29 28 75
28 29 29 72
29 29 29 45
29 29 30 1
29 30 29 21
29 30 30 38
30 30 30 138
30 30 31 3
30 31 30 43
