32
0 0 0 1
0 1 0 1
1 1 0 2
1 1 1 1
1 2 0 1
1 2 1 3
2 1 0 1
2 2 0 2
2 2 1 19
2 2 2 4
2 2 3 1
2 3 1 2
2 3 2 9
2 10 16 1
2 11 17 1
3 2 1 3
3 3 1 2
3 3 2 12
3 3 3 7
3 4 2 3
3 4 3 5
3 6 11 1
3 7 12 1
3 8 16 1
3 10 15 1
3 10 17 1
3 11 16 1
3 12 17 1
3 12 18 1
4 3 2 3
4 4 2 1
4 4 3 9
4 4 4 9
4 5 4 2
4 5 8 1
4 11 16 1
4 12 18 1
4 12 20 1
4 13 18 4
4 13 19 1
5 4 4 2
5 5 3 4
5 5 4 7
5 5 5 4
5 6 5 5
5 6 7 1
5 12 16 3
5 12 17 2
5 12 20 1
5 13 17 1
5 13 18 2
5 13 19 2
6 5 2 1
6 6 3 2
6 6 4 3
6 6 5 11
6 6 6 2
6 7 6 1
6 12 5 3
6 12 17 1
6 13 13 1
6 13 18 1
7 6 3 1
7 6 4 2
7 7 4 1
7 7 5 3
7 7 6 5
7 7 7 1
7 7 8 1
7 8 6 1
7 12 6 1
7 13 5 1
7 13 7 2
7 13 17 2
7 13 18 1
7 14 6 1
7 14 9 1
7 14 10 1
7 14 11 1
7 14 12 1
7 14 18 1
8 7 5 1
8 7 6 2
8 8 5 1
8 8 6 4
8 8 7 2
8 9 7 1
8 9 8 1
8 12 16 1
8 13 6 2
8 13 7 1
8 13 11 1
8 13 12 1
8 13 17 1
8 14 6 2
8 14 7 2
8 14 9 1
8 14 18 1
9 8 6 1
9 9 7 2
9 9 8 2
9 10 8 1
9 10 9 1
9 10 10 2
9 10 11 1
9 11 15 1
9 13 8 1
9 13 16 1
9 14 17 1
9 14 18 1
10 8 4 1
10 8 5 1
10 9 6 1
10 9 7 1
10 9 8 2
10 10 7 1
10 10 8 4
10 10 9 2
10 10 10 1
10 11 10 1
10 13 10 1
10 14 8 1
10 14 9 1
11 8 4 1
11 10 8 4
11 10 9 5
11 11 9 5
11 11 10 2
11 12 10 1
11 12 12 1
11 13 16 1
12 9 4 1
12 9 5 2
12 10 5 1
12 11 8 1
12 11 9 3
12 11 10 2
12 12 9 2
12 12 10 1
12 12 11 2
12 12 12 1
12 13 12 1
12 13 15 1
12 14 12 1
12 14 17 2
12 15 17 1
12 17 20 1
13 9 4 2
13 9 5 1
13 10 4 3
13 10 5 4
13 10 6 2
13 11 6 2
13 11 7 4
13 11 14 1
13 12 9 1
13 12 10 5
13 12 11 3
13 12 12 1
13 13 9 1
13 13 11 5
13 13 12 5
13 13 13 1
13 14 12 1
13 14 13 5
14 10 4 20
14 10 5 42
14 10 6 3
14 11 5 2
14 11 6 3
14 11 7 2
14 13 10 1
14 13 11 2
14 13 12 7
14 14 12 9
14 14 13 9
14 15 13 2
14 15 17 1
14 16 14 1
14 17 19 2
15 11 7 1
15 12 7 1
15 12 8 1
15 14 11 2
15 14 12 2
15 14 13 9
15 15 13 47
15 15 14 14
15 15 15 1
15 16 13 4
15 16 14 15
15 16 15 3
15 16 18 1
15 17 15 2
16 13 9 1
16 13 10 1
16 14 12 1
16 15 12 3
16 15 13 9
16 15 14 3
16 15 15 2
16 16 13 4
16 16 14 64
16 16 15 18
16 16 16 3
16 16 17 1
16 17 14 3
16 17 15 23
16 17 16 9
16 17 17 1
16 17 19 2
17 14 13 1
17 15 12 5
17 15 13 3
17 16 12 1
17 16 13 10
17 16 14 18
17 16 15 14
17 16 16 2
17 17 14 1
17 17 15 44
17 17 16 97
17 17 17 14
17 18 16 41
17 18 17 34
17 18 18 1
17 18 19 2
18 10 5 1
18 13 11 1
18 15 11 1
18 16 13 7
18 16 14 41
18 17 14 33
18 17 15 60
18 17 16 57
18 17 17 4
18 18 11 1
18 18 15 1
18 18 16 64
18 18 17 121
18 18 18 14
18 19 17 52
18 19 18 30
18 19 19 1
18 19 20 1
18 20 21 8
18 20 22 36
18 21 17 1
18 21 22 10
19 15 10 1
19 17 13 1
19 17 14 12
19 17 15 85
19 17 16 28
19 17 17 1
19 18 10 1
19 18 15 7
19 18 16 152
19 18 17 116
19 18 18 17
19 19 16 2
19 19 17 193
19 19 18 164
19 19 19 32
19 20 17 10
19 20 18 70
19 20 19 58
19 20 20 13
19 20 21 15
19 20 22 16
19 21 18 1
19 21 19 3
19 21 20 1
19 21 21 10
19 21 22 163
19 21 23 53
19 22 22 1
19 22 23 32
19 22 24 1
20 13 6 1
20 16 13 1
20 18 15 5
20 18 16 41
20 18 17 21
20 18 18 1
20 19 17 149
20 19 18 94
20 19 19 26
20 20 12 1
20 20 18 125
20 20 19 197
20 20 20 22
20 20 21 4
20 21 18 14
20 21 19 109
20 21 20 133
20 21 21 27
20 21 22 28
20 21 23 5
20 22 20 5
20 22 21 4
20 22 22 12
20 22 23 161
20 22 24 102
20 22 25 1
20 23 24 11
20 23 25 1
20 23 26 1
21 13 7 1
21 19 16 2
21 19 18 1
21 20 17 1
21 20 18 7
21 20 19 21
21 21 19 86
21 21 20 186
21 21 21 11
21 22 20 47
21 22 21 142
21 22 22 21
21 22 23 12
21 22 24 8
21 23 23 2
21 23 24 58
21 23 25 75
21 24 25 2
22 14 7 1
22 14 8 1
22 16 9 1
22 20 18 1
22 21 18 3
22 21 19 5
22 21 20 9
22 21 21 1
22 22 19 34
22 22 20 40
22 22 21 101
22 22 22 57
22 23 21 2
22 23 22 93
22 23 23 45
22 23 24 9
22 23 25 6
22 24 23 3
22 24 24 3
22 24 25 11
22 24 26 55
22 24 27 4
22 25 26 3
22 25 27 14
22 25 28 3
22 26 28 1
23 17 11 1
23 18 14 1
23 22 19 11
23 22 20 50
23 22 21 9
23 22 22 1
23 23 20 26
23 23 21 37
23 23 22 31
23 23 23 44
23 24 23 90
23 24 24 73
23 24 25 10
23 24 26 1
23 25 24 5
23 25 25 3
23 25 26 2
23 25 27 31
23 25 28 3
23 26 27 2
23 26 28 16
23 26 29 6
23 27 29 5
24 18 12 1
24 22 20 1
24 22 21 1
24 23 20 3
24 23 21 61
24 23 22 1
24 24 21 15
24 24 22 30
24 24 23 9
24 24 24 28
24 25 24 28
24 25 25 44
24 25 26 6
24 26 25 3
24 26 26 3
24 26 27 7
24 26 28 8
24 26 29 8
24 27 29 19
24 27 30 2
24 28 30 1
25 24 21 7
25 24 22 66
25 24 23 3
25 24 24 1
25 25 22 27
25 25 23 32
25 25 24 9
25 25 25 10
25 25 26 2
25 26 25 6
25 26 26 27
25 26 27 3
25 26 28 1
25 27 26 5
25 27 28 2
25 27 29 5
25 27 30 5
25 28 29 1
25 28 30 17
25 29 30 2
26 25 23 10
26 25 24 1
26 26 25 2
26 26 26 6
26 27 26 2
26 27 27 20
26 27 28 1
26 28 27 3
26 28 28 1
26 29 30 3
26 29 31 2
27 26 25 1
27 27 27 1
27 28 27 4
27 28 28 14
27 29 28 2
28 28 27 1
28 28 28 3
28 29 28 2
28 29 29 13
28 29 30 1
29 29 30 2
29 30 30 7
29 31 31 1
30 30 30 6
30 31 30 5
30 31 31 1
31 31 31 1
