32
1 1 0 6
1 2 0 1
1 2 1 2
2 1 1 1
2 2 0 7
2 2 1 16
2 2 2 2
2 3 1 1
2 3 2 8
2 10 15 1
3 2 1 1
3 3 1 4
3 3 2 12
3 3 3 6
3 4 3 7
3 6 10 1
3 6 11 1
3 6 12 1
3 10 17 1
3 11 16 2
3 12 17 1
3 12 18 1
4 3 2 2
4 4 2 2
4 4 3 8
4 4 4 5
4 5 4 7
4 5 8 1
4 9 17 1
4 10 15 1
4 11 16 1
4 11 20 1
4 12 17 3
4 12 18 1
4 13 18 1
4 13 19 1
5 4 3 2
5 5 3 4
5 5 4 13
5 5 5 4
5 6 4 1
5 6 5 9
5 6 6 1
5 11 17 1
5 12 17 3
5 13 17 2
5 13 19 2
6 5 3 1
6 5 4 1
6 6 3 4
6 6 4 3
6 6 5 4
6 11 10 1
6 12 5 2
6 12 6 1
6 12 16 3
6 12 17 1
6 13 14 1
6 13 17 1
6 13 18 1
7 6 3 1
7 6 4 2
7 6 5 1
7 7 4 1
7 7 5 3
7 7 6 3
7 7 7 1
7 8 6 1
7 8 7 1
7 10 14 1
7 13 5 2
7 13 6 4
7 13 7 1
7 13 10 1
7 13 12 1
7 13 17 1
7 14 9 1
7 14 10 2
7 14 13 1
8 7 4 1
8 7 6 3
8 8 5 1
8 8 6 1
8 8 7 6
8 8 8 2
8 8 9 1
8 9 8 1
8 9 9 1
8 10 10 1
8 11 15 1
8 12 17 1
8 13 6 1
8 13 7 2
8 14 6 2
8 14 7 1
8 14 9 1
8 14 19 1
9 8 6 1
9 8 7 1
9 8 8 1
9 9 7 2
9 12 15 1
9 13 15 1
9 14 8 1
9 14 9 1
9 14 16 1
10 8 4 4
10 8 5 1
10 9 6 1
10 9 7 2
10 9 8 2
10 10 8 7
10 10 9 2
10 11 9 2
10 14 8 1
10 14 15 1
10 15 19 1
11 8 3 1
11 9 5 1
11 10 7 2
11 10 8 3
11 10 9 4
11 11 8 1
11 11 9 3
11 11 10 5
11 12 10 1
11 12 11 1
11 12 12 1
11 14 12 1
11 14 17 2
12 9 4 1
12 9 5 2
12 10 7 1
12 11 9 2
12 11 10 3
12 11 11 1
12 12 9 2
12 12 10 8
12 12 11 1
12 13 11 2
12 13 12 1
12 13 13 1
12 17 19 1
13 10 4 6
13 10 5 6
13 10 6 3
13 11 5 1
13 11 6 2
13 12 9 1
13 12 10 2
13 12 11 4
13 13 11 3
13 13 12 3
13 13 13 1
13 14 12 2
13 14 13 4
13 15 17 1
13 15 18 1
14 10 4 26
14 10 5 31
14 10 6 1
14 11 5 1
14 11 6 6
14 11 7 4
14 12 7 1
14 12 10 1
14 13 10 1
14 13 11 3
14 13 12 4
14 13 13 1
14 13 15 1
14 14 12 7
14 14 13 8
14 14 14 2
14 15 13 4
14 15 14 3
15 10 5 1
15 12 8 2
15 13 9 1
15 13 11 1
15 14 11 2
15 14 12 1
15 14 13 9
15 15 13 42
15 15 14 12
15 16 13 1
15 16 14 15
15 16 15 4
15 16 16 2
15 17 19 1
15 19 21 1
16 13 9 1
16 13 10 1
16 14 11 1
16 14 12 2
16 15 12 4
16 15 13 7
16 15 14 5
16 16 13 10
16 16 14 66
16 16 15 17
16 16 16 1
16 17 14 2
16 17 15 23
16 17 16 17
16 17 17 1
16 18 19 1
17 14 11 1
17 15 12 2
17 15 13 3
17 16 13 10
17 16 14 19
17 16 15 14
17 16 16 1
17 16 17 1
17 17 14 2
17 17 15 52
17 17 16 109
17 17 17 12
17 18 16 39
17 18 17 27
17 18 18 1
17 18 19 1
17 19 17 1
17 19 22 1
18 10 5 1
18 12 10 1
18 14 9 1
18 15 12 1
18 16 13 9
18 16 14 49
18 17 14 29
18 17 15 60
18 17 16 59
18 17 17 1
18 18 15 2
18 18 16 69
18 18 17 141
18 18 18 12
18 18 19 1
18 19 17 60
18 19 18 32
18 20 18 1
18 20 22 12
18 21 22 7
18 21 24 1
19 11 5 1
19 15 12 1
19 17 13 1
19 17 14 10
19 17 15 102
19 17 16 31
19 18 15 11
19 18 16 159
19 18 17 116
19 18 18 13
19 19 16 1
19 19 17 185
19 19 18 184
19 19 19 23
19 19 20 1
19 20 17 13
19 20 18 87
19 20 19 72
19 20 20 11
19 20 21 10
19 21 18 1
19 21 19 3
19 21 20 1
19 21 21 2
19 21 22 159
19 21 23 47
19 22 18 1
19 22 22 3
19 22 23 40
20 16 13 1
20 17 13 1
20 18 15 7
20 18 16 26
20 18 17 15
20 19 16 1
20 19 17 152
20 19 18 98
20 19 19 13
20 20 12 1
20 20 17 1
20 20 18 114
20 20 19 215
20 20 20 20
20 20 21 4
20 21 18 9
20 21 19 115
20 21 20 128
20 21 21 18
20 21 22 21
20 21 23 1
20 22 20 6
20 22 21 1
20 22 22 15
20 22 23 214
20 22 24 117
20 23 24 14
20 23 26 2
21 18 17 1
21 19 16 1
21 20 18 8
21 20 19 15
21 21 19 73
21 21 20 170
21 21 21 11
21 21 22 1
21 22 20 37
21 22 21 171
21 22 22 20
21 22 23 9
21 22 24 14
21 23 23 3
21 23 24 76
21 23 25 81
21 23 26 1
21 24 25 1
21 24 26 2
22 14 8 1
22 15 8 1
22 17 14 1
22 18 10 1
22 18 15 1
22 20 18 1
22 21 18 2
22 21 19 26
22 21 20 9
22 21 21 1
22 22 19 50
22 22 20 49
22 22 21 70
22 22 22 61
22 22 23 1
22 23 21 3
22 23 22 105
22 23 23 46
22 23 24 10
22 23 25 7
22 24 23 4
22 24 25 13
22 24 26 59
22 24 27 1
22 25 26 18
22 25 27 8
22 26 28 1
23 16 9 1
23 17 11 1
23 22 19 14
23 22 20 46
23 22 21 6
23 23 20 25
23 23 21 39
23 23 22 25
23 23 23 53
23 24 22 1
23 24 23 96
23 24 24 61
23 24 25 4
23 25 24 5
23 25 25 6
23 25 26 7
23 25 27 38
23 25 28 1
23 26 27 2
23 26 28 25
23 26 29 2
23 27 29 1
24 22 20 1
24 23 20 11
24 23 21 53
24 23 22 2
24 24 21 44
24 24 22 34
24 24 23 9
24 24 24 26
24 25 24 26
24 25 25 43
24 25 26 3
24 26 25 4
24 26 26 3
24 26 27 3
24 26 28 11
24 26 29 4
24 27 28 1
24 27 29 16
24 27 30 3
24 28 30 1
25 23 22 1
25 24 21 5
25 24 22 72
25 25 22 35
25 25 23 19
25 25 24 12
25 25 25 13
25 26 25 7
25 26 26 24
25 26 27 6
25 27 26 3
25 27 27 2
25 27 28 2
25 27 29 6
25 27 30 5
25 28 29 2
25 28 30 23
25 29 30 2
26 25 23 4
26 25 24 2
26 26 23 1
26 26 25 1
26 26 26 5
26 27 26 8
26 27 27 14
26 27 28 1
26 28 27 4
26 28 28 1
26 29 30 6
26 30 31 1
27 26 24 1
27 26 25 1
27 27 27 2
27 28 27 2
27 28 28 14
27 28 29 1
28 28 28 2
28 28 29 1
28 29 28 2
28 29 29 10
28 29 30 3
29 29 29 1
29 30 29 1
29 30 30 8
29 30 31 2
30 30 30 5
30 31 30 3
30 31 31 1
