32
1 0 0 1
1 1 0 1
1 2 1 3
2 1 1 1
2 2 0 7
2 2 1 14
2 2 2 3
2 3 1 2
2 3 2 11
2 3 3 1
2 5 10 1
2 10 16 1
2 11 17 1
3 2 1 2
3 3 1 4
3 3 2 12
3 3 3 10
3 4 2 3
3 4 3 9
3 6 11 1
3 7 12 1
3 9 16 1
3 10 15 1
3 10 18 1
3 11 16 1
3 12 17 1
3 12 18 1
4 4 3 9
4 4 4 8
4 5 3 1
4 5 4 2
4 5 8 2
4 6 11 1
4 12 17 2
4 12 18 1
4 12 20 2
4 13 18 1
4 13 19 2
5 4 2 1
5 5 2 1
5 5 3 1
5 5 4 15
5 5 5 5
5 6 5 5
5 10 15 1
5 11 15 1
5 11 16 1
5 12 16 1
5 12 17 3
5 12 20 1
5 13 16 1
5 13 17 1
5 13 18 2
5 13 19 1
6 5 4 2
6 6 3 3
6 6 4 1
6 6 5 6
6 6 6 1
6 7 5 1
6 7 8 1
6 11 9 1
6 12 5 1
6 12 16 1
6 12 17 3
6 13 14 1
6 13 16 1
7 6 4 2
7 6 5 2
7 7 4 1
7 7 5 6
7 7 6 2
7 10 13 1
7 12 5 2
7 12 13 1
7 13 6 4
7 13 7 1
7 13 10 1
7 13 17 1
7 14 6 1
7 14 10 2
7 14 12 1
8 7 6 2
8 8 5 1
8 8 6 2
8 8 7 5
8 8 8 3
8 9 7 3
8 9 10 1
8 13 7 2
8 13 16 1
8 13 17 1
8 14 6 1
8 14 7 2
8 14 8 2
8 14 18 2
8 15 19 1
9 7 2 1
9 7 3 1
9 8 5 1
9 8 7 1
9 9 7 1
9 9 8 5
9 9 9 1
9 10 8 2
9 10 9 1
9 13 17 1
9 14 8 1
9 14 9 1
9 15 8 1
10 9 5 1
10 9 7 1
10 9 8 1
10 10 7 3
10 10 8 3
10 10 9 3
10 10 10 1
10 11 10 2
10 12 12 1
10 13 10 1
10 14 9 1
11 8 4 3
11 8 5 1
11 9 4 1
11 10 7 1
11 10 8 5
11 10 9 2
11 11 9 4
11 11 11 1
11 12 10 2
11 12 15 1
12 10 6 1
12 11 10 7
12 11 11 1
12 12 9 3
12 12 10 7
12 12 11 2
12 13 11 1
12 13 15 1
12 16 11 1
12 16 17 1
13 9 4 1
13 9 5 1
13 10 4 6
13 10 5 3
13 10 6 3
13 11 5 1
13 11 6 2
13 11 7 1
13 11 14 1
13 12 9 1
13 12 10 1
13 12 11 6
13 13 10 2
13 13 11 3
13 13 12 9
13 13 14 1
13 14 12 4
13 14 13 2
13 14 17 1
13 16 18 1
14 10 4 15
14 10 5 42
14 11 5 2
14 11 6 6
14 11 7 4
14 12 7 1
14 12 8 1
14 12 10 1
14 13 10 1
14 13 11 1
14 13 12 5
14 14 12 4
14 14 13 5
14 14 14 1
14 15 13 3
14 15 14 5
15 11 5 1
15 11 7 1
15 12 7 1
15 13 9 2
15 13 13 1
15 14 11 3
15 14 12 2
15 14 13 8
15 15 13 46
15 15 14 11
15 16 13 6
15 16 14 14
15 16 15 1
15 16 16 1
15 16 17 2
15 16 18 1
15 16 19 1
15 17 15 1
15 17 16 2
15 17 18 1
15 18 21 1
16 13 9 1
16 14 10 1
16 15 12 4
16 15 13 7
16 15 14 9
16 15 15 2
16 16 13 10
16 16 14 60
16 16 15 21
16 16 16 1
16 17 14 1
16 17 15 27
16 17 16 14
16 17 17 1
16 17 19 1
17 14 10 3
17 15 11 2
17 15 12 5
17 15 13 2
17 15 14 1
17 16 13 10
17 16 14 17
17 16 15 7
17 16 16 1
17 17 14 2
17 17 15 50
17 17 16 101
17 17 17 13
17 18 16 54
17 18 17 32
17 19 20 1
17 19 21 1
17 20 23 1
18 10 6 1
18 16 12 1
18 16 13 5
18 16 14 32
18 16 15 1
18 17 14 45
18 17 15 43
18 17 16 47
18 17 17 6
18 18 11 1
18 18 15 1
18 18 16 74
18 18 17 117
18 18 18 16
18 18 20 1
18 19 17 37
18 19 18 30
18 19 19 2
18 20 18 1
18 20 21 6
18 20 22 42
18 21 19 1
18 21 22 12
19 10 5 1
19 15 10 1
19 15 13 1
19 16 13 1
19 17 13 1
19 17 14 14
19 17 15 83
19 17 16 16
19 17 17 1
19 18 14 1
19 18 15 20
19 18 16 167
19 18 17 103
19 18 18 14
19 19 16 1
19 19 17 197
19 19 18 169
19 19 19 30
19 20 17 11
19 20 18 65
19 20 19 56
19 20 20 9
19 20 21 17
19 20 22 10
19 21 19 1
19 21 20 1
19 21 22 164
19 21 23 84
19 22 19 1
19 22 22 1
19 22 23 54
19 22 25 1
20 13 7 1
20 17 14 1
20 18 15 4
20 18 16 44
20 18 17 16
20 19 16 2
20 19 17 157
20 19 18 95
20 19 19 19
20 20 17 2
20 20 18 175
20 20 19 190
20 20 20 16
20 20 21 2
20 21 18 21
20 21 19 110
20 21 20 112
20 21 21 7
20 21 22 29
20 21 23 4
20 22 20 6
20 22 21 3
20 22 22 5
20 22 23 164
20 22 24 107
20 23 24 16
20 23 25 1
21 14 7 1
21 19 17 2
21 19 18 3
21 20 17 2
21 20 18 7
21 20 19 20
21 21 18 2
21 21 19 128
21 21 20 168
21 21 21 5
21 22 20 67
21 22 21 117
21 22 22 12
21 22 23 10
21 22 24 9
21 23 22 1
21 23 24 39
21 23 25 71
21 23 26 3
21 24 25 8
21 24 26 5
21 24 27 1
22 14 8 1
22 17 10 1
22 17 13 1
22 19 16 1
22 21 18 10
22 21 19 3
22 21 20 10
22 22 19 15
22 22 20 73
22 22 21 127
22 22 22 50
22 23 20 1
22 23 21 4
22 23 22 112
22 23 23 29
22 23 24 3
22 23 25 3
22 24 23 2
22 24 24 1
22 24 25 4
22 24 26 58
22 24 27 3
22 25 26 9
22 25 27 39
22 25 28 4
23 16 9 1
23 22 19 6
23 22 20 42
23 22 21 5
23 23 20 32
23 23 21 52
23 23 22 62
23 23 23 72
23 24 21 1
23 24 22 1
23 24 23 136
23 24 24 57
23 24 25 3
23 24 26 1
23 25 24 9
23 25 26 1
23 25 27 15
23 25 28 8
23 26 27 1
23 26 28 30
23 26 29 5
23 27 29 3
24 17 11 1
24 22 20 2
24 23 20 3
24 23 21 51
24 23 22 1
24 24 21 22
24 24 22 20
24 24 23 22
24 24 24 22
24 24 25 1
24 25 24 37
24 25 25 35
24 25 26 4
24 26 25 6
24 26 27 3
24 26 28 8
24 26 29 11
24 27 28 1
24 27 29 26
24 27 30 5
24 28 30 2
25 24 21 2
25 24 22 60
25 24 23 1
25 25 22 34
25 25 23 38
25 25 24 8
25 25 25 18
25 26 25 15
25 26 26 23
25 26 27 1
25 27 26 2
25 27 28 1
25 27 30 13
25 28 30 5
25 28 31 1
25 29 30 3
26 24 23 1
26 25 23 8
26 25 24 2
26 26 23 1
26 26 25 1
26 26 26 8
26 27 26 5
26 27 27 19
26 28 27 5
26 29 30 4
26 29 31 1
27 27 27 4
27 28 27 6
27 28 28 13
27 29 29 2
28 28 28 1
28 29 28 3
28 29 29 11
28 30 30 2
29 29 29 4
29 29 30 2
29 30 30 7
29 31 31 1
30 30 30 24
30 31 30 2
