32
0 0 0 1
0 1 0 3
1 1 0 6
1 1 1 6
1 2 1 13
2 2 1 9
2 2 2 4
2 3 2 16
2 8 12 1
2 8 13 1
2 9 14 2
2 10 14 1
2 10 15 3
2 11 16 2
3 3 2 13
3 3 3 13
3 4 3 10
3 5 8 1
3 6 11 3
3 7 4 4
3 8 4 2
3 9 7 1
3 10 13 2
3 10 14 1
3 10 15 1
3 11 13 1
3 11 15 1
3 11 16 1
3 12 16 3
4 4 2 2
4 4 3 12
4 4 4 18
4 5 4 15
4 5 5 2
4 6 10 1
4 8 4 3
4 8 5 3
4 8 7 1
4 9 5 2
4 9 9 1
4 10 6 2
4 10 9 1
4 10 14 2
4 10 17 2
4 11 10 1
4 11 19 1
4 12 16 1
5 4 2 1
5 4 3 1
5 5 4 6
5 5 5 11
5 6 4 1
5 6 5 8
5 8 5 1
5 9 6 1
5 10 9 1
5 11 14 1
5 12 20 1
6 5 3 2
6 5 4 1
6 6 4 1
6 6 5 5
6 6 6 2
6 7 6 3
6 11 10 1
6 11 14 1
6 13 21 1
7 5 3 2
7 6 4 1
7 7 5 1
7 7 6 4
7 7 8 1
7 8 7 5
7 8 8 1
7 9 8 1
7 10 7 1
7 11 14 1
8 6 3 4
8 6 4 49
8 7 4 3
8 7 5 3
8 8 7 13
8 8 8 7
8 9 8 4
8 10 12 1
8 10 13 1
8 12 8 1
8 12 14 1
8 12 15 1
8 13 15 1
8 13 16 1
9 6 3 2
9 6 4 8
9 7 4 3
9 7 5 5
9 8 5 4
9 8 6 1
9 8 7 2
9 9 7 3
9 9 8 12
9 9 9 4
9 10 9 2
9 10 10 2
9 10 11 1
9 12 13 1
10 8 6 2
10 8 7 1
10 10 8 2
10 10 9 14
10 10 10 2
10 11 8 1
10 11 9 3
10 11 10 5
10 11 11 1
10 12 10 1
10 12 14 1
10 13 10 1
10 13 16 1
10 14 16 1
10 15 17 1
11 10 9 2
11 11 8 2
11 11 9 4
11 11 10 36
11 11 11 10
11 12 10 6
11 12 11 7
11 12 12 2
11 14 17 1
12 11 9 2
12 11 10 1
12 12 9 1
12 12 10 6
12 12 11 100
12 12 12 5
12 13 11 7
12 13 12 25
12 14 15 1
12 16 17 1
13 12 10 1
13 12 11 69
13 12 12 12
13 13 11 11
13 13 12 206
13 13 13 18
13 13 14 1
13 14 12 4
13 14 13 14
13 16 14 1
13 16 18 1
14 12 11 2
14 13 11 2
14 13 12 18
14 13 13 24
14 14 12 3
14 14 13 151
14 14 14 12
14 14 15 1
14 15 13 28
14 15 14 108
14 15 15 1
14 15 16 1
14 16 14 1
14 16 15 1
14 16 16 1
15 13 10 1
15 14 13 7
15 14 14 11
15 15 13 51
15 15 14 252
15 15 15 39
15 15 16 1
15 16 13 8
15 16 14 97
15 16 15 153
15 16 16 1
15 16 19 1
15 17 15 2
16 14 14 1
16 15 13 2
16 15 14 6
16 15 15 8
16 16 13 3
16 16 14 67
16 16 15 141
16 16 16 34
16 16 17 1
16 17 15 48
16 17 16 253
16 17 17 3
16 18 16 1
17 15 15 1
17 16 15 2
17 16 16 2
17 17 15 6
17 17 16 166
17 17 17 99
17 18 16 30
17 18 17 411
17 18 18 3
17 19 17 4
17 19 18 1
18 17 16 2
18 17 17 2
18 18 17 151
18 18 18 46
18 18 19 1
18 19 17 40
18 19 18 334
18 19 19 3
18 20 19 1
19 12 8 1
19 18 16 2
19 18 17 4
19 18 18 1
19 19 18 86
19 19 19 23
19 20 18 25
19 20 19 230
19 20 20 3
19 21 19 7
20 12 6 1
20 17 14 1
20 20 19 50
20 20 20 23
20 21 19 19
20 21 20 172
20 21 21 2
20 22 20 2
21 16 10 1
21 16 12 1
21 20 19 2
21 20 20 1
21 21 12 1
21 21 20 31
21 21 21 24
21 22 20 12
21 22 21 171
21 22 22 7
22 14 7 1
22 19 17 1
22 21 20 2
22 22 21 13
22 22 22 87
22 23 22 112
22 23 23 31
23 16 9 1
23 17 9 1
23 19 11 1
23 22 22 2
23 23 22 12
23 23 23 61
23 24 23 96
23 24 24 48
24 18 14 1
24 24 23 8
24 24 24 60
24 24 25 1
24 25 24 96
24 25 25 17
25 18 11 1
25 24 24 1
25 25 24 8
25 25 25 35
25 26 25 78
25 26 26 20
26 26 25 7
26 26 26 92
26 27 26 192
26 27 27 33
26 28 26 2
26 28 27 1
27 27 26 18
27 27 27 109
27 28 27 156
27 28 28 46
28 28 27 5
28 28 28 71
28 28 29 3
28 29 28 79
28 29 29 60
29 29 28 1
29 29 29 50
29 30 29 23
29 30 30 39
30 30 30 182
30 30 31 1
30 31 30 48
