32
0 0 0 2
0 1 0 2
1 1 0 8
1 1 1 2
1 2 1 13
2 2 1 8
2 2 2 3
2 3 2 14
2 3 3 2
2 8 12 1
2 8 13 1
2 8 14 1
2 9 13 1
2 9 14 1
2 10 14 2
2 10 15 2
2 11 16 5
3 3 1 1
3 3 2 16
3 3 3 9
3 4 2 1
3 4 3 14
3 5 8 1
3 6 11 2
3 7 3 1
3 7 4 2
3 7 12 1
3 8 4 4
3 8 5 1
3 9 14 1
3 10 13 1
3 10 14 2
3 10 15 3
3 11 15 2
3 11 16 1
3 12 17 1
4 4 3 15
4 4 4 17
4 5 4 10
4 5 5 1
4 8 4 1
4 8 5 3
4 9 5 2
4 9 8 1
4 9 11 1
4 10 6 1
4 10 9 4
4 10 11 1
4 10 13 1
4 10 14 1
4 10 17 1
4 11 18 2
4 12 16 1
4 13 21 1
5 5 4 9
5 5 5 12
5 6 4 2
5 6 5 5
5 6 6 1
5 8 5 1
5 10 7 1
5 10 14 1
5 11 15 1
6 5 3 1
6 5 4 2
6 6 4 2
6 6 5 9
6 6 6 3
6 7 5 2
6 7 6 4
6 8 7 1
6 10 7 1
6 10 14 1
6 11 10 1
6 12 15 1
7 6 4 3
7 7 6 5
7 7 7 2
7 8 6 2
7 8 7 7
7 10 7 1
7 10 13 1
7 11 14 1
7 12 16 1
8 6 3 3
8 6 4 52
8 7 4 2
8 7 5 5
8 8 7 9
8 9 7 1
8 9 8 7
8 9 10 1
8 10 8 1
8 11 9 2
8 12 15 1
8 13 16 1
9 6 4 8
9 7 4 1
9 7 5 4
9 8 6 1
9 8 7 1
9 9 7 2
9 9 8 10
9 9 9 2
9 10 8 1
9 10 9 8
9 11 11 1
9 12 14 1
9 12 15 1
9 12 16 1
9 13 16 1
10 8 6 1
10 8 7 2
10 9 7 2
10 9 12 1
10 10 9 11
10 10 10 6
10 10 11 1
10 11 9 2
10 11 10 4
10 13 16 1
11 9 7 1
11 9 8 1
11 10 8 1
11 10 9 3
11 10 10 1
11 11 9 3
11 11 10 13
11 11 11 4
11 12 10 3
11 12 11 4
11 12 12 1
11 13 15 1
11 14 17 1
11 15 17 1
12 11 9 1
12 11 10 1
12 12 11 58
12 12 12 4
12 13 11 4
12 13 12 7
12 15 13 1
12 16 17 1
13 12 10 3
13 12 11 61
13 12 12 9
13 13 10 1
13 13 11 8
13 13 12 197
13 13 13 31
13 14 12 6
13 14 13 15
13 15 14 1
14 13 11 2
14 13 12 7
14 13 13 27
14 14 12 4
14 14 13 160
14 14 14 14
14 15 13 45
14 15 14 145
14 15 16 1
14 16 14 1
14 16 15 1
14 16 19 1
15 13 11 1
15 14 12 3
15 14 13 9
15 14 14 11
15 15 13 52
15 15 14 252
15 15 15 56
15 16 13 5
15 16 14 141
15 16 15 156
15 16 16 1
15 17 15 3
16 13 13 1
16 14 13 1
16 15 13 2
16 15 14 4
16 15 15 8
16 16 14 57
16 16 15 156
16 16 16 30
16 16 17 1
16 17 15 54
16 17 16 254
16 17 17 2
16 18 17 3
17 16 15 6
17 16 16 2
17 17 15 3
17 17 16 172
17 17 17 87
17 18 16 44
17 18 17 392
17 18 18 1
17 19 17 15
17 19 18 4
18 17 16 2
18 17 17 2
18 18 17 158
18 18 18 44
18 19 17 52
18 19 18 345
18 19 19 5
18 20 18 5
18 20 19 1
19 13 10 1
19 18 16 2
19 18 17 4
19 18 18 3
19 19 17 1
19 19 18 98
19 19 19 19
19 20 18 27
19 20 19 232
19 20 20 3
20 11 6 1
20 17 14 1
20 19 18 2
20 20 19 53
20 20 20 13
20 21 19 18
20 21 20 186
20 21 21 2
20 22 20 3
21 15 8 1
21 16 10 1
21 20 19 1
21 21 20 37
21 21 21 17
21 22 20 9
21 22 21 171
21 22 22 7
22 15 8 1
22 18 16 1
22 19 16 1
22 21 20 1
22 22 20 1
22 22 21 14
22 22 22 63
22 23 22 141
22 23 23 24
23 15 9 1
23 17 10 1
23 17 13 1
23 22 22 1
23 23 21 1
23 23 22 6
23 23 23 52
23 24 23 119
23 24 24 31
24 16 9 1
24 23 22 1
24 24 23 7
24 24 24 57
24 24 25 1
24 25 24 93
24 25 25 11
25 18 12 1
25 25 24 5
25 25 25 24
25 25 26 1
25 26 25 77
25 26 26 28
25 27 26 1
26 25 26 1
26 26 25 5
26 26 26 70
26 26 28 1
26 27 26 180
26 27 27 49
26 28 26 1
26 28 27 1
27 27 26 7
27 27 27 117
27 28 27 168
27 28 28 48
28 28 27 1
28 28 28 79
28 29 28 74
28 29 29 59
29 29 29 30
29 29 30 1
29 30 29 24
29 30 30 55
30 30 30 204
30 30 31 3
30 31 30 64
30 31 31 1
31 31 31 1
