32
0 0 0 2
0 1 0 3
1 1 0 6
1 1 1 8
1 2 1 16
2 2 1 4
2 2 2 5
2 3 2 15
2 5 10 1
2 6 12 1
2 8 12 2
2 8 13 1
2 9 14 2
2 10 14 1
2 10 15 2
2 11 16 2
2 11 17 1
2 12 17 1
3 3 2 7
3 3 3 7
3 4 3 18
3 4 4 2
3 5 8 1
3 6 11 2
3 7 3 1
3 8 4 4
3 9 13 1
3 9 14 1
3 10 13 2
3 10 14 2
3 10 15 1
3 10 17 1
3 11 15 1
3 11 16 3
3 12 17 1
4 4 3 16
4 4 4 16
4 5 4 10
4 8 4 5
4 8 5 3
4 9 6 1
4 10 8 3
4 10 11 2
4 10 12 1
4 10 14 2
4 10 17 1
4 11 14 1
4 11 15 2
4 11 18 1
4 12 16 1
5 5 3 2
5 5 4 6
5 5 5 13
5 6 4 1
5 6 5 7
5 6 6 2
5 8 5 1
5 9 5 2
5 10 7 1
5 11 8 1
5 11 14 1
5 12 16 2
5 12 17 1
5 12 20 1
5 13 21 1
6 5 3 4
6 6 4 1
6 6 5 5
6 6 6 3
6 7 5 1
6 7 6 7
6 10 6 1
6 10 7 2
6 11 13 1
6 11 15 1
6 13 20 1
7 5 3 1
7 6 4 2
7 7 5 2
7 7 6 8
7 7 7 4
7 8 7 5
7 10 8 1
7 10 11 2
7 11 14 2
7 12 16 1
8 6 3 8
8 6 4 51
8 7 4 2
8 7 5 4
8 8 5 1
8 8 6 1
8 8 7 9
8 8 8 4
8 9 7 1
8 9 8 2
8 12 15 1
8 13 16 1
9 6 3 1
9 6 4 11
9 7 4 3
9 7 5 6
9 8 5 1
9 8 6 1
9 8 7 1
9 9 7 1
9 9 8 8
9 9 9 5
9 10 8 1
9 10 9 7
9 10 10 1
9 13 15 1
9 13 16 1
9 13 18 1
10 8 6 2
10 8 7 1
10 9 7 1
10 9 12 1
10 10 7 1
10 10 8 4
10 10 9 15
10 10 10 2
10 11 10 2
10 11 11 1
10 12 14 2
11 10 9 1
11 10 11 1
11 11 8 1
11 11 9 4
11 11 10 16
11 11 11 2
11 12 10 3
11 12 11 7
12 10 9 1
12 11 9 2
12 11 10 2
12 11 11 1
12 12 10 6
12 12 11 56
12 12 12 4
12 13 11 1
12 13 12 11
12 13 15 1
12 15 16 1
13 12 10 1
13 12 11 83
13 12 12 6
13 13 10 1
13 13 11 11
13 13 12 167
13 13 13 16
13 14 12 7
13 14 13 12
13 15 13 1
13 17 18 1
14 13 10 1
14 13 11 3
14 13 12 16
14 13 13 34
14 14 12 5
14 14 13 145
14 14 14 13
14 15 13 26
14 15 14 82
14 15 15 1
14 16 14 1
14 16 16 1
14 16 17 1
14 16 18 1
15 13 11 1
15 14 12 1
15 14 13 8
15 14 14 9
15 15 12 1
15 15 13 49
15 15 14 275
15 15 15 43
15 16 13 8
15 16 14 100
15 16 15 149
15 16 17 1
15 17 15 2
15 18 16 1
15 18 19 1
16 14 13 1
16 14 14 1
16 15 13 3
16 15 14 4
16 15 15 8
16 16 13 2
16 16 14 73
16 16 15 151
16 16 16 26
16 17 15 51
16 17 16 274
16 17 17 5
16 18 16 5
16 18 19 1
16 19 17 1
17 16 15 1
17 16 16 2
17 17 15 7
17 17 16 179
17 17 17 91
17 18 16 27
17 18 17 375
17 18 18 7
17 19 17 4
17 19 18 3
18 17 15 1
18 17 17 3
18 18 16 2
18 18 17 164
18 18 18 49
18 19 17 45
18 19 18 323
18 19 19 3
18 20 18 1
19 10 5 1
19 11 6 1
19 16 13 1
19 18 16 1
19 18 17 3
19 19 17 1
19 19 18 88
19 19 19 28
19 20 18 29
19 20 19 217
19 20 20 3
19 21 19 4
20 12 6 1
20 19 18 2
20 20 19 58
20 20 20 26
20 20 21 1
20 21 19 21
20 21 20 171
20 22 20 6
20 22 21 1
21 16 10 1
21 17 14 1
21 20 17 1
21 21 20 39
21 21 21 26
21 21 22 1
21 22 20 11
21 22 21 166
21 22 22 4
22 15 7 1
22 18 16 1
22 19 16 1
22 21 20 3
22 21 21 1
22 22 21 20
22 22 22 60
22 23 22 114
22 23 23 8
22 24 22 1
23 15 8 1
23 17 13 1
23 19 11 1
23 23 22 16
23 23 23 47
23 24 23 119
23 24 24 22
24 17 9 1
24 19 14 1
24 24 23 5
24 24 24 52
24 25 24 87
24 25 25 16
25 18 12 1
25 24 23 1
25 24 24 1
25 25 24 7
25 25 25 27
25 26 25 73
25 26 26 16
25 27 26 2
26 26 25 9
26 26 26 72
26 26 27 1
26 27 26 164
26 27 27 28
27 26 26 1
27 27 26 14
27 27 27 115
27 28 27 189
27 28 28 54
28 28 27 8
28 28 28 71
28 28 29 1
28 29 28 92
28 29 29 56
29 29 29 47
29 29 30 1
29 30 29 25
29 30 30 50
30 30 30 193
30 30 31 1
30 31 30 70
30 31 31 1
