32
0 1 0 1
1 1 0 7
1 1 1 4
1 2 1 10
2 2 1 7
2 2 2 1
2 3 2 18
2 8 13 3
2 9 13 1
2 9 14 1
2 10 15 2
2 11 15 1
2 11 16 2
2 12 17 1
3 3 2 14
3 3 3 13
3 4 2 2
3 4 3 15
3 6 11 2
3 7 3 1
3 7 4 1
3 8 4 3
3 10 13 1
3 10 14 2
3 10 15 2
3 11 13 1
3 11 15 1
3 11 16 1
3 12 16 2
3 12 17 1
4 4 3 16
4 4 4 12
4 5 3 1
4 5 4 11
4 5 8 1
4 8 4 3
4 8 5 2
4 9 5 2
4 9 8 1
4 10 7 1
4 10 8 1
4 10 9 2
4 10 11 1
4 10 14 3
4 10 17 2
4 11 9 1
4 11 15 2
4 11 19 1
4 12 16 1
5 4 3 1
5 5 4 5
5 5 5 12
5 5 6 1
5 6 4 4
5 6 5 3
5 6 6 1
5 8 5 2
5 9 6 1
5 10 11 1
5 10 13 1
5 11 14 1
5 12 16 1
5 12 20 1
5 13 21 1
6 5 3 2
6 6 4 2
6 6 5 10
6 6 6 1
6 7 6 4
6 7 8 1
6 10 7 2
6 10 14 1
6 11 10 1
7 5 3 2
7 5 4 1
7 6 4 3
7 7 6 10
7 7 7 2
7 9 7 1
7 10 8 1
7 12 15 1
8 6 3 4
8 6 4 50
8 7 4 3
8 7 5 4
8 8 7 5
8 8 8 3
8 9 7 2
8 9 8 4
8 11 14 2
8 13 16 2
8 15 18 1
9 6 3 2
9 6 4 11
9 7 4 5
9 7 5 6
9 8 5 1
9 8 6 5
9 8 8 1
9 9 7 2
9 9 8 18
9 9 9 3
9 10 8 1
9 10 9 4
9 11 13 1
9 11 14 1
10 8 6 1
10 10 8 2
10 10 9 11
10 10 10 2
10 10 11 1
10 10 12 1
10 11 9 1
10 11 10 4
10 13 15 1
10 14 16 1
11 9 8 2
11 10 8 1
11 10 9 2
11 10 11 1
11 11 8 1
11 11 9 3
11 11 10 14
11 11 11 5
11 12 10 4
11 12 11 11
11 12 14 1
11 13 15 1
11 15 17 1
12 10 9 1
12 11 10 4
12 12 9 1
12 12 10 1
12 12 11 53
12 12 12 7
12 13 10 1
12 13 11 3
12 13 12 8
12 13 13 1
12 14 14 1
12 15 12 1
12 15 16 1
12 15 17 1
13 11 9 1
13 12 10 1
13 12 11 74
13 12 12 5
13 13 11 13
13 13 12 179
13 13 13 10
13 13 14 1
13 14 12 4
13 14 13 13
13 14 14 1
13 14 16 1
13 15 13 1
13 17 18 1
13 17 19 1
14 13 11 2
14 13 12 22
14 13 13 21
14 14 12 6
14 14 13 142
14 14 14 9
14 15 13 29
14 15 14 100
14 15 15 1
14 16 14 2
14 16 18 1
15 12 12 1
15 13 11 1
15 13 13 1
15 14 12 1
15 14 13 14
15 14 14 14
15 15 13 48
15 15 14 268
15 15 15 38
15 16 13 6
15 16 14 102
15 16 15 154
15 16 16 1
15 17 15 1
16 13 10 1
16 14 13 1
16 14 14 1
16 15 14 6
16 15 15 9
16 16 14 87
16 16 15 144
16 16 16 32
16 17 15 41
16 17 16 244
16 17 17 2
16 17 18 1
16 18 16 3
16 18 17 2
17 15 14 1
17 16 15 2
17 17 15 2
17 17 16 171
17 17 17 87
17 18 16 35
17 18 17 394
17 18 18 3
17 19 17 8
17 19 18 3
18 13 11 1
18 17 17 1
18 18 16 2
18 18 17 148
18 18 18 41
18 18 19 1
18 19 17 47
18 19 18 336
18 19 19 2
18 20 18 4
19 13 10 1
19 18 16 2
19 18 17 1
19 19 18 97
19 19 19 29
19 20 18 30
19 20 19 235
19 20 20 5
19 21 19 4
20 11 6 1
20 13 6 1
20 18 17 1
20 19 17 1
20 20 19 44
20 20 20 14
20 21 19 12
20 21 20 188
20 21 21 5
20 22 20 1
21 17 14 1
21 20 19 1
21 21 20 39
21 21 21 18
21 22 20 11
21 22 21 188
21 22 22 11
21 23 22 1
22 15 8 1
22 16 10 1
22 19 16 1
22 19 18 1
22 22 21 17
22 22 22 53
22 23 22 129
22 23 23 10
23 15 8 1
23 18 14 1
23 19 11 1
23 23 22 14
23 23 23 37
23 24 23 127
23 24 24 23
24 17 9 1
24 24 23 6
24 24 24 50
24 25 24 105
24 25 25 13
25 18 12 1
25 24 24 2
25 25 24 7
25 25 25 32
25 26 25 73
25 26 26 20
25 27 26 2
26 26 25 7
26 26 26 67
26 27 26 181
26 27 27 28
26 28 27 3
27 26 26 1
27 27 26 19
27 27 27 105
27 28 27 162
27 28 28 53
27 29 28 1
28 28 27 4
28 28 28 80
28 29 28 82
28 29 29 66
29 29 29 32
29 29 30 1
29 30 29 26
29 30 30 41
30 30 30 219
30 31 30 69
30 31 31 2
