32
1 1 0 2
1 1 1 1
1 2 0 2
1 2 1 3
2 1 0 1
2 2 0 8
2 2 1 12
2 2 2 2
2 3 1 1
2 3 2 7
2 3 3 1
2 10 16 1
2 11 17 1
3 2 1 3
3 3 1 4
3 3 2 13
3 3 3 5
3 4 2 1
3 4 3 4
3 6 11 1
3 6 12 1
3 7 12 1
3 9 16 1
3 9 17 1
3 10 15 1
3 10 16 1
3 11 16 1
3 12 18 2
4 3 2 2
4 4 2 2
4 4 3 6
4 4 4 8
4 5 3 1
4 5 4 5
4 5 8 1
4 10 18 1
4 11 16 1
4 12 18 2
4 12 20 1
4 13 18 1
4 13 19 2
5 4 3 1
5 5 3 3
5 5 4 14
5 5 5 6
5 6 4 1
5 6 5 3
5 10 12 1
5 11 17 1
5 12 15 1
5 12 16 1
5 12 17 4
5 13 17 1
5 13 18 2
5 13 19 1
6 5 3 2
6 6 3 2
6 6 4 1
6 6 5 9
6 6 6 5
6 7 6 2
6 7 7 1
6 12 5 4
6 12 6 1
6 13 14 1
6 13 18 1
7 6 3 1
7 6 4 1
7 6 5 2
7 7 4 1
7 7 6 2
7 8 6 1
7 11 16 1
7 13 6 4
7 13 7 2
7 13 11 2
7 13 17 1
7 14 6 2
7 14 8 1
7 14 11 1
8 7 7 1
8 8 5 1
8 8 6 4
8 8 7 3
8 8 8 1
8 9 7 1
8 9 11 1
8 12 16 1
8 12 17 1
8 13 6 1
8 13 7 1
8 13 12 1
8 13 16 1
8 14 8 1
8 14 9 1
8 14 18 1
9 7 4 1
9 8 4 1
9 8 7 1
9 9 7 4
9 9 8 1
9 10 8 1
9 10 10 1
9 10 11 2
9 12 14 1
9 13 8 2
9 14 8 1
9 15 8 1
10 8 3 1
10 8 4 1
10 9 7 3
10 10 8 6
10 10 9 4
10 11 10 1
10 11 14 1
10 13 10 1
10 13 16 1
10 14 10 1
10 14 15 1
10 15 18 1
11 8 4 1
11 8 5 1
11 9 5 1
11 9 6 1
11 10 7 1
11 10 9 4
11 11 9 7
11 11 10 3
11 12 10 2
11 12 12 1
11 14 17 1
12 9 4 1
12 9 5 2
12 10 8 1
12 11 8 2
12 11 9 3
12 12 9 2
12 12 10 4
12 12 11 3
12 12 12 1
12 13 12 3
12 13 14 1
12 15 17 1
13 9 4 2
13 9 5 1
13 10 4 4
13 10 5 6
13 10 6 2
13 11 6 1
13 11 7 1
13 11 8 1
13 11 14 1
13 12 10 4
13 12 11 1
13 13 11 6
13 13 12 9
13 13 13 1
13 14 12 1
13 14 13 1
13 14 14 1
13 15 14 1
14 10 4 30
14 10 5 28
14 10 6 1
14 11 5 2
14 11 6 1
14 11 7 5
14 13 10 2
14 13 11 2
14 13 12 8
14 13 13 2
14 14 12 6
14 14 13 4
14 15 13 4
14 15 14 3
14 16 19 1
14 17 19 1
14 18 21 1
15 12 7 1
15 12 8 1
15 13 9 1
15 14 12 2
15 14 13 11
15 15 13 26
15 15 14 12
15 15 15 3
15 16 13 3
15 16 14 11
15 16 15 1
15 16 17 1
15 16 18 1
15 17 15 1
15 17 20 1
16 14 11 2
16 15 12 3
16 15 13 8
16 15 14 9
16 16 13 5
16 16 14 60
16 16 15 24
16 16 16 1
16 17 15 23
16 17 16 10
16 17 19 1
16 18 21 1
16 19 21 2
16 19 22 1
17 14 10 1
17 14 11 3
17 15 12 4
17 15 13 6
17 16 12 1
17 16 13 16
17 16 14 20
17 16 15 9
17 17 14 4
17 17 15 53
17 17 16 117
17 17 17 16
17 17 18 1
17 18 16 41
17 18 17 29
17 19 17 1
18 13 9 1
18 15 11 2
18 15 14 1
18 16 13 16
18 16 14 45
18 16 15 1
18 17 14 36
18 17 15 62
18 17 16 61
18 17 17 4
18 18 15 1
18 18 16 54
18 18 17 147
18 18 18 9
18 19 16 1
18 19 17 68
18 19 18 42
18 19 19 3
18 19 20 1
18 20 18 1
18 20 21 3
18 20 22 20
18 21 18 1
18 21 22 13
19 10 5 1
19 14 9 1
19 16 13 1
19 17 13 1
19 17 14 7
19 17 15 102
19 17 16 37
19 18 15 16
19 18 16 137
19 18 17 113
19 18 18 15
19 19 16 1
19 19 17 183
19 19 18 173
19 19 19 30
19 20 17 19
19 20 18 100
19 20 19 72
19 20 20 10
19 20 21 10
19 20 22 3
19 21 18 1
19 21 19 1
19 21 20 1
19 21 21 7
19 21 22 152
19 21 23 47
19 22 22 4
19 22 23 42
20 16 13 1
20 18 15 5
20 18 16 22
20 18 17 21
20 19 16 1
20 19 17 136
20 19 18 78
20 19 19 21
20 20 17 1
20 20 18 96
20 20 19 171
20 20 20 27
20 20 21 3
20 21 18 2
20 21 19 140
20 21 20 125
20 21 21 36
20 21 22 26
20 21 23 1
20 22 20 2
20 22 21 3
20 22 22 20
20 22 23 187
20 22 24 99
20 23 24 15
21 13 7 2
21 19 16 2
21 19 17 1
21 19 18 1
21 20 17 1
21 20 18 10
21 20 19 12
21 21 18 2
21 21 19 71
21 21 20 147
21 21 21 18
21 21 22 1
21 22 20 38
21 22 21 153
21 22 22 25
21 22 23 15
21 22 24 10
21 23 23 4
21 23 24 74
21 23 25 67
21 24 25 2
21 24 26 1
22 15 9 1
22 20 17 1
22 20 18 1
22 21 18 14
22 21 19 27
22 21 20 2
22 21 21 1
22 22 18 3
22 22 19 56
22 22 20 31
22 22 21 59
22 22 22 62
22 22 23 1
22 23 21 2
22 23 22 96
22 23 23 64
22 23 24 8
22 23 25 6
22 23 26 1
22 24 23 8
22 24 24 4
22 24 25 17
22 24 26 46
22 24 27 1
22 25 26 4
22 25 27 12
22 25 28 1
23 16 9 1
23 17 10 1
23 18 15 1
23 22 19 16
23 22 20 56
23 22 21 7
23 23 20 27
23 23 21 32
23 23 22 31
23 23 23 75
23 24 23 119
23 24 24 67
23 24 25 12
23 24 26 3
23 25 24 7
23 25 25 9
23 25 26 12
23 25 27 25
23 25 28 1
23 26 27 4
23 26 28 15
23 26 29 2
23 27 29 2
24 18 13 1
24 23 20 14
24 23 21 61
24 23 22 4
24 24 21 42
24 24 22 31
24 24 23 4
24 24 24 18
24 25 24 20
24 25 25 36
24 25 26 8
24 26 25 5
24 26 26 6
24 26 27 16
24 26 28 8
24 26 29 5
24 27 28 2
24 27 29 8
24 27 30 3
24 28 30 2
25 23 22 1
25 24 21 9
25 24 22 69
25 24 23 1
25 25 22 38
25 25 23 12
25 25 24 3
25 25 25 9
25 26 25 6
25 26 26 28
25 26 27 10
25 26 28 2
25 27 26 6
25 27 28 5
25 27 29 4
25 27 30 3
25 28 29 2
25 28 30 5
25 29 30 1
26 25 22 1
26 25 23 1
26 25 24 1
26 26 25 1
26 26 26 4
26 27 26 9
26 27 27 16
26 27 28 1
26 28 27 4
26 28 28 1
26 29 30 1
26 30 30 1
27 27 27 2
27 27 28 2
27 28 27 3
27 28 28 13
27 29 28 2
28 28 28 4
28 28 29 1
28 29 28 2
28 29 29 12
28 30 30 2
29 29 29 1
29 29 30 1
29 30 29 1
29 30 30 9
30 30 29 1
30 30 30 31
30 30 31 2
30 31 30 4
