32
0 1 0 1
1 1 0 2
1 2 0 2
1 2 1 7
2 1 1 1
2 2 0 2
2 2 1 15
2 2 2 6
2 3 1 1
2 3 2 10
2 10 16 2
2 11 17 1
3 2 0 1
3 2 1 2
3 3 1 5
3 3 2 7
3 3 3 3
3 4 2 4
3 4 3 6
3 6 10 1
3 6 11 1
3 6 12 1
3 10 15 1
3 10 17 1
3 11 16 1
3 12 17 1
3 12 18 1
4 3 2 1
4 3 3 1
4 4 2 3
4 4 3 9
4 4 4 5
4 5 4 4
4 5 8 1
4 9 17 1
4 11 16 1
4 12 17 1
4 12 20 1
4 13 18 4
4 13 19 3
5 5 2 1
5 5 3 1
5 5 4 14
5 5 5 7
5 6 5 2
5 6 7 1
5 11 15 1
5 11 16 1
5 11 20 1
5 12 17 3
5 12 18 1
5 12 19 1
5 13 17 1
6 5 3 3
6 6 3 1
6 6 4 3
6 6 5 5
6 7 5 1
6 7 6 1
6 9 14 1
6 12 5 4
6 12 6 1
6 12 16 1
6 12 17 2
6 13 13 1
7 6 4 4
7 6 6 2
7 7 4 3
7 7 5 2
7 7 6 7
7 12 6 1
7 12 16 1
7 13 5 2
7 13 6 2
7 13 7 1
7 13 8 1
7 13 17 1
7 14 8 1
7 14 9 1
7 14 11 2
8 6 3 1
8 8 6 4
8 8 7 4
8 8 8 1
8 9 8 2
8 9 9 1
8 12 6 1
8 12 7 1
8 12 17 1
8 13 11 1
8 13 15 1
8 14 6 1
8 14 7 1
8 14 10 2
8 14 18 1
9 7 3 1
9 8 7 2
9 9 7 5
9 9 8 3
9 10 8 1
9 10 11 1
9 12 14 1
9 13 8 1
9 13 16 1
9 13 17 1
9 14 8 2
9 14 17 1
10 8 3 1
10 8 4 1
10 9 6 1
10 9 7 2
10 9 8 3
10 10 7 1
10 10 8 4
10 11 10 1
10 11 11 2
11 8 4 1
11 9 5 2
11 9 6 1
11 10 8 4
11 10 9 1
11 11 8 1
11 11 9 3
11 11 10 2
11 12 11 1
11 12 12 1
11 13 12 1
11 14 11 1
11 15 17 1
11 15 18 1
12 9 4 2
12 10 5 2
12 10 6 1
12 10 7 1
12 11 8 1
12 11 9 2
12 11 10 1
12 12 9 1
12 12 10 10
12 12 12 3
12 13 11 1
12 13 15 1
12 14 17 2
13 9 4 3
13 9 5 1
13 10 4 10
13 10 5 6
13 10 6 6
13 11 6 1
13 11 8 1
13 12 10 4
13 12 11 3
13 13 10 3
13 13 11 5
13 13 12 8
13 13 13 4
13 14 12 2
13 14 13 4
13 15 14 1
13 15 18 1
13 16 18 2
14 9 4 1
14 10 4 35
14 10 5 22
14 10 6 1
14 11 7 4
14 12 7 1
14 12 10 1
14 13 10 2
14 13 11 2
14 13 12 5
14 13 15 1
14 14 12 3
14 14 13 5
14 14 14 1
14 15 13 7
14 15 16 1
14 16 14 1
14 16 18 1
14 16 19 1
15 11 7 1
15 12 8 2
15 13 9 1
15 13 11 1
15 14 11 2
15 14 12 2
15 14 13 12
15 14 14 1
15 15 12 2
15 15 13 50
15 15 14 21
15 15 15 1
15 16 13 5
15 16 14 18
15 16 15 4
15 16 16 1
15 17 15 2
15 17 19 2
15 18 20 1
16 13 9 1
16 13 10 1
16 14 11 1
16 14 12 3
16 15 12 1
16 15 13 6
16 15 14 8
16 15 15 1
16 16 13 6
16 16 14 52
16 16 15 28
16 16 16 2
16 17 15 23
16 17 16 16
16 17 17 1
16 17 18 1
16 20 22 1
17 15 12 2
17 15 13 3
17 16 13 12
17 16 14 23
17 16 15 10
17 16 16 1
17 17 14 3
17 17 15 52
17 17 16 116
17 17 17 11
17 18 16 40
17 18 17 33
17 19 18 1
17 19 21 1
18 12 8 1
18 14 9 1
18 15 11 1
18 16 13 10
18 16 14 43
18 17 13 1
18 17 14 34
18 17 15 63
18 17 16 61
18 17 17 6
18 18 10 1
18 18 15 1
18 18 16 49
18 18 17 130
18 18 18 15
18 18 20 1
18 19 17 56
18 19 18 36
18 19 19 1
18 19 21 2
18 20 19 1
18 20 21 7
18 20 22 31
18 21 17 1
18 21 22 6
19 13 7 1
19 16 14 1
19 17 13 1
19 17 14 9
19 17 15 82
19 17 16 26
19 18 10 1
19 18 15 13
19 18 16 158
19 18 17 117
19 18 18 18
19 19 16 1
19 19 17 201
19 19 18 185
19 19 19 31
19 19 20 1
19 20 17 14
19 20 18 86
19 20 19 64
19 20 20 14
19 20 21 11
19 20 22 13
19 21 19 3
19 21 20 1
19 21 21 1
19 21 22 151
19 21 23 80
19 21 24 1
19 22 18 1
19 22 23 37
20 18 15 2
20 18 16 20
20 18 17 23
20 19 17 147
20 19 18 87
20 19 19 17
20 20 18 145
20 20 19 220
20 20 20 24
20 20 21 1
20 21 18 13
20 21 19 123
20 21 20 132
20 21 21 5
20 21 22 24
20 21 23 2
20 22 20 1
20 22 21 1
20 22 22 9
20 22 23 219
20 22 24 100
20 22 25 1
20 23 24 25
21 14 7 1
21 16 13 1
21 18 16 1
21 20 17 1
21 20 18 12
21 20 19 13
21 21 18 1
21 21 19 87
21 21 20 177
21 21 21 8
21 21 22 1
21 22 20 30
21 22 21 171
21 22 22 20
21 22 23 10
21 22 24 10
21 23 22 1
21 23 23 1
21 23 24 66
21 23 25 68
21 24 25 6
21 24 27 1
22 14 8 1
22 17 14 1
22 20 17 1
22 20 18 1
22 21 18 2
22 21 19 13
22 21 20 10
22 21 21 1
22 22 19 44
22 22 20 60
22 22 21 78
22 22 22 53
22 23 21 2
22 23 22 101
22 23 23 43
22 23 24 4
22 23 25 2
22 24 23 5
22 24 24 1
22 24 25 8
22 24 26 68
22 25 26 7
22 25 27 19
22 25 28 3
23 17 9 1
23 22 19 4
23 22 20 45
23 22 21 3
23 22 22 1
23 23 20 25
23 23 21 54
23 23 22 43
23 23 23 65
23 24 21 1
23 24 23 95
23 24 24 47
23 24 25 3
23 25 24 7
23 25 25 1
23 25 26 4
23 25 27 39
23 25 28 10
23 26 27 2
23 26 28 28
23 26 29 7
23 27 29 1
24 17 10 1
24 17 11 1
24 23 20 8
24 23 21 44
24 23 22 4
24 24 21 26
24 24 22 45
24 24 23 14
24 24 24 29
24 25 24 39
24 25 25 26
24 26 25 11
24 26 26 2
24 26 27 2
24 26 28 9
24 26 29 11
24 27 29 21
24 27 30 4
24 28 30 3
25 24 22 61
25 25 22 7
25 25 24 11
25 25 25 17
25 26 25 7
25 26 26 17
25 26 27 2
25 27 26 9
25 27 28 1
25 27 29 7
25 27 30 12
25 28 29 2
25 28 30 11
25 28 31 1
25 29 30 4
26 25 24 1
26 26 26 7
26 26 27 1
26 27 26 8
26 27 27 12
26 28 27 3
26 28 30 1
26 29 30 4
27 26 25 1
27 27 27 2
27 27 28 1
27 28 27 6
27 28 28 12
27 28 29 1
27 29 28 2
27 29 29 2
28 28 28 3
28 29 28 1
28 29 29 10
28 30 30 1
29 30 29 1
29 30 30 7
30 30 30 5
30 31 30 2
