32
0 0 0 3
0 1 0 2
1 1 0 3
1 1 1 8
1 2 1 9
2 2 1 10
2 2 2 3
2 3 2 6
2 5 10 1
2 8 12 1
2 9 14 3
2 10 15 2
2 11 16 2
2 11 17 1
3 3 2 9
3 3 3 12
3 4 2 2
3 4 3 12
3 5 8 1
3 6 10 1
3 6 12 1
3 7 3 1
3 7 4 2
3 8 4 1
3 8 5 1
3 10 14 3
3 11 15 3
3 11 16 2
3 12 16 1
4 4 3 21
4 4 4 16
4 5 4 7
4 5 5 3
4 7 12 1
4 8 4 5
4 8 5 3
4 9 5 2
4 9 8 1
4 9 11 1
4 9 14 1
4 10 8 1
4 10 9 1
4 10 11 1
4 10 12 1
4 10 13 2
4 10 14 1
4 10 17 2
4 11 9 1
4 11 15 2
4 11 19 1
4 12 16 1
5 4 3 1
5 5 4 8
5 5 5 12
5 6 4 2
5 6 5 7
5 6 6 1
5 8 5 1
5 10 7 1
5 11 11 1
5 11 15 1
5 12 16 1
5 12 20 1
5 13 21 1
6 5 3 3
6 5 4 1
6 6 5 11
6 6 6 2
6 7 5 1
6 7 6 2
6 7 8 1
6 10 7 1
6 11 13 1
6 11 14 1
6 12 16 1
7 5 3 1
7 6 3 1
7 6 4 2
7 7 6 3
7 7 7 3
7 8 6 1
7 8 7 3
7 10 8 1
7 11 8 1
7 11 14 1
8 6 3 5
8 6 4 51
8 7 4 4
8 7 5 5
8 8 6 1
8 8 7 12
8 8 8 5
8 9 7 1
8 9 8 4
8 11 10 1
8 11 11 1
8 11 14 1
8 11 15 1
8 12 15 1
9 6 4 7
9 7 4 3
9 7 5 6
9 8 5 3
9 8 6 2
9 8 7 1
9 9 7 2
9 9 8 7
9 10 8 1
9 10 10 1
9 14 17 1
10 8 6 2
10 9 7 1
10 9 8 1
10 10 8 2
10 10 9 16
10 10 10 3
10 11 9 1
10 11 10 8
10 11 12 1
10 12 10 1
10 13 14 1
10 13 15 1
11 9 7 2
11 10 8 1
11 10 9 2
11 11 8 1
11 11 9 5
11 11 10 34
11 11 11 5
11 12 10 9
11 12 11 11
11 13 11 1
12 11 10 2
12 12 10 4
12 12 11 86
12 12 12 6
12 13 11 8
12 13 12 10
12 13 15 1
12 15 16 1
13 12 10 2
13 12 11 69
13 12 12 19
13 13 11 11
13 13 12 187
13 13 13 15
13 14 12 4
13 14 13 13
13 17 19 1
14 13 11 2
14 13 12 24
14 13 13 19
14 14 12 2
14 14 13 141
14 14 14 8
14 15 13 33
14 15 14 102
14 15 15 1
14 15 16 1
14 16 17 1
15 13 10 1
15 13 13 1
15 14 12 1
15 14 13 9
15 14 14 9
15 15 13 48
15 15 14 265
15 15 15 32
15 15 16 1
15 16 13 3
15 16 14 96
15 16 15 169
15 16 16 1
15 16 17 1
15 17 15 1
15 17 16 1
16 14 13 1
16 15 13 1
16 15 14 4
16 15 15 13
16 16 14 70
16 16 15 156
16 16 16 23
16 17 15 39
16 17 16 247
16 17 17 3
16 18 16 7
17 15 13 1
17 16 14 1
17 16 15 4
17 16 16 3
17 17 15 3
17 17 16 188
17 17 17 104
17 18 16 23
17 18 17 387
17 18 18 6
17 18 19 1
17 19 17 11
17 19 18 1
18 17 16 1
18 18 16 1
18 18 17 143
18 18 18 48
18 19 17 54
18 19 18 307
18 19 19 4
18 20 18 2
18 20 19 2
19 12 8 1
19 18 16 1
19 18 17 1
19 19 17 1
19 19 18 93
19 19 19 28
19 20 18 25
19 20 19 222
19 20 20 2
19 21 19 3
20 14 7 1
20 19 17 1
20 19 18 3
20 20 19 47
20 20 20 16
20 21 19 14
20 21 20 185
20 21 21 3
20 22 20 4
20 22 21 1
21 15 12 1
21 16 11 1
21 17 14 1
21 20 19 2
21 20 20 1
21 21 20 35
21 21 21 21
21 22 20 13
21 22 21 155
21 22 22 5
22 19 16 1
22 22 21 20
22 22 22 78
22 23 22 116
22 23 23 28
23 15 8 2
23 17 9 1
23 18 10 1
23 22 22 2
23 23 22 9
23 23 23 54
23 24 23 102
23 24 24 43
24 18 13 1
24 24 23 7
24 24 24 55
24 25 24 100
24 25 25 13
25 18 11 1
25 24 24 1
25 25 24 6
25 25 25 29
25 26 25 81
25 26 26 18
25 27 25 1
25 27 26 1
26 26 25 10
26 26 26 78
26 27 26 177
26 27 27 32
27 27 26 10
27 27 27 115
27 28 27 139
27 28 28 59
28 28 27 3
28 28 28 91
28 28 29 1
28 29 28 65
28 29 29 73
29 29 29 47
29 30 29 25
29 30 30 40
30 30 30 179
30 30 31 1
30 31 30 57
30 31 31 2
