32
0 1 0 1
1 1 0 5
1 1 1 8
1 2 1 12
2 2 1 16
2 2 2 2
2 3 2 13
2 3 3 1
2 8 13 3
2 9 14 2
2 10 15 3
2 11 16 3
3 3 2 7
3 3 3 8
3 4 2 2
3 4 3 18
3 5 8 1
3 6 11 1
3 7 4 1
3 7 12 1
3 8 4 4
3 8 6 1
3 8 12 1
3 9 9 1
3 9 13 1
3 10 13 1
3 10 14 1
3 10 15 1
3 11 15 2
3 11 16 2
3 12 16 1
4 4 3 11
4 4 4 13
4 5 4 9
4 8 4 3
4 8 5 3
4 9 5 2
4 9 14 1
4 10 8 1
4 10 9 2
4 10 10 1
4 10 12 1
4 10 13 1
4 10 14 1
4 10 15 1
4 10 17 2
4 11 9 1
4 11 15 2
4 11 19 1
5 5 4 10
5 5 5 12
5 6 4 1
5 6 5 8
5 6 6 1
5 7 11 1
5 8 6 1
5 10 10 1
5 11 15 2
5 12 17 1
6 5 3 3
6 6 4 2
6 6 5 6
6 6 6 1
6 7 6 5
6 7 7 1
6 9 6 1
6 10 13 1
6 10 14 1
6 11 9 1
6 11 14 1
6 11 15 1
6 12 15 1
7 5 3 1
7 6 4 1
7 6 5 1
7 7 5 2
7 7 6 5
7 7 7 3
7 8 7 4
7 9 8 1
7 10 7 1
7 10 8 1
7 11 15 1
7 12 15 1
8 6 3 2
8 6 4 61
8 7 5 2
8 8 6 2
8 8 7 11
8 8 8 2
8 9 7 2
8 9 9 1
8 10 12 1
8 12 16 1
8 13 16 1
9 6 4 8
9 7 4 5
9 7 5 7
9 8 5 1
9 8 6 1
9 9 6 1
9 9 7 3
9 9 8 9
9 9 9 5
9 10 8 3
9 10 9 4
9 12 15 1
9 13 10 1
9 13 15 1
9 13 16 1
10 8 6 1
10 8 7 1
10 9 7 1
10 9 8 2
10 10 8 2
10 10 9 12
10 10 10 4
10 11 10 3
10 11 11 1
10 12 14 1
10 12 15 1
10 13 10 1
10 14 17 1
11 9 8 1
11 11 8 1
11 11 9 2
11 11 10 17
11 11 11 6
11 12 11 4
11 12 14 1
12 10 9 1
12 11 9 1
12 11 11 1
12 12 9 1
12 12 11 47
12 12 12 5
12 13 11 3
12 13 12 9
12 14 17 1
12 15 17 2
13 12 10 3
13 12 11 64
13 12 12 18
13 13 11 7
13 13 12 191
13 13 13 36
13 14 12 2
13 14 13 16
13 15 14 1
13 15 15 1
13 15 16 2
13 15 18 1
13 16 13 1
14 12 10 1
14 13 10 1
14 13 11 2
14 13 12 11
14 13 13 27
14 14 12 1
14 14 13 154
14 14 14 21
14 15 13 29
14 15 14 102
14 16 14 1
14 16 15 1
15 13 13 1
15 14 12 1
15 14 13 6
15 14 14 14
15 15 13 41
15 15 14 230
15 15 15 59
15 15 16 1
15 16 13 1
15 16 14 93
15 16 15 222
15 16 16 1
15 17 15 1
16 13 13 1
16 15 13 1
16 15 14 2
16 15 15 9
16 16 14 52
16 16 15 149
16 16 16 38
16 17 15 46
16 17 16 263
16 17 17 2
16 18 16 2
17 16 14 1
17 16 15 2
17 16 16 3
17 17 15 3
17 17 16 182
17 17 17 81
17 18 16 36
17 18 17 369
17 18 18 10
17 19 17 9
17 19 18 2
18 11 7 1
18 17 15 1
18 17 16 1
18 17 17 1
18 18 17 152
18 18 18 45
18 19 17 47
18 19 18 359
18 19 19 3
18 20 18 5
19 10 5 1
19 15 10 1
19 18 17 4
19 19 18 95
19 19 19 25
19 20 18 31
19 20 19 235
19 21 19 2
20 11 6 1
20 19 17 1
20 19 18 3
20 20 19 44
20 20 20 11
20 21 19 17
20 21 20 188
20 21 21 2
20 22 20 4
20 22 21 1
21 17 13 1
21 18 15 1
21 20 20 1
21 21 20 37
21 21 21 21
21 22 20 16
21 22 21 172
21 22 22 8
22 15 8 1
22 20 17 1
22 22 21 14
22 22 22 53
22 23 22 127
22 23 23 17
22 24 22 1
23 15 8 1
23 17 13 1
23 22 22 1
23 23 22 8
23 23 23 35
23 23 24 2
23 24 23 109
23 24 24 17
24 17 9 1
24 18 11 1
24 23 23 1
24 24 23 4
24 24 24 41
24 25 24 102
24 25 25 18
25 18 12 1
25 24 24 1
25 25 24 4
25 25 25 31
25 26 25 80
25 26 26 21
26 26 25 6
26 26 26 108
26 27 26 159
26 27 27 49
27 27 26 11
27 27 27 108
27 28 27 143
27 28 28 61
27 28 29 1
28 28 28 78
28 29 28 64
28 29 29 67
29 29 29 36
29 30 29 20
29 30 30 56
30 30 30 167
30 31 30 54
30 31 31 1
