32
0 1 0 3
1 1 0 4
1 1 1 2
1 2 1 17
2 2 1 8
2 2 2 2
2 3 1 1
2 3 2 13
2 8 12 1
2 8 13 1
2 9 14 2
2 10 15 3
2 11 16 3
2 11 17 1
2 12 16 1
3 3 2 7
3 3 3 15
3 4 2 1
3 4 3 16
3 4 4 1
3 5 9 1
3 6 10 1
3 6 11 1
3 7 3 1
3 7 4 2
3 7 13 1
3 8 4 1
3 8 5 1
3 9 13 1
3 10 13 1
3 10 14 2
3 11 15 3
3 11 16 1
3 12 17 2
4 4 2 2
4 4 3 14
4 4 4 15
4 5 3 1
4 5 4 13
4 8 4 5
4 8 5 3
4 8 9 1
4 9 5 2
4 9 9 1
4 10 7 1
4 10 8 2
4 10 9 1
4 10 11 1
4 10 14 1
4 10 18 1
4 11 10 1
4 11 12 1
4 11 16 1
4 11 18 1
4 12 16 1
5 4 2 1
5 4 3 1
5 5 3 1
5 5 4 10
5 5 5 8
5 6 4 1
5 6 5 10
5 8 5 2
5 11 15 4
5 13 21 1
6 4 3 1
6 5 3 1
6 5 4 1
6 6 4 1
6 6 5 11
6 7 5 2
6 7 6 4
6 7 7 1
6 10 7 2
6 10 13 1
6 11 10 1
7 5 3 1
7 6 4 3
7 7 6 7
7 8 6 2
7 8 7 2
7 8 9 1
7 9 8 1
7 10 10 1
8 6 3 7
8 6 4 43
8 7 4 1
8 7 5 3
8 8 6 1
8 8 7 8
8 8 8 3
8 9 8 2
8 10 13 1
8 11 8 1
8 11 11 1
8 12 15 3
8 13 16 1
8 13 17 1
9 6 3 2
9 6 4 9
9 7 4 3
9 7 5 7
9 8 6 6
9 8 7 1
9 9 7 1
9 9 8 12
9 9 9 2
9 10 9 7
9 12 14 1
9 13 16 2
10 8 6 2
10 8 7 1
10 9 7 1
10 9 8 2
10 10 8 1
10 10 9 13
10 10 10 6
10 10 12 1
10 11 9 1
10 11 10 3
10 12 10 1
10 12 11 1
11 9 7 1
11 9 8 1
11 10 8 2
11 10 9 2
11 10 10 1
11 11 9 6
11 11 10 12
11 11 11 7
11 12 10 1
11 12 11 6
11 15 17 1
12 11 10 1
12 12 10 5
12 12 11 52
12 12 12 5
12 13 11 1
12 13 12 8
12 13 13 1
12 13 15 1
12 15 17 2
13 12 10 1
13 12 11 76
13 12 12 10
13 13 10 1
13 13 11 11
13 13 12 173
13 13 13 12
13 14 12 3
13 14 13 16
13 16 18 1
14 13 11 1
14 13 12 18
14 13 13 38
14 14 13 148
14 14 14 13
14 15 13 39
14 15 14 114
14 15 15 1
14 15 16 1
14 16 14 2
14 16 18 1
15 13 10 1
15 13 13 1
15 14 12 1
15 14 13 11
15 14 14 16
15 15 13 50
15 15 14 259
15 15 15 36
15 15 16 1
15 16 13 4
15 16 14 98
15 16 15 159
15 16 16 1
15 17 15 3
15 17 16 1
15 18 20 1
16 15 13 2
16 15 14 4
16 15 15 8
16 16 13 3
16 16 14 79
16 16 15 147
16 16 16 32
16 17 15 36
16 17 16 256
16 17 17 3
16 18 16 5
16 18 17 1
17 15 13 1
17 16 14 2
17 16 15 2
17 16 16 2
17 17 16 166
17 17 17 85
17 17 18 1
17 18 16 40
17 18 17 389
17 18 18 4
17 19 17 9
17 19 18 3
18 10 5 1
18 13 10 1
18 17 17 2
18 18 16 1
18 18 17 138
18 18 18 30
18 18 19 1
18 19 17 55
18 19 18 301
18 19 19 1
18 20 18 9
18 20 19 1
19 18 16 1
19 18 17 4
19 19 17 2
19 19 18 80
19 19 19 22
19 20 18 19
19 20 19 229
19 21 19 1
19 21 20 1
20 12 6 1
20 14 10 1
20 15 10 1
20 18 17 1
20 19 18 1
20 20 19 54
20 20 20 12
20 20 21 1
20 21 19 16
20 21 20 171
20 21 21 4
20 22 20 3
21 17 13 1
21 21 20 37
21 21 21 20
21 22 20 15
21 22 21 186
21 22 22 7
22 14 7 1
22 19 17 2
22 21 21 1
22 22 21 12
22 22 22 58
22 23 22 125
22 23 23 12
23 15 8 1
23 17 13 1
23 18 10 1
23 22 22 1
23 23 22 11
23 23 23 29
23 24 23 127
23 24 24 19
24 16 9 1
24 24 23 8
24 24 24 64
24 24 25 1
24 25 24 102
24 25 25 21
24 26 25 2
25 18 12 1
25 24 23 1
25 24 24 3
25 25 24 7
25 25 25 33
25 26 25 80
25 26 26 23
26 26 25 11
26 26 26 113
26 26 27 1
26 27 26 189
26 27 27 34
26 28 26 1
26 28 27 1
27 27 26 13
27 27 27 92
27 28 27 142
27 28 28 49
28 28 27 1
28 28 28 85
28 28 29 1
28 29 28 67
28 29 29 62
29 29 28 1
29 29 29 43
29 29 30 1
29 30 29 23
29 30 30 36
30 30 30 135
30 30 31 1
30 31 30 45
30 31 31 1
31 31 31 1
