32
0 0 0 1
0 1 0 2
1 1 0 5
1 1 1 6
1 2 1 11
2 2 1 9
2 2 2 4
2 3 2 10
2 3 3 1
2 5 10 1
2 8 12 1
2 8 13 1
2 9 14 4
2 10 15 1
2 10 16 1
2 11 16 2
2 12 17 1
3 3 2 13
3 3 3 10
3 4 2 1
3 4 3 14
3 5 8 1
3 6 10 1
3 6 12 1
3 7 4 4
3 8 4 1
3 10 14 3
3 10 15 2
3 11 15 1
3 11 16 3
3 12 16 1
3 12 17 3
4 4 3 20
4 4 4 13
4 5 4 13
4 5 5 1
4 5 7 1
4 7 12 1
4 8 4 4
4 8 5 4
4 8 7 1
4 9 5 1
4 10 6 1
4 10 8 2
4 10 12 1
4 10 17 2
4 11 14 1
4 11 16 1
4 11 19 1
4 12 16 1
5 4 3 1
5 5 3 1
5 5 4 5
5 5 5 8
5 6 5 3
5 6 6 2
5 6 8 1
5 9 6 1
5 9 13 1
5 10 6 1
5 10 7 1
5 11 9 1
5 11 10 1
5 11 12 1
5 11 15 2
5 12 20 1
5 13 21 1
6 5 3 2
6 5 4 1
6 6 4 1
6 6 5 8
6 6 6 2
6 7 5 1
6 7 6 7
6 7 7 1
6 7 8 1
6 9 7 1
6 12 16 2
7 6 4 3
7 7 5 1
7 7 6 6
7 7 7 3
7 8 6 1
7 8 7 1
7 10 7 2
7 10 8 1
7 11 14 1
8 6 3 6
8 6 4 47
8 7 4 3
8 7 5 6
8 8 6 5
8 8 7 6
8 8 8 3
8 9 7 2
8 9 8 5
8 10 9 1
8 10 12 1
8 11 10 1
8 11 11 1
8 11 14 1
8 12 15 2
9 6 4 9
9 7 4 3
9 7 5 4
9 8 5 1
9 8 6 5
9 9 7 2
9 9 8 10
9 9 9 4
9 9 12 1
9 10 8 2
9 10 9 3
9 10 12 1
9 12 14 1
10 8 6 2
10 9 7 1
10 9 8 2
10 10 7 1
10 10 8 4
10 10 9 8
10 10 10 7
10 11 10 2
10 11 11 1
10 12 15 1
10 14 17 2
11 10 8 3
11 10 9 4
11 11 9 6
11 11 10 21
11 11 11 6
11 12 10 1
11 12 11 4
11 14 15 1
11 15 16 1
12 11 9 2
12 12 10 4
12 12 11 59
12 12 12 5
12 13 12 5
12 14 14 1
12 15 17 1
13 12 9 1
13 12 10 2
13 12 11 80
13 12 12 7
13 13 10 1
13 13 11 12
13 13 12 168
13 13 13 17
13 14 12 1
13 14 13 17
13 15 18 1
14 13 11 2
14 13 12 12
14 13 13 33
14 14 12 2
14 14 13 144
14 14 14 18
14 15 13 33
14 15 14 96
14 15 15 1
14 16 14 2
14 16 15 1
14 17 14 1
15 13 10 1
15 13 13 1
15 14 12 1
15 14 13 6
15 14 14 13
15 15 13 40
15 15 14 263
15 15 15 40
15 16 13 3
15 16 14 65
15 16 15 164
15 16 16 2
15 16 17 1
15 17 15 2
15 17 17 1
16 14 13 1
16 15 13 3
16 15 14 4
16 15 15 5
16 16 14 85
16 16 15 152
16 16 16 31
16 17 15 42
16 17 16 257
16 17 17 4
16 18 16 3
16 18 17 1
16 18 19 1
17 16 15 7
17 16 16 5
17 17 14 1
17 17 15 3
17 17 16 175
17 17 17 101
17 18 16 35
17 18 17 371
17 18 18 6
17 19 17 10
17 19 18 2
18 17 16 1
18 17 17 2
18 18 17 153
18 18 18 35
18 18 19 1
18 19 17 37
18 19 18 326
18 19 19 4
18 20 18 6
19 11 6 1
19 13 10 1
19 17 15 1
19 18 17 3
19 18 18 1
19 19 18 77
19 19 19 28
19 20 18 26
19 20 19 231
19 20 20 1
19 21 19 1
19 21 20 1
20 13 7 1
20 19 10 1
20 19 19 1
20 20 11 1
20 20 19 59
20 20 20 14
20 21 19 17
20 21 20 193
20 21 21 3
20 22 20 2
21 15 11 1
21 17 13 1
21 20 19 2
21 21 20 37
21 21 21 25
21 22 20 10
21 22 21 159
21 22 22 5
22 15 8 1
22 18 15 1
22 20 17 1
22 21 20 1
22 22 21 18
22 22 22 64
22 23 22 120
22 23 23 16
23 14 8 1
23 17 12 1
23 19 11 1
23 22 22 2
23 23 22 8
23 23 23 41
23 24 23 111
23 24 24 27
24 17 9 1
24 24 23 3
24 24 24 67
24 25 24 92
24 25 25 17
25 19 13 1
25 25 24 8
25 25 25 33
25 25 26 1
25 26 25 73
25 26 26 21
26 26 25 12
26 26 26 97
26 27 26 204
26 27 27 26
27 27 26 20
27 27 27 97
27 28 27 143
27 28 28 53
27 29 28 1
28 28 27 4
28 28 28 73
28 28 29 1
28 29 28 76
28 29 29 57
29 29 29 42
29 30 29 30
29 30 30 49
30 30 30 169
30 31 30 53
30 31 31 1
31 31 31 2
