32
0 1 0 3
1 1 0 9
1 1 1 3
1 2 1 7
2 2 1 9
2 3 1 1
2 3 2 17
2 8 13 2
2 8 14 1
2 9 14 1
2 9 15 1
2 10 15 4
2 11 16 5
3 3 2 12
3 3 3 15
3 4 3 7
3 6 10 1
3 7 3 1
3 7 4 2
3 8 4 2
3 8 7 1
3 8 12 1
3 9 14 2
3 10 13 1
3 10 14 2
3 10 15 4
3 11 15 1
3 12 16 2
4 4 3 16
4 4 4 17
4 5 4 11
4 5 5 1
4 7 12 1
4 8 4 4
4 8 5 2
4 8 6 1
4 10 8 1
4 10 9 2
4 10 10 2
4 10 12 1
4 11 16 1
4 12 16 1
4 12 20 1
5 4 3 2
5 4 4 1
5 5 4 7
5 5 5 14
5 5 6 1
5 6 5 2
5 6 6 2
5 8 5 1
5 9 6 1
5 10 11 1
5 11 14 1
5 11 15 1
5 12 16 1
6 5 3 2
6 5 4 2
6 6 5 6
6 6 6 1
6 7 5 1
6 7 6 4
6 9 13 1
6 10 14 1
6 11 9 1
6 11 17 1
7 5 4 1
7 6 3 1
7 6 4 2
7 6 5 1
7 6 6 1
7 7 6 7
7 7 7 1
7 8 6 2
7 8 7 2
7 9 8 1
7 10 7 1
7 10 8 2
7 10 13 1
7 11 11 1
7 13 16 1
8 6 3 6
8 6 4 46
8 7 4 1
8 7 5 2
8 7 6 1
8 8 7 12
8 8 8 4
8 9 7 1
8 9 8 6
8 10 11 1
8 11 12 1
8 11 13 1
8 11 14 1
8 12 15 1
9 6 3 2
9 6 4 12
9 7 4 7
9 7 5 8
9 7 6 1
9 8 6 3
9 8 7 2
9 9 7 1
9 9 8 4
9 9 9 2
9 9 10 1
9 10 9 6
9 11 12 1
9 12 10 1
9 13 10 1
9 13 16 1
10 8 6 2
10 9 8 2
10 10 8 1
10 10 9 10
10 10 10 3
10 11 9 2
10 11 10 3
10 11 11 1
10 13 15 1
10 13 16 1
10 15 17 1
11 9 8 1
11 10 8 2
11 10 9 1
11 11 9 3
11 11 10 15
11 11 11 7
11 12 11 10
11 13 15 1
12 10 9 2
12 11 9 3
12 12 9 1
12 12 10 2
12 12 11 62
12 12 12 5
12 13 12 7
12 15 13 1
12 15 17 1
13 12 11 64
13 12 12 16
13 13 11 10
13 13 12 168
13 13 13 24
13 14 12 8
13 14 13 17
13 14 14 1
14 12 10 1
14 13 11 4
14 13 12 18
14 13 13 27
14 14 11 1
14 14 12 1
14 14 13 168
14 14 14 13
14 15 13 37
14 15 14 88
14 16 14 1
14 16 17 1
15 14 12 2
15 14 13 8
15 14 14 14
15 15 13 37
15 15 14 265
15 15 15 39
15 15 16 1
15 16 13 3
15 16 14 104
15 16 15 170
15 17 15 3
15 17 17 1
16 14 13 1
16 14 14 1
16 15 13 2
16 15 14 8
16 15 15 13
16 16 14 64
16 16 15 146
16 16 16 33
16 16 17 1
16 17 15 36
16 17 16 243
16 17 17 1
16 18 16 2
16 18 17 2
17 16 14 1
17 16 15 3
17 16 16 2
17 17 15 4
17 17 16 158
17 17 17 96
17 18 16 28
17 18 17 371
17 18 18 8
17 18 19 1
17 19 17 16
18 17 15 1
18 17 16 1
18 17 17 1
18 18 17 175
18 18 18 38
18 19 17 24
18 19 18 338
18 19 19 5
18 20 18 2
19 10 5 1
19 12 9 1
19 18 16 1
19 18 17 2
19 18 18 2
19 19 18 87
19 19 19 34
19 20 18 21
19 20 19 226
19 21 19 3
20 18 17 2
20 19 17 1
20 20 19 56
20 20 20 17
20 21 19 11
20 21 20 181
20 22 20 7
21 17 14 1
21 20 18 1
21 20 19 2
21 21 20 41
21 21 21 25
21 21 22 1
21 22 20 13
21 22 21 173
21 22 22 5
22 18 16 1
22 19 17 1
22 22 21 9
22 22 22 63
22 23 22 122
22 23 23 11
23 15 8 1
23 17 13 1
23 23 22 5
23 23 23 44
23 24 23 102
23 24 24 30
24 17 10 1
24 19 15 1
24 23 23 1
24 24 23 10
24 24 24 58
24 24 25 1
24 25 24 93
24 25 25 18
25 18 12 1
25 24 25 1
25 25 24 7
25 25 25 32
25 25 26 2
25 26 25 66
25 26 26 20
25 27 26 1
26 25 25 1
26 26 25 8
26 26 26 100
26 26 27 1
26 27 26 188
26 27 27 20
27 27 26 17
27 27 27 108
27 28 27 140
27 28 28 43
28 28 27 4
28 28 28 74
28 28 29 1
28 29 28 68
28 29 29 59
29 29 29 43
29 29 30 2
29 30 29 33
29 30 30 47
30 30 30 170
30 30 31 2
30 31 30 57
30 31 31 1
