32
0 1 0 1
0 2 0 1
1 1 0 6
1 1 1 2
1 2 1 19
2 2 1 3
2 2 2 1
2 3 2 16
2 3 3 1
2 8 12 2
2 9 13 2
2 9 14 1
2 10 14 2
2 10 15 2
2 10 16 1
2 11 16 2
3 3 2 8
3 3 3 10
3 4 2 2
3 4 3 8
3 6 11 1
3 7 4 2
3 8 4 4
3 8 5 1
3 9 13 1
3 10 12 1
3 10 14 3
3 10 15 1
3 11 15 1
3 11 16 1
3 11 17 1
3 12 16 2
4 4 2 2
4 4 3 15
4 4 4 18
4 5 4 13
4 5 5 1
4 7 12 1
4 8 4 2
4 8 5 5
4 8 8 1
4 9 5 2
4 9 12 1
4 10 6 1
4 10 9 1
4 10 12 1
4 10 13 1
4 10 14 2
4 10 16 1
4 11 10 1
4 11 15 1
4 11 16 1
4 11 19 1
5 4 3 1
5 4 4 1
5 5 3 1
5 5 4 11
5 5 5 10
5 6 5 3
5 6 6 2
5 7 8 1
5 8 6 1
5 9 13 1
5 10 8 2
5 12 16 1
6 4 3 1
6 5 3 4
6 5 4 2
6 6 4 1
6 6 5 7
6 6 6 4
6 7 5 1
6 7 6 5
6 8 7 1
6 10 7 2
6 10 13 1
6 10 14 2
6 12 15 1
7 5 3 1
7 5 4 1
7 6 4 1
7 6 5 1
7 7 6 3
7 7 7 2
7 8 6 2
7 8 7 7
8 6 3 5
8 6 4 52
8 7 4 1
8 7 5 4
8 7 6 1
8 8 6 2
8 8 7 9
8 8 8 4
8 9 8 3
8 11 8 1
8 11 9 1
8 11 14 1
8 11 15 1
8 12 14 1
8 12 15 2
8 13 16 1
9 6 4 11
9 7 4 3
9 7 5 4
9 8 6 4
9 8 7 1
9 9 8 11
9 9 10 1
9 10 8 1
9 10 9 8
9 11 12 1
9 12 9 1
9 12 16 1
9 13 10 1
9 13 16 1
10 8 6 1
10 9 7 3
10 9 8 3
10 10 8 1
10 10 9 9
10 10 10 4
10 11 9 1
10 11 10 6
10 13 15 1
10 13 16 1
11 10 8 1
11 10 9 1
11 11 9 2
11 11 10 9
11 11 11 3
11 12 10 2
11 12 11 11
11 12 12 1
11 13 11 1
11 15 17 1
12 11 10 2
12 12 10 1
12 12 11 61
12 12 12 5
12 13 11 2
12 13 12 9
12 13 15 1
12 14 14 1
12 15 12 1
13 12 10 1
13 12 11 56
13 12 12 16
13 13 11 13
13 13 12 191
13 13 13 29
13 13 14 1
13 14 13 15
13 15 17 1
13 16 17 1
14 12 10 1
14 13 11 2
14 13 12 12
14 13 13 20
14 14 12 1
14 14 13 156
14 14 14 19
14 15 13 41
14 15 14 131
14 15 15 1
14 15 16 1
14 16 14 2
15 14 12 2
15 14 13 6
15 14 14 8
15 15 13 37
15 15 14 229
15 15 15 57
15 16 13 2
15 16 14 102
15 16 15 185
15 17 15 3
15 17 16 1
16 13 13 1
16 14 13 2
16 15 13 3
16 15 14 3
16 15 15 10
16 16 14 47
16 16 15 145
16 16 16 28
16 16 17 1
16 17 15 50
16 17 16 262
16 17 17 7
16 18 16 4
16 18 17 1
17 16 15 2
17 16 16 1
17 17 15 4
17 17 16 156
17 17 17 89
17 18 16 21
17 18 17 407
17 18 18 5
17 18 19 1
17 19 17 5
17 19 18 4
18 9 5 1
18 17 17 1
18 18 17 151
18 18 18 40
18 18 19 1
18 19 17 32
18 19 18 342
18 19 19 2
18 20 18 1
18 20 19 1
19 13 10 1
19 18 16 1
19 18 17 1
19 19 17 2
19 19 18 81
19 19 19 29
19 20 18 23
19 20 19 229
19 20 20 1
20 20 19 46
20 20 20 14
20 21 19 14
20 21 20 189
20 21 21 3
20 22 20 3
20 22 21 1
21 16 13 1
21 18 16 1
21 20 19 1
21 20 20 1
21 21 20 34
21 21 21 17
21 22 20 9
21 22 21 168
21 22 22 12
22 19 17 1
22 21 20 1
22 21 21 2
22 22 21 13
22 22 22 66
22 23 22 125
22 23 23 32
23 15 8 1
23 16 8 1
23 18 13 1
23 23 22 8
23 23 23 59
23 24 23 94
23 24 24 54
24 17 10 1
24 23 22 1
24 24 23 3
24 24 24 56
24 25 24 82
24 25 25 17
24 26 25 1
25 18 12 1
25 24 24 1
25 25 24 3
25 25 25 30
25 25 26 1
25 26 25 60
25 26 26 27
25 27 26 1
26 26 25 7
26 26 26 89
26 27 26 153
26 27 27 42
27 27 26 11
27 27 27 125
27 28 27 149
27 28 28 69
27 28 29 1
27 29 28 2
28 28 27 4
28 28 28 77
28 28 29 1
28 29 28 70
28 29 29 77
29 29 29 51
29 30 29 24
29 30 30 46
30 30 30 172
30 30 31 2
30 31 30 69
30 31 31 6
