32
0 0 0 1
0 1 0 1
1 1 0 4
1 1 1 6
1 2 1 13
1 2 2 1
2 2 1 9
2 2 2 4
2 3 1 1
2 3 2 16
2 3 3 1
2 6 12 1
2 9 14 2
2 10 14 1
2 10 15 1
2 11 16 3
3 3 2 9
3 3 3 11
3 4 2 1
3 4 3 17
3 5 8 1
3 6 10 1
3 6 11 2
3 7 4 2
3 7 12 1
3 8 4 4
3 8 5 1
3 9 10 1
3 10 13 1
3 10 14 1
3 11 15 1
3 11 16 1
3 12 16 1
4 4 3 22
4 4 4 13
4 5 4 14
4 5 7 1
4 6 4 1
4 8 4 4
4 8 5 2
4 9 5 3
4 9 8 1
4 10 7 1
4 10 9 1
4 10 10 1
4 10 12 2
4 10 13 2
4 10 14 1
4 10 15 1
4 10 17 2
4 11 7 1
4 11 8 1
4 11 19 1
5 4 2 1
5 5 4 13
5 5 5 13
5 5 6 2
5 6 4 4
5 6 5 9
5 7 4 1
5 8 5 1
5 10 12 1
5 12 20 1
5 13 21 1
6 5 3 3
6 5 4 1
6 5 5 1
6 6 4 1
6 6 5 7
6 6 6 3
6 7 5 5
6 7 6 6
6 9 6 1
6 9 13 1
6 10 7 1
6 10 13 1
6 10 14 2
6 11 8 1
6 13 20 1
7 5 3 2
7 6 4 4
7 6 5 1
7 7 5 2
7 7 6 7
7 7 7 1
7 8 6 2
7 8 7 9
7 8 8 1
7 8 10 1
7 9 8 1
7 10 10 1
7 10 13 1
7 13 16 1
8 6 3 11
8 6 4 56
8 6 5 1
8 7 4 1
8 7 5 1
8 7 7 2
8 8 5 1
8 8 7 31
8 8 9 1
8 9 7 1
8 9 8 15
8 9 10 1
8 10 8 2
8 10 11 1
8 10 13 1
8 13 16 1
8 13 20 1
9 6 3 1
9 6 4 6
9 7 4 2
9 7 5 4
9 7 6 1
9 8 5 2
9 8 6 2
9 9 7 1
9 9 8 26
9 10 8 9
9 10 9 8
9 10 10 2
9 10 11 1
9 11 10 2
9 11 11 1
9 12 15 1
10 8 7 1
10 9 7 1
10 9 8 2
10 10 8 8
10 10 9 21
10 10 10 2
10 11 9 5
10 11 10 10
10 12 14 1
11 9 8 2
11 10 9 3
11 11 8 2
11 11 9 10
11 11 10 38
11 11 11 5
11 12 10 9
11 12 11 21
11 12 14 1
11 13 15 1
11 14 16 1
12 11 9 1
12 11 10 2
12 11 12 1
12 12 10 4
12 12 11 116
12 12 12 7
12 13 11 6
12 13 12 30
12 13 13 1
12 13 15 1
12 14 15 2
12 15 12 1
13 12 9 1
13 12 10 2
13 12 11 53
13 12 12 16
13 13 11 9
13 13 12 174
13 13 13 25
13 14 12 6
13 14 13 15
13 14 14 1
13 15 17 1
13 15 18 1
13 17 18 1
14 12 10 1
14 13 11 3
14 13 12 16
14 13 13 24
14 14 12 3
14 14 13 127
14 14 14 21
14 15 13 23
14 15 14 105
14 15 15 1
14 16 14 2
14 16 16 2
15 13 10 1
15 13 13 1
15 14 12 2
15 14 13 2
15 14 14 9
15 15 13 38
15 15 14 232
15 15 15 49
15 15 16 1
15 16 13 6
15 16 14 106
15 16 15 179
15 16 16 1
15 16 17 1
15 17 15 3
16 15 13 4
16 15 14 2
16 15 15 4
16 16 13 1
16 16 14 65
16 16 15 137
16 16 16 26
16 17 15 49
16 17 16 244
16 17 17 4
16 18 16 4
17 16 14 1
17 16 15 4
17 16 16 1
17 17 15 4
17 17 16 177
17 17 17 84
17 18 16 43
17 18 17 384
17 18 18 6
17 19 17 18
17 19 18 2
18 17 16 1
18 18 16 1
18 18 17 140
18 18 18 44
18 19 17 47
18 19 18 337
18 19 19 5
18 20 18 8
18 20 19 3
19 11 6 1
19 11 7 1
19 14 7 1
19 15 13 1
19 18 16 1
19 18 17 2
19 19 11 1
19 19 17 1
19 19 18 82
19 19 19 22
19 20 18 24
19 20 19 239
19 21 19 4
20 15 11 1
20 20 18 1
20 20 19 40
20 20 20 26
20 21 11 1
20 21 19 18
20 21 20 191
20 21 21 2
20 22 20 3
20 22 21 1
21 17 14 1
21 20 19 1
21 20 20 1
21 21 20 38
21 21 21 27
21 22 20 15
21 22 21 175
21 22 22 7
22 19 16 1
22 19 17 1
22 22 21 24
22 22 22 70
22 23 22 149
22 23 23 22
23 15 8 1
23 16 8 1
23 17 12 1
23 18 10 1
23 22 22 2
23 23 22 7
23 23 23 65
23 23 24 1
23 24 23 134
23 24 24 42
24 17 10 1
24 23 22 1
24 23 23 1
24 24 23 3
24 24 24 61
24 25 24 104
24 25 25 29
24 26 25 2
25 18 12 1
25 24 24 2
25 25 24 2
25 25 25 33
25 26 25 94
25 26 26 30
25 27 26 1
26 26 25 5
26 26 26 88
26 26 27 1
26 27 26 199
26 27 27 47
26 28 26 1
27 27 26 13
27 27 27 107
27 28 27 135
27 28 28 70
28 28 28 76
28 29 28 73
28 29 29 65
29 29 29 37
29 30 29 23
29 30 30 50
30 30 30 189
30 31 30 47
30 31 31 1
31 30 30 1
31 30 31 1
