32
0 0 0 2
0 1 0 2
1 1 0 2
1 1 1 5
1 2 1 13
1 5 10 1
2 2 1 5
2 2 2 2
2 3 2 16
2 8 12 1
2 8 13 1
2 9 13 1
2 9 14 3
2 10 14 1
2 10 15 2
2 11 15 1
2 11 16 3
2 11 17 2
3 3 2 14
3 3 3 18
3 4 2 1
3 4 3 10
3 5 8 1
3 6 11 1
3 7 4 1
3 7 12 1
3 8 4 7
3 8 5 1
3 8 7 1
3 10 13 2
3 10 14 2
3 10 15 1
3 11 15 1
3 12 16 2
3 12 17 1
4 4 3 15
4 4 4 16
4 5 4 10
4 5 5 1
4 5 7 1
4 8 4 1
4 9 5 4
4 9 6 1
4 9 9 1
4 10 8 1
4 10 9 1
4 10 12 1
4 10 17 1
4 10 18 1
4 11 9 1
4 11 14 1
4 11 16 2
4 11 18 1
4 12 16 2
5 4 3 3
5 5 3 1
5 5 4 13
5 5 5 9
5 6 5 2
5 6 6 1
5 8 5 1
5 10 8 1
5 10 12 1
5 11 11 1
5 11 15 1
5 12 16 1
5 13 21 1
6 5 3 2
6 5 4 1
6 6 4 1
6 6 5 7
6 7 5 1
6 7 6 3
6 10 6 1
6 10 7 1
6 10 14 1
6 11 9 1
7 5 3 1
7 5 4 1
7 6 3 1
7 6 4 4
7 6 5 1
7 7 5 1
7 7 6 8
7 7 7 1
7 8 7 3
7 9 8 1
7 11 14 1
7 11 15 1
8 6 3 10
8 6 4 37
8 7 4 2
8 7 5 5
8 8 6 2
8 8 7 4
8 8 8 3
8 9 7 1
8 9 8 4
8 10 13 1
8 11 11 1
8 11 14 1
8 13 16 2
9 6 4 18
9 7 4 6
9 7 5 6
9 7 6 1
9 8 5 1
9 8 6 4
9 9 7 2
9 9 8 7
9 9 9 3
9 10 8 1
9 10 9 3
9 10 11 1
9 13 15 2
10 8 6 2
10 8 7 1
10 9 7 1
10 10 8 6
10 10 9 10
10 10 10 6
10 10 12 1
10 11 9 1
10 11 10 3
10 11 12 1
10 12 14 1
10 13 15 1
10 14 17 1
11 9 8 1
11 10 9 1
11 11 9 4
11 11 10 19
11 11 11 4
11 12 10 1
11 12 11 7
12 10 8 1
12 11 10 3
12 12 10 5
12 12 11 55
12 12 12 5
12 13 11 1
12 13 12 7
12 13 13 1
12 14 15 2
13 11 9 1
13 11 10 2
13 12 11 78
13 12 12 6
13 13 10 1
13 13 11 7
13 13 12 171
13 13 13 12
13 14 12 6
13 14 13 8
13 15 17 1
13 15 18 1
14 12 10 2
14 12 11 1
14 13 9 1
14 13 11 4
14 13 12 25
14 13 13 22
14 14 12 2
14 14 13 147
14 14 14 14
14 14 15 1
14 15 13 31
14 15 14 93
14 17 19 1
15 13 11 1
15 13 12 1
15 14 13 9
15 14 14 12
15 15 13 36
15 15 14 245
15 15 15 40
15 15 16 1
15 16 13 2
15 16 14 75
15 16 15 144
15 16 17 1
15 17 15 6
16 14 12 1
16 14 13 2
16 15 13 4
16 15 14 5
16 15 15 12
16 16 13 2
16 16 14 78
16 16 15 140
16 16 16 31
16 17 15 41
16 17 16 234
16 17 17 2
16 18 16 2
17 16 15 2
17 16 16 4
17 17 15 8
17 17 16 173
17 17 17 88
17 18 16 45
17 18 17 382
17 18 18 5
17 19 17 12
17 19 18 2
18 18 16 1
18 18 17 165
18 18 18 39
18 19 17 43
18 19 18 352
18 19 19 2
18 20 18 5
19 13 9 1
19 18 17 2
19 19 18 88
19 19 19 24
19 20 18 32
19 20 19 241
19 20 20 1
20 11 5 1
20 14 7 1
20 15 10 1
20 19 17 1
20 19 19 1
20 20 18 1
20 20 19 49
20 20 20 15
20 21 19 17
20 21 20 198
20 21 21 4
20 22 20 1
20 22 21 1
21 17 13 1
21 19 10 1
21 19 17 1
21 20 19 1
21 21 20 31
21 21 21 21
21 22 20 10
21 22 21 178
21 22 22 7
22 19 17 1
22 22 21 20
22 22 22 63
22 23 22 117
22 23 23 11
23 15 8 2
23 19 15 1
23 22 22 2
23 23 22 9
23 23 23 37
23 24 23 113
23 24 24 15
23 25 24 1
24 17 9 1
24 24 23 5
24 24 24 58
24 25 24 87
24 25 25 19
25 18 11 1
25 19 13 1
25 24 24 2
25 25 24 1
25 25 25 37
25 25 26 1
25 26 25 70
25 26 26 19
26 26 25 11
26 26 26 78
26 26 27 1
26 27 26 153
26 27 27 26
26 28 26 1
26 28 27 2
27 27 26 22
27 27 27 110
27 27 28 1
27 28 27 157
27 28 28 55
28 28 27 2
28 28 28 77
28 28 29 1
28 29 28 90
28 29 29 49
29 29 29 34
29 30 29 30
29 30 30 48
30 30 30 209
30 31 30 71
30 31 31 2
