32
0 1 0 4
1 1 0 8
1 1 1 8
1 2 1 12
2 2 1 9
2 2 2 6
2 3 2 9
2 3 3 1
2 8 13 1
2 9 14 3
2 9 15 1
2 10 14 1
2 10 15 1
2 11 15 1
2 11 16 3
2 11 17 1
2 12 17 1
3 3 2 12
3 3 3 9
3 4 2 3
3 4 3 13
3 5 8 2
3 6 10 1
3 6 11 2
3 7 3 1
3 8 4 2
3 8 8 1
3 10 14 1
3 10 15 1
3 11 13 1
3 11 16 2
3 12 16 1
3 12 17 3
4 4 2 1
4 4 3 22
4 4 4 19
4 5 4 13
4 5 5 1
4 5 6 1
4 5 7 1
4 6 10 1
4 7 11 1
4 8 4 4
4 8 5 7
4 9 9 1
4 10 7 1
4 10 15 2
4 10 18 1
4 11 10 1
4 11 15 1
4 11 18 1
4 12 16 2
4 12 17 1
5 5 3 1
5 5 4 9
5 5 5 13
5 6 5 7
5 8 5 1
5 8 14 1
5 10 6 1
5 10 12 1
5 10 13 1
5 10 16 1
5 11 11 1
5 13 20 1
5 13 21 1
6 5 4 1
6 6 4 1
6 6 5 11
6 6 6 3
6 7 5 2
6 7 6 4
6 10 7 1
6 10 15 1
6 11 12 2
6 11 15 2
6 12 16 1
7 5 3 1
7 6 3 1
7 6 4 3
7 7 6 8
7 8 6 3
7 8 7 3
7 8 8 1
7 10 7 1
7 10 13 1
7 11 8 1
7 12 19 1
7 13 16 1
7 13 17 1
8 6 4 38
8 7 4 1
8 7 5 1
8 7 6 2
8 8 7 7
8 8 8 4
8 9 8 5
8 9 9 1
8 10 8 1
8 12 9 1
8 12 15 1
8 14 17 1
9 6 4 16
9 7 4 2
9 7 5 5
9 7 6 1
9 8 6 4
9 9 7 1
9 9 8 8
9 9 9 2
9 10 8 2
9 10 9 3
9 12 15 1
9 13 15 1
9 13 16 1
9 15 18 1
10 8 6 1
10 9 7 2
10 9 8 1
10 10 7 1
10 10 8 5
10 10 9 18
10 10 10 2
10 11 9 1
10 11 10 8
10 11 11 2
10 11 12 1
10 11 14 1
10 12 11 1
11 9 8 1
11 10 8 1
11 10 13 1
11 11 9 5
11 11 10 13
11 11 11 3
11 12 10 1
11 12 11 6
11 14 11 1
12 11 10 5
12 12 9 1
12 12 10 4
12 12 11 59
12 12 12 5
12 13 11 3
12 13 12 12
12 14 16 1
12 15 15 1
12 15 18 1
13 11 10 1
13 12 10 4
13 12 11 58
13 12 12 18
13 13 11 11
13 13 12 181
13 13 13 23
13 14 12 7
13 14 13 23
13 14 16 2
13 15 17 1
13 17 19 1
14 12 10 1
14 13 11 2
14 13 12 14
14 13 13 27
14 14 12 13
14 14 13 167
14 14 14 23
14 15 13 31
14 15 14 99
14 16 14 4
14 16 18 1
15 14 12 1
15 14 13 5
15 14 14 16
15 15 13 59
15 15 14 270
15 15 15 54
15 15 16 1
15 16 13 3
15 16 14 94
15 16 15 201
15 16 16 1
15 16 17 1
15 17 15 6
16 15 13 5
16 15 14 1
16 15 15 7
16 16 13 7
16 16 14 93
16 16 15 144
16 16 16 38
16 17 15 52
16 17 16 240
16 17 17 2
16 18 16 2
17 15 15 1
17 16 13 1
17 16 15 1
17 16 16 5
17 17 15 3
17 17 16 158
17 17 17 82
17 18 16 35
17 18 17 397
17 18 18 12
17 19 17 9
17 19 18 2
18 17 15 1
18 17 16 3
18 17 17 1
18 18 17 138
18 18 18 46
18 19 17 53
18 19 18 305
18 19 19 3
18 20 18 3
18 20 19 1
19 13 10 1
19 17 10 1
19 18 17 1
19 19 17 1
19 19 18 73
19 19 19 28
19 20 18 28
19 20 19 250
19 20 20 3
20 11 5 1
20 17 14 1
20 18 17 1
20 19 18 2
20 20 19 39
20 20 20 20
20 21 19 20
20 21 20 175
20 21 21 2
20 22 20 1
21 14 7 1
21 19 10 1
21 20 18 1
21 20 19 1
21 21 12 1
21 21 20 28
21 21 21 23
21 22 20 14
21 22 21 165
21 22 22 6
22 14 7 1
22 15 8 1
22 16 10 1
22 19 17 1
22 22 21 22
22 22 22 61
22 23 22 124
22 23 23 19
23 22 22 3
23 23 22 3
23 23 23 51
23 23 24 1
23 24 23 142
23 24 24 38
24 17 9 1
24 19 14 1
24 23 24 1
24 24 23 5
24 24 24 57
24 25 24 85
24 25 25 18
25 19 12 1
25 19 15 1
25 24 24 1
25 25 24 5
25 25 25 26
25 25 26 1
25 26 25 78
25 26 26 32
26 26 25 2
26 26 26 90
26 26 27 1
26 27 26 194
26 27 27 32
26 28 27 1
27 27 26 12
27 27 27 113
27 28 27 127
27 28 28 69
28 28 27 1
28 28 28 81
28 29 28 71
28 29 29 64
29 29 29 46
29 29 30 2
29 30 29 22
29 30 30 38
30 30 30 120
30 30 31 1
30 31 30 32
30 31 31 1
