32
0 0 0 1
0 1 0 2
1 1 0 2
1 1 1 7
1 2 1 11
2 2 1 6
2 2 2 2
2 3 1 2
2 3 2 15
2 5 10 1
2 6 11 1
2 8 13 1
2 9 13 2
2 9 14 1
2 10 14 1
2 10 15 1
2 11 16 3
2 11 17 1
3 3 2 13
3 3 3 10
3 4 2 2
3 4 3 15
3 5 7 1
3 5 9 1
3 7 4 2
3 7 12 1
3 8 4 4
3 8 5 1
3 8 8 1
3 9 14 1
3 10 13 1
3 10 14 5
3 10 15 1
3 11 15 1
3 11 16 3
3 11 17 1
3 12 17 1
4 4 3 14
4 4 4 14
4 5 4 9
4 5 7 1
4 7 12 1
4 8 4 3
4 8 5 1
4 9 5 2
4 10 6 1
4 10 7 1
4 10 8 1
4 10 12 3
4 10 13 1
4 10 14 1
4 10 16 1
4 10 17 1
4 11 15 1
4 11 16 1
4 11 19 1
4 12 20 1
5 4 3 2
5 5 3 1
5 5 4 6
5 5 5 13
5 6 5 3
5 8 5 2
5 9 6 1
5 10 15 1
5 11 10 1
5 11 11 1
5 11 15 1
5 13 21 1
6 4 3 1
6 5 3 3
6 6 5 6
6 6 6 5
6 7 5 1
6 7 6 5
6 10 7 1
7 6 3 1
7 6 4 2
7 7 5 2
7 7 6 5
7 7 7 1
7 8 6 6
7 8 7 3
7 8 8 1
7 9 8 1
7 11 7 1
7 11 10 1
7 11 14 2
8 6 3 4
8 6 4 42
8 7 4 4
8 7 5 4
8 8 6 1
8 8 7 10
8 8 8 2
8 9 7 2
8 9 8 4
8 9 11 1
8 10 8 1
8 11 11 1
8 12 15 2
8 12 16 1
8 13 15 1
8 13 16 1
8 13 17 1
8 14 21 1
9 6 3 1
9 6 4 21
9 7 4 6
9 7 5 6
9 7 6 1
9 8 6 3
9 8 7 2
9 9 7 1
9 9 8 11
9 9 9 2
9 10 8 2
9 10 9 2
9 10 10 1
9 11 13 1
9 12 9 1
9 12 14 1
9 12 15 1
9 13 16 1
10 8 6 1
10 9 7 1
10 9 8 2
10 10 8 5
10 10 9 7
10 10 10 7
10 10 11 1
10 11 10 5
10 11 11 1
11 9 7 1
11 10 8 1
11 10 9 2
11 11 8 2
11 11 9 2
11 11 10 13
11 11 11 3
11 12 11 7
11 13 15 1
11 15 17 1
12 11 9 1
12 11 10 4
12 12 10 3
12 12 11 47
12 12 12 4
12 13 12 15
12 15 17 1
13 11 10 2
13 12 10 2
13 12 11 74
13 12 12 17
13 13 9 1
13 13 10 1
13 13 11 8
13 13 12 188
13 13 13 21
13 14 12 2
13 14 13 11
13 14 14 2
13 15 13 2
13 15 14 1
13 16 18 1
14 13 11 2
14 13 12 18
14 13 13 30
14 14 12 2
14 14 13 128
14 14 14 17
14 15 13 22
14 15 14 83
14 15 15 1
14 15 16 1
14 16 18 1
15 13 10 1
15 14 12 3
15 14 13 5
15 14 14 20
15 15 13 41
15 15 14 259
15 15 15 41
15 15 16 1
15 16 14 89
15 16 15 165
15 16 16 1
16 14 11 1
16 14 13 1
16 15 13 1
16 15 14 2
16 15 15 11
16 16 14 71
16 16 15 153
16 16 16 28
16 17 15 42
16 17 16 257
16 17 17 2
16 18 16 2
16 18 17 1
17 15 14 1
17 15 15 1
17 16 15 5
17 16 16 3
17 17 15 2
17 17 16 171
17 17 17 94
17 18 16 18
17 18 17 372
17 18 18 7
17 19 17 16
17 19 18 1
18 17 16 1
18 17 17 1
18 18 17 165
18 18 18 51
18 19 17 34
18 19 18 331
18 19 19 6
18 20 18 5
18 20 19 1
19 11 5 1
19 12 8 1
19 18 17 3
19 19 17 2
19 19 18 86
19 19 19 30
19 20 18 22
19 20 19 234
19 20 20 1
19 21 19 3
20 14 7 1
20 19 18 1
20 20 19 55
20 20 20 16
20 21 19 18
20 21 20 179
20 21 21 2
20 22 20 1
21 16 10 1
21 17 14 1
21 17 15 1
21 19 10 1
21 20 19 2
21 20 20 1
21 21 20 29
21 21 21 24
21 22 13 1
21 22 20 13
21 22 21 176
21 22 22 4
22 13 7 1
22 19 17 1
22 20 19 1
22 21 20 2
22 22 21 16
22 22 22 53
22 23 21 2
22 23 22 120
22 23 23 20
22 24 23 1
23 15 8 1
23 18 14 1
23 19 16 1
23 22 22 1
23 23 22 7
23 23 23 33
23 24 23 111
23 24 24 28
24 17 9 1
24 18 11 1
24 23 22 1
24 23 23 1
24 24 23 5
24 24 24 54
24 25 24 105
24 25 25 9
25 19 13 1
25 25 24 3
25 25 25 40
25 25 26 2
25 26 25 72
25 26 26 18
26 26 25 6
26 26 26 82
26 27 26 179
26 27 27 45
26 28 26 1
26 28 27 2
27 27 26 14
27 27 27 95
27 27 28 1
27 28 27 161
27 28 28 46
28 28 27 5
28 28 28 83
28 28 29 1
28 29 28 73
28 29 29 54
29 29 29 50
29 30 29 29
29 30 30 39
30 30 30 181
30 30 31 2
30 31 30 38
