32
0 0 0 2
0 1 0 3
1 1 0 7
1 1 1 4
1 2 1 18
2 2 1 6
2 2 2 3
2 3 2 15
2 3 3 1
2 8 12 1
2 8 13 1
2 9 13 2
2 9 14 2
2 10 15 2
2 11 16 3
2 11 17 1
3 3 2 18
3 3 3 5
3 4 2 1
3 4 3 11
3 5 8 1
3 6 11 3
3 7 4 1
3 8 4 5
3 8 5 1
3 8 7 1
3 9 14 1
3 10 13 2
3 10 14 3
3 10 15 3
3 11 15 2
3 11 16 1
3 11 17 1
3 12 16 1
3 12 17 1
4 4 3 11
4 4 4 18
4 5 4 9
4 5 5 1
4 7 4 1
4 7 12 1
4 8 4 4
4 8 5 1
4 9 5 2
4 9 16 1
4 10 6 1
4 10 8 1
4 10 9 3
4 10 12 2
4 10 17 1
4 11 16 1
4 11 18 1
5 4 3 3
5 5 3 1
5 5 4 11
5 5 5 6
5 6 5 7
5 9 5 1
5 9 6 1
5 10 12 1
5 10 14 1
5 11 15 2
5 12 15 1
5 13 21 1
6 5 3 2
6 6 4 1
6 6 5 10
6 6 6 2
6 7 5 1
6 7 6 4
6 10 7 1
6 10 14 1
6 11 10 1
6 11 14 1
7 5 3 2
7 6 4 2
7 6 5 1
7 7 6 8
7 7 7 1
7 8 6 2
7 8 7 2
7 9 8 1
7 10 7 1
7 10 13 1
8 6 3 12
8 6 4 56
8 7 4 2
8 7 5 2
8 8 7 8
8 8 8 1
8 9 8 10
8 11 11 1
8 11 14 1
8 11 15 1
8 13 16 1
9 6 4 2
9 7 4 4
9 7 5 5
9 8 5 2
9 8 6 5
9 9 7 1
9 9 8 9
9 9 9 5
9 10 9 4
9 10 13 1
9 11 12 1
9 11 14 1
9 13 15 1
10 8 7 3
10 9 8 1
10 10 8 3
10 10 9 8
10 10 10 3
10 11 10 5
10 11 11 1
10 13 11 1
10 13 15 1
10 13 16 1
10 14 16 1
11 9 7 2
11 9 8 1
11 10 8 1
11 10 9 1
11 11 9 3
11 11 10 21
11 11 11 3
11 12 10 3
11 12 11 7
11 13 15 1
11 14 16 1
12 10 9 1
12 11 10 2
12 12 10 5
12 12 11 70
12 12 12 7
12 13 11 2
12 13 12 5
12 14 15 2
12 15 12 1
13 12 10 2
13 12 11 69
13 12 12 8
13 13 11 6
13 13 12 183
13 13 13 27
13 14 12 3
13 14 13 7
13 16 17 1
13 16 18 1
13 17 19 1
14 12 10 1
14 13 11 3
14 13 12 12
14 13 13 17
14 14 12 3
14 14 13 139
14 14 14 18
14 15 13 31
14 15 14 118
14 15 15 2
14 16 14 2
14 17 18 1
15 13 10 1
15 13 13 1
15 14 12 1
15 14 13 6
15 14 14 10
15 15 13 41
15 15 14 246
15 15 15 47
15 16 13 7
15 16 14 96
15 16 15 178
15 16 17 1
15 16 19 1
15 17 15 4
16 15 13 1
16 15 14 2
16 15 15 12
16 16 14 48
16 16 15 135
16 16 16 32
16 17 15 43
16 17 16 271
16 17 17 3
16 18 16 5
16 18 17 1
17 16 15 1
17 16 16 3
17 17 15 1
17 17 16 174
17 17 17 99
17 18 16 33
17 18 17 395
17 18 18 5
17 19 17 7
17 19 18 5
18 10 5 1
18 14 13 1
18 17 16 3
18 18 16 1
18 18 17 141
18 18 18 43
18 19 17 45
18 19 18 337
18 19 19 4
18 20 18 6
19 16 15 1
19 18 17 3
19 19 18 75
19 19 19 23
19 20 18 20
19 20 19 230
19 20 20 1
19 21 19 3
20 12 5 1
20 13 6 1
20 15 10 1
20 15 12 1
20 19 10 1
20 19 17 1
20 19 18 1
20 20 19 34
20 20 20 23
20 21 19 15
20 21 20 178
20 21 21 2
20 22 20 2
20 22 21 1
21 17 14 1
21 21 20 34
21 21 21 18
21 22 20 11
21 22 21 177
21 22 22 8
22 14 7 1
22 19 16 1
22 19 17 1
22 20 11 1
22 21 20 2
22 21 21 1
22 22 21 11
22 22 22 62
22 23 22 143
22 23 23 26
23 15 8 1
23 16 9 1
23 18 10 1
23 18 13 1
23 22 21 1
23 22 22 1
23 23 22 10
23 23 23 45
23 24 23 114
23 24 24 31
24 24 23 6
24 24 24 57
24 25 24 95
24 25 25 20
25 18 10 1
25 18 12 1
25 25 24 5
25 25 25 27
25 26 25 69
25 26 26 33
26 26 25 6
26 26 26 91
26 27 26 180
26 27 27 42
27 27 26 14
27 27 27 87
27 28 27 139
27 28 28 64
28 28 27 2
28 28 28 81
28 29 28 69
28 29 29 64
29 29 29 42
29 29 30 1
29 30 29 21
29 30 30 55
30 30 30 182
30 30 31 4
30 31 30 57
30 31 31 1
