32
1 1 0 6
1 1 1 5
1 2 1 9
2 2 1 8
2 2 2 3
2 3 2 15
2 3 3 1
2 9 14 2
2 10 14 1
2 10 15 1
2 11 15 3
2 11 16 2
3 3 2 9
3 3 3 12
3 4 3 10
3 4 4 3
3 6 11 1
3 7 4 1
3 7 12 1
3 8 4 4
3 8 5 1
3 8 8 1
3 9 13 1
3 10 13 1
3 10 14 2
3 10 15 1
3 11 14 1
3 11 16 1
3 12 16 2
4 4 3 12
4 4 4 24
4 5 4 6
4 5 5 1
4 8 4 4
4 8 5 1
4 9 5 2
4 9 6 1
4 10 7 1
4 10 8 1
4 10 12 1
4 10 15 1
4 10 17 1
4 11 8 1
4 11 10 1
4 11 15 1
4 11 18 1
5 4 3 2
5 5 4 10
5 5 5 12
5 5 6 1
5 6 4 2
5 6 5 9
5 6 6 1
5 8 5 1
5 10 6 1
5 10 12 1
6 5 3 4
6 5 5 2
6 5 6 1
6 6 4 2
6 6 5 11
6 6 6 3
6 7 5 2
6 7 6 2
6 7 8 2
6 8 5 1
6 9 7 1
6 10 14 2
6 11 9 1
7 6 3 1
7 6 4 1
7 6 5 1
7 7 5 1
7 7 6 10
7 7 7 2
7 8 7 2
7 8 11 1
7 9 8 1
7 11 14 1
7 13 16 1
8 6 3 7
8 6 4 56
8 7 5 6
8 8 7 17
8 8 8 5
8 8 9 1
8 9 7 3
8 9 8 12
8 10 13 1
8 11 8 1
8 11 11 1
8 11 13 1
8 11 14 1
8 12 8 1
8 12 15 3
9 6 3 2
9 6 4 9
9 7 4 5
9 7 5 4
9 8 5 1
9 8 6 3
9 8 7 1
9 9 7 1
9 9 8 19
9 9 9 4
9 10 8 6
9 10 9 7
9 10 10 1
9 10 11 1
9 11 11 1
9 12 15 1
9 14 16 1
10 8 6 1
10 8 7 1
10 9 7 2
10 9 10 1
10 10 8 4
10 10 9 29
10 10 10 8
10 11 9 10
10 11 10 14
10 11 11 1
10 13 15 1
10 14 16 1
11 10 8 1
11 10 9 3
11 11 9 4
11 11 10 33
11 11 11 9
11 12 10 12
11 12 11 15
11 15 17 1
12 11 9 2
12 11 10 1
12 11 11 1
12 12 9 1
12 12 10 2
12 12 11 92
12 12 12 8
12 13 11 6
12 13 12 30
12 15 13 1
13 12 10 2
13 12 11 67
13 12 12 12
13 13 11 7
13 13 12 201
13 13 13 22
13 14 12 4
13 14 13 19
13 14 14 1
13 14 15 1
13 15 18 1
14 13 11 2
14 13 12 14
14 13 13 23
14 14 12 2
14 14 13 125
14 14 14 22
14 15 13 26
14 15 14 110
14 15 16 1
14 16 14 2
14 16 15 1
15 13 10 1
15 13 13 1
15 14 12 1
15 14 13 5
15 14 14 7
15 15 13 36
15 15 14 222
15 15 15 48
15 16 13 3
15 16 14 72
15 16 15 204
15 16 17 1
15 17 15 3
16 13 13 1
16 14 13 2
16 15 14 3
16 15 15 7
16 16 13 1
16 16 14 63
16 16 15 139
16 16 16 37
16 17 15 43
16 17 16 263
16 18 16 2
17 16 14 2
17 16 16 2
17 17 15 3
17 17 16 152
17 17 17 89
17 18 16 37
17 18 17 386
17 18 18 9
17 19 17 8
17 19 18 3
18 17 16 1
18 17 17 1
18 18 16 3
18 18 17 160
18 18 18 42
18 19 17 46
18 19 18 340
18 19 19 6
18 20 18 4
19 11 5 1
19 11 7 1
19 15 13 1
19 16 15 1
19 18 17 1
19 19 17 2
19 19 18 88
19 19 19 21
19 20 18 28
19 20 19 250
19 20 20 2
19 21 19 2
20 18 17 1
20 19 18 3
20 19 19 2
20 20 19 51
20 20 20 17
20 21 19 16
20 21 20 190
20 21 21 2
20 21 22 1
20 22 20 2
21 15 10 1
21 17 14 1
21 20 19 2
21 21 20 34
21 21 21 21
21 22 20 13
21 22 21 175
21 22 22 6
22 15 8 1
22 18 16 1
22 19 17 1
22 21 20 2
22 22 21 15
22 22 22 89
22 23 22 139
22 23 23 22
23 15 9 1
23 17 9 1
23 17 13 1
23 23 22 9
23 23 23 69
23 23 24 1
23 24 23 113
23 24 24 45
23 24 25 1
24 18 11 1
24 18 12 1
24 23 23 1
24 24 23 5
24 24 24 61
24 24 25 1
24 25 24 87
24 25 25 29
25 24 23 1
25 25 24 3
25 25 25 36
25 26 25 83
25 26 26 37
26 25 25 1
26 26 25 9
26 26 26 102
26 27 26 174
26 27 27 55
26 28 26 1
27 27 26 9
27 27 27 95
27 28 27 146
27 28 28 66
28 27 28 1
28 28 28 79
28 28 29 3
28 29 28 62
28 29 29 68
29 29 29 37
29 30 29 22
29 30 30 44
30 29 30 1
30 30 30 194
30 30 31 2
30 31 30 63
30 31 31 1
