32
0 0 0 1
0 1 0 5
1 1 0 6
1 1 1 6
1 2 1 15
2 2 1 11
2 2 2 5
2 3 2 12
2 8 12 1
2 8 13 3
2 9 13 2
2 9 15 1
2 10 14 1
2 10 15 3
2 11 15 1
2 11 16 3
3 3 2 16
3 3 3 11
3 4 2 2
3 4 3 10
3 4 4 1
3 5 8 1
3 5 9 1
3 6 10 1
3 6 11 1
3 7 4 1
3 8 4 3
3 8 5 1
3 8 8 1
3 9 8 1
3 10 12 1
3 10 13 1
3 10 14 3
3 10 15 2
3 11 16 1
3 12 16 3
4 4 3 20
4 4 4 12
4 5 4 14
4 5 5 2
4 7 4 1
4 7 13 1
4 8 4 3
4 8 5 2
4 9 5 3
4 9 16 1
4 9 17 1
4 10 7 1
4 10 9 2
4 10 12 1
4 11 10 1
4 11 16 1
4 11 19 1
5 4 2 1
5 5 3 1
5 5 4 9
5 5 5 10
5 6 4 3
5 6 5 5
5 6 6 2
5 8 5 1
5 9 6 1
5 10 7 1
5 10 8 1
5 11 15 2
5 12 20 1
5 13 21 1
6 5 3 2
6 6 4 1
6 6 5 4
6 6 6 2
6 7 5 1
6 7 6 2
6 10 7 1
6 10 14 1
6 11 14 1
6 11 15 1
7 5 3 2
7 6 4 2
7 7 5 1
7 7 6 7
7 7 7 2
7 8 6 1
7 8 7 1
7 9 7 1
7 10 8 1
7 10 12 1
7 10 13 1
7 11 14 1
7 12 16 1
7 13 16 1
8 6 3 4
8 6 4 51
8 6 5 1
8 7 4 1
8 7 5 2
8 8 6 1
8 8 7 11
8 8 8 2
8 9 7 2
8 9 8 9
8 9 10 1
8 9 11 1
8 11 8 1
8 11 11 1
8 13 16 1
9 6 4 13
9 7 4 5
9 7 5 6
9 7 6 1
9 8 6 3
9 9 7 2
9 9 8 7
9 9 9 4
9 10 8 2
9 10 9 5
9 11 13 1
9 11 14 1
9 12 15 3
9 14 17 1
10 8 6 3
10 9 7 3
10 10 8 2
10 10 9 9
10 10 10 5
10 11 9 2
10 11 10 9
10 14 17 1
11 10 8 2
11 10 9 3
11 11 8 1
11 11 9 2
11 11 10 15
11 11 11 6
11 12 10 2
11 12 11 3
11 14 12 1
12 10 9 2
12 11 9 2
12 11 10 2
12 11 11 1
12 12 10 5
12 12 11 55
12 12 12 10
12 13 11 1
12 13 12 3
12 14 16 1
13 12 10 1
13 12 11 68
13 12 12 7
13 13 11 13
13 13 12 179
13 13 13 20
13 14 12 6
13 14 13 15
13 15 15 1
14 12 11 1
14 13 11 2
14 13 12 20
14 13 13 29
14 14 11 1
14 14 12 3
14 14 13 151
14 14 14 15
14 15 13 39
14 15 14 111
14 15 16 1
14 16 14 2
14 16 17 1
14 16 19 1
14 17 14 1
14 17 19 1
15 13 10 1
15 14 12 1
15 14 13 7
15 14 14 13
15 15 13 46
15 15 14 257
15 15 15 29
15 16 13 3
15 16 14 137
15 16 15 144
15 16 16 1
15 17 15 3
15 17 17 1
16 14 13 1
16 15 12 1
16 15 13 1
16 15 14 9
16 15 15 15
16 16 13 1
16 16 14 68
16 16 15 144
16 16 16 31
16 16 17 1
16 17 15 41
16 17 16 269
16 17 17 6
16 18 16 3
17 15 15 1
17 16 15 4
17 17 15 7
17 17 16 161
17 17 17 99
17 18 16 39
17 18 17 358
17 18 18 3
17 19 17 16
18 14 13 1
18 17 17 3
18 18 17 159
18 18 18 36
18 19 17 37
18 19 18 329
18 19 19 5
18 20 18 5
19 12 8 1
19 16 14 1
19 17 15 1
19 18 17 3
19 18 18 1
19 19 17 1
19 19 18 86
19 19 19 24
19 20 18 26
19 20 19 228
19 21 19 3
20 19 18 3
20 20 19 49
20 20 20 9
20 21 19 19
20 21 20 176
20 21 21 2
20 22 20 1
21 16 10 1
21 17 14 1
21 17 15 1
21 20 18 1
21 20 19 1
21 21 20 34
21 21 21 30
21 22 20 12
21 22 21 171
21 22 22 5
22 15 8 1
22 19 17 1
22 21 20 1
22 22 21 18
22 22 22 81
22 23 22 135
22 23 23 35
23 15 8 1
23 17 13 1
23 18 11 1
23 22 22 2
23 23 22 6
23 23 23 58
23 24 23 106
23 24 24 41
24 17 9 1
24 19 14 1
24 24 23 7
24 24 24 57
24 25 24 103
24 25 25 15
24 26 25 1
25 19 11 1
25 24 23 1
25 25 24 9
25 25 25 33
25 26 25 83
25 26 26 23
26 26 25 6
26 26 26 108
26 27 26 180
26 27 27 26
26 28 27 1
27 27 26 16
27 27 27 102
27 28 27 144
27 28 28 42
28 28 27 6
28 28 28 88
28 29 28 75
28 29 29 63
29 29 29 59
29 29 30 1
29 30 29 18
29 30 30 45
30 29 30 1
30 30 29 1
30 30 30 164
30 31 30 44
