32
1 1 0 2
1 2 0 2
1 2 1 7
2 1 0 1
2 2 0 4
2 2 1 16
2 2 2 2
2 3 1 2
2 3 2 6
2 10 15 1
3 2 1 1
3 3 1 2
3 3 2 13
3 3 3 8
3 4 2 1
3 4 3 3
3 6 10 1
3 7 12 1
3 10 16 1
3 10 17 1
3 11 16 2
3 11 17 1
3 12 17 1
3 12 18 1
4 3 2 2
4 4 2 2
4 4 3 6
4 4 4 7
4 5 4 3
4 10 15 1
4 12 17 1
4 13 18 4
4 13 19 2
5 4 3 3
5 5 3 1
5 5 4 17
5 5 5 6
5 6 4 1
5 6 5 4
5 6 6 1
5 10 12 1
5 12 17 6
5 13 18 2
5 13 19 1
6 5 3 2
6 5 4 1
6 6 3 1
6 6 4 2
6 6 5 3
6 6 6 5
6 7 5 2
6 11 12 1
6 12 5 4
6 12 16 1
6 13 14 1
6 13 15 1
6 13 16 1
7 6 3 2
7 6 4 5
7 6 5 1
7 7 5 2
7 7 6 5
7 7 7 1
7 8 7 1
7 12 6 1
7 12 13 1
7 12 16 1
7 13 5 1
7 13 6 2
7 13 10 1
7 13 17 2
7 14 6 1
7 14 11 2
8 7 4 2
8 7 6 1
8 8 5 2
8 8 6 2
8 8 7 3
8 9 8 1
8 11 15 1
8 12 17 1
8 13 6 1
8 13 7 2
8 14 6 1
8 14 7 3
8 14 8 1
8 14 18 1
8 15 7 1
9 7 3 1
9 8 7 1
9 8 8 1
9 9 7 6
9 9 8 5
9 9 10 1
9 10 8 1
9 13 15 1
9 13 17 1
9 14 7 1
9 14 8 1
9 14 9 1
9 14 10 1
9 14 18 1
10 9 6 1
10 9 7 1
10 9 8 1
10 10 7 1
10 10 8 2
10 11 10 2
10 11 12 1
10 13 11 1
10 13 16 1
10 14 16 2
11 8 4 1
11 9 4 1
11 10 9 3
11 11 9 6
11 11 10 1
11 12 12 1
11 12 15 1
12 8 3 1
12 9 5 3
12 10 7 1
12 11 8 1
12 11 9 1
12 11 10 6
12 12 9 2
12 12 10 5
12 12 11 2
12 12 12 2
12 13 14 1
12 15 18 1
13 9 4 2
13 10 4 1
13 10 5 4
13 10 6 1
13 11 6 2
13 11 7 1
13 12 7 1
13 12 9 2
13 12 10 1
13 12 11 1
13 12 12 1
13 13 10 1
13 13 11 6
13 13 12 6
13 13 13 1
13 14 12 1
13 14 13 3
13 14 15 1
13 18 20 1
14 10 4 24
14 10 5 34
14 10 6 2
14 11 4 1
14 11 5 1
14 11 6 4
14 11 7 4
14 12 7 2
14 13 11 3
14 13 12 5
14 14 12 5
14 14 13 7
14 14 14 1
14 14 15 1
14 15 13 3
14 15 14 1
14 16 15 1
14 16 18 1
14 17 20 1
15 12 8 1
15 13 8 1
15 13 9 1
15 13 12 1
15 14 11 1
15 14 13 8
15 15 13 20
15 15 14 7
15 15 15 1
15 16 13 4
15 16 14 9
15 16 15 3
15 16 16 1
15 16 17 1
15 17 15 1
15 17 18 1
15 17 21 1
16 13 9 2
16 14 11 3
16 14 12 2
16 15 13 7
16 15 14 8
16 16 13 3
16 16 14 65
16 16 15 19
16 16 16 2
16 17 15 21
16 17 16 7
16 17 17 1
16 19 21 2
16 19 22 2
17 14 12 1
17 14 14 1
17 15 12 1
17 15 13 5
17 16 13 13
17 16 14 18
17 16 15 13
17 16 16 3
17 17 14 5
17 17 15 41
17 17 16 101
17 17 17 13
17 17 18 1
17 18 16 52
17 18 17 20
17 19 20 1
17 20 23 1
18 10 5 1
18 12 9 1
18 15 11 3
18 15 13 1
18 16 13 5
18 16 14 38
18 17 14 35
18 17 15 63
18 17 16 48
18 17 17 6
18 18 15 1
18 18 16 62
18 18 17 137
18 18 18 18
18 19 17 40
18 19 18 33
18 19 19 2
18 20 19 1
18 20 21 8
18 20 22 38
18 21 18 1
18 21 22 7
19 16 13 1
19 16 14 1
19 17 14 14
19 17 15 87
19 17 16 26
19 17 17 1
19 18 15 8
19 18 16 151
19 18 17 110
19 18 18 25
19 19 16 1
19 19 17 171
19 19 18 167
19 19 19 28
19 19 20 2
19 20 17 17
19 20 18 58
19 20 19 73
19 20 20 16
19 20 21 18
19 20 22 25
19 21 18 1
19 21 19 1
19 21 20 3
19 21 21 13
19 21 22 148
19 21 23 55
19 22 22 1
19 22 23 28
19 22 25 1
20 15 11 1
20 18 15 8
20 18 16 51
20 18 17 19
20 19 17 169
20 19 18 92
20 19 19 20
20 20 17 1
20 20 18 110
20 20 19 173
20 20 20 17
20 20 21 2
20 21 18 11
20 21 19 110
20 21 20 132
20 21 21 38
20 21 22 36
20 21 23 4
20 22 20 4
20 22 21 3
20 22 22 21
20 22 23 149
20 22 24 99
20 22 25 1
20 23 24 14
20 23 26 1
21 19 16 1
21 19 17 3
21 19 18 1
21 20 17 1
21 20 18 5
21 20 19 10
21 21 19 87
21 21 20 171
21 21 21 15
21 22 20 37
21 22 21 137
21 22 22 38
21 22 23 8
21 22 24 14
21 23 22 1
21 23 23 5
21 23 24 58
21 23 25 55
21 24 25 2
22 14 8 1
22 18 14 1
22 19 16 1
22 20 18 2
22 21 18 9
22 21 19 28
22 21 20 6
22 22 19 38
22 22 20 44
22 22 21 91
22 22 22 67
22 22 23 4
22 23 20 1
22 23 22 84
22 23 23 52
22 23 24 8
22 23 25 2
22 23 26 1
22 24 23 2
22 24 24 4
22 24 25 8
22 24 26 47
22 24 27 1
22 25 26 3
22 25 27 18
22 25 28 1
23 16 9 1
23 22 19 8
23 22 20 55
23 22 21 5
23 23 20 32
23 23 21 42
23 23 22 36
23 23 23 67
23 23 24 1
23 24 22 3
23 24 23 111
23 24 24 82
23 24 25 16
23 24 26 2
23 25 24 4
23 25 25 2
23 25 26 12
23 25 27 15
23 25 28 6
23 26 27 2
23 26 28 13
23 26 29 2
23 27 29 1
24 17 11 1
24 18 14 1
24 23 20 11
24 23 21 57
24 23 22 2
24 24 21 24
24 24 22 48
24 24 23 8
24 24 24 20
24 25 24 22
24 25 25 41
24 25 26 10
24 26 25 5
24 26 26 8
24 26 27 15
24 26 28 6
24 26 29 5
24 27 28 1
24 27 29 6
24 27 30 2
24 28 30 1
25 24 21 14
25 24 22 73
25 24 23 2
25 25 22 26
25 25 23 37
25 25 24 3
25 25 25 9
25 25 26 1
25 26 25 9
25 26 26 30
25 26 27 10
25 26 28 2
25 27 26 8
25 27 27 2
25 27 28 4
25 27 29 3
25 27 30 1
25 28 29 3
25 28 30 1
25 29 30 2
26 25 22 1
26 25 23 14
26 25 24 2
26 26 23 3
26 26 25 1
26 26 26 2
26 27 26 9
26 27 27 10
26 28 27 5
26 28 28 1
26 28 29 1
27 28 27 2
27 28 28 11
27 28 29 1
27 29 28 1
27 29 29 2
28 28 28 4
28 28 29 1
28 29 28 2
28 29 29 11
28 30 30 1
29 29 29 3
29 30 30 4
29 30 31 1
30 30 30 24
30 31 30 4
30 31 31 1
