32
0 0 0 1
0 1 0 4
1 1 0 4
1 1 1 6
1 2 1 15
2 2 1 7
2 2 2 4
2 3 2 13
2 3 3 1
2 8 12 2
2 8 13 1
2 8 14 1
2 9 13 1
2 9 14 2
2 10 14 1
2 10 15 3
2 11 16 2
3 3 2 17
3 3 3 6
3 4 3 11
3 5 9 1
3 6 10 1
3 7 4 1
3 7 12 1
3 7 13 1
3 8 4 6
3 9 13 1
3 10 14 1
3 10 15 1
3 11 15 5
3 11 16 3
3 12 16 2
4 4 3 15
4 4 4 21
4 5 4 11
4 5 8 1
4 8 4 3
4 8 5 3
4 9 5 1
4 9 9 1
4 9 10 1
4 9 11 1
4 10 9 3
4 10 13 1
4 10 17 2
4 11 9 1
4 11 10 1
4 11 15 1
4 11 18 1
5 4 3 1
5 4 4 1
5 5 4 9
5 5 5 11
5 6 5 5
5 6 6 1
5 8 5 1
5 9 6 1
5 10 14 1
5 11 15 1
5 13 21 1
6 5 3 1
6 6 4 1
6 6 5 6
6 6 6 2
6 7 5 1
6 7 6 8
6 10 7 1
6 10 8 1
6 10 14 1
6 11 14 1
6 12 16 1
7 5 4 1
7 6 4 3
7 6 5 1
7 7 5 1
7 7 6 5
7 7 7 5
7 8 7 5
7 10 7 1
7 10 8 1
7 11 14 2
7 12 18 1
8 6 3 4
8 6 4 56
8 7 4 1
8 7 5 3
8 8 7 13
8 8 8 4
8 9 7 1
8 9 8 3
8 10 8 1
8 10 11 1
8 10 13 1
8 11 8 2
8 11 14 1
8 12 14 1
8 12 15 2
8 13 16 2
9 6 4 4
9 7 4 3
9 7 5 5
9 7 6 1
9 8 5 2
9 8 6 2
9 8 7 2
9 9 7 1
9 9 8 10
9 9 9 2
9 10 8 1
9 10 9 7
9 10 10 2
9 11 12 1
10 8 7 1
10 9 7 1
10 9 8 1
10 10 8 2
10 10 9 9
10 10 10 5
10 11 10 5
10 11 11 2
10 13 16 2
10 14 16 1
10 14 17 1
11 10 8 1
11 10 9 3
11 11 8 1
11 11 9 5
11 11 10 13
11 11 11 4
11 12 10 3
11 12 11 8
11 12 12 1
11 15 17 1
12 11 10 1
12 12 9 1
12 12 11 58
12 12 12 8
12 13 11 4
12 13 12 6
12 13 15 1
13 12 11 59
13 12 12 14
13 13 10 1
13 13 11 10
13 13 12 182
13 13 13 30
13 14 12 4
13 14 13 19
13 15 13 1
14 12 11 1
14 13 10 1
14 13 11 1
14 13 12 16
14 13 13 21
14 14 12 8
14 14 13 153
14 14 14 23
14 15 13 35
14 15 14 116
14 15 16 1
14 16 14 3
14 16 16 1
14 16 18 1
15 14 12 1
15 14 13 4
15 14 14 17
15 15 13 49
15 15 14 244
15 15 15 43
15 16 13 4
15 16 14 120
15 16 15 201
15 17 15 2
15 17 18 1
16 13 13 2
16 14 11 1
16 15 13 3
16 15 14 4
16 15 15 5
16 16 13 3
16 16 14 59
16 16 15 152
16 16 16 27
16 16 17 1
16 17 15 59
16 17 16 249
16 17 17 3
16 18 16 1
16 18 17 3
17 15 15 1
17 16 16 3
17 17 15 2
17 17 16 159
17 17 17 86
17 18 16 29
17 18 17 395
17 18 18 10
17 19 17 7
17 19 18 2
18 17 15 1
18 17 16 4
18 18 17 155
18 18 18 41
18 19 17 53
18 19 18 353
18 19 19 4
18 20 18 6
18 20 19 1
19 10 5 1
19 12 8 1
19 13 10 1
19 18 17 1
19 18 18 1
19 19 17 1
19 19 18 89
19 19 19 32
19 20 18 28
19 20 19 248
19 20 20 2
19 21 19 4
20 11 6 1
20 19 18 1
20 20 18 2
20 20 19 39
20 20 20 18
20 21 19 20
20 21 20 169
20 21 21 1
20 22 20 6
21 16 10 1
21 17 13 1
21 20 19 2
21 21 20 30
21 21 21 21
21 22 20 11
21 22 21 186
21 22 22 8
22 15 8 1
22 16 11 1
22 19 17 1
22 21 20 1
22 22 21 12
22 22 22 52
22 23 22 119
22 23 23 12
23 15 8 1
23 19 16 1
23 22 22 4
23 23 22 5
23 23 23 35
23 24 23 133
23 24 24 16
24 17 9 1
24 18 11 1
24 24 23 5
24 24 24 44
24 25 24 114
24 25 25 11
25 18 12 1
25 25 24 4
25 25 25 35
25 26 25 74
25 26 26 27
26 26 25 3
26 26 26 86
26 27 26 181
26 27 27 48
26 28 26 1
26 28 27 1
27 27 26 7
27 27 27 110
27 27 28 2
27 28 27 152
27 28 28 70
28 28 27 2
28 28 28 71
28 29 28 68
28 29 29 62
29 29 29 35
29 30 29 29
29 30 30 43
30 30 30 177
30 30 31 1
30 31 30 38
30 31 31 2
