32
0 0 0 1
0 1 0 4
1 1 0 2
1 1 1 6
1 2 1 15
2 2 1 12
2 2 2 3
2 3 1 2
2 3 2 11
2 3 3 1
2 5 11 1
2 8 12 1
2 8 13 1
2 9 14 3
2 10 15 4
2 10 16 1
2 11 16 2
2 11 17 2
3 3 1 1
3 3 2 16
3 3 3 9
3 4 2 1
3 4 3 16
3 5 8 1
3 5 9 1
3 6 10 2
3 6 11 2
3 7 4 2
3 8 4 1
3 9 14 1
3 10 14 4
3 10 15 1
3 12 17 4
4 4 2 1
4 4 3 18
4 4 4 16
4 5 4 13
4 5 5 1
4 7 11 1
4 8 4 4
4 8 5 3
4 9 5 2
4 9 8 1
4 9 17 1
4 10 7 1
4 10 9 1
4 10 11 1
4 10 18 1
4 11 10 1
4 11 15 2
4 11 16 1
4 12 17 1
4 13 21 1
5 4 2 1
5 4 3 1
5 5 4 7
5 5 5 8
5 6 4 1
5 6 5 13
5 8 5 1
5 9 16 1
5 10 6 1
5 10 11 1
5 10 13 1
5 11 15 2
5 12 16 1
5 13 20 1
5 13 21 1
6 5 3 3
6 5 4 2
6 6 5 7
6 6 6 2
6 7 5 1
6 7 6 7
6 7 8 1
6 10 7 2
6 10 11 1
6 11 13 1
6 11 15 1
6 11 18 1
6 12 16 1
7 5 3 1
7 5 4 2
7 6 4 5
7 7 5 1
7 7 6 8
7 7 7 2
7 8 7 5
7 11 13 1
7 11 15 1
7 11 17 1
8 6 3 31
8 6 4 36
8 7 4 2
8 7 5 4
8 8 6 2
8 8 7 8
8 8 8 5
8 8 9 1
8 9 8 9
8 9 9 1
8 12 15 1
8 13 16 1
8 14 17 1
9 7 4 1
9 7 5 5
9 8 6 3
9 9 7 1
9 9 8 9
9 9 9 1
9 10 7 1
9 10 8 3
9 10 9 7
9 10 11 1
9 11 12 1
9 12 16 1
9 13 10 1
10 8 7 1
10 9 7 1
10 9 8 2
10 10 7 1
10 10 8 4
10 10 9 11
10 10 10 4
10 10 13 1
10 11 9 1
10 11 10 3
10 11 11 1
10 12 10 1
10 13 16 1
11 9 8 1
11 11 8 1
11 11 9 3
11 11 10 19
11 11 11 5
11 12 10 1
11 12 11 14
11 13 16 1
11 15 18 1
12 11 11 4
12 12 10 15
12 12 11 133
12 12 12 19
12 12 13 1
12 13 11 1
12 13 12 13
12 14 16 1
12 14 17 1
13 11 10 1
13 12 10 1
13 12 11 6
13 12 12 25
13 13 10 1
13 13 11 3
13 13 12 146
13 13 13 67
13 14 12 1
13 14 13 42
13 14 15 1
13 14 16 1
13 15 13 1
13 15 14 1
13 16 19 1
14 13 11 2
14 13 12 2
14 13 13 6
14 14 12 9
14 14 13 117
14 14 14 41
14 15 13 17
14 15 14 173
14 15 15 2
14 15 17 1
14 16 14 2
14 16 15 1
15 13 11 1
15 14 11 1
15 14 12 1
15 14 13 4
15 14 14 2
15 15 13 43
15 15 14 232
15 15 15 50
15 16 13 4
15 16 14 57
15 16 15 196
15 16 16 1
15 17 15 6
15 17 16 3
15 17 19 1
15 18 20 1
16 14 13 3
16 14 14 1
16 15 13 2
16 15 14 2
16 16 13 2
16 16 14 94
16 16 15 91
16 16 16 28
16 17 15 41
16 17 16 269
16 17 17 23
16 18 16 5
16 18 17 5
16 18 18 1
17 16 13 1
17 16 14 1
17 16 15 1
17 17 15 5
17 17 16 134
17 17 17 83
17 18 16 39
17 18 17 423
17 18 18 26
17 19 17 12
17 19 18 13
17 20 18 1
18 12 10 1
18 16 16 1
18 17 15 1
18 18 17 77
18 18 18 58
18 19 17 42
18 19 18 298
18 19 19 3
18 20 18 18
19 11 7 1
19 18 10 1
19 18 16 1
19 18 17 2
19 19 18 49
19 19 19 35
19 20 18 24
19 20 19 216
19 20 20 1
19 21 19 5
20 15 12 1
20 17 14 1
20 19 18 5
20 20 19 26
20 20 20 14
20 21 19 22
20 21 20 180
20 21 21 6
20 22 20 6
20 22 21 1
21 15 8 1
21 16 11 1
21 19 17 1
21 20 19 1
21 21 12 1
21 21 20 26
21 21 21 20
21 22 20 13
21 22 21 170
21 22 22 9
22 20 17 1
22 22 21 18
22 22 22 52
22 23 22 126
22 23 23 17
22 24 23 1
23 15 8 1
23 17 9 1
23 18 14 1
23 22 22 1
23 23 22 6
23 23 23 40
23 23 24 1
23 24 23 107
23 24 24 26
23 25 24 1
24 19 11 1
24 24 23 3
24 24 24 52
24 24 25 1
24 25 24 103
24 25 25 22
24 26 25 1
25 18 11 1
25 19 13 1
25 24 23 1
25 25 24 4
25 25 25 41
25 25 26 2
25 26 25 66
25 26 26 62
26 26 25 2
26 26 26 94
26 26 27 1
26 27 26 134
26 27 27 140
26 28 26 1
26 28 27 2
27 27 26 4
27 27 27 86
27 27 28 1
27 28 27 68
27 28 28 148
28 28 28 56
28 28 29 3
28 29 28 20
28 29 29 116
29 29 29 26
29 29 30 8
29 30 29 13
29 30 30 60
30 30 29 1
30 30 30 101
30 30 31 1
30 31 30 42
30 31 31 17
