32
0 1 0 1
1 1 0 7
1 1 1 6
1 2 1 17
2 2 1 9
2 2 2 3
2 3 2 12
2 8 12 2
2 8 13 1
2 9 14 3
2 10 14 1
2 10 15 1
2 10 16 1
2 11 16 3
3 3 2 8
3 3 3 8
3 4 2 1
3 4 3 13
3 6 11 1
3 7 4 2
3 8 4 2
3 8 5 1
3 9 8 1
3 9 14 1
3 10 15 3
3 11 15 1
3 11 16 1
3 12 16 2
4 4 3 13
4 4 4 16
4 5 4 10
4 5 5 1
4 7 12 1
4 8 4 3
4 8 5 4
4 8 7 1
4 9 5 1
4 9 11 1
4 9 17 1
4 10 7 1
4 10 8 1
4 10 12 1
4 10 13 1
4 10 14 2
4 11 11 1
4 11 14 1
4 11 16 1
4 12 16 1
5 4 3 2
5 5 4 5
5 5 5 14
5 6 4 2
5 6 5 7
5 6 6 2
5 9 6 1
5 10 8 1
5 10 14 1
5 11 12 1
5 11 14 1
5 12 15 1
6 5 3 2
6 5 4 3
6 6 4 1
6 6 5 4
6 6 6 1
6 7 6 4
6 7 8 1
6 9 8 1
6 10 8 1
6 11 14 2
7 6 4 2
7 7 6 7
7 8 6 1
7 8 7 4
7 10 8 2
7 11 15 1
7 12 15 1
8 6 3 6
8 6 4 54
8 7 4 2
8 7 5 3
8 8 7 8
8 9 8 2
8 11 8 2
9 6 3 1
9 6 4 10
9 7 4 3
9 7 5 6
9 7 6 2
9 8 5 1
9 8 6 3
9 8 8 1
9 9 7 1
9 9 8 15
9 9 9 1
9 10 8 1
9 10 9 2
9 10 12 1
9 11 10 1
9 13 9 1
9 13 15 3
9 14 17 1
10 8 7 1
10 9 8 2
10 10 8 3
10 10 9 16
10 10 10 6
10 11 10 6
10 11 12 1
10 13 16 1
10 14 16 1
11 9 8 3
11 10 8 3
11 10 9 2
11 11 9 1
11 11 10 9
11 11 11 8
11 12 10 2
11 12 11 7
12 12 10 2
12 12 11 57
12 12 12 4
12 13 11 3
12 13 12 14
12 13 14 1
12 14 14 1
12 15 18 1
13 12 10 1
13 12 11 59
13 12 12 20
13 13 11 7
13 13 12 207
13 13 13 28
13 14 12 5
13 14 13 21
13 16 13 1
13 16 18 2
14 12 10 1
14 13 11 2
14 13 12 8
14 13 13 37
14 14 12 1
14 14 13 134
14 14 14 18
14 15 13 34
14 15 14 102
15 14 12 1
15 14 13 3
15 14 14 12
15 15 13 39
15 15 14 248
15 15 15 53
15 15 16 1
15 16 13 4
15 16 14 99
15 16 15 211
15 16 16 3
16 15 13 1
16 15 14 3
16 15 15 6
16 16 13 1
16 16 14 43
16 16 15 155
16 16 16 24
16 17 15 36
16 17 16 262
16 17 17 5
16 18 16 3
16 18 17 1
17 16 14 2
17 16 15 2
17 16 16 3
17 17 14 1
17 17 15 1
17 17 16 146
17 17 17 87
17 18 16 25
17 18 17 406
17 18 18 7
17 19 17 10
17 19 18 1
18 10 6 1
18 17 16 2
18 17 17 3
18 18 16 2
18 18 17 160
18 18 18 48
18 19 17 48
18 19 18 344
18 19 19 3
18 20 18 4
19 16 15 1
19 17 16 1
19 18 17 2
19 19 17 2
19 19 18 84
19 19 19 23
19 20 18 26
19 20 19 248
19 20 20 1
19 21 19 5
20 19 18 3
20 20 19 46
20 20 20 15
20 21 19 18
20 21 20 190
20 21 21 2
20 22 20 5
20 22 21 1
21 17 13 1
21 17 14 1
21 20 19 1
21 21 20 25
21 21 21 24
21 22 20 16
21 22 21 170
21 22 22 7
22 15 8 1
22 21 20 2
22 21 21 1
22 22 21 17
22 22 22 62
22 23 21 1
22 23 22 120
22 23 23 13
23 17 12 1
23 19 16 1
23 22 22 1
23 23 22 7
23 23 23 44
23 24 23 113
23 24 24 24
23 25 24 2
24 24 23 7
24 24 24 44
24 25 24 94
24 25 25 10
25 18 11 1
25 24 24 2
25 25 24 6
25 25 25 32
25 25 26 1
25 26 25 74
25 26 26 25
25 27 26 1
26 26 25 2
26 26 26 89
26 26 27 2
26 27 26 164
26 27 27 59
26 28 27 1
27 27 26 12
27 27 27 100
27 28 27 157
27 28 28 70
27 29 28 1
28 28 28 72
28 29 28 75
28 29 29 61
29 28 29 1
29 29 29 35
29 29 30 2
29 30 29 23
29 30 30 57
30 30 30 175
30 30 31 1
30 31 30 52
30 31 31 1
