32
0 0 0 3
0 1 0 1
1 1 0 5
1 1 1 5
1 2 1 14
2 2 1 6
2 2 2 7
2 3 2 10
2 3 3 1
2 8 12 1
2 8 13 2
2 9 14 2
2 10 15 1
2 11 16 3
3 3 2 10
3 3 3 10
3 4 2 2
3 4 3 15
3 5 8 1
3 6 11 1
3 7 4 1
3 7 11 1
3 7 12 1
3 8 4 4
3 9 9 1
3 9 13 1
3 10 13 1
3 10 14 2
3 10 15 3
3 11 14 1
3 11 15 1
3 11 16 1
3 12 16 2
3 12 17 1
4 4 3 12
4 4 4 17
4 5 3 1
4 5 4 7
4 8 4 4
4 8 5 4
4 10 6 1
4 10 7 1
4 10 8 3
4 10 12 2
4 10 14 1
4 10 17 1
4 11 14 1
4 11 15 2
4 11 19 1
4 12 20 1
5 4 3 2
5 5 4 11
5 5 5 13
5 6 5 10
5 8 5 1
5 9 6 1
5 10 8 1
5 11 15 1
5 13 21 1
6 5 3 3
6 5 4 1
6 6 4 2
6 6 5 6
6 6 6 3
6 7 5 1
6 7 6 5
6 7 8 1
6 9 8 1
6 10 8 1
6 11 14 1
7 6 4 3
7 7 6 6
7 7 7 1
7 8 6 2
7 8 7 3
7 10 8 2
7 11 7 1
7 11 14 1
7 13 16 1
8 6 3 7
8 6 4 57
8 6 5 1
8 7 4 1
8 7 5 4
8 8 6 1
8 8 7 7
8 9 7 1
8 9 8 1
8 10 13 1
8 11 8 1
8 11 12 1
8 12 14 1
8 12 15 1
8 13 16 1
9 6 4 14
9 7 4 6
9 7 5 9
9 7 6 1
9 8 5 2
9 8 6 1
9 9 7 1
9 9 8 12
9 9 9 2
9 10 8 2
9 10 9 5
9 10 11 1
9 12 15 2
9 14 17 1
10 8 7 2
10 9 8 1
10 9 9 1
10 10 7 1
10 10 8 2
10 10 9 11
10 10 10 4
10 11 10 4
10 13 15 1
10 14 17 1
11 9 7 2
11 10 9 2
11 11 8 2
11 11 9 3
11 11 10 11
11 11 11 5
11 12 10 5
11 12 11 11
11 13 16 1
11 14 12 1
11 14 18 1
11 15 17 1
12 10 9 1
12 12 9 1
12 12 10 1
12 12 11 64
12 12 12 3
12 13 11 2
12 13 12 15
12 14 12 1
12 14 16 1
12 15 13 1
12 15 17 1
13 12 11 67
13 12 12 10
13 13 10 1
13 13 11 9
13 13 12 202
13 13 13 30
13 14 12 3
13 14 13 18
13 15 15 1
14 12 11 1
14 13 10 1
14 13 11 2
14 13 12 17
14 13 13 27
14 14 12 2
14 14 13 124
14 14 14 18
14 15 13 22
14 15 14 88
14 15 15 1
14 16 14 2
14 16 15 1
15 14 12 1
15 14 13 6
15 14 14 5
15 15 13 32
15 15 14 226
15 15 15 58
15 16 13 2
15 16 14 82
15 16 15 211
15 16 17 1
15 17 15 3
16 14 13 2
16 15 13 3
16 15 15 5
16 16 13 1
16 16 14 63
16 16 15 130
16 16 16 33
16 16 17 1
16 17 15 45
16 17 16 248
16 17 17 2
17 15 14 1
17 16 14 2
17 16 15 2
17 16 16 2
17 17 15 4
17 17 16 176
17 17 17 79
17 18 16 28
17 18 17 374
17 18 18 13
17 19 17 11
17 19 18 5
18 17 16 2
18 17 17 2
18 18 17 149
18 18 18 33
18 19 17 41
18 19 18 362
18 19 19 5
18 20 18 4
18 20 19 1
19 12 9 1
19 17 15 1
19 18 17 2
19 19 17 4
19 19 18 84
19 19 19 22
19 19 20 1
19 20 18 30
19 20 19 250
19 20 20 2
19 21 19 3
20 13 7 1
20 19 18 1
20 20 19 54
20 20 20 18
20 21 19 16
20 21 20 187
20 21 21 2
20 22 20 5
20 22 21 1
21 14 7 1
21 16 10 1
21 17 13 1
21 17 15 1
21 20 19 4
21 21 20 34
21 21 21 15
21 22 20 9
21 22 21 187
21 22 22 5
22 19 16 1
22 21 21 1
22 22 21 13
22 22 22 68
22 23 22 138
22 23 23 17
23 15 8 1
23 16 11 1
23 17 10 1
23 22 22 3
23 23 22 10
23 23 23 57
23 23 24 1
23 24 23 109
23 24 24 40
24 17 9 1
24 23 22 1
24 24 23 10
24 24 24 59
24 25 24 97
24 25 25 14
25 18 12 1
25 19 14 1
25 25 24 7
25 25 25 24
25 25 26 2
25 26 25 77
25 26 26 31
26 26 25 8
26 26 26 78
26 26 27 1
26 27 26 174
26 27 27 48
26 28 26 3
26 28 27 2
27 27 26 13
27 27 27 98
27 27 28 2
27 28 27 136
27 28 28 71
27 29 28 1
28 28 27 2
28 28 28 75
28 29 28 65
28 29 29 66
29 29 29 32
29 29 30 1
29 30 29 28
29 30 30 56
30 30 30 174
30 30 31 2
30 31 30 56
30 31 31 3
