32
0 1 0 3
1 1 0 6
1 1 1 4
1 2 0 1
1 2 1 16
2 2 1 10
2 2 2 3
2 3 1 2
2 3 2 9
2 5 11 1
2 8 12 1
2 8 13 1
2 9 13 2
2 9 14 4
2 10 14 1
2 11 15 2
2 11 16 2
2 11 17 1
3 3 2 15
3 3 3 10
3 4 3 12
3 5 8 1
3 6 11 2
3 7 4 3
3 7 13 1
3 8 4 2
3 8 5 1
3 10 12 1
3 10 13 1
3 10 14 2
3 10 15 4
3 11 15 1
3 11 16 1
3 11 17 1
3 12 16 2
3 12 17 1
4 4 3 15
4 4 4 18
4 5 4 9
4 5 5 1
4 8 4 2
4 8 5 1
4 9 5 3
4 9 8 2
4 9 10 1
4 10 9 1
4 10 10 1
4 10 17 2
4 11 10 1
4 11 15 2
4 11 18 1
4 12 16 1
5 4 3 3
5 5 3 1
5 5 4 6
5 5 5 10
5 6 4 1
5 6 5 3
5 6 6 1
5 8 5 1
5 9 5 1
5 9 6 1
5 9 7 1
5 10 12 2
5 11 10 1
5 11 14 1
5 12 20 1
5 13 21 1
6 4 3 1
6 5 3 1
6 5 4 1
6 6 5 8
6 6 6 2
6 7 6 3
6 9 7 1
6 10 7 1
7 5 4 1
7 6 4 3
7 6 5 1
7 7 6 6
7 7 7 2
7 8 6 1
7 8 7 3
7 8 9 1
7 9 6 1
7 10 8 1
7 11 14 2
8 6 3 5
8 6 4 51
8 7 4 1
8 7 5 3
8 7 6 1
8 8 6 2
8 8 7 8
8 8 8 3
8 9 7 1
8 9 8 3
8 10 11 1
8 11 11 1
8 12 15 1
8 12 16 1
8 13 16 1
9 6 4 10
9 7 4 4
9 7 5 3
9 8 5 2
9 8 6 4
9 8 7 2
9 9 7 4
9 9 8 13
9 9 9 1
9 9 10 1
9 10 9 2
9 11 14 1
9 12 9 1
9 12 15 1
10 8 6 1
10 8 7 2
10 9 7 2
10 9 8 1
10 10 9 8
10 10 10 5
10 11 8 2
10 11 9 1
10 11 10 5
10 13 10 1
10 13 15 1
10 14 16 1
11 10 8 1
11 10 9 3
11 10 12 1
11 11 9 3
11 11 10 18
11 11 11 5
11 12 10 1
11 12 11 10
11 13 11 1
11 13 15 1
11 14 16 1
12 12 10 4
12 12 11 56
12 12 12 1
12 13 12 6
12 13 13 1
12 14 16 1
12 15 13 1
12 16 17 1
13 12 10 1
13 12 11 71
13 12 12 16
13 13 11 7
13 13 12 171
13 13 13 25
13 14 12 2
13 14 13 15
13 15 17 1
13 15 18 1
13 16 18 1
14 12 10 1
14 12 11 1
14 12 12 1
14 13 11 2
14 13 12 23
14 13 13 25
14 14 12 4
14 14 13 145
14 14 14 11
14 15 13 27
14 15 14 97
14 15 15 1
14 15 16 1
14 16 14 2
14 16 17 1
15 13 10 1
15 14 12 1
15 14 13 10
15 14 14 11
15 15 13 34
15 15 14 259
15 15 15 40
15 16 13 5
15 16 14 104
15 16 15 162
15 16 17 1
15 17 15 2
15 17 17 1
16 14 13 2
16 15 13 1
16 15 14 3
16 15 15 19
16 16 13 1
16 16 14 63
16 16 15 143
16 16 16 28
16 17 15 53
16 17 16 261
16 17 17 1
16 18 16 5
17 16 15 4
17 16 16 1
17 17 15 3
17 17 16 162
17 17 17 106
17 18 16 31
17 18 17 360
17 18 18 4
17 19 17 6
17 19 18 3
18 16 15 1
18 17 16 2
18 17 17 2
18 18 17 171
18 18 18 42
18 19 17 48
18 19 18 335
18 19 19 5
18 20 18 4
19 13 9 1
19 15 10 1
19 18 16 1
19 18 17 2
19 19 18 103
19 19 19 18
19 20 18 22
19 20 19 241
19 20 20 2
19 21 19 1
20 11 6 1
20 14 7 1
20 19 19 1
20 20 19 40
20 20 20 24
20 21 19 17
20 21 20 179
20 21 21 4
20 22 20 3
20 22 21 1
21 17 13 1
21 21 20 44
21 21 21 22
21 22 20 11
21 22 21 164
21 22 22 5
21 23 22 2
22 19 16 1
22 21 20 1
22 22 21 22
22 22 22 65
22 23 22 116
22 23 23 15
22 24 22 1
23 15 8 1
23 15 9 1
23 16 12 1
23 22 22 1
23 23 22 8
23 23 23 35
23 24 23 100
23 24 24 23
23 25 24 1
24 17 9 1
24 18 11 1
24 19 15 1
24 24 23 8
24 24 24 46
24 24 25 1
24 25 24 115
24 25 25 17
24 26 24 1
25 18 12 1
25 24 24 1
25 25 24 4
25 25 25 39
25 25 26 1
25 26 25 64
25 26 26 12
26 26 25 9
26 26 26 83
26 26 27 1
26 27 26 164
26 27 27 32
26 28 26 1
26 28 27 1
27 27 26 17
27 27 27 114
27 28 27 154
27 28 28 49
28 28 27 6
28 28 28 83
28 28 29 1
28 29 28 75
28 29 29 55
29 29 29 55
29 30 29 17
29 30 30 42
30 30 30 190
30 30 31 1
30 31 30 60
