32
0 0 0 2
0 1 0 3
1 1 0 5
1 1 1 7
1 2 1 13
2 2 1 10
2 2 2 8
2 3 1 2
2 3 2 18
2 5 9 1
2 8 13 2
2 9 13 1
2 9 14 2
2 10 15 3
2 11 15 1
2 11 16 4
2 11 17 1
2 12 16 1
2 12 17 1
3 3 2 10
3 3 3 7
3 4 2 1
3 4 3 14
3 5 8 1
3 5 9 1
3 6 11 1
3 7 4 2
3 7 12 1
3 7 13 1
3 8 4 5
3 9 5 1
3 9 13 1
3 9 14 1
3 10 14 4
3 11 13 1
3 11 15 1
3 11 16 1
3 12 16 1
3 12 17 1
4 4 2 1
4 4 3 21
4 4 4 19
4 5 3 1
4 5 4 6
4 5 5 2
4 5 7 1
4 8 4 2
4 8 5 1
4 9 5 2
4 9 7 1
4 9 11 1
4 10 8 1
4 10 9 2
4 10 12 1
4 10 17 2
4 11 15 1
4 11 19 1
4 12 16 1
5 5 4 6
5 5 5 9
5 6 4 3
5 6 5 6
5 8 5 2
5 9 6 1
5 9 13 1
5 10 7 2
5 10 13 1
5 10 14 1
5 11 14 1
5 11 15 1
5 12 16 1
6 4 2 1
6 5 3 3
6 6 4 2
6 6 5 10
6 7 5 1
6 7 6 3
6 7 7 1
6 10 7 1
6 10 14 1
6 11 10 1
6 13 20 1
6 13 21 1
7 6 4 4
7 6 5 1
7 7 5 2
7 7 6 4
7 7 7 3
7 8 6 1
7 8 7 2
7 9 8 1
8 6 3 7
8 6 4 42
8 7 5 5
8 7 7 1
8 8 6 1
8 8 7 5
8 8 8 5
8 9 8 3
8 10 12 1
8 11 11 1
8 11 14 1
8 12 9 1
8 12 15 1
8 13 16 1
8 14 17 1
9 6 3 2
9 6 4 14
9 7 4 3
9 7 5 9
9 8 6 2
9 8 7 1
9 9 7 1
9 9 8 12
9 9 9 3
9 10 8 1
9 10 9 3
9 11 12 1
9 11 14 1
9 13 16 1
10 7 5 1
10 8 6 3
10 9 7 1
10 10 8 5
10 10 9 18
10 10 10 3
10 11 9 2
10 11 10 3
10 14 16 1
11 9 7 1
11 9 8 2
11 10 9 1
11 10 12 1
11 11 8 1
11 11 9 4
11 11 10 28
11 11 11 5
11 12 10 4
11 12 11 8
11 13 11 1
11 13 15 1
11 14 16 1
12 11 10 2
12 12 10 4
12 12 11 54
12 12 12 8
12 12 13 1
12 13 11 4
12 13 12 8
12 13 16 1
12 14 14 1
13 12 9 1
13 12 10 2
13 12 11 81
13 12 12 7
13 13 10 1
13 13 11 16
13 13 12 176
13 13 13 21
13 14 12 4
13 14 13 14
13 15 14 1
13 15 17 1
13 16 13 1
14 13 10 1
14 13 11 3
14 13 12 32
14 13 13 17
14 14 12 3
14 14 13 140
14 14 14 14
14 14 15 2
14 15 13 32
14 15 14 98
14 15 15 1
14 16 14 2
14 16 18 1
14 17 19 1
15 13 10 1
15 13 12 1
15 14 12 1
15 14 13 10
15 14 14 13
15 15 13 49
15 15 14 259
15 15 15 29
15 16 13 2
15 16 14 105
15 16 15 174
15 16 16 1
15 16 17 1
15 17 15 3
15 17 16 2
15 18 19 1
16 14 14 1
16 15 13 3
16 15 14 5
16 15 15 7
16 15 16 1
16 16 13 1
16 16 14 82
16 16 15 148
16 16 16 26
16 17 15 47
16 17 16 252
16 17 17 3
16 18 16 6
16 18 17 2
17 15 15 1
17 16 14 2
17 16 16 3
17 17 15 6
17 17 16 161
17 17 17 93
17 18 16 29
17 18 17 384
17 18 18 5
17 19 17 7
18 10 7 1
18 17 16 1
18 18 17 161
18 18 18 49
18 19 17 55
18 19 18 360
18 19 19 3
18 20 18 2
18 20 19 1
19 17 15 1
19 17 16 1
19 18 10 1
19 18 17 2
19 19 18 93
19 19 19 24
19 20 18 23
19 20 19 239
19 20 20 2
19 21 19 6
20 12 6 1
20 15 10 1
20 20 19 55
20 20 20 16
20 21 19 19
20 21 20 196
20 21 21 2
20 22 20 4
20 22 21 1
21 17 14 1
21 18 9 1
21 18 15 1
21 20 19 1
21 21 20 36
21 21 21 21
21 22 20 11
21 22 21 183
21 22 22 5
22 14 8 2
22 20 17 1
22 21 20 1
22 22 21 23
22 22 22 78
22 23 22 141
22 23 23 22
23 17 13 1
23 22 22 1
23 23 22 11
23 23 23 77
23 23 24 1
23 24 23 110
23 24 24 57
24 17 9 1
24 18 10 1
24 24 23 4
24 24 24 72
24 24 25 1
24 25 23 1
24 25 24 98
24 25 25 25
25 18 12 1
25 24 24 2
25 25 24 6
25 25 25 31
25 26 25 69
25 26 26 17
26 26 25 3
26 26 26 84
26 27 26 172
26 27 27 32
26 28 27 1
27 27 26 25
27 27 27 97
27 28 27 146
27 28 28 63
27 28 29 1
28 28 27 8
28 28 28 77
28 28 29 1
28 29 27 1
28 29 28 79
28 29 29 60
29 29 29 44
29 30 29 18
29 30 30 46
30 30 30 244
30 31 30 59
30 31 31 2
