32
0 0 0 2
0 1 0 3
1 1 0 5
1 1 1 8
1 2 1 18
2 2 1 10
2 2 2 3
2 3 1 1
2 3 2 10
2 3 3 1
2 9 14 2
2 11 15 1
2 11 16 1
2 11 17 1
3 3 2 10
3 3 3 7
3 4 3 11
3 5 8 2
3 6 11 1
3 7 3 1
3 7 12 1
3 8 4 3
3 8 5 1
3 10 13 2
3 10 14 2
3 10 15 3
3 11 15 2
3 12 16 3
3 12 17 1
4 4 2 1
4 4 3 18
4 4 4 16
4 5 4 7
4 5 5 1
4 8 4 3
4 8 5 4
4 9 5 2
4 9 8 1
4 9 12 1
4 10 7 1
4 10 8 1
4 10 12 1
4 10 14 1
4 10 17 1
4 11 9 2
4 11 18 1
4 12 16 1
4 13 21 1
5 4 3 1
5 5 4 12
5 5 5 16
5 5 6 1
5 6 5 7
5 7 8 1
5 8 5 1
5 9 6 1
5 10 8 1
5 10 14 2
5 12 16 3
6 5 3 3
6 5 4 1
6 6 4 4
6 6 5 10
6 6 6 2
6 7 6 4
6 8 7 1
6 9 11 1
6 10 7 2
6 10 12 1
6 11 9 1
6 11 14 2
7 7 6 8
7 7 7 1
7 8 6 3
7 8 7 4
7 9 7 1
7 10 7 1
7 10 13 2
7 11 14 1
8 6 3 3
8 6 4 46
8 7 5 7
8 7 7 1
8 8 6 1
8 8 7 17
8 8 8 3
8 8 9 1
8 8 11 1
8 9 7 3
8 9 8 7
8 9 11 2
8 10 8 1
8 11 9 1
8 12 14 1
8 12 16 1
9 6 4 12
9 7 4 5
9 7 5 2
9 8 5 2
9 8 6 4
9 9 8 26
9 9 9 3
9 10 8 1
9 10 9 9
9 11 9 1
9 11 10 1
9 11 12 1
10 8 7 1
10 9 7 1
10 10 7 1
10 10 8 4
10 10 9 18
10 10 10 4
10 11 9 8
10 11 10 9
10 11 11 1
10 12 10 1
10 13 15 1
10 15 18 1
11 10 9 2
11 10 10 1
11 11 8 1
11 11 9 8
11 11 10 32
11 11 11 4
11 12 10 12
11 12 11 14
11 12 12 1
11 13 13 1
11 14 15 1
11 14 16 1
12 10 9 1
12 11 9 1
12 11 10 1
12 12 10 8
12 12 11 99
12 12 12 7
12 13 11 4
12 13 12 16
13 12 10 2
13 12 11 71
13 12 12 8
13 13 11 13
13 13 12 178
13 13 13 15
13 14 12 6
13 14 13 17
13 14 14 1
13 14 15 1
13 15 17 1
13 16 14 1
13 17 18 1
14 12 10 1
14 13 10 1
14 13 11 4
14 13 12 20
14 13 13 28
14 14 12 3
14 14 13 138
14 14 14 6
14 15 13 34
14 15 14 116
14 15 16 1
14 16 14 1
14 16 16 1
14 16 18 1
15 12 12 1
15 14 13 10
15 14 14 12
15 15 13 42
15 15 14 268
15 15 15 42
15 16 14 93
15 16 15 171
15 16 17 1
15 17 15 4
16 14 13 1
16 15 13 1
16 15 14 7
16 15 15 3
16 16 13 2
16 16 14 71
16 16 15 142
16 16 16 24
16 17 15 41
16 17 16 270
16 17 17 1
16 18 16 5
17 15 14 1
17 16 15 3
17 16 16 2
17 17 15 6
17 17 16 167
17 17 17 91
17 18 16 32
17 18 17 388
17 19 17 11
17 19 18 4
18 9 5 1
18 13 11 1
18 17 16 2
18 17 18 1
18 18 17 160
18 18 18 42
18 19 17 54
18 19 18 326
18 19 19 2
18 20 18 7
19 18 16 1
19 18 17 2
19 19 17 2
19 19 18 93
19 19 19 30
19 20 18 24
19 20 19 226
19 20 20 1
19 21 19 2
20 12 6 1
20 14 10 1
20 15 10 1
20 20 19 56
20 20 20 18
20 21 19 14
20 21 20 184
20 21 21 3
20 22 20 4
21 20 18 1
21 21 19 1
21 21 20 36
21 21 21 26
21 22 20 11
21 22 21 180
21 22 22 8
22 14 8 1
22 17 13 1
22 18 16 1
22 20 18 1
22 22 21 18
22 22 22 78
22 23 22 138
22 23 23 29
23 14 8 1
23 18 10 1
23 18 13 1
23 19 16 1
23 22 22 5
23 23 22 10
23 23 23 67
23 23 24 1
23 24 23 100
23 24 24 54
23 25 24 1
24 16 9 1
24 23 23 1
24 24 23 7
24 24 24 66
24 24 25 1
24 25 24 94
24 25 25 32
25 18 12 1
25 24 23 1
25 25 24 4
25 25 25 37
25 25 26 1
25 26 25 75
25 26 26 23
26 26 25 7
26 26 26 100
26 27 26 182
26 27 27 38
27 27 26 24
27 27 27 95
27 27 28 1
27 28 27 153
27 28 28 47
27 28 29 1
28 28 27 7
28 28 28 82
28 28 29 3
28 29 28 78
28 29 29 52
29 29 29 59
29 30 29 25
29 30 30 37
30 30 30 188
30 31 30 65
