32
0 1 0 3
1 1 0 3
1 1 1 4
1 2 1 15
2 2 1 10
2 2 2 1
2 3 1 1
2 3 2 17
2 8 12 2
2 8 13 2
2 9 13 1
2 9 14 1
2 10 14 1
2 10 15 4
2 11 15 1
2 11 16 3
3 3 2 21
3 3 3 12
3 4 3 10
3 5 9 1
3 6 10 1
3 6 11 2
3 7 3 1
3 7 13 1
3 8 4 4
3 8 5 1
3 8 6 1
3 9 7 1
3 9 13 1
3 10 13 2
3 10 14 3
3 10 15 2
3 11 13 1
3 11 16 1
3 12 16 3
3 12 17 1
4 4 2 1
4 4 3 20
4 4 4 14
4 5 4 8
4 5 5 1
4 5 8 1
4 8 4 3
4 8 5 2
4 9 5 2
4 10 8 2
4 10 9 1
4 10 13 1
4 10 17 1
4 11 8 1
4 11 15 1
4 11 19 1
4 13 21 1
5 4 3 1
5 5 4 6
5 5 5 10
5 5 6 1
5 6 4 3
5 6 5 5
5 8 5 1
5 9 6 1
5 10 10 1
5 10 11 1
5 11 14 1
5 11 15 2
6 5 3 3
6 5 4 1
6 6 4 1
6 6 5 8
6 6 6 1
6 7 6 3
6 10 14 1
6 11 10 1
6 11 14 1
6 11 15 1
6 12 15 1
7 5 3 1
7 6 4 2
7 6 5 1
7 7 6 4
7 7 7 3
7 8 7 2
7 9 8 1
7 10 7 1
7 11 7 1
7 12 14 1
7 13 17 1
8 6 3 7
8 6 4 45
8 7 5 5
8 8 6 1
8 8 7 12
8 8 8 3
8 9 8 2
8 11 14 1
8 11 15 1
8 13 16 1
9 6 4 10
9 7 4 4
9 7 5 6
9 8 5 2
9 8 6 3
9 8 7 1
9 9 8 14
9 9 9 3
9 10 8 2
9 10 9 7
9 10 11 1
9 11 11 1
9 11 14 1
9 12 14 1
10 8 6 1
10 9 7 1
10 9 8 1
10 10 8 5
10 10 9 14
10 10 10 5
10 11 9 1
10 11 10 2
10 11 11 1
10 13 10 1
10 13 16 1
10 14 16 1
11 9 7 1
11 10 9 3
11 11 8 1
11 11 9 4
11 11 10 7
11 11 11 4
11 12 10 1
11 12 11 12
11 13 15 1
11 15 17 1
12 11 9 1
12 11 10 1
12 12 9 1
12 12 10 6
12 12 11 51
12 12 12 4
12 12 13 1
12 13 12 7
12 13 16 1
12 14 18 1
13 12 10 5
13 12 11 78
13 12 12 10
13 13 10 1
13 13 11 11
13 13 12 172
13 13 13 26
13 14 12 4
13 14 13 14
13 14 15 1
13 15 14 1
13 16 17 1
13 17 18 1
14 12 11 1
14 13 11 2
14 13 12 15
14 13 13 24
14 14 12 3
14 14 13 146
14 14 14 16
14 15 13 35
14 15 14 108
14 15 15 3
14 16 14 1
15 13 10 1
15 14 12 1
15 14 13 17
15 14 14 14
15 15 13 45
15 15 14 255
15 15 15 45
15 16 13 4
15 16 14 105
15 16 15 160
15 16 16 1
15 17 15 3
16 14 13 1
16 15 13 4
16 15 14 7
16 15 15 12
16 16 14 69
16 16 15 159
16 16 16 28
16 16 17 1
16 17 15 39
16 17 16 269
16 17 17 1
16 18 16 3
16 18 17 4
17 16 14 1
17 16 15 5
17 16 16 3
17 17 15 5
17 17 16 155
17 17 17 92
17 18 16 37
17 18 17 371
17 18 18 5
17 19 17 11
17 19 18 1
18 17 15 1
18 17 17 1
18 18 17 170
18 18 18 42
18 19 17 49
18 19 18 344
18 19 19 5
18 20 18 13
18 20 19 1
19 13 9 1
19 17 16 1
19 18 17 1
19 19 17 1
19 19 18 76
19 19 19 29
19 20 18 26
19 20 19 228
19 20 20 1
19 21 19 3
20 12 6 1
20 15 10 1
20 19 17 1
20 19 18 1
20 20 18 1
20 20 19 44
20 20 20 16
20 21 19 12
20 21 20 186
20 21 21 4
20 22 20 3
21 17 14 1
21 18 16 1
21 20 19 2
21 21 20 38
21 21 21 20
21 22 20 10
21 22 21 168
21 22 22 4
22 15 8 1
22 19 17 1
22 21 20 1
22 22 21 20
22 22 22 56
22 23 22 130
22 23 23 13
23 15 8 1
23 17 13 1
23 22 22 2
23 23 22 8
23 23 23 37
23 24 23 105
23 24 24 23
24 17 9 1
24 18 11 1
24 23 23 1
24 24 23 6
24 24 24 49
24 24 25 1
24 25 24 91
24 25 25 16
25 18 12 1
25 24 24 2
25 25 24 2
25 25 25 29
25 25 26 1
25 26 25 84
25 26 26 22
25 27 26 1
26 26 25 5
26 26 26 88
26 27 26 192
26 27 27 31
26 28 27 1
27 27 26 17
27 27 27 105
27 27 28 1
27 28 27 147
27 28 28 53
28 28 27 3
28 28 28 80
28 29 28 80
28 29 29 57
29 29 29 51
29 30 29 22
29 30 30 44
30 30 30 194
30 30 31 1
30 31 30 45
30 31 31 1
