32
0 0 0 2
1 1 0 5
1 1 1 4
1 2 1 12
2 2 1 10
2 2 2 3
2 3 1 1
2 3 2 14
2 8 13 2
2 9 14 3
2 10 15 1
2 11 16 3
2 11 17 1
2 12 17 1
3 3 2 12
3 3 3 10
3 4 2 2
3 4 3 13
3 5 8 2
3 5 9 1
3 6 10 1
3 6 11 1
3 7 4 2
3 8 4 1
3 8 5 1
3 10 13 2
3 10 14 2
3 11 14 1
3 11 15 2
3 11 16 1
3 12 16 1
3 12 17 2
4 4 2 2
4 4 3 14
4 4 4 13
4 5 3 2
4 5 4 7
4 5 5 1
4 5 6 1
4 5 7 1
4 6 10 1
4 7 12 2
4 8 4 2
4 8 5 4
4 9 5 1
4 9 8 1
4 9 16 1
4 10 8 2
4 10 14 1
4 11 9 2
4 11 10 1
4 11 15 1
4 11 18 1
4 12 16 2
5 4 2 1
5 4 3 1
5 5 4 10
5 5 5 6
5 6 4 1
5 6 5 2
5 8 5 1
5 8 14 1
5 9 16 1
5 10 12 1
5 10 17 1
5 11 13 1
5 11 15 2
5 12 16 2
5 12 20 1
5 13 21 1
6 5 3 2
6 6 4 3
6 6 5 5
6 6 6 2
6 7 5 1
6 7 6 1
6 10 7 1
6 10 14 1
6 11 10 1
6 11 16 1
6 13 17 1
6 13 20 1
7 5 3 2
7 5 4 2
7 6 4 1
7 6 5 1
7 7 5 2
7 7 6 9
7 7 7 2
7 8 6 1
7 8 7 1
7 10 7 1
7 12 19 1
7 13 16 1
8 6 3 21
8 6 4 55
8 6 5 1
8 7 4 1
8 7 5 5
8 8 6 3
8 8 7 10
8 8 8 4
8 9 8 5
8 10 14 1
8 11 14 1
8 11 15 1
8 12 15 2
8 13 15 1
9 6 4 3
9 7 4 4
9 7 5 5
9 7 6 1
9 8 6 5
9 9 7 3
9 9 8 10
9 9 9 3
9 9 10 1
9 10 8 1
9 10 9 4
9 10 12 1
9 12 15 1
9 13 16 1
10 8 7 1
10 9 7 1
10 9 8 1
10 10 7 3
10 10 8 4
10 10 9 16
10 10 10 5
10 11 9 3
10 11 10 1
10 13 15 1
10 13 16 1
10 14 16 1
11 9 8 2
11 10 9 2
11 10 10 1
11 10 11 1
11 10 12 1
11 11 8 1
11 11 9 2
11 11 10 9
11 11 11 5
11 12 10 2
11 12 11 7
11 12 12 1
11 15 17 1
12 11 10 4
12 12 9 1
12 12 10 28
12 12 11 77
12 12 12 6
12 13 11 1
12 13 12 6
12 14 12 1
13 11 9 1
13 12 10 5
13 12 11 61
13 12 12 12
13 13 10 1
13 13 11 15
13 13 12 155
13 13 13 17
13 14 12 3
13 14 13 13
13 15 13 2
13 15 17 1
14 13 11 3
14 13 12 15
14 13 13 31
14 14 12 6
14 14 13 135
14 14 14 19
14 15 13 13
14 15 14 62
14 15 16 1
14 16 14 3
14 16 16 1
15 12 12 1
15 13 11 1
15 14 13 8
15 14 14 3
15 15 13 50
15 15 14 249
15 15 15 33
15 16 13 11
15 16 14 87
15 16 15 135
15 16 16 2
15 16 17 1
15 17 15 3
15 17 16 2
15 17 19 1
16 15 13 7
16 15 14 9
16 15 15 12
16 16 13 2
16 16 14 57
16 16 15 146
16 16 16 22
16 17 15 46
16 17 16 246
16 17 17 5
16 18 16 3
16 18 17 1
16 18 19 1
17 15 13 1
17 15 15 1
17 16 14 2
17 16 15 4
17 16 16 2
17 17 15 2
17 17 16 170
17 17 17 95
17 18 16 36
17 18 17 360
17 18 18 1
17 19 17 13
17 19 18 1
18 10 5 1
18 17 15 2
18 17 16 3
18 17 17 3
18 18 17 142
18 18 18 31
18 19 17 42
18 19 18 281
18 19 19 2
18 20 18 4
19 10 5 2
19 12 9 1
19 18 16 2
19 18 17 3
19 19 18 83
19 19 19 17
19 20 18 27
19 20 19 212
19 20 20 6
19 21 19 6
20 14 8 1
20 17 14 1
20 19 11 1
20 19 18 1
20 20 19 50
20 20 20 23
20 21 19 19
20 21 20 177
21 16 11 1
21 18 15 1
21 19 10 1
21 20 19 1
21 21 20 40
21 21 21 22
21 22 20 10
21 22 21 164
21 22 22 8
22 14 7 1
22 19 16 1
22 21 20 2
22 22 21 16
22 22 22 48
22 23 22 128
22 23 23 11
23 15 8 1
23 17 13 1
23 22 22 5
23 23 22 12
23 23 23 38
23 24 23 129
23 24 24 22
24 17 9 1
24 24 23 5
24 24 24 65
24 25 24 118
24 25 25 19
24 26 25 1
25 18 11 1
25 18 12 1
25 25 24 5
25 25 25 40
25 25 26 1
25 26 25 62
25 26 26 25
25 27 26 1
26 26 25 3
26 26 26 103
26 27 26 182
26 27 27 30
26 28 26 1
26 28 27 2
27 27 26 12
27 27 27 92
27 28 27 130
27 28 28 44
27 29 28 1
28 28 27 3
28 28 28 87
28 29 28 68
28 29 29 56
29 29 28 1
29 29 29 54
29 30 29 22
29 30 30 43
30 30 30 145
30 30 31 1
30 31 30 40
