32
0 1 0 2
1 1 0 7
1 1 1 6
1 2 1 13
1 3 1 1
2 2 1 14
2 2 2 5
2 3 2 16
2 6 11 1
2 6 12 1
2 8 12 1
2 8 13 2
2 9 14 1
2 10 15 3
2 10 16 1
2 11 16 1
2 11 17 1
2 12 16 2
3 3 2 10
3 3 3 6
3 4 3 19
3 5 8 1
3 6 11 2
3 7 4 2
3 8 4 6
3 9 7 1
3 9 14 2
3 10 14 4
3 10 15 2
3 12 16 2
4 4 3 14
4 4 4 16
4 4 5 1
4 5 4 12
4 5 5 2
4 7 13 1
4 8 4 1
4 8 5 1
4 9 5 1
4 9 12 1
4 10 7 2
4 10 8 2
4 10 9 2
4 10 13 1
4 10 18 1
4 11 10 1
4 11 14 1
4 11 16 2
4 11 19 1
5 5 4 11
5 5 5 11
5 5 7 1
5 6 4 1
5 6 5 6
5 6 8 1
5 8 5 2
5 9 6 1
5 10 10 1
5 10 17 1
5 11 16 1
5 13 21 1
6 5 3 2
6 5 4 1
6 6 4 2
6 6 5 9
6 6 6 2
6 7 6 3
6 7 8 1
6 9 6 1
6 10 7 1
6 10 14 3
6 11 9 1
6 11 14 1
6 12 15 2
7 5 3 1
7 6 4 1
7 6 5 1
7 7 6 5
7 7 7 3
7 9 8 1
7 11 14 1
7 12 15 1
7 13 17 1
8 6 3 3
8 6 4 48
8 7 4 1
8 7 5 5
8 8 6 2
8 8 7 10
8 8 8 1
8 9 8 5
8 10 11 1
8 12 14 1
9 6 3 1
9 6 4 8
9 7 4 5
9 7 5 4
9 8 5 2
9 8 6 5
9 8 7 1
9 9 8 13
9 9 9 3
9 10 8 1
9 10 9 5
9 11 9 1
9 12 14 1
9 12 15 1
10 8 7 2
10 9 7 1
10 9 8 2
10 10 8 6
10 10 9 16
10 10 10 3
10 11 9 1
10 11 10 3
10 11 11 1
10 13 10 1
10 14 16 1
11 9 8 1
11 10 8 1
11 11 8 1
11 11 9 1
11 11 10 8
11 11 11 2
11 12 10 2
11 12 11 8
11 13 15 1
11 13 16 1
12 11 9 2
12 11 10 3
12 12 10 6
12 12 11 59
12 12 12 8
12 13 11 1
12 13 12 6
12 15 13 1
12 15 17 1
12 16 18 1
13 11 10 1
13 12 10 5
13 12 11 57
13 12 12 16
13 13 11 16
13 13 12 183
13 13 13 16
13 14 12 5
13 14 13 7
14 13 11 4
14 13 12 23
14 13 13 25
14 14 12 1
14 14 13 145
14 14 14 19
14 15 13 32
14 15 14 101
14 15 15 1
14 16 14 2
14 16 15 1
14 16 19 1
14 17 19 1
15 12 12 1
15 13 10 1
15 14 13 13
15 14 14 11
15 15 13 49
15 15 14 275
15 15 15 34
15 16 13 4
15 16 14 113
15 16 15 164
15 16 16 1
15 17 15 1
15 17 16 1
16 14 12 1
16 15 13 1
16 15 14 6
16 15 15 17
16 16 14 70
16 16 15 157
16 16 16 21
16 17 15 42
16 17 16 255
16 17 17 2
16 18 16 3
17 15 15 1
17 16 15 2
17 17 15 3
17 17 16 171
17 17 17 88
17 18 16 21
17 18 17 386
17 18 18 8
17 19 17 13
17 19 18 2
18 17 15 1
18 17 17 2
18 18 16 1
18 18 17 160
18 18 18 44
18 19 17 33
18 19 18 328
18 19 19 5
18 20 18 3
19 18 16 1
19 18 17 3
19 18 18 1
19 19 17 1
19 19 18 90
19 19 19 22
19 20 18 24
19 20 19 226
19 20 20 4
19 21 19 3
20 12 6 1
20 13 8 1
20 19 17 2
20 20 19 48
20 20 20 21
20 21 19 12
20 21 20 170
20 22 20 3
21 16 11 1
21 17 15 1
21 19 11 1
21 20 19 2
21 21 20 32
21 21 21 24
21 22 20 12
21 22 21 169
21 22 22 5
22 13 7 1
22 17 14 1
22 19 17 1
22 21 20 2
22 21 21 1
22 22 21 18
22 22 22 54
22 23 22 132
22 23 23 17
23 16 8 1
23 19 15 1
23 22 22 3
23 23 22 7
23 23 23 36
23 24 23 116
23 24 24 20
23 25 23 1
24 16 9 1
24 18 11 1
24 24 23 6
24 24 24 64
24 25 24 112
24 25 25 18
24 26 25 1
25 19 12 1
25 24 24 3
25 25 24 9
25 25 25 27
25 26 25 84
25 26 26 22
25 27 26 1
26 26 25 7
26 26 26 105
26 27 26 183
26 27 27 31
26 28 26 1
27 27 26 15
27 27 27 99
27 28 27 128
27 28 28 64
28 28 27 2
28 28 28 85
28 29 28 65
28 29 29 65
29 29 29 48
29 29 30 1
29 30 29 20
29 30 30 38
30 30 30 167
30 30 31 1
30 31 30 31
30 31 31 2
