32
0 1 0 1
1 1 0 6
1 1 1 6
1 2 1 8
2 2 1 9
2 2 2 5
2 3 2 16
2 3 3 1
2 8 13 3
2 9 13 1
2 9 14 2
2 10 14 1
2 10 15 1
2 10 16 2
2 11 16 3
2 12 17 2
3 3 2 13
3 3 3 6
3 4 2 2
3 4 3 17
3 4 4 2
3 6 10 1
3 7 3 1
3 7 12 1
3 8 4 1
3 8 5 2
3 10 14 3
3 10 15 1
3 11 13 1
3 11 15 1
3 11 16 2
3 12 17 3
4 4 3 12
4 4 4 15
4 5 3 1
4 5 4 14
4 5 5 2
4 5 6 1
4 5 8 1
4 8 4 5
4 8 5 3
4 9 5 2
4 9 9 1
4 9 12 1
4 9 16 1
4 10 7 1
4 10 8 1
4 10 15 1
4 10 18 1
4 11 8 1
4 11 15 2
4 12 16 2
5 4 3 1
5 5 3 2
5 5 4 6
5 5 5 10
5 6 4 2
5 6 5 5
5 9 5 1
5 9 6 1
5 10 12 1
5 10 13 1
5 11 11 1
5 11 15 1
5 13 21 2
6 5 3 2
6 5 4 1
6 6 4 2
6 6 5 8
6 6 6 2
6 7 5 2
6 7 6 1
6 7 7 1
6 9 6 1
6 9 7 1
6 10 7 1
6 10 13 1
6 11 9 1
6 12 16 2
7 5 3 1
7 6 4 3
7 6 5 2
7 7 5 1
7 7 6 13
7 7 7 1
7 8 6 2
7 8 7 4
7 10 13 1
7 12 12 1
7 13 17 1
8 6 3 8
8 6 4 55
8 6 5 1
8 7 4 1
8 7 5 4
8 7 7 1
8 8 5 1
8 8 7 8
8 8 8 1
8 9 8 3
8 9 10 1
8 11 14 1
8 12 9 1
9 6 4 5
9 7 4 4
9 7 5 7
9 8 5 1
9 8 6 3
9 9 7 1
9 9 8 12
9 9 9 3
9 10 8 1
9 10 9 3
9 12 15 1
10 8 6 1
10 8 7 2
10 9 7 1
10 9 8 1
10 10 8 2
10 10 9 12
10 10 10 4
10 11 9 1
10 11 10 8
10 13 15 1
10 13 16 2
10 14 16 1
10 15 17 1
11 9 8 1
11 10 8 1
11 10 9 2
11 10 12 1
11 11 9 5
11 11 10 15
11 11 11 7
11 12 11 4
11 12 12 1
11 13 11 1
12 10 12 1
12 11 10 3
12 11 11 1
12 12 10 3
12 12 11 81
12 12 12 5
12 13 12 11
12 14 12 1
12 14 15 1
13 12 11 62
13 12 12 17
13 13 11 10
13 13 12 158
13 13 13 29
13 13 14 1
13 14 12 5
13 14 13 16
13 14 16 1
13 16 17 1
14 13 10 1
14 13 11 2
14 13 12 9
14 13 13 33
14 14 12 2
14 14 13 133
14 14 14 16
14 14 15 1
14 15 13 24
14 15 14 110
14 15 15 1
14 15 16 1
14 15 17 1
14 16 14 1
14 16 15 1
14 16 16 1
15 13 13 1
15 14 13 9
15 14 14 8
15 14 15 1
15 15 13 30
15 15 14 253
15 15 15 56
15 15 16 1
15 16 13 2
15 16 14 58
15 16 15 183
15 16 16 1
15 17 15 4
15 17 16 1
15 17 19 1
16 14 12 1
16 14 13 1
16 15 13 5
16 15 14 4
16 15 15 3
16 16 14 76
16 16 15 134
16 16 16 30
16 17 15 38
16 17 16 230
16 17 17 2
16 18 16 2
16 19 17 1
16 19 19 1
17 15 15 1
17 16 15 2
17 16 16 1
17 17 15 8
17 17 16 183
17 17 17 101
17 18 16 23
17 18 17 402
17 18 18 8
17 19 17 15
17 19 18 3
18 17 16 2
18 17 17 2
18 18 17 124
18 18 18 40
18 19 17 41
18 19 18 298
18 19 19 3
18 20 18 1
19 10 5 1
19 15 13 1
19 18 17 2
19 19 17 1
19 19 18 88
19 19 19 23
19 19 20 2
19 20 18 33
19 20 19 218
19 20 20 1
19 21 19 2
20 12 8 1
20 14 7 1
20 17 14 1
20 19 18 2
20 20 19 41
20 20 20 17
20 21 19 18
20 21 20 184
20 21 21 2
20 22 20 2
21 13 7 1
21 15 11 1
21 19 10 1
21 19 18 1
21 21 20 38
21 21 21 19
21 22 20 11
21 22 21 168
21 22 22 7
21 23 22 1
22 15 8 1
22 21 20 2
22 22 21 19
22 22 22 74
22 23 22 138
22 23 23 21
23 15 8 1
23 18 14 1
23 19 16 1
23 22 21 2
23 22 22 1
23 23 22 11
23 23 23 78
23 23 24 3
23 24 23 112
23 24 24 47
24 17 10 1
24 18 11 1
24 23 22 1
24 23 24 1
24 24 23 3
24 24 24 66
24 25 24 95
24 25 25 23
25 18 13 1
25 24 25 1
25 25 24 4
25 25 25 37
25 25 26 2
25 26 25 58
25 26 26 33
26 26 25 3
26 26 26 128
26 26 27 1
26 27 26 164
26 27 27 51
26 28 27 1
27 27 26 8
27 27 27 108
27 27 28 2
27 28 27 137
27 28 28 77
28 28 27 6
28 28 28 99
28 29 28 65
28 29 29 78
29 28 29 1
29 29 29 61
29 30 29 22
29 30 30 46
30 29 30 1
30 30 30 99
30 31 30 47
30 31 31 1
