32
0 0 0 1
0 1 0 2
1 1 0 5
1 1 1 6
1 2 1 10
1 3 2 1
2 2 1 9
2 2 2 1
2 3 2 13
2 8 12 2
2 8 13 2
2 8 14 1
2 9 14 3
2 10 15 2
2 10 16 1
2 11 15 1
2 11 16 1
2 11 17 2
3 3 2 10
3 3 3 13
3 4 3 14
3 5 8 1
3 6 10 1
3 6 12 1
3 7 3 1
3 7 12 1
3 8 4 5
3 9 14 1
3 10 13 1
3 10 14 2
3 10 15 4
3 11 16 2
3 11 17 1
3 12 16 2
4 4 2 1
4 4 3 12
4 4 4 14
4 5 4 8
4 8 4 4
4 8 5 3
4 9 5 2
4 9 8 2
4 9 13 1
4 10 7 1
4 10 9 3
4 10 12 1
4 10 17 1
4 11 15 1
4 11 16 1
4 11 19 1
5 4 3 1
5 4 4 1
5 5 3 1
5 5 4 13
5 5 5 8
5 5 6 1
5 6 4 1
5 6 5 9
5 6 6 1
5 9 6 1
5 10 8 1
5 10 17 1
5 11 14 1
5 11 15 1
5 13 21 1
6 4 3 1
6 5 3 1
6 5 4 1
6 6 4 1
6 6 5 12
6 7 6 3
6 7 8 1
6 10 7 1
6 10 12 1
6 11 10 1
6 12 15 1
7 5 3 3
7 6 3 1
7 6 4 2
7 6 5 1
7 7 6 12
7 8 6 1
7 8 7 2
7 9 8 1
7 11 7 1
7 11 14 2
7 11 15 1
8 6 4 57
8 7 4 3
8 7 5 1
8 8 7 10
8 8 8 2
8 9 7 1
8 9 8 4
8 9 10 1
8 10 13 2
8 12 14 1
8 12 15 1
9 6 4 12
9 7 4 4
9 7 5 5
9 7 6 2
9 8 5 1
9 8 6 3
9 9 8 14
9 9 9 2
9 10 8 2
9 10 9 2
9 11 11 1
9 11 15 1
9 12 14 1
9 14 17 1
10 8 7 1
10 9 7 1
10 9 8 1
10 10 8 3
10 10 9 6
10 10 10 8
10 11 8 1
10 11 9 2
10 11 10 4
10 13 15 1
11 9 8 1
11 10 8 3
11 11 8 2
11 11 9 2
11 11 10 13
11 11 11 5
11 12 10 1
11 12 11 5
12 11 9 1
12 11 10 1
12 12 10 5
12 12 11 62
12 12 12 4
12 12 13 1
12 13 11 1
12 13 12 10
12 14 13 1
12 15 17 1
13 12 10 1
13 12 11 75
13 12 12 19
13 13 10 1
13 13 11 7
13 13 12 172
13 13 13 22
13 14 12 4
13 14 13 18
13 15 15 1
13 16 14 2
14 13 10 1
14 13 11 2
14 13 12 21
14 13 13 25
14 14 13 149
14 14 14 14
14 14 15 1
14 15 13 30
14 15 14 104
14 15 15 1
14 16 17 2
14 17 18 1
15 14 12 1
15 14 13 7
15 14 14 12
15 15 13 49
15 15 14 249
15 15 15 27
15 16 14 101
15 16 15 153
15 16 16 1
15 16 17 1
15 17 15 1
15 17 16 1
15 17 19 1
16 14 13 1
16 15 13 2
16 15 14 10
16 15 15 13
16 16 14 64
16 16 15 147
16 16 16 23
16 17 15 49
16 17 16 275
16 17 17 7
16 18 16 2
16 18 17 1
17 15 13 1
17 16 14 2
17 16 15 4
17 16 16 4
17 17 15 2
17 17 16 162
17 17 17 92
17 17 18 1
17 18 16 31
17 18 17 391
17 18 18 5
17 18 19 1
17 19 17 7
17 19 18 1
18 17 15 1
18 17 16 1
18 18 17 147
18 18 18 47
18 18 19 1
18 19 17 44
18 19 18 337
18 19 19 4
18 20 18 7
19 10 5 1
19 12 8 1
19 18 16 1
19 19 17 1
19 19 18 92
19 19 19 21
19 20 18 21
19 20 19 226
19 20 20 1
19 21 19 3
19 21 20 1
20 13 6 1
20 19 17 1
20 19 18 1
20 19 19 3
20 20 19 51
20 20 20 18
20 21 19 16
20 21 20 177
20 21 21 2
20 22 20 2
21 17 14 1
21 18 16 1
21 21 20 36
21 21 21 21
21 22 20 12
21 22 21 183
21 22 22 10
22 15 8 1
22 16 11 1
22 19 16 1
22 21 20 1
22 22 21 14
22 22 22 56
22 23 22 120
22 23 23 13
23 15 8 1
23 17 12 1
23 23 22 10
23 23 23 43
23 24 23 104
23 24 24 21
24 17 9 1
24 18 10 1
24 24 23 6
24 24 24 57
24 25 24 105
24 25 25 16
25 19 12 1
25 24 24 2
25 25 24 4
25 25 25 39
25 26 25 70
25 26 26 18
26 26 25 14
26 26 26 92
26 27 26 173
26 27 27 35
26 28 27 2
27 27 26 20
27 27 27 103
27 28 27 164
27 28 28 47
27 29 28 1
28 28 27 7
28 28 28 87
28 28 29 2
28 29 28 87
28 29 29 62
29 29 28 1
29 29 29 36
29 30 29 26
29 30 30 40
30 30 30 197
30 30 31 1
30 31 30 65
30 31 31 2
