32
0 0 0 1
1 0 0 1
1 1 0 2
1 1 1 1
1 2 0 1
1 2 1 4
2 2 0 6
2 2 1 9
2 2 2 1
2 3 1 1
2 3 2 4
2 3 3 1
2 11 16 1
3 2 1 1
3 3 1 4
3 3 2 13
3 3 3 6
3 4 2 1
3 4 3 10
3 5 8 1
3 6 10 2
3 6 12 1
3 9 17 1
3 10 18 1
3 11 16 2
4 3 2 3
4 4 2 1
4 4 3 9
4 4 4 12
4 5 3 1
4 5 4 6
4 5 5 1
4 9 17 1
4 12 17 2
4 12 20 1
4 13 18 2
4 13 19 2
5 4 2 1
5 4 3 1
5 5 3 1
5 5 4 14
5 5 5 7
5 6 5 4
5 12 16 2
5 12 17 2
5 12 18 1
5 13 17 1
5 13 18 1
5 13 19 2
6 5 3 1
6 5 4 2
6 6 3 1
6 6 4 5
6 6 5 5
6 7 5 1
6 11 9 1
6 12 5 3
6 12 6 1
6 12 16 1
6 13 15 1
6 13 16 1
6 13 18 1
7 6 3 2
7 6 4 3
7 6 5 2
7 7 4 1
7 7 5 5
7 7 6 2
7 8 8 1
7 8 9 1
7 12 6 2
7 13 5 2
7 13 10 1
7 14 6 3
7 14 8 1
7 14 9 1
7 14 10 1
8 7 5 1
8 7 6 1
8 8 6 3
8 8 7 3
8 9 8 1
8 9 9 1
8 10 10 1
8 12 6 1
8 12 17 1
8 13 7 1
8 13 13 1
8 13 17 1
8 14 6 1
8 14 7 1
8 14 8 1
8 14 9 1
8 14 18 2
9 7 3 1
9 7 4 1
9 8 5 1
9 8 7 2
9 9 7 2
9 9 8 1
9 9 12 1
9 10 8 1
9 11 14 1
9 12 15 1
9 13 8 1
9 14 17 1
10 8 4 2
10 8 6 1
10 9 8 2
10 10 7 1
10 10 8 4
10 10 9 1
10 10 10 1
10 11 9 1
10 11 10 3
10 12 11 1
10 14 8 1
10 14 9 1
11 8 4 1
11 8 5 1
11 9 5 1
11 10 7 1
11 10 8 2
11 10 9 3
11 11 9 4
11 11 10 2
11 12 9 1
11 12 10 1
11 12 11 1
11 12 12 1
11 12 15 1
11 13 16 1
11 14 17 1
12 9 5 1
12 10 5 1
12 10 6 1
12 10 7 1
12 11 8 2
12 11 9 1
12 11 10 4
12 12 8 1
12 12 10 5
12 12 11 1
12 12 12 1
12 13 11 1
12 13 12 2
12 14 12 1
12 15 18 1
12 17 20 1
13 9 4 1
13 10 4 5
13 10 5 5
13 10 6 4
13 11 6 2
13 11 7 1
13 12 9 2
13 12 11 1
13 13 10 2
13 13 11 6
13 13 12 3
13 14 12 2
13 14 13 3
13 14 14 1
13 15 13 1
13 15 17 1
14 10 4 18
14 10 5 27
14 10 6 1
14 11 6 3
14 11 7 4
14 12 8 1
14 12 10 2
14 12 12 1
14 13 11 1
14 13 12 9
14 13 13 1
14 14 11 1
14 14 12 4
14 14 13 6
14 14 14 2
14 15 13 4
14 15 14 2
14 15 15 1
14 16 14 1
14 16 17 1
14 17 12 1
14 17 20 1
15 12 7 1
15 12 8 2
15 13 11 1
15 14 11 1
15 14 12 2
15 14 13 7
15 15 13 30
15 15 14 19
15 15 15 1
15 15 16 1
15 16 13 2
15 16 14 13
15 16 16 2
15 16 17 1
15 16 18 1
15 17 15 1
15 17 19 1
16 14 11 1
16 14 12 3
16 15 11 1
16 15 12 1
16 15 13 10
16 15 14 12
16 15 15 1
16 16 13 6
16 16 14 63
16 16 15 30
16 16 16 2
16 17 15 29
16 17 16 14
16 18 19 1
16 19 21 1
16 19 22 1
17 13 10 1
17 14 10 1
17 14 13 1
17 15 12 3
17 15 13 3
17 16 13 10
17 16 14 22
17 16 15 8
17 17 14 3
17 17 15 50
17 17 16 112
17 17 17 9
17 18 16 42
17 18 17 32
17 18 18 2
17 20 17 1
18 10 6 1
18 16 13 12
18 16 14 44
18 16 15 2
18 17 14 29
18 17 15 60
18 17 16 51
18 17 17 5
18 18 15 2
18 18 16 59
18 18 17 165
18 18 18 18
18 18 19 1
18 19 16 1
18 19 17 57
18 19 18 43
18 19 19 2
18 20 22 10
18 21 22 15
19 10 5 1
19 14 10 1
19 17 13 1
19 17 14 14
19 17 15 95
19 17 16 29
19 18 15 8
19 18 16 139
19 18 17 115
19 18 18 15
19 18 19 1
19 19 16 1
19 19 17 177
19 19 18 201
19 19 19 26
19 19 20 2
19 20 17 17
19 20 18 79
19 20 19 85
19 20 20 4
19 20 21 8
19 21 19 1
19 21 20 2
19 21 21 5
19 21 22 129
19 21 23 61
19 22 22 1
19 22 23 32
20 11 5 1
20 13 6 1
20 17 13 1
20 18 15 1
20 18 16 23
20 18 17 14
20 19 16 6
20 19 17 148
20 19 18 90
20 19 19 20
20 20 17 5
20 20 18 106
20 20 19 225
20 20 20 26
20 20 21 4
20 21 18 7
20 21 19 140
20 21 20 129
20 21 21 7
20 21 22 18
20 22 20 3
20 22 22 12
20 22 23 216
20 22 24 104
20 23 24 30
20 23 26 1
21 18 16 1
21 18 17 1
21 20 17 6
21 20 18 22
21 20 19 13
21 21 17 1
21 21 18 4
21 21 19 53
21 21 20 182
21 21 21 12
21 22 19 1
21 22 20 35
21 22 21 157
21 22 22 14
21 22 23 12
21 22 24 12
21 23 23 2
21 23 24 65
21 23 25 90
21 23 26 1
21 24 25 6
22 14 7 1
22 16 8 1
22 16 12 1
22 20 18 2
22 21 18 39
22 21 19 34
22 21 20 9
22 21 21 2
22 22 18 1
22 22 19 56
22 22 20 41
22 22 21 67
22 22 22 58
22 23 21 2
22 23 22 93
22 23 23 39
22 23 24 4
22 23 25 4
22 24 24 1
22 24 25 6
22 24 26 66
22 25 26 13
22 25 27 15
22 25 28 2
23 17 10 1
23 22 19 11
23 22 20 56
23 22 21 2
23 22 22 1
23 23 20 22
23 23 21 34
23 23 22 40
23 23 23 66
23 24 22 3
23 24 23 105
23 24 24 60
23 24 25 4
23 25 23 1
23 25 24 6
23 25 26 2
23 25 27 50
23 25 28 2
23 26 27 3
23 26 28 40
23 26 29 3
24 17 12 1
24 22 20 2
24 23 20 8
24 23 21 60
24 23 22 3
24 24 21 34
24 24 22 30
24 24 23 13
24 24 24 22
24 25 24 27
24 25 25 42
24 25 26 1
24 26 25 6
24 26 26 2
24 26 27 3
24 26 28 12
24 26 29 8
24 27 29 18
24 27 30 3
24 28 30 4
25 23 22 1
25 24 21 7
25 24 22 65
25 25 22 42
25 25 23 12
25 25 24 7
25 25 25 13
25 25 26 1
25 26 25 10
25 26 26 17
25 26 27 1
25 27 26 5
25 27 27 2
25 27 28 2
25 27 29 9
25 27 30 5
25 28 29 1
25 28 30 27
25 29 30 2
26 25 23 3
26 26 25 1
26 26 26 6
26 27 26 8
26 27 27 11
26 27 28 1
26 28 27 3
26 29 30 6
26 30 31 1
27 27 26 1
27 28 27 2
27 28 28 12
27 29 28 1
28 28 28 1
28 29 28 1
28 29 29 11
28 29 30 1
29 29 29 1
29 30 29 1
29 30 30 5
30 30 30 3
30 30 31 1
