32
0 1 0 4
1 1 0 4
1 1 1 6
1 2 1 14
2 2 1 11
2 2 2 7
2 3 1 2
2 3 2 9
2 8 13 2
2 9 13 1
2 9 14 1
2 10 14 1
2 10 15 2
2 11 16 2
3 3 2 15
3 3 3 12
3 4 3 12
3 5 8 1
3 5 9 2
3 7 4 2
3 7 12 1
3 7 13 1
3 8 4 4
3 8 6 1
3 9 14 1
3 10 14 3
3 10 15 2
3 11 15 1
3 11 17 1
3 12 16 2
4 3 2 1
4 4 2 1
4 4 3 13
4 4 4 22
4 5 4 6
4 5 5 1
4 8 4 2
4 8 5 4
4 8 13 1
4 9 8 1
4 10 7 1
4 10 8 1
4 10 9 1
4 10 12 2
4 10 13 1
4 10 14 1
4 10 17 1
4 10 18 1
4 11 9 1
4 11 16 1
4 12 16 1
5 4 2 1
5 5 4 9
5 5 5 14
5 6 4 1
5 6 5 8
5 6 6 1
5 8 6 1
5 9 5 1
5 10 8 1
5 10 17 1
5 11 15 1
5 12 20 1
5 13 20 1
6 5 3 2
6 5 4 1
6 6 4 1
6 6 5 3
6 6 6 1
6 7 6 6
6 10 7 1
6 10 8 1
6 10 14 1
6 11 9 1
7 5 3 1
7 6 4 2
7 6 5 1
7 7 6 14
7 7 7 2
7 8 7 2
7 8 8 1
7 9 8 1
7 11 15 1
7 12 14 1
8 6 4 47
8 7 5 4
8 8 7 9
8 8 8 4
8 9 8 5
8 9 11 1
8 11 12 1
9 6 4 14
9 7 4 2
9 7 5 7
9 7 6 1
9 9 8 7
9 9 9 4
9 10 8 5
9 10 9 4
9 10 12 1
9 11 9 1
9 12 9 1
9 13 10 1
9 13 15 2
10 8 6 1
10 8 7 1
10 9 7 1
10 9 8 5
10 10 8 2
10 10 9 15
10 10 10 8
10 11 9 1
10 11 10 5
10 13 15 1
10 14 16 2
11 9 8 2
11 10 8 1
11 10 9 4
11 11 9 2
11 11 10 23
11 11 11 6
11 12 10 11
11 12 11 15
11 12 12 1
11 13 15 2
12 11 9 1
12 11 10 2
12 12 10 2
12 12 11 96
12 12 12 16
12 13 11 9
12 13 12 24
12 14 14 1
12 15 17 1
13 12 10 1
13 12 11 60
13 12 12 21
13 13 11 4
13 13 12 210
13 13 13 44
13 14 12 3
13 14 13 26
13 14 14 1
13 15 13 1
13 15 14 1
13 15 17 1
13 16 13 1
13 16 17 1
14 13 11 3
14 13 12 9
14 13 13 34
14 14 11 1
14 14 12 3
14 14 13 135
14 14 14 20
14 14 15 1
14 15 13 33
14 15 14 106
14 15 16 1
14 16 14 1
15 13 10 1
15 14 13 5
15 14 14 19
15 15 13 59
15 15 14 259
15 15 15 60
15 15 16 1
15 16 13 4
15 16 14 118
15 16 15 202
15 16 16 1
15 17 15 1
16 15 12 1
16 15 14 1
16 15 15 9
16 16 14 47
16 16 15 157
16 16 16 30
16 16 17 1
16 17 15 40
16 17 16 263
16 17 17 4
16 18 17 1
17 16 14 2
17 16 15 1
17 16 16 4
17 17 15 1
17 17 16 172
17 17 17 100
17 18 16 22
17 18 17 376
17 18 18 9
17 18 19 1
17 19 17 9
17 19 18 1
18 17 16 2
18 17 17 2
18 18 16 2
18 18 17 135
18 18 18 47
18 18 19 2
18 19 17 49
18 19 18 347
18 19 19 3
18 20 18 3
18 20 19 1
19 11 5 1
19 13 10 1
19 15 9 1
19 18 17 1
19 18 18 1
19 19 18 87
19 19 19 18
19 20 18 30
19 20 19 241
19 20 20 1
19 21 20 1
20 11 6 1
20 12 6 1
20 19 17 1
20 19 18 2
20 20 19 56
20 20 20 18
20 21 19 20
20 21 20 171
20 21 21 3
20 22 20 1
21 17 13 1
21 21 19 1
21 21 20 34
21 21 21 15
21 22 20 15
21 22 21 183
21 22 22 4
22 14 7 1
22 17 15 1
22 21 20 2
22 22 21 15
22 22 22 40
22 23 22 132
22 23 23 19
23 15 8 1
23 16 11 1
23 18 11 1
23 19 16 1
23 22 21 1
23 22 22 1
23 23 22 7
23 23 23 50
23 24 23 102
23 24 24 30
24 17 10 1
24 23 23 1
24 24 23 1
24 24 24 44
24 25 24 95
24 25 25 13
25 18 12 1
25 25 24 7
25 25 25 29
25 25 26 1
25 26 25 78
25 26 26 24
26 26 25 4
26 26 26 95
26 27 26 152
26 27 27 47
26 28 26 1
26 28 27 1
27 27 26 9
27 27 27 103
27 28 27 155
27 28 28 72
28 28 27 1
28 28 28 81
28 29 28 73
28 29 29 56
29 29 29 40
29 30 29 28
29 30 30 53
30 30 30 169
30 30 31 3
30 31 30 46
30 31 31 2
