32
0 0 0 1
0 1 0 2
0 2 0 1
1 1 0 5
1 1 1 5
1 2 1 15
2 2 1 7
2 2 2 1
2 3 1 2
2 3 2 7
2 3 3 1
2 5 10 1
2 6 12 1
2 9 14 2
2 10 14 1
2 10 15 4
2 11 16 1
3 3 2 20
3 3 3 10
3 4 2 1
3 4 3 15
3 4 4 2
3 4 6 1
3 5 8 1
3 5 9 1
3 6 11 2
3 7 4 3
3 8 4 2
3 10 14 1
3 10 15 2
3 11 16 2
3 12 16 1
4 4 3 18
4 4 4 18
4 5 4 10
4 5 6 1
4 5 7 1
4 5 8 1
4 6 10 1
4 7 12 2
4 8 4 3
4 8 5 3
4 8 7 1
4 9 7 1
4 9 11 1
4 10 9 2
4 10 10 1
4 10 12 1
4 10 13 1
4 10 14 1
4 10 17 1
4 10 18 1
4 11 12 1
4 11 19 1
5 4 3 1
5 5 4 7
5 5 5 6
5 6 4 1
5 6 5 8
5 6 6 1
5 6 8 1
5 8 6 1
5 9 6 1
5 10 9 1
5 11 14 1
5 11 15 3
5 12 16 1
5 13 21 1
6 5 3 3
6 5 4 1
6 6 4 1
6 6 5 5
6 6 6 4
6 7 6 6
6 9 14 1
6 10 7 1
6 10 14 1
6 12 20 1
6 13 20 1
7 5 3 1
7 6 4 1
7 6 5 1
7 7 5 3
7 7 6 5
7 7 7 2
7 8 6 2
7 8 7 4
7 8 11 1
7 10 8 2
7 11 12 1
8 6 3 10
8 6 4 59
8 7 4 1
8 7 5 5
8 7 7 1
8 8 6 1
8 8 7 13
8 8 8 3
8 8 10 1
8 9 7 2
8 9 8 9
8 10 8 2
8 10 9 1
8 12 14 1
8 12 15 1
9 6 4 4
9 7 4 3
9 7 5 6
9 8 5 2
9 8 6 1
9 9 7 1
9 9 8 19
9 9 9 1
9 9 10 1
9 10 8 8
9 10 9 7
9 10 10 1
9 11 11 1
9 11 14 1
9 12 9 1
9 12 15 1
9 13 10 1
9 13 16 2
10 8 6 1
10 9 8 2
10 10 7 2
10 10 8 5
10 10 9 28
10 10 10 5
10 11 9 3
10 11 10 11
10 11 11 1
10 12 10 3
10 13 15 2
11 10 8 1
11 11 8 1
11 11 9 9
11 11 10 32
11 11 11 5
11 12 10 15
11 12 11 13
11 12 12 1
11 12 14 1
11 14 18 1
12 10 8 1
12 11 9 1
12 11 10 3
12 11 11 1
12 12 9 1
12 12 10 5
12 12 11 104
12 12 12 17
12 13 11 4
12 13 12 39
12 14 12 1
12 15 17 2
13 11 10 1
13 12 10 2
13 12 11 56
13 12 12 24
13 13 11 6
13 13 12 208
13 13 13 32
13 13 15 1
13 14 12 3
13 14 13 25
13 14 14 1
13 15 13 1
13 15 14 2
13 15 15 1
14 13 10 1
14 13 11 3
14 13 12 10
14 13 13 31
14 14 9 1
14 14 12 3
14 14 13 129
14 14 14 18
14 15 13 16
14 15 14 75
14 15 15 1
14 16 14 6
15 14 12 1
15 14 13 4
15 14 14 12
15 15 13 37
15 15 14 224
15 15 15 55
15 15 16 1
15 16 13 7
15 16 14 83
15 16 15 188
15 16 16 1
15 16 17 1
15 17 15 3
16 14 13 1
16 15 14 6
16 15 15 3
16 16 14 38
16 16 15 167
16 16 16 26
16 17 15 54
16 17 16 259
16 17 17 2
16 18 16 4
17 16 15 3
17 16 16 2
17 17 15 4
17 17 16 179
17 17 17 78
17 18 16 22
17 18 17 393
17 18 18 8
17 19 17 7
17 19 18 1
18 10 6 1
18 17 15 1
18 17 16 1
18 17 17 4
18 18 17 141
18 18 18 49
18 18 19 1
18 19 17 38
18 19 18 337
18 19 19 2
18 20 18 6
19 11 5 1
19 15 10 1
19 16 15 1
19 18 17 3
19 19 17 2
19 19 18 80
19 19 19 21
19 20 11 1
19 20 18 29
19 20 19 244
19 20 20 4
19 21 19 4
20 19 10 1
20 19 17 1
20 19 18 1
20 19 19 2
20 20 19 48
20 20 20 28
20 21 19 19
20 21 20 172
20 21 21 3
20 22 20 4
20 22 21 1
21 14 7 1
21 21 20 27
21 21 21 23
21 22 20 13
21 22 21 175
21 22 22 2
22 17 13 1
22 17 15 1
22 19 16 1
22 21 20 1
22 22 21 13
22 22 22 69
22 23 22 150
22 23 23 24
23 15 8 1
23 16 8 1
23 16 9 1
23 16 12 1
23 22 21 1
23 22 22 3
23 23 22 8
23 23 23 52
23 24 23 118
23 24 24 44
24 18 10 1
24 19 14 1
24 23 22 1
24 23 23 1
24 24 23 10
24 24 24 49
24 24 25 1
24 25 24 101
24 25 25 19
25 18 11 1
25 24 25 1
25 25 24 7
25 25 25 17
25 26 25 81
25 26 26 19
26 26 25 5
26 26 26 86
26 26 27 1
26 27 26 173
26 27 27 38
26 28 27 1
27 26 26 1
27 27 26 8
27 27 27 97
27 28 27 160
27 28 28 50
27 29 28 1
28 28 27 1
28 28 28 75
28 28 29 1
28 29 28 72
28 29 29 72
29 29 28 1
29 29 29 33
29 30 29 24
29 30 30 49
30 30 30 184
30 30 31 1
30 31 30 55
