32
0 1 0 2
1 1 0 4
1 1 1 7
1 2 1 14
2 2 1 7
2 2 2 3
2 3 2 8
2 4 9 1
2 8 13 1
2 9 14 4
2 10 14 1
2 10 15 1
2 10 16 1
2 11 16 2
3 3 2 5
3 3 3 13
3 3 4 1
3 4 2 1
3 4 3 17
3 6 11 1
3 7 4 2
3 7 13 1
3 8 13 1
3 9 16 1
3 10 14 1
3 10 15 2
3 11 15 3
3 11 16 2
3 12 16 1
3 12 17 3
4 4 3 12
4 4 4 14
4 5 4 8
4 5 6 1
4 5 8 1
4 8 4 6
4 8 5 5
4 9 8 1
4 10 7 2
4 10 8 1
4 10 13 1
4 10 14 1
4 11 10 1
4 11 15 1
4 11 16 1
4 11 18 1
4 12 16 1
5 4 3 1
5 4 4 2
5 5 3 1
5 5 4 5
5 5 5 12
5 6 5 3
5 8 5 1
5 9 5 2
5 10 7 1
5 10 12 1
5 11 11 1
5 11 15 1
5 11 16 1
5 12 16 1
5 13 21 1
6 5 3 2
6 6 4 1
6 6 5 12
6 6 6 2
6 7 5 1
6 7 6 3
6 9 6 1
6 10 14 2
6 11 9 1
6 12 16 1
7 5 3 1
7 6 3 2
7 6 4 1
7 6 5 2
7 7 6 11
7 7 7 2
7 8 6 2
7 8 7 5
7 9 7 1
7 11 7 1
7 11 13 1
7 11 14 1
8 6 4 47
8 7 4 1
8 7 5 6
8 7 7 1
8 8 6 1
8 8 7 10
8 8 8 3
8 8 9 1
8 9 7 1
8 9 8 4
8 9 9 2
9 6 4 21
9 7 4 3
9 7 5 3
9 8 5 2
9 8 6 1
9 8 7 1
9 9 6 1
9 9 8 12
9 9 9 1
9 10 9 4
9 12 15 1
9 13 15 1
9 13 16 1
10 8 6 1
10 9 7 2
10 10 8 2
10 10 9 10
10 10 10 6
10 11 9 1
10 11 10 5
10 11 12 2
10 12 11 1
10 13 16 2
10 15 17 2
11 10 9 3
11 10 10 1
11 10 12 1
11 11 9 6
11 11 10 24
11 11 11 7
11 12 10 1
11 12 11 8
11 12 12 1
11 13 15 1
12 10 9 1
12 11 9 1
12 11 10 3
12 11 11 1
12 12 9 1
12 12 10 2
12 12 11 54
12 12 12 6
12 13 11 3
12 13 12 13
12 13 13 1
12 14 15 1
13 12 11 70
13 12 12 12
13 13 11 11
13 13 12 167
13 13 13 20
13 14 12 2
13 14 13 24
13 15 15 1
13 16 18 1
13 17 19 1
14 13 10 1
14 13 11 1
14 13 12 16
14 13 13 31
14 14 11 1
14 14 12 5
14 14 13 121
14 14 14 23
14 15 13 20
14 15 14 107
14 15 16 2
15 14 13 5
15 14 14 13
15 15 13 27
15 15 14 221
15 15 15 64
15 16 14 57
15 16 15 168
15 16 16 1
15 16 17 1
15 17 15 6
15 17 16 2
15 17 19 1
15 18 15 1
16 14 12 1
16 15 13 2
16 15 14 8
16 15 15 9
16 16 13 2
16 16 14 93
16 16 15 164
16 16 16 39
16 17 15 29
16 17 16 221
16 17 17 5
16 18 16 3
17 16 13 1
17 16 16 4
17 16 17 1
17 17 15 9
17 17 16 153
17 17 17 100
17 18 16 34
17 18 17 374
17 18 18 12
17 19 17 10
17 19 18 2
18 17 16 2
18 17 17 2
18 18 16 1
18 18 17 171
18 18 18 44
18 19 17 44
18 19 18 374
18 19 19 2
18 20 18 1
18 20 19 1
19 13 10 1
19 15 13 1
19 18 16 1
19 18 17 2
19 19 17 1
19 19 18 89
19 19 19 31
19 20 18 32
19 20 19 241
19 20 20 1
19 21 19 6
20 11 5 1
20 17 15 1
20 19 18 1
20 20 19 54
20 20 20 31
20 21 19 16
20 21 20 171
20 21 21 1
20 22 20 2
21 13 7 1
21 16 11 1
21 18 9 1
21 20 19 1
21 21 20 35
21 21 21 24
21 22 20 16
21 22 21 179
21 22 22 6
22 19 17 1
22 21 20 2
22 22 21 20
22 22 22 91
22 23 22 139
22 23 23 21
23 15 8 1
23 18 10 1
23 18 14 1
23 19 16 1
23 22 22 4
23 23 22 10
23 23 23 75
23 23 24 3
23 24 23 112
23 24 24 51
24 17 9 1
24 24 23 5
24 24 24 75
24 25 24 88
24 25 25 19
25 19 12 1
25 20 16 1
25 24 24 1
25 25 24 3
25 25 25 34
25 26 25 58
25 26 26 25
26 26 25 1
26 26 26 80
26 27 26 136
26 27 27 45
26 28 27 2
27 27 26 9
27 27 27 116
27 27 28 1
27 28 27 149
27 28 28 101
27 29 28 1
28 28 27 2
28 28 28 90
28 28 29 1
28 29 28 57
28 29 29 89
29 29 28 1
29 29 29 48
29 30 29 17
29 30 30 58
30 30 30 228
30 30 31 3
30 31 30 59
30 31 31 8
