32
0 1 0 3
1 1 0 7
1 1 1 5
1 2 1 14
2 2 1 8
2 2 2 3
2 3 1 1
2 3 2 14
2 8 13 3
2 9 13 1
2 10 14 1
2 10 15 2
2 11 16 2
3 3 1 1
3 3 2 10
3 3 3 8
3 4 3 9
3 5 8 1
3 5 9 2
3 7 4 2
3 7 12 2
3 8 4 3
3 9 13 1
3 10 13 1
3 10 14 2
3 10 15 3
3 11 15 1
3 11 16 4
3 11 17 1
3 12 16 3
3 12 17 1
4 4 2 1
4 4 3 14
4 4 4 19
4 5 4 10
4 5 5 1
4 7 5 1
4 8 4 2
4 8 5 2
4 9 5 1
4 9 6 1
4 9 7 1
4 10 8 2
4 10 9 1
4 10 12 1
4 10 13 1
4 10 14 2
4 10 17 1
4 10 18 1
4 11 10 1
4 11 14 1
4 11 19 1
5 4 3 1
5 5 4 5
5 5 5 17
5 6 5 8
5 6 6 1
5 8 5 1
5 9 5 2
5 9 6 1
5 10 9 1
5 11 15 2
5 12 20 1
6 5 3 2
6 6 4 2
6 6 5 5
6 6 6 3
6 7 5 1
6 7 6 2
6 10 7 1
6 10 14 2
6 11 10 1
6 12 16 2
7 5 3 1
7 5 4 1
7 6 4 4
7 7 5 1
7 7 6 11
7 7 7 3
7 8 7 2
7 9 8 1
7 11 13 1
7 12 14 1
8 6 3 5
8 6 4 44
8 7 4 1
8 7 5 6
8 8 6 2
8 8 7 9
8 8 8 1
8 9 7 2
8 9 8 4
8 11 8 1
8 11 11 1
8 11 14 1
8 11 15 1
8 13 16 1
9 6 4 10
9 7 4 5
9 7 5 4
9 8 5 2
9 8 6 3
9 8 7 1
9 8 8 1
9 9 7 2
9 9 8 9
9 9 9 2
9 10 9 4
9 10 10 1
9 11 9 1
9 12 15 1
10 8 6 1
10 8 7 1
10 9 7 1
10 9 8 1
10 10 8 3
10 10 9 11
10 10 10 2
10 10 11 1
10 11 9 1
10 11 10 4
10 12 14 1
10 12 15 1
10 13 15 1
10 14 16 1
11 10 9 1
11 10 10 4
11 11 8 1
11 11 9 4
11 11 10 21
11 11 11 5
11 12 11 8
11 12 14 1
11 13 12 1
11 13 15 1
11 15 17 1
12 10 9 1
12 11 9 1
12 11 10 2
12 11 11 1
12 12 10 6
12 12 11 59
12 12 12 7
12 13 11 1
12 13 12 11
12 16 18 1
13 12 10 1
13 12 11 70
13 12 12 8
13 13 11 17
13 13 12 179
13 13 13 16
13 14 12 1
13 14 13 13
13 14 14 1
13 14 15 1
13 15 13 2
13 15 16 1
13 15 18 1
14 12 10 1
14 13 10 1
14 13 11 3
14 13 12 16
14 13 13 27
14 14 12 1
14 14 13 165
14 14 14 11
14 15 13 51
14 15 14 104
14 15 15 1
14 16 14 1
14 17 19 1
15 14 12 2
15 14 13 8
15 14 14 7
15 15 13 44
15 15 14 278
15 15 15 36
15 15 16 1
15 16 13 1
15 16 14 93
15 16 15 143
15 17 15 3
15 17 16 1
16 14 12 1
16 14 13 1
16 14 14 3
16 15 13 1
16 15 14 4
16 15 15 9
16 16 13 2
16 16 14 64
16 16 15 145
16 16 16 21
16 16 17 1
16 17 15 57
16 17 16 263
16 17 17 4
16 18 16 2
17 16 15 2
17 16 16 4
17 17 15 2
17 17 16 178
17 17 17 90
17 18 16 33
17 18 17 368
17 18 18 2
17 19 17 12
17 19 18 2
18 17 15 1
18 17 16 4
18 18 16 1
18 18 17 171
18 18 18 39
18 18 19 1
18 19 17 32
18 19 18 327
18 19 19 3
18 20 18 7
19 11 5 1
19 16 14 1
19 18 17 1
19 19 17 1
19 19 18 84
19 19 19 17
19 20 18 23
19 20 19 220
19 20 20 1
19 21 19 6
20 12 7 1
20 19 18 2
20 19 19 1
20 20 19 40
20 20 20 21
20 21 19 16
20 21 20 169
20 21 21 4
20 22 20 9
21 13 7 1
21 17 14 1
21 18 16 1
21 20 18 1
21 20 19 3
21 21 20 32
21 21 21 17
21 22 20 7
21 22 21 179
21 22 22 5
22 14 8 1
22 16 10 1
22 20 18 1
22 21 20 1
22 21 21 1
22 22 21 13
22 22 22 52
22 23 22 109
22 23 23 13
22 24 22 1
23 15 8 1
23 17 9 1
23 17 12 1
23 19 17 1
23 22 22 1
23 23 22 8
23 23 23 32
23 24 23 116
23 24 24 20
24 17 9 1
24 23 22 1
24 24 23 5
24 24 24 65
24 25 24 93
24 25 25 18
25 18 12 1
25 24 24 1
25 25 24 2
25 25 25 33
25 26 25 90
25 26 26 12
25 27 26 1
26 26 25 11
26 26 26 97
26 26 27 1
26 27 26 168
26 27 27 34
27 27 26 16
27 27 27 106
27 27 28 1
27 28 27 158
27 28 28 49
28 28 27 3
28 28 28 82
28 28 29 1
28 29 28 85
28 29 29 41
29 29 29 56
29 30 29 16
29 30 30 41
30 30 30 126
30 30 31 1
30 31 30 42
