32
1 2 1 1
2 2 1 2
3 4 3 2
5 10 6 1
10 10 8 1
10 11 9 1
10 14 11 1
13 13 12 11
13 13 13 1
13 14 13 1
14 14 13 5
14 14 14 1
14 17 14 1
15 16 14 1
15 16 15 2
15 19 16 1
16 17 15 1
17 18 16 1
17 18 17 8
18 18 17 1
18 19 17 6
18 19 18 14
18 20 18 2
19 20 17 2
19 20 18 12
19 20 19 43
19 21 19 6
20 20 18 1
20 20 19 10
20 21 19 20
20 21 20 70
20 22 20 3
21 21 20 18
21 22 20 18
21 22 21 69
22 22 21 44
22 22 22 22
22 23 21 3
22 23 22 68
22 23 23 1
22 24 23 1
23 23 22 34
23 23 23 16
23 24 22 2
23 24 23 54
23 24 24 1
23 25 24 1
24 24 23 17
24 24 24 10
24 25 23 2
24 25 24 44
24 25 25 1
25 25 24 10
25 25 25 12
25 26 25 28
25 26 26 7
25 27 26 2
26 26 25 1
26 26 26 17
26 27 26 19
26 27 27 29
27 27 26 2
27 27 27 15
27 28 27 14
27 28 28 9
28 28 27 4
28 28 28 13
28 29 28 9
28 29 29 6
29 29 29 3
29 30 29 5
29 30 30 2
30 30 30 8
30 31 30 2
