32
3 4 3 1
3 9 5 1
4 5 4 1
5 5 4 1
5 12 8 1
7 7 6 1
7 11 8 1
8 13 9 1
11 14 12 1
12 12 10 1
13 13 12 15
13 14 13 2
13 17 14 1
14 14 13 3
14 16 14 1
15 15 14 1
15 15 15 1
15 16 15 1
16 16 15 2
16 17 15 1
16 17 16 2
16 18 16 1
16 19 17 1
17 18 17 9
17 19 17 3
18 18 17 1
18 19 17 8
18 19 18 17
18 20 18 1
19 19 18 2
19 20 17 3
19 20 18 11
19 20 19 42
19 21 18 1
19 21 19 6
20 20 19 9
20 21 19 20
20 21 20 76
20 22 20 5
21 21 20 16
21 21 21 1
21 22 20 22
21 22 21 65
22 22 21 44
22 22 22 24
22 23 21 3
22 23 22 68
22 24 22 1
23 23 22 38
23 23 23 18
23 24 22 1
23 24 23 54
23 25 24 2
24 24 23 22
24 24 24 12
24 25 23 2
24 25 24 41
24 25 25 1
25 25 24 8
25 25 25 14
25 26 25 31
25 26 26 6
25 27 26 1
26 26 25 1
26 26 26 18
26 27 26 20
26 27 27 16
27 27 26 5
27 27 27 13
27 28 27 20
27 28 28 8
28 28 27 2
28 28 28 25
28 29 28 14
28 29 29 7
29 29 29 4
29 30 29 3
29 30 30 1
30 30 30 21
30 31 30 2
