32
3 4 3 1
4 5 4 1
5 9 6 1
7 8 7 1
10 11 9 1
10 14 11 1
11 12 10 1
13 13 12 13
13 13 13 1
13 14 13 2
13 17 14 1
14 14 13 3
14 15 13 1
15 15 14 1
15 16 15 2
15 18 16 1
17 18 16 1
17 18 17 9
17 19 17 1
18 18 17 1
18 19 17 10
18 19 18 13
18 20 18 2
19 19 18 1
19 20 17 2
19 20 18 20
19 20 19 39
19 21 19 6
20 20 19 10
20 20 20 1
20 21 19 31
20 21 20 58
20 22 20 5
21 21 20 16
21 22 20 32
21 22 21 58
21 23 21 1
22 22 21 51
22 22 22 21
22 23 21 2
22 23 22 64
22 24 23 1
23 23 21 1
23 23 22 41
23 23 23 12
23 24 22 1
23 24 23 57
23 24 24 1
23 25 24 1
24 24 23 18
24 24 24 13
24 25 23 2
24 25 24 36
24 25 25 2
25 25 24 13
25 25 25 14
25 26 25 25
25 26 26 4
26 26 25 4
26 26 26 18
26 27 26 22
26 27 27 12
27 27 27 16
27 28 27 18
27 28 28 7
28 28 27 3
28 28 28 20
28 29 28 13
28 29 29 8
29 29 28 1
29 29 29 5
29 30 29 2
30 30 30 10
30 31 30 1
