32
4 5 4 2
6 10 7 1
8 9 8 1
9 9 8 1
10 11 9 1
10 14 11 1
13 13 12 13
13 14 13 1
13 15 13 1
13 17 14 1
14 14 13 4
15 15 14 1
15 16 14 1
15 16 15 2
16 19 16 1
17 17 17 1
17 18 17 10
17 19 17 1
18 19 17 7
18 19 18 15
18 20 18 3
19 20 17 1
19 20 18 10
19 20 19 47
19 21 19 5
20 20 18 1
20 20 19 10
20 21 19 22
20 21 20 71
20 22 20 2
21 21 20 15
21 21 21 1
21 22 20 24
21 22 21 73
22 22 21 42
22 22 22 21
22 23 21 4
22 23 22 70
22 24 23 1
23 23 22 39
23 23 23 18
23 24 22 1
23 24 23 49
23 24 24 1
24 24 23 18
24 24 24 14
24 25 23 2
24 25 24 38
24 25 25 2
25 25 24 9
25 25 25 13
25 26 25 30
25 26 26 5
25 27 26 1
26 26 25 3
26 26 26 17
26 27 26 22
26 27 27 21
27 27 26 2
27 27 27 13
27 28 27 19
27 28 28 11
28 28 27 3
28 28 28 23
28 29 28 16
28 29 29 7
29 29 29 6
29 30 30 1
30 30 30 12
30 31 30 2
