32
4 5 4 2
5 9 6 1
8 8 7 1
10 14 11 1
11 12 10 1
13 13 12 14
13 14 13 2
13 17 14 1
14 14 13 3
15 15 15 1
15 16 14 2
15 16 15 1
15 18 16 1
16 17 16 1
17 18 16 1
17 18 17 8
17 19 17 2
18 18 17 1
18 19 17 10
18 19 18 13
18 20 18 3
18 21 18 1
19 19 17 1
19 19 18 2
19 20 17 2
19 20 18 19
19 20 19 50
19 21 18 1
19 21 19 6
20 20 19 9
20 21 18 1
20 21 19 31
20 21 20 54
20 22 20 4
21 21 20 22
21 22 20 26
21 22 21 61
22 22 21 43
22 22 22 25
22 23 21 3
22 23 22 63
22 24 23 1
23 23 22 41
23 23 23 17
23 24 22 3
23 24 23 50
23 24 24 1
24 24 23 17
24 24 24 14
24 25 23 3
24 25 24 38
24 25 25 1
25 25 24 10
25 25 25 16
25 26 25 26
25 26 26 4
26 26 25 3
26 26 26 18
26 27 26 21
26 27 27 10
26 28 27 1
27 27 26 3
27 27 27 13
27 28 27 20
27 28 28 7
28 28 27 1
28 28 28 20
28 29 28 14
28 29 29 3
29 29 29 6
29 30 29 3
29 30 30 3
30 30 30 9
30 31 30 4
