32
2 2 1 1
4 4 4 1
4 5 4 1
5 10 6 1
9 10 9 1
10 13 10 1
11 11 9 1
11 12 11 1
13 13 12 14
13 14 13 2
13 15 13 1
13 17 14 1
14 14 13 3
15 15 14 1
15 16 15 2
15 18 16 1
16 16 15 1
16 17 16 1
17 18 17 9
18 19 17 8
18 19 18 16
18 20 18 5
19 19 17 1
19 19 18 2
19 20 17 1
19 20 18 12
19 20 19 52
19 21 19 6
20 20 18 1
20 20 19 12
20 21 19 22
20 21 20 63
20 22 20 4
21 21 20 20
21 22 20 23
21 22 21 64
21 23 21 1
22 22 21 46
22 22 22 21
22 23 21 1
22 23 22 70
23 23 21 1
23 23 22 35
23 23 23 16
23 24 22 3
23 24 23 51
23 25 24 1
24 24 23 21
24 24 24 11
24 25 23 1
24 25 24 37
24 25 25 2
25 25 24 9
25 25 25 11
25 26 25 32
25 26 26 6
25 27 26 1
26 26 25 1
26 26 26 17
26 27 26 21
26 27 27 10
27 27 26 2
27 27 27 10
27 28 27 21
27 28 28 7
28 28 27 2
28 28 28 18
28 29 28 11
28 29 29 6
29 29 29 9
29 30 29 2
29 30 30 1
30 30 30 11
30 31 30 3
