32
1 2 1 1
3 3 2 1
4 5 4 2
6 10 7 1
11 11 10 1
11 14 11 1
12 16 13 1
13 13 12 13
13 14 12 1
13 14 13 2
14 14 13 2
14 15 13 1
15 15 14 1
15 16 14 1
16 16 15 1
16 17 16 1
16 18 16 1
16 19 16 1
17 18 17 8
17 19 17 2
18 19 17 10
18 19 18 15
18 20 18 2
19 19 17 1
19 19 18 3
19 20 17 1
19 20 18 18
19 20 19 43
19 21 18 1
19 21 19 6
20 20 19 11
20 20 20 1
20 21 19 34
20 21 20 62
20 22 20 5
21 21 20 22
21 21 21 1
21 22 20 20
21 22 21 67
22 22 21 42
22 22 22 23
22 23 21 2
22 23 22 64
22 23 23 1
22 24 23 1
23 23 22 37
23 23 23 17
23 24 22 2
23 24 23 47
23 24 24 1
23 25 24 2
24 24 23 20
24 24 24 11
24 25 23 2
24 25 24 36
24 25 25 1
25 25 24 15
25 25 25 9
25 26 24 1
25 26 25 30
25 26 26 2
25 27 26 1
26 26 25 2
26 26 26 21
26 27 26 26
26 27 27 8
26 28 27 2
27 27 26 5
27 27 27 10
27 28 27 20
27 28 28 8
28 28 27 4
28 28 28 26
28 29 28 15
28 29 29 5
29 29 29 6
29 30 29 3
30 30 30 11
30 31 30 3
30 31 31 1
