32
3 4 3 1
4 5 4 1
5 6 4 1
6 10 7 1
6 12 8 1
10 10 10 1
10 14 11 1
12 12 10 1
13 13 12 13
13 13 13 1
13 14 13 2
13 17 14 1
14 14 13 4
15 15 14 1
15 16 15 1
16 16 15 1
16 18 16 1
16 19 17 1
17 18 17 9
17 19 17 1
18 18 17 1
18 19 17 10
18 19 18 13
18 20 18 2
18 21 18 1
19 19 18 2
19 20 17 1
19 20 18 11
19 20 19 46
19 21 19 5
20 20 18 1
20 20 19 6
20 20 20 1
20 21 19 20
20 21 20 76
20 22 20 5
21 21 20 15
21 22 20 19
21 22 21 75
22 22 21 45
22 22 22 24
22 23 21 4
22 23 22 65
22 24 23 1
23 23 22 39
23 23 23 16
23 24 22 2
23 24 23 55
23 24 24 2
24 24 23 18
24 24 24 14
24 25 23 2
24 25 24 46
24 25 25 1
25 25 24 8
25 25 25 15
25 26 25 25
25 26 26 8
25 27 26 1
26 26 26 21
26 27 26 23
26 27 27 17
26 28 27 1
27 27 26 6
27 27 27 13
27 28 27 22
27 28 28 9
28 28 27 1
28 28 28 24
28 29 28 15
28 29 29 5
29 29 29 6
29 30 29 2
29 30 30 1
30 30 30 12
30 31 30 2
