32
2 2 1 2
3 4 3 1
4 4 4 1
5 10 6 1
10 11 9 1
10 14 11 1
13 13 12 13
13 14 13 2
13 15 13 1
13 18 15 1
14 14 13 3
15 15 14 1
15 16 15 3
15 18 16 1
16 16 15 1
17 18 16 1
17 18 17 8
18 18 17 1
18 19 17 7
18 19 18 13
18 20 18 3
19 19 18 4
19 20 17 1
19 20 18 10
19 20 19 43
19 21 18 1
19 21 19 7
20 20 19 8
20 21 19 24
20 21 20 70
20 22 20 5
21 21 20 19
21 22 20 17
21 22 21 72
22 22 21 48
22 22 22 19
22 23 21 1
22 23 22 72
22 24 23 1
23 23 22 39
23 23 23 18
23 24 22 1
23 24 23 51
23 24 24 1
24 24 23 20
24 24 24 12
24 25 23 2
24 25 24 41
24 25 25 3
25 25 24 10
25 25 25 15
25 26 25 26
25 26 26 10
26 26 25 2
26 26 26 17
26 27 26 20
26 27 27 11
27 27 26 2
27 27 27 15
27 28 27 18
27 28 28 9
28 28 28 25
28 29 28 14
28 29 29 7
29 29 29 5
29 30 29 1
29 30 30 1
30 30 30 11
30 31 30 4
