32
1 2 1 1
3 3 3 1
4 5 4 2
6 6 5 1
7 10 7 1
11 11 9 1
11 14 11 1
13 13 12 14
13 14 12 1
13 14 13 1
13 15 13 1
13 17 14 1
14 14 13 3
15 15 14 2
15 15 15 1
15 16 15 2
16 18 16 1
16 19 16 1
17 18 16 1
17 18 17 8
17 19 17 1
18 19 17 9
18 19 18 15
18 20 18 4
19 19 17 1
19 19 18 1
19 20 17 1
19 20 18 19
19 20 19 41
19 21 19 5
20 20 19 11
20 21 19 30
20 21 20 58
20 22 20 5
21 21 20 21
21 22 20 27
21 22 21 60
22 22 21 48
22 22 22 21
22 23 21 3
22 23 22 62
22 24 22 1
22 24 23 1
23 23 22 40
23 23 23 17
23 24 22 1
23 24 23 50
23 24 24 1
23 25 24 1
24 24 23 23
24 24 24 12
24 25 23 2
24 25 24 43
24 25 25 1
25 25 24 7
25 25 25 14
25 26 25 29
25 26 26 3
25 27 26 1
26 26 25 4
26 26 26 16
26 27 26 24
26 27 27 10
27 27 26 4
27 27 27 12
27 28 27 22
27 28 28 7
28 28 27 1
28 28 28 19
28 29 28 12
28 29 29 7
29 29 29 6
29 30 29 2
29 30 30 3
30 30 30 11
30 31 30 2
