32
4 5 4 2
6 10 7 1
8 8 8 1
10 10 9 1
10 11 9 1
10 14 11 1
13 13 12 13
13 14 12 1
13 14 13 1
13 15 13 1
13 17 14 1
14 14 13 4
14 18 15 1
15 15 14 1
15 16 15 1
16 17 15 1
17 18 16 1
17 18 17 9
17 19 17 1
18 18 17 1
18 19 17 8
18 19 18 13
18 20 18 3
19 19 17 1
19 19 18 1
19 19 19 1
19 20 17 2
19 20 18 17
19 20 19 43
19 21 19 6
20 20 18 1
20 20 19 8
20 21 19 33
20 21 20 62
20 22 20 5
21 21 20 14
21 22 20 29
21 22 21 58
22 22 21 49
22 22 22 22
22 23 21 2
22 23 22 63
22 24 22 1
22 24 23 2
23 23 21 1
23 23 22 44
23 23 23 14
23 24 22 1
23 24 23 50
23 24 24 2
23 25 24 1
24 24 23 22
24 24 24 14
24 25 23 2
24 25 24 39
25 25 24 8
25 25 25 12
25 26 25 30
25 26 26 2
25 27 26 1
26 26 25 3
26 26 26 21
26 27 26 24
26 27 27 20
27 27 26 5
27 27 27 12
27 28 27 18
27 28 28 10
28 28 27 2
28 28 28 27
28 29 28 13
28 29 29 6
29 29 28 1
29 29 29 8
29 30 29 2
29 30 30 1
30 30 30 10
30 31 30 2
