32
1 2 1 1
3 4 3 1
4 5 4 2
5 6 5 1
6 6 5 1
6 7 5 1
6 10 7 1
9 9 9 1
10 14 11 1
11 11 9 1
13 13 12 14
13 14 13 1
14 14 13 5
14 18 15 1
15 15 14 1
15 16 14 1
15 18 15 1
16 16 15 2
16 17 16 1
17 18 17 7
17 19 17 2
18 19 17 4
18 19 18 13
18 20 18 3
19 20 17 1
19 20 18 12
19 20 19 51
19 21 19 7
20 20 18 1
20 20 19 6
20 21 19 25
20 21 20 63
20 22 20 3
21 21 20 18
21 21 21 2
21 22 20 24
21 22 21 67
22 22 21 48
22 22 22 24
22 23 21 1
22 23 22 65
22 24 23 1
23 23 22 47
23 23 23 12
23 24 22 1
23 24 23 58
23 24 24 1
23 25 24 2
24 24 23 20
24 24 24 9
24 25 23 2
24 25 24 40
25 25 24 11
25 25 25 12
25 26 25 28
25 26 26 6
26 26 25 3
26 26 26 19
26 27 26 25
26 27 27 9
27 27 26 4
27 27 27 12
27 28 27 20
27 28 28 6
28 28 27 3
28 28 28 17
28 29 28 14
28 29 29 8
29 29 29 8
29 30 29 2
29 30 30 1
30 30 30 12
30 31 30 3
