32
1 2 1 1
3 4 3 1
4 5 4 1
6 9 7 1
8 8 8 1
8 9 8 1
9 12 10 1
11 12 11 1
11 15 12 1
13 14 13 1
13 15 14 1
13 16 14 1
14 15 14 1
15 17 15 1
15 18 16 1
16 17 16 2
16 17 17 1
16 18 17 6
17 17 16 1
17 18 16 2
17 18 17 24
17 19 17 2
17 19 18 3
18 18 17 6
18 19 17 2
18 19 18 40
18 19 19 1
18 20 19 2
18 20 20 1
19 19 18 7
19 19 19 1
19 20 18 1
19 20 19 58
19 20 20 3
19 21 20 3
19 22 22 1
20 18 15 5
20 19 15 2
20 19 16 5
20 19 17 1
20 20 17 1
20 20 19 19
20 20 20 8
20 21 20 75
20 21 21 7
20 22 21 3
20 22 22 1
21 19 16 8
21 21 18 1
21 21 19 4
21 21 20 39
21 21 21 18
21 22 20 1
21 22 21 74
21 22 22 27
21 23 22 1
21 23 23 5
21 23 24 1
22 21 19 1
22 22 21 30
22 22 22 59
22 22 23 7
22 23 22 31
22 23 23 40
22 23 24 11
22 24 25 3
23 23 21 1
23 23 22 2
23 23 23 24
23 23 24 3
23 24 23 2
23 24 24 33
23 24 25 16
23 25 25 6
23 25 26 4
24 24 24 2
24 24 25 6
24 25 25 19
24 25 26 36
24 26 26 10
24 26 27 8
25 25 26 5
25 26 26 13
25 26 27 10
25 26 28 1
25 27 28 3
26 26 26 1
26 26 27 6
26 27 27 6
26 27 28 3
26 28 28 1
27 28 28 2
27 28 29 2
27 29 29 1
28 30 30 1
29 29 30 1
29 30 30 1
30 30 30 2
30 31 30 4
