32
1 2 1 1
3 4 3 1
4 5 4 1
5 9 6 1
9 9 8 1
9 13 10 1
11 13 12 1
12 12 12 1
12 16 14 1
13 14 13 1
15 16 15 1
15 17 16 2
15 18 16 1
16 17 15 1
16 17 17 1
16 18 17 3
17 17 16 1
17 18 17 22
17 19 17 4
17 19 18 4
17 19 19 1
18 18 17 7
18 19 17 3
18 19 18 30
18 20 18 2
18 20 19 2
19 19 18 13
19 20 18 2
19 20 19 54
19 20 20 1
19 21 20 5
20 18 15 5
20 18 16 2
20 19 15 3
20 19 16 5
20 19 17 1
20 20 17 1
20 20 19 18
20 20 20 7
20 21 20 74
20 21 21 9
20 22 21 2
20 22 22 2
21 19 16 5
21 20 18 1
21 21 19 3
21 21 20 37
21 21 21 18
21 22 21 79
21 22 22 33
21 22 23 1
21 23 23 6
21 24 24 1
22 22 20 1
22 22 21 28
22 22 22 59
22 22 23 5
22 23 22 31
22 23 23 49
22 23 24 11
22 24 24 1
22 24 25 2
22 25 25 1
23 23 22 1
23 23 23 21
23 23 24 8
23 24 23 3
23 24 24 31
23 24 25 17
23 25 25 3
23 25 26 4
24 24 24 6
24 24 25 6
24 25 25 14
24 25 26 27
24 26 26 10
24 26 27 8
25 25 26 7
25 26 26 14
25 26 27 28
25 27 27 1
25 27 28 1
26 26 27 5
26 27 27 8
26 27 28 10
27 27 28 2
27 28 28 1
27 29 29 1
28 28 29 1
29 29 30 1
29 30 30 1
30 30 30 5
30 31 30 8
