32
3 4 3 1
4 5 4 1
6 6 5 1
6 11 7 1
10 14 11 1
11 11 10 1
11 12 11 1
11 17 13 1
13 13 12 13
13 13 13 1
13 14 13 1
14 14 13 4
14 15 13 1
15 16 14 1
15 18 16 1
16 16 15 1
16 17 15 1
16 17 16 1
17 17 17 1
17 18 16 1
17 18 17 9
18 18 17 2
18 19 17 8
18 19 18 14
18 20 18 1
19 19 18 3
19 20 17 1
19 20 18 15
19 20 19 41
19 21 19 7
20 20 19 7
20 21 18 1
20 21 19 29
20 21 20 65
20 22 20 6
21 21 20 18
21 21 21 2
21 22 20 25
21 22 21 63
22 22 21 46
22 22 22 26
22 23 21 2
22 23 22 60
22 24 23 2
23 23 22 39
23 23 23 15
23 24 22 3
23 24 23 50
23 24 24 1
23 25 24 1
24 24 23 22
24 24 24 11
24 25 23 3
24 25 24 40
25 25 24 11
25 25 25 12
25 26 24 1
25 26 25 28
25 26 26 3
26 26 25 3
26 26 26 19
26 27 26 25
26 27 27 23
27 27 26 1
27 27 27 12
27 28 27 21
27 28 28 6
28 28 27 3
28 28 28 21
28 29 28 13
28 29 29 8
29 29 29 6
29 30 29 4
29 30 30 3
30 30 30 10
30 31 30 3
