32
4 4 4 2
4 5 3 1
4 5 4 1
6 6 6 1
6 10 7 1
11 12 10 1
11 14 11 1
12 17 13 1
13 13 12 13
13 14 13 2
14 14 13 3
14 15 13 1
14 18 15 1
15 15 14 2
15 16 15 2
17 18 17 8
17 19 17 1
18 19 17 8
18 19 18 11
18 20 18 3
19 19 17 1
19 19 18 2
19 20 18 12
19 20 19 51
19 21 19 6
20 20 19 10
20 21 19 24
20 21 20 61
20 22 20 5
21 21 20 20
21 22 20 23
21 22 21 64
22 22 21 46
22 22 22 21
22 23 21 3
22 23 22 68
22 23 23 1
23 23 22 43
23 23 23 14
23 24 22 1
23 24 23 55
23 25 23 1
24 24 23 19
24 24 24 12
24 25 23 3
24 25 24 42
24 25 25 1
25 25 24 8
25 25 25 11
25 26 25 28
25 26 26 6
26 26 25 1
26 26 26 24
26 27 26 21
26 27 27 15
26 28 27 3
27 27 26 1
27 27 27 13
27 28 27 17
27 28 28 8
28 28 27 1
28 28 28 14
28 29 28 6
28 29 29 4
29 29 29 3
29 30 29 3
30 30 30 6
30 31 30 2
