32
3 4 3 1
4 4 4 1
5 5 5 1
6 6 5 1
6 10 7 1
9 13 10 1
11 12 10 1
13 13 12 14
13 14 13 3
13 17 14 1
14 14 13 4
15 15 14 2
15 16 14 1
15 18 16 1
16 16 15 1
16 18 16 1
17 18 16 1
17 18 17 6
17 19 17 2
18 19 17 8
18 19 18 12
18 20 18 2
19 19 17 1
19 19 18 1
19 20 17 1
19 20 18 12
19 20 19 55
19 21 18 1
19 21 19 6
20 19 18 1
20 20 19 9
20 21 19 16
20 21 20 73
20 22 20 3
21 21 20 20
21 21 21 1
21 22 20 17
21 22 21 68
22 22 21 47
22 22 22 24
22 23 21 2
22 23 22 64
22 24 22 1
23 23 22 43
23 23 23 14
23 24 22 3
23 24 23 52
23 25 23 1
24 24 23 20
24 24 24 12
24 25 23 2
24 25 24 39
25 25 24 9
25 25 25 13
25 26 25 28
25 26 26 6
26 26 25 3
26 26 26 20
26 27 26 21
26 27 27 14
26 28 27 4
27 27 26 6
27 27 27 11
27 28 27 21
27 28 28 5
28 28 27 1
28 28 28 20
28 29 28 10
28 29 29 4
29 29 28 1
29 29 29 4
29 30 29 4
30 30 30 11
30 31 30 1
