32
2 2 1 1
3 4 4 1
3 5 3 1
5 10 6 1
10 11 9 1
10 14 11 1
13 13 12 11
13 13 13 2
13 14 12 1
13 15 13 1
13 17 14 1
14 14 13 3
14 15 14 1
15 15 14 1
15 16 15 1
15 18 16 1
16 16 15 1
16 17 15 1
16 18 17 1
17 18 17 9
18 19 17 8
18 19 18 17
18 20 18 3
19 19 17 1
19 19 18 3
19 20 18 7
19 20 19 50
19 21 19 6
20 20 18 1
20 20 19 8
20 20 20 1
20 21 19 20
20 21 20 68
20 22 20 5
21 21 20 17
21 21 21 1
21 22 20 18
21 22 21 67
21 23 21 1
22 22 21 48
22 22 22 23
22 23 21 1
22 23 22 67
22 23 23 1
22 24 23 1
23 23 22 35
23 23 23 17
23 24 22 1
23 24 23 52
23 24 24 1
23 25 24 1
24 24 23 20
24 24 24 12
24 25 23 3
24 25 24 44
24 25 25 2
25 25 24 5
25 25 25 16
25 26 25 28
25 26 26 4
26 26 25 2
26 26 26 14
26 27 26 19
26 27 27 13
27 27 26 3
27 27 27 14
27 28 27 16
27 28 28 8
28 28 27 2
28 28 28 21
28 29 28 10
28 29 29 6
29 29 29 6
29 30 29 2
29 30 30 2
30 30 30 9
30 31 30 1
