32
3 4 3 1
8 9 7 1
8 9 8 1
9 9 8 1
13 17 15 1
14 15 14 1
14 17 15 1
15 16 16 1
15 17 15 1
16 17 16 3
16 18 17 2
17 17 16 1
17 18 17 20
17 19 17 3
17 19 18 3
18 18 17 5
18 19 17 3
18 19 18 35
18 19 19 1
18 20 18 2
18 20 19 3
19 19 17 1
19 19 18 12
19 19 19 1
19 20 18 1
19 20 19 53
19 20 20 1
19 21 20 4
19 22 22 1
20 18 15 3
20 18 16 1
20 19 16 4
20 19 17 1
20 20 17 1
20 20 19 19
20 20 20 7
20 21 20 72
20 21 21 8
20 22 21 2
20 22 22 2
21 21 18 1
21 21 19 3
21 21 20 40
21 21 21 23
21 22 20 1
21 22 21 73
21 22 22 30
21 22 23 1
21 23 22 1
21 23 23 4
21 24 24 1
22 21 19 1
22 22 21 31
22 22 22 58
22 22 23 7
22 23 22 31
22 23 23 36
22 23 24 11
22 24 24 3
22 24 25 1
23 23 22 1
23 23 23 23
23 23 24 6
23 24 23 1
23 24 24 31
23 24 25 14
23 25 25 3
24 24 24 3
24 24 25 7
24 25 25 16
24 25 26 20
24 25 27 1
24 26 26 2
24 26 27 4
25 25 26 5
25 26 26 13
25 26 27 19
25 27 28 3
26 26 26 1
26 26 27 2
26 27 27 9
26 27 28 5
26 28 28 1
27 27 28 2
27 28 28 2
27 28 29 1
27 29 29 1
29 29 30 1
29 30 30 1
30 30 30 4
30 31 30 5
