32
4 5 4 3
6 6 5 1
7 11 7 1
10 14 11 1
11 12 10 1
13 13 12 11
13 13 13 1
13 14 13 2
13 17 14 1
14 14 13 3
14 15 14 1
15 16 14 2
15 16 15 1
15 18 16 1
16 16 15 1
16 17 16 1
17 18 17 8
17 19 17 1
18 18 17 1
18 19 17 11
18 19 18 13
18 20 18 2
19 19 17 1
19 19 18 1
19 20 17 1
19 20 18 18
19 20 19 42
19 21 18 2
19 21 19 5
20 20 18 1
20 20 19 3
20 21 19 35
20 21 20 60
20 22 20 5
21 21 20 17
21 22 20 30
21 22 21 57
22 22 21 50
22 22 22 20
22 23 21 4
22 23 22 66
22 24 22 1
22 24 23 1
23 23 21 1
23 23 22 39
23 23 23 15
23 24 22 1
23 24 23 53
23 24 24 1
23 25 24 2
24 24 23 19
24 24 24 11
24 25 23 2
24 25 24 39
25 25 24 13
25 25 25 12
25 26 25 29
25 26 26 3
25 27 26 1
26 26 25 4
26 26 26 17
26 27 26 23
26 27 27 22
26 28 27 1
27 27 26 1
27 27 27 11
27 28 27 22
27 28 28 7
28 28 27 2
28 28 28 22
28 29 28 15
28 29 29 6
29 29 28 1
29 29 29 5
29 30 29 2
29 30 30 3
30 30 30 11
30 31 30 3
