32
1 2 0 1
1 2 1 1
3 4 3 1
5 9 6 1
6 7 6 1
9 9 8 1
9 13 10 1
11 13 12 1
11 15 13 1
13 14 14 1
13 17 15 1
15 17 15 1
15 18 17 2
16 17 16 3
16 17 17 1
16 18 17 3
17 17 16 1
17 18 16 1
17 18 17 22
17 19 17 1
17 19 18 4
18 18 17 4
18 19 17 3
18 19 18 37
18 19 19 1
18 20 18 1
18 20 19 1
19 19 18 11
19 19 19 3
19 20 19 53
19 21 19 1
19 21 20 2
20 18 15 6
20 18 16 1
20 19 15 3
20 19 16 4
20 19 17 1
20 20 17 1
20 20 19 18
20 20 20 6
20 21 20 80
20 21 21 5
20 22 21 2
20 22 22 3
21 19 16 5
21 21 18 1
21 21 19 3
21 21 20 35
21 21 21 24
21 22 20 1
21 22 21 72
21 22 22 26
21 22 23 1
21 23 22 2
21 23 23 4
21 23 24 1
21 24 24 1
22 22 20 1
22 22 21 32
22 22 22 58
22 22 23 6
22 23 22 33
22 23 23 43
22 23 24 10
22 24 24 1
22 24 25 2
23 23 22 1
23 23 23 26
23 23 24 8
23 24 23 1
23 24 24 30
23 24 25 15
23 25 25 4
23 25 26 4
24 24 24 4
24 24 25 8
24 25 24 1
24 25 25 16
24 25 26 29
24 26 26 15
24 26 27 10
25 25 26 6
25 26 26 13
25 26 27 25
25 27 28 2
26 26 26 1
26 26 27 5
26 27 27 7
26 27 28 6
26 28 28 1
26 28 29 1
27 27 28 3
27 28 28 1
27 28 29 2
27 29 29 1
28 30 30 1
29 29 30 1
29 30 30 1
30 30 30 4
30 31 30 6
