32
2 2 2 1
2 3 2 1
4 5 4 1
5 7 5 1
10 14 11 1
11 11 10 1
12 13 12 1
12 17 14 1
13 13 12 13
13 14 12 1
13 14 13 1
14 14 13 3
14 15 14 1
15 15 14 2
15 16 15 1
15 18 16 1
16 16 15 1
17 18 16 2
17 18 17 9
18 18 17 1
18 19 17 9
18 19 18 16
18 20 18 2
19 19 17 1
19 19 18 2
19 20 18 18
19 20 19 45
19 21 19 5
20 20 18 1
20 20 19 13
20 21 19 28
20 21 20 57
20 22 20 6
21 21 20 20
21 22 20 26
21 22 21 63
21 23 21 1
22 22 21 48
22 22 22 26
22 23 21 2
22 23 22 59
22 24 22 1
23 23 22 43
23 23 23 17
23 24 22 2
23 24 23 45
23 24 24 2
24 24 23 18
24 24 24 13
24 25 23 3
24 25 24 42
24 25 25 1
25 25 24 9
25 25 25 12
25 26 24 1
25 26 25 27
25 26 26 2
26 26 25 3
26 26 26 22
26 27 26 25
26 27 27 19
27 27 26 1
27 27 27 13
27 28 27 21
27 28 28 8
28 28 27 2
28 28 28 15
28 29 28 9
28 29 29 3
29 29 29 5
29 30 29 2
29 30 30 2
30 30 30 7
30 31 30 4
