32
2 2 1 1
4 4 4 1
5 6 5 1
5 10 6 1
6 12 8 1
7 8 7 1
10 11 9 1
10 14 11 1
11 11 10 1
13 13 11 3
13 13 12 15
13 13 13 1
13 17 14 1
14 14 13 2
14 15 14 1
15 15 14 1
15 16 14 1
15 16 15 1
15 18 16 1
17 18 17 10
17 19 17 2
18 18 17 1
18 19 17 9
18 19 18 14
18 20 18 2
19 19 17 2
19 19 18 1
19 20 17 2
19 20 18 23
19 20 19 41
19 21 18 1
19 21 19 7
20 20 19 9
20 21 19 35
20 21 20 57
20 22 20 6
21 21 19 1
21 21 20 19
21 22 20 27
21 22 21 62
22 22 21 54
22 22 22 16
22 23 21 1
22 23 22 64
22 24 23 3
23 23 22 39
23 23 23 17
23 24 22 3
23 24 23 51
23 24 24 1
23 25 24 2
24 24 23 19
24 24 24 12
24 25 23 2
24 25 24 37
25 25 24 12
25 25 25 14
25 26 25 31
25 26 26 7
26 26 25 4
26 26 26 15
26 27 26 28
26 27 27 17
27 27 26 5
27 27 27 11
27 28 27 18
27 28 28 7
28 28 27 4
28 28 28 23
28 29 28 17
28 29 29 8
29 29 28 1
29 29 29 6
29 30 29 2
29 30 30 1
30 30 30 15
30 31 30 3
