32
3 4 3 1
4 6 4 1
6 6 5 1
6 10 7 1
10 14 11 1
12 12 10 1
13 13 12 13
13 14 12 1
13 14 13 2
13 15 13 1
13 17 14 1
14 14 13 2
14 14 14 1
15 15 14 1
15 16 14 1
16 16 15 2
16 17 16 1
16 19 16 1
17 18 16 2
17 18 17 9
17 19 17 1
18 18 17 1
18 19 17 8
18 19 18 15
18 20 18 3
19 19 18 2
19 20 17 2
19 20 18 15
19 20 19 53
19 21 18 1
19 21 19 4
20 20 19 9
20 21 19 31
20 21 20 59
20 22 20 5
21 21 20 18
21 21 21 1
21 22 20 26
21 22 21 63
22 22 21 45
22 22 22 18
22 23 21 2
22 23 22 69
22 24 23 1
23 23 22 39
23 23 23 17
23 24 22 2
23 24 23 49
23 24 24 1
23 25 24 1
24 24 23 18
24 24 24 16
24 25 23 3
24 25 24 35
24 25 25 1
25 25 24 9
25 25 25 16
25 26 25 29
25 26 26 8
25 27 26 1
26 26 25 2
26 26 26 16
26 27 26 23
26 27 27 29
26 28 27 3
27 27 26 2
27 27 27 11
27 28 27 21
27 28 28 6
28 28 27 1
28 28 28 21
28 29 28 15
28 29 29 7
29 29 29 3
29 30 29 2
29 30 30 1
30 30 30 7
30 31 30 4
