32
2 2 1 1
3 4 3 1
4 4 4 1
5 9 6 1
5 11 7 1
10 10 9 2
10 14 11 1
12 17 14 1
13 13 11 3
13 13 12 14
13 14 12 1
13 14 13 2
14 14 13 1
15 15 14 1
15 16 14 1
15 18 16 1
16 16 15 1
16 18 16 1
17 18 16 1
17 18 17 10
17 19 17 1
18 18 16 1
18 19 17 9
18 19 18 18
18 20 18 3
19 19 17 1
19 19 18 2
19 20 17 1
19 20 18 18
19 20 19 50
19 21 18 2
19 21 19 5
20 20 18 1
20 20 19 14
20 21 19 20
20 21 20 65
20 22 20 7
21 21 20 21
21 22 20 19
21 22 21 68
22 22 21 42
22 22 22 26
22 23 21 3
22 23 22 63
22 24 23 1
23 23 22 39
23 23 23 18
23 24 23 56
23 24 24 1
23 25 24 1
24 24 23 14
24 24 24 11
24 25 23 1
24 25 24 42
24 25 25 1
25 25 24 8
25 25 25 13
25 26 25 27
25 26 26 8
26 26 25 1
26 26 26 18
26 27 26 20
26 27 27 13
26 28 27 1
27 27 26 6
27 27 27 12
27 28 27 19
27 28 28 12
28 28 28 25
28 29 28 11
28 29 29 8
29 29 29 4
29 30 29 2
29 30 30 2
30 30 30 14
30 31 30 3
