32
3 4 3 1
4 5 4 1
5 6 5 1
6 10 7 1
6 12 8 1
11 11 10 1
11 14 11 1
12 13 12 1
13 13 12 14
13 14 13 1
13 15 13 1
13 17 14 1
14 14 13 4
15 15 14 2
15 18 16 1
16 16 15 2
17 18 17 11
17 19 17 2
18 19 17 8
18 19 18 13
18 20 18 4
19 19 17 1
19 19 18 1
19 20 17 1
19 20 18 19
19 20 19 40
19 21 18 1
19 21 19 6
20 20 19 7
20 21 19 32
20 21 20 63
20 22 20 4
21 21 20 18
21 22 20 34
21 22 21 59
22 22 21 47
22 22 22 21
22 23 21 4
22 23 22 61
22 24 22 1
22 24 23 1
23 23 21 1
23 23 22 40
23 23 23 14
23 24 22 1
23 24 23 56
23 24 24 1
24 24 23 19
24 24 24 12
24 25 23 2
24 25 24 39
24 25 25 2
25 25 24 10
25 25 25 11
25 26 25 31
25 26 26 9
25 27 26 1
26 26 25 3
26 26 26 16
26 27 26 29
26 27 27 22
27 27 26 4
27 27 27 14
27 28 27 22
27 28 28 7
28 28 27 2
28 28 28 17
28 29 28 12
28 29 29 6
29 29 28 1
29 29 29 6
29 30 29 2
29 30 30 1
30 30 30 10
30 31 30 3
