32
2 2 1 1
4 5 4 5
5 11 7 1
6 10 7 1
11 11 9 1
11 11 10 1
11 14 11 1
13 13 11 1
13 13 12 15
13 14 13 3
13 15 13 1
13 17 14 1
14 14 13 3
14 16 14 1
15 16 14 1
15 16 15 1
15 18 16 1
16 17 16 1
17 18 16 1
17 18 17 8
17 19 17 2
18 18 17 1
18 19 17 10
18 19 18 15
18 20 18 5
19 19 17 1
19 19 18 1
19 20 17 2
19 20 18 20
19 20 19 42
19 21 19 6
19 22 19 1
20 20 18 1
20 20 19 10
20 21 19 34
20 21 20 56
20 22 20 5
21 21 20 23
21 21 21 1
21 22 20 22
21 22 21 67
22 22 21 44
22 22 22 20
22 23 21 5
22 23 22 64
23 23 22 36
23 23 23 21
23 24 22 3
23 24 23 47
23 24 24 1
23 25 24 1
24 24 23 17
24 24 24 10
24 25 23 3
24 25 24 40
25 25 24 15
25 25 25 9
25 26 25 33
25 26 26 2
25 27 26 1
26 26 25 5
26 26 26 16
26 27 26 27
26 27 27 8
27 27 26 4
27 27 27 13
27 28 27 21
27 28 28 8
28 28 27 2
28 28 28 22
28 29 28 14
28 29 29 6
29 29 29 7
29 30 29 2
29 30 30 1
30 30 30 13
30 31 30 4
