32
4 5 4 1
4 10 5 1
6 6 5 1
6 8 6 1
6 10 6 1
6 12 8 1
9 9 8 1
9 13 9 1
11 11 9 1
11 14 11 1
12 12 12 1
12 13 12 1
13 13 12 12
13 13 13 2
13 17 14 1
14 13 12 1
14 14 13 5
14 15 13 1
15 16 14 1
15 18 15 1
16 16 15 2
16 18 16 2
17 18 17 8
17 19 17 3
18 18 17 1
18 19 17 7
18 19 18 13
18 20 18 1
19 19 17 1
19 19 18 1
19 20 17 2
19 20 18 12
19 20 19 44
19 21 18 1
19 21 19 6
20 20 19 11
20 21 19 12
20 21 20 83
20 22 20 4
21 21 20 13
21 21 21 1
21 22 20 14
21 22 21 74
22 22 21 44
22 22 22 24
22 23 21 2
22 23 22 68
22 24 22 1
22 24 23 1
23 23 22 43
23 23 23 15
23 24 22 1
23 24 23 54
23 25 24 1
24 24 23 18
24 24 24 7
24 25 23 1
24 25 24 48
24 25 25 1
25 25 24 9
25 25 25 12
25 26 25 28
25 26 26 11
26 26 25 2
26 26 26 17
26 27 26 22
26 27 27 11
27 27 26 5
27 27 27 14
27 28 27 20
27 28 28 10
28 28 27 1
28 28 28 18
28 29 28 10
28 29 29 6
29 29 29 3
29 30 29 2
29 30 30 2
30 30 30 16
30 31 30 1
