32
3 3 3 1
4 4 3 1
4 5 4 1
4 8 5 1
8 9 8 1
9 13 10 1
10 10 10 1
11 13 11 1
11 15 13 1
12 12 12 1
14 14 14 1
14 16 15 1
15 17 15 1
15 17 16 1
15 18 16 1
16 17 16 3
16 17 17 1
16 18 17 2
17 17 16 1
17 18 16 3
17 18 17 24
17 19 17 1
17 19 18 4
18 18 17 4
18 19 17 6
18 19 18 37
18 19 19 1
18 20 18 1
18 20 19 2
19 19 18 9
19 19 19 1
19 20 18 1
19 20 19 56
19 20 20 4
19 21 19 1
19 21 20 1
19 22 22 1
20 18 15 4
20 19 15 2
20 19 16 7
20 19 17 1
20 20 19 19
20 20 20 9
20 21 19 2
20 21 20 71
20 21 21 8
20 22 21 3
20 22 22 2
21 19 15 1
21 19 16 5
21 20 17 1
21 21 19 5
21 21 20 40
21 21 21 19
21 22 21 72
21 22 22 30
21 23 23 6
21 24 24 1
22 22 20 1
22 22 21 36
22 22 22 57
22 22 23 8
22 23 22 32
22 23 23 41
22 23 24 10
22 24 24 1
22 24 25 3
23 23 22 2
23 23 23 22
23 23 24 2
23 24 23 5
23 24 24 29
23 24 25 17
23 25 25 3
23 25 26 1
24 24 24 4
24 24 25 5
24 25 25 17
24 25 26 21
24 26 26 5
24 26 27 8
25 25 26 6
25 26 26 12
25 26 27 11
25 26 28 1
25 27 28 1
26 26 26 1
26 26 27 4
26 27 27 8
26 27 28 5
26 28 28 2
27 27 28 1
27 28 28 2
29 29 29 1
29 30 30 2
30 30 30 2
30 31 30 8
