32
2 2 2 1
4 5 4 2
5 6 5 1
6 6 4 1
7 11 8 1
10 14 11 1
11 11 10 1
11 12 10 1
13 13 12 14
13 15 13 1
13 17 14 1
14 14 13 5
15 15 14 1
15 16 14 1
16 16 15 2
16 17 16 1
16 18 16 1
16 19 16 1
17 18 17 9
17 19 17 3
18 18 17 1
18 19 17 8
18 19 18 12
18 20 18 4
19 19 17 1
19 20 18 19
19 20 19 40
19 21 18 2
19 21 19 3
20 20 18 1
20 20 19 10
20 21 19 29
20 21 20 66
20 22 20 6
21 21 20 15
21 22 20 28
21 22 21 57
22 22 21 53
22 22 22 20
22 23 21 3
22 23 22 63
23 23 22 44
23 23 23 13
23 24 22 1
23 24 23 52
23 25 24 1
24 24 23 23
24 24 24 12
24 25 23 2
24 25 24 40
24 25 25 2
25 25 24 9
25 25 25 13
25 26 25 32
25 26 26 5
26 26 25 1
26 26 26 17
26 27 26 24
26 27 27 7
27 27 26 6
27 27 27 12
27 28 27 21
27 28 28 6
28 28 27 1
28 28 28 15
28 29 28 5
28 29 29 5
29 29 29 4
29 30 29 3
29 30 30 3
30 30 30 10
30 31 30 2
