32
1 2 1 1
3 4 3 1
4 4 4 1
4 5 4 1
5 9 6 1
8 9 8 1
9 9 8 1
9 12 10 1
10 10 10 1
11 11 11 1
11 13 12 1
11 15 13 1
13 16 14 1
14 15 14 1
14 16 15 1
15 17 15 1
16 17 16 1
16 17 17 1
16 18 16 1
16 18 17 4
17 17 16 1
17 18 17 24
17 19 17 2
17 19 18 4
17 20 19 1
18 18 17 5
18 19 17 1
18 19 18 37
18 20 18 1
18 20 19 2
19 19 18 13
19 20 19 56
19 21 20 4
19 22 22 1
20 18 15 9
20 18 16 1
20 19 15 3
20 19 16 3
20 19 17 2
20 20 19 17
20 20 20 5
20 21 20 80
20 21 21 9
20 22 21 3
20 22 22 1
21 19 16 3
21 20 18 1
21 21 19 3
21 21 20 33
21 21 21 17
21 22 21 75
21 22 22 25
21 22 23 1
21 23 22 1
21 23 23 7
21 24 24 1
22 22 20 1
22 22 21 32
22 22 22 63
22 22 23 6
22 23 22 28
22 23 23 46
22 23 24 12
22 24 24 1
22 24 25 1
22 25 25 1
23 23 22 2
23 23 23 20
23 23 24 7
23 24 24 36
23 24 25 15
23 25 25 2
23 25 26 2
24 24 24 3
24 24 25 10
24 25 25 15
24 25 26 20
24 25 27 1
24 26 26 4
24 26 27 7
25 25 26 7
25 26 26 13
25 26 27 24
25 27 28 2
26 26 27 6
26 27 27 7
26 27 28 14
26 28 28 1
27 28 28 1
27 28 29 1
27 29 29 1
28 30 30 1
29 29 30 1
29 30 30 1
30 30 30 5
30 31 30 5
