32
1 2 1 1
3 4 3 1
5 6 5 1
6 10 7 1
8 9 8 1
10 14 11 1
11 11 9 1
13 13 12 13
13 14 13 1
13 17 14 1
14 14 13 4
14 15 13 1
15 16 15 4
16 17 15 1
16 17 16 1
16 18 16 1
16 19 16 1
17 18 17 9
17 19 17 2
18 18 17 1
18 19 17 8
18 19 18 15
18 20 18 2
19 19 17 1
19 19 18 1
19 20 17 1
19 20 18 17
19 20 19 42
19 21 18 2
19 21 19 6
20 20 18 1
20 20 19 10
20 21 19 25
20 21 20 67
20 22 19 1
20 22 20 5
21 21 20 19
21 21 21 2
21 22 20 22
21 22 21 65
22 22 21 48
22 22 22 21
22 23 21 3
22 23 22 66
22 24 23 2
23 23 22 35
23 23 23 17
23 24 22 1
23 24 23 52
23 24 24 1
23 25 24 1
24 24 23 17
24 24 24 16
24 25 23 3
24 25 24 39
24 25 25 1
25 25 24 9
25 25 25 11
25 26 25 31
25 26 26 8
25 27 26 1
26 26 25 2
26 26 26 19
26 27 26 26
26 27 27 19
26 28 27 2
27 27 26 4
27 27 27 15
27 28 27 17
27 28 28 7
28 28 27 2
28 28 28 17
28 29 28 5
28 29 29 4
29 29 29 3
29 30 29 2
29 30 30 1
30 30 30 9
30 31 30 3
