32
2 2 1 2
4 4 3 1
4 5 4 1
5 10 6 1
10 10 8 1
10 14 11 1
12 12 11 1
13 13 12 14
13 14 13 1
13 17 14 1
14 14 13 3
14 15 13 1
14 16 14 1
15 16 14 1
15 18 16 1
16 16 15 1
16 17 16 1
17 18 16 1
17 18 17 9
17 19 17 3
18 19 17 4
18 19 18 18
18 20 18 3
19 19 17 1
19 20 17 2
19 20 18 8
19 20 19 49
19 21 19 6
20 20 18 1
20 20 19 13
20 21 19 17
20 21 20 76
20 22 20 3
21 21 20 15
21 21 21 1
21 22 20 21
21 22 21 76
22 22 21 41
22 22 22 22
22 23 21 4
22 23 22 68
22 24 23 2
23 23 22 40
23 23 23 17
23 24 22 2
23 24 23 47
23 25 24 2
24 24 23 17
24 24 24 14
24 25 23 1
24 25 24 42
24 25 25 1
25 25 24 8
25 25 25 15
25 26 25 29
25 26 26 12
25 27 26 1
26 26 25 2
26 26 26 18
26 27 26 24
26 27 27 29
26 28 27 1
27 27 26 1
27 27 27 12
27 28 27 18
27 28 28 11
28 28 27 4
28 28 28 21
28 29 28 16
28 29 29 5
29 29 29 5
29 30 29 2
29 30 30 2
30 30 30 6
30 31 30 2
