32
4 5 4 2
6 10 7 1
9 13 10 1
11 11 9 1
11 11 10 1
11 12 10 1
13 13 12 14
13 13 13 1
13 14 12 1
13 14 13 2
13 17 14 1
14 14 13 3
15 15 14 1
15 16 14 1
16 16 15 2
16 17 16 1
16 18 16 2
17 18 17 7
17 19 17 1
18 19 17 5
18 19 18 13
18 20 18 2
19 19 17 1
19 20 18 12
19 20 19 53
19 21 18 1
19 21 19 6
20 20 18 1
20 20 19 6
20 20 20 1
20 21 19 21
20 21 20 76
20 22 19 1
20 22 20 4
21 21 20 17
21 22 20 23
21 22 21 66
22 22 21 46
22 22 22 21
22 23 21 2
22 23 22 68
23 23 22 46
23 23 23 15
23 24 22 1
23 24 23 54
23 25 24 2
24 24 23 22
24 24 24 10
24 25 23 2
24 25 24 38
24 25 25 1
25 25 24 10
25 25 25 12
25 26 24 1
25 26 25 31
25 26 26 6
26 26 25 1
26 26 26 16
26 27 26 28
26 27 27 15
26 28 27 4
27 27 26 6
27 27 27 11
27 28 27 21
27 28 28 8
28 28 27 1
28 28 28 23
28 29 28 17
28 29 29 5
29 29 28 1
29 29 29 10
29 30 29 2
29 30 30 2
30 30 30 12
30 31 30 3
