32
2 3 2 1
3 3 2 1
3 4 3 1
4 5 4 1
6 10 7 1
8 8 8 1
10 14 11 1
11 11 10 1
13 13 12 13
13 14 12 1
13 14 13 1
13 17 14 1
14 14 13 5
15 15 14 1
15 16 14 1
15 16 15 2
15 18 16 1
16 17 16 1
17 17 17 1
17 18 16 1
17 18 17 6
17 19 17 1
18 19 17 8
18 19 18 14
18 20 18 5
19 19 18 1
19 20 17 1
19 20 18 10
19 20 19 44
19 21 19 6
20 20 18 1
20 20 19 7
20 21 19 26
20 21 20 69
20 22 20 5
21 21 20 15
21 22 20 22
21 22 21 71
22 22 21 44
22 22 22 23
22 23 21 3
22 23 22 70
22 23 23 1
22 24 23 1
23 23 22 41
23 23 23 16
23 24 22 1
23 24 23 53
23 24 24 1
23 25 24 2
24 24 23 18
24 24 24 11
24 25 23 2
24 25 24 44
24 25 25 1
25 25 24 8
25 25 25 13
25 26 25 29
25 26 26 6
26 26 25 2
26 26 26 18
26 27 26 24
26 27 27 11
27 27 26 2
27 27 27 13
27 28 27 19
27 28 28 12
28 28 27 3
28 28 28 21
28 29 28 15
28 29 29 7
29 29 29 4
29 30 29 2
29 30 30 2
30 30 30 10
30 31 30 3
