32
1 2 1 1
2 3 2 1
3 4 3 2
5 9 6 1
5 10 6 1
7 10 8 1
8 9 8 1
9 13 10 1
11 11 10 1
11 12 11 1
11 13 12 1
12 15 13 1
13 14 13 1
13 15 13 1
13 16 14 1
13 17 15 1
14 14 14 1
14 15 13 1
14 16 15 1
14 17 15 2
15 16 15 2
15 17 15 1
15 17 16 3
15 18 16 1
16 17 16 3
16 18 17 3
16 19 18 1
17 17 16 1
17 18 16 2
17 18 17 24
17 19 18 6
17 20 19 1
18 17 13 1
18 18 17 6
18 19 17 3
18 19 18 35
18 19 19 1
18 20 19 1
19 19 18 11
19 19 19 3
19 20 18 1
19 20 19 54
19 20 20 1
19 21 20 1
19 21 21 1
20 18 15 1
20 19 15 3
20 19 16 5
20 20 19 23
20 20 20 9
20 21 20 69
20 21 21 8
20 22 21 3
20 22 22 2
21 19 16 10
21 20 17 2
21 21 19 4
21 21 20 46
21 21 21 21
21 22 21 68
21 22 22 27
21 22 23 3
21 23 22 1
21 23 23 6
21 23 24 1
22 21 19 1
22 22 20 1
22 22 21 38
22 22 22 55
22 22 23 8
22 23 22 31
22 23 23 36
22 23 24 9
22 24 24 2
22 24 25 2
23 23 22 3
23 23 23 27
23 23 24 7
23 24 23 1
23 24 24 33
23 24 25 20
23 25 25 4
23 25 26 3
24 24 24 6
24 24 25 7
24 25 24 1
24 25 25 18
24 25 26 27
24 25 27 2
24 26 26 2
24 26 27 10
25 25 25 1
25 25 26 6
25 26 26 12
25 26 27 18
25 26 28 2
25 27 28 1
26 26 27 4
26 27 27 8
26 27 28 3
26 28 28 2
27 27 28 1
27 28 28 1
27 28 29 2
27 29 30 1
28 30 30 1
29 30 30 2
30 30 30 3
30 30 31 1
30 31 30 7
30 31 31 1
