32
3 4 3 2
5 9 6 1
7 8 7 1
9 10 9 1
9 13 10 1
11 13 12 1
12 16 13 1
14 15 14 1
15 17 15 1
15 17 16 4
16 17 15 1
16 17 16 2
16 18 17 4
17 17 16 1
17 18 17 20
17 19 17 2
17 19 18 3
18 18 17 6
18 19 17 4
18 19 18 37
18 20 18 2
18 20 19 2
19 19 18 11
19 19 19 2
19 20 18 1
19 20 19 55
19 20 20 2
19 21 19 2
19 21 20 3
19 22 22 1
20 18 15 6
20 19 15 2
20 19 16 5
20 19 17 1
20 20 19 18
20 20 20 6
20 21 20 72
20 21 21 8
20 22 21 2
20 22 22 1
21 19 16 6
21 20 17 1
21 21 19 4
21 21 20 36
21 21 21 20
21 22 20 1
21 22 21 71
21 22 22 26
21 22 23 2
21 23 22 2
21 23 23 6
22 21 19 1
22 22 20 1
22 22 21 34
22 22 22 61
22 22 23 7
22 23 22 34
22 23 23 42
22 23 24 9
22 24 24 3
22 24 25 1
22 25 25 1
23 23 21 1
23 23 22 1
23 23 23 24
23 23 24 10
23 24 23 1
23 24 24 31
23 24 25 16
23 25 25 5
23 25 26 3
24 24 24 6
24 24 25 7
24 25 25 17
24 25 26 36
24 25 27 1
24 26 26 11
24 26 27 10
25 25 26 6
25 26 26 12
25 26 27 30
25 27 28 1
26 26 27 6
26 27 27 6
26 27 28 12
27 27 28 3
27 28 28 1
27 28 29 2
27 29 29 1
28 30 30 1
29 29 29 1
29 30 30 1
30 30 30 4
30 31 30 4
