32
3 4 3 1
4 5 4 2
6 10 7 1
11 12 10 1
11 14 11 1
12 12 11 1
13 13 12 15
13 13 13 1
13 14 13 3
13 17 14 1
14 14 13 2
14 15 13 1
15 16 14 1
15 18 16 1
16 16 15 2
16 17 15 1
17 18 17 7
17 19 17 2
18 18 17 1
18 19 17 11
18 19 18 13
18 20 18 2
19 19 17 1
19 19 18 1
19 20 18 20
19 20 19 42
19 21 18 1
19 21 19 5
20 20 19 6
20 21 19 35
20 21 20 67
20 22 20 4
21 21 20 18
21 22 20 34
21 22 21 56
22 22 21 52
22 22 22 21
22 23 21 3
22 23 22 65
22 24 23 3
23 23 21 1
23 23 22 39
23 23 23 14
23 24 22 1
23 24 23 50
23 24 24 2
23 25 24 1
24 24 23 21
24 24 24 9
24 25 23 2
24 25 24 39
24 25 25 1
25 25 24 12
25 25 25 13
25 26 25 29
25 26 26 5
26 26 25 6
26 26 26 18
26 27 26 27
26 27 27 9
27 27 26 5
27 27 27 12
27 28 27 21
27 28 28 8
28 28 27 2
28 28 28 19
28 29 28 16
28 29 29 5
29 29 29 6
29 30 29 2
29 30 30 1
30 30 30 11
30 31 30 2
