32
2 3 2 1
3 4 2 1
3 4 3 1
5 9 6 1
9 10 8 1
9 10 9 1
9 13 10 1
11 11 10 1
11 13 12 1
11 16 13 1
14 15 15 1
14 17 15 1
15 16 15 1
15 17 15 1
15 17 16 2
16 18 17 7
17 17 16 1
17 18 16 1
17 18 17 20
17 19 17 2
17 19 18 3
18 18 17 5
18 18 18 1
18 19 17 3
18 19 18 37
18 20 18 1
18 20 19 2
18 20 20 1
19 19 18 12
19 19 19 2
19 20 18 1
19 20 19 54
19 21 20 5
20 18 15 8
20 18 16 1
20 19 15 3
20 19 16 2
20 19 17 1
20 20 17 1
20 20 19 18
20 20 20 7
20 21 20 73
20 21 21 9
20 22 21 2
20 22 22 2
21 19 16 4
21 21 18 1
21 21 19 4
21 21 20 33
21 21 21 19
21 22 20 1
21 22 21 75
21 22 22 35
21 22 23 1
21 23 22 2
21 23 23 3
22 22 21 31
22 22 22 58
22 22 23 7
22 23 22 30
22 23 23 47
22 23 24 9
22 24 24 1
22 25 25 2
23 23 22 1
23 23 23 20
23 23 24 6
23 24 23 2
23 24 24 32
23 24 25 15
23 25 25 3
23 25 26 3
24 24 24 4
24 24 25 8
24 25 25 14
24 25 26 30
24 25 27 1
24 26 26 9
24 26 27 9
25 25 26 5
25 26 26 15
25 26 27 27
25 27 28 2
26 26 26 1
26 26 27 4
26 27 27 8
26 27 28 9
26 28 28 1
26 28 29 1
27 27 28 2
27 28 28 2
27 29 29 1
29 29 30 1
29 30 30 2
30 30 30 3
30 31 30 5
