32
3 4 3 1
4 5 3 1
4 5 4 1
4 10 5 1
5 5 4 1
5 6 4 1
5 6 5 1
6 10 7 1
6 12 8 1
8 12 9 1
10 14 11 1
11 11 9 1
12 16 13 1
13 13 12 14
13 14 12 2
13 15 13 1
14 14 13 3
15 15 14 1
15 15 15 1
15 16 15 3
15 18 16 1
16 17 15 1
16 18 16 1
17 18 16 1
17 18 17 10
17 19 17 1
18 19 17 10
18 19 18 14
18 20 18 4
19 19 17 2
19 19 18 3
19 20 17 2
19 20 18 20
19 20 19 43
19 21 18 2
19 21 19 6
20 20 19 11
20 21 19 32
20 21 20 59
20 22 20 5
21 21 20 23
21 22 20 25
21 22 21 67
22 22 21 43
22 22 22 25
22 23 21 3
22 23 22 59
22 24 23 1
23 23 22 40
23 23 23 15
23 24 22 1
23 24 23 54
23 24 24 1
23 25 24 1
24 24 23 19
24 24 24 11
24 25 23 1
24 25 24 40
24 25 25 1
25 25 24 15
25 25 25 13
25 26 25 30
25 26 26 9
26 26 25 2
26 26 26 21
26 27 26 25
26 27 27 16
26 28 27 1
27 27 26 7
27 27 27 14
27 28 27 20
27 28 28 6
28 28 27 2
28 28 28 23
28 29 28 15
28 29 29 4
29 29 29 5
29 30 29 3
29 30 30 1
30 30 30 11
30 31 30 4
