32
2 2 1 1
3 4 3 1
4 5 4 1
6 9 6 1
10 11 9 1
10 14 11 1
13 13 12 13
13 14 13 2
14 14 13 4
14 18 14 1
15 15 14 2
15 15 15 1
15 16 15 1
15 18 16 1
16 16 15 1
16 18 16 1
17 18 17 7
17 19 17 1
18 19 17 7
18 19 18 12
18 20 18 3
19 19 18 2
19 20 17 1
19 20 18 11
19 20 19 52
19 21 19 7
20 20 18 1
20 20 19 9
20 20 20 1
20 21 19 21
20 21 20 68
20 22 20 4
21 21 20 19
21 22 20 21
21 22 21 70
22 22 21 47
22 22 22 20
22 23 21 4
22 23 22 65
23 23 22 41
23 23 23 13
23 24 22 1
23 24 23 52
23 24 24 1
23 25 24 1
24 24 23 20
24 24 24 12
24 25 23 2
24 25 24 39
24 25 25 1
25 25 24 7
25 25 25 12
25 26 25 31
25 26 26 4
26 26 25 1
26 26 26 19
26 27 26 23
26 27 27 7
26 28 27 1
27 27 26 4
27 27 27 14
27 28 27 18
27 28 28 11
28 28 27 2
28 28 28 24
28 29 28 14
28 29 29 4
29 29 29 11
29 30 29 2
29 30 30 3
30 30 30 12
30 31 30 3
