32
2 2 1 1
4 4 4 2
4 5 4 2
6 7 6 1
6 11 7 1
6 12 8 1
8 9 8 1
9 13 10 1
10 14 11 1
11 10 10 1
12 12 10 1
13 13 12 14
13 14 13 2
13 17 14 1
14 14 13 3
14 15 13 1
15 16 14 1
15 16 15 1
15 18 15 1
16 16 15 1
16 18 16 3
16 19 16 1
17 18 17 9
17 19 17 1
18 18 17 1
18 19 17 7
18 19 18 13
18 20 18 3
19 19 17 1
19 19 18 2
19 20 18 21
19 20 19 35
19 21 19 7
20 20 19 9
20 21 19 31
20 21 20 65
20 22 20 5
21 21 20 16
21 22 20 31
21 22 21 58
22 22 21 48
22 22 22 20
22 23 21 3
22 23 22 67
22 24 22 2
23 23 22 40
23 23 23 15
23 24 23 57
23 24 24 2
23 25 24 1
24 24 23 20
24 24 24 11
24 25 23 1
24 25 24 41
25 25 24 9
25 25 25 11
25 26 24 1
25 26 25 29
25 26 26 2
25 27 26 1
26 26 25 3
26 26 26 21
26 27 26 21
26 27 27 9
27 27 26 5
27 27 27 15
27 28 27 20
27 28 28 3
28 28 27 3
28 28 28 10
28 29 28 6
28 29 29 3
29 29 29 3
29 30 29 1
29 30 30 2
30 30 30 8
30 31 30 3
