32
2 2 1 1
2 2 2 1
5 6 5 1
10 11 9 1
11 14 11 1
13 12 12 1
13 13 12 3
13 13 13 1
13 14 12 1
14 14 13 3
15 15 14 2
15 16 15 2
15 18 16 1
16 18 16 1
17 17 15 1
17 18 16 2
17 18 17 8
17 19 17 1
18 19 17 7
18 19 18 16
18 20 18 2
19 19 17 1
19 19 18 3
19 20 18 17
19 20 19 51
19 21 19 4
20 20 18 1
20 20 19 9
20 21 19 29
20 21 20 60
20 22 20 4
21 21 20 22
21 21 21 1
21 22 20 17
21 22 21 65
22 22 21 47
22 22 22 20
22 23 21 5
22 23 22 67
23 23 22 34
23 23 23 19
23 24 22 1
23 24 23 53
23 24 24 1
24 24 23 17
24 24 24 10
24 25 23 1
24 25 24 41
24 25 25 1
25 25 24 9
25 25 25 12
25 26 24 1
25 26 25 27
25 26 26 3
25 27 26 1
26 26 25 4
26 26 26 19
26 27 26 18
26 27 27 15
26 28 27 1
27 27 26 1
27 27 27 10
27 28 27 19
27 28 28 7
28 28 27 1
28 28 28 18
28 29 28 10
28 29 29 9
29 29 29 5
29 30 29 2
29 30 30 2
30 30 30 6
30 31 30 4
