32
1 1 0 1
2 4 3 1
3 4 3 1
4 4 4 1
5 9 6 1
5 10 6 1
8 8 7 1
8 9 8 1
9 13 10 1
10 15 12 1
11 13 12 1
14 15 14 1
14 16 15 1
14 17 15 2
15 17 15 1
15 17 16 2
15 18 16 1
16 17 15 2
16 17 16 4
16 18 16 1
16 18 17 3
17 17 16 1
17 18 16 4
17 18 17 20
17 19 17 2
17 19 18 4
17 19 19 1
18 18 17 6
18 19 17 3
18 19 18 41
18 19 19 1
18 20 19 2
19 19 18 9
19 19 19 2
19 20 19 55
19 20 20 2
19 21 20 1
19 21 21 1
20 18 15 9
20 19 15 3
20 19 16 2
20 19 17 2
20 20 19 24
20 20 20 10
20 21 19 1
20 21 20 70
20 21 21 7
20 22 21 4
20 22 22 1
21 19 15 1
21 19 16 5
21 21 18 1
21 21 19 4
21 21 20 40
21 21 21 19
21 22 21 73
21 22 22 27
21 23 22 1
21 23 23 5
21 24 24 1
22 21 19 2
22 22 21 33
22 22 22 62
22 22 23 8
22 23 22 28
22 23 23 42
22 23 24 11
22 24 25 3
23 23 22 1
23 23 23 19
23 23 24 6
23 24 23 4
23 24 24 29
23 24 25 18
23 25 25 4
23 25 26 5
24 24 24 5
24 24 25 9
24 25 24 1
24 25 25 17
24 25 26 33
24 25 27 1
24 26 26 4
24 26 27 10
25 25 26 4
25 26 26 12
25 26 27 18
25 26 28 1
25 27 28 3
26 26 27 7
26 27 27 8
26 27 28 7
27 28 28 2
27 28 29 3
28 30 30 1
30 30 30 4
30 31 30 7
30 31 31 1
