32
2 2 1 1
3 4 3 1
4 4 4 1
9 13 10 1
11 11 10 1
13 13 12 12
13 14 13 2
13 17 14 1
14 14 13 3
14 18 15 1
15 15 14 3
15 16 15 1
16 17 16 1
17 18 17 8
18 19 17 7
18 19 18 12
18 20 18 3
19 19 17 1
19 19 18 1
19 19 19 1
19 20 17 1
19 20 18 16
19 20 19 54
19 21 19 5
20 20 19 13
20 21 19 21
20 21 20 67
20 22 20 4
21 21 20 17
21 21 21 1
21 22 20 19
21 22 21 68
22 22 21 44
22 22 22 24
22 23 21 2
22 23 22 66
23 23 22 41
23 23 23 19
23 24 23 55
23 24 24 1
24 24 23 18
24 24 24 9
24 25 23 2
24 25 24 39
24 25 25 2
25 25 24 10
25 25 25 13
25 26 25 32
25 26 26 4
26 26 25 2
26 26 26 18
26 27 26 21
26 27 27 30
26 28 27 1
27 27 26 1
27 27 27 13
27 28 27 20
27 28 28 6
28 28 27 2
28 28 28 22
28 29 28 11
28 29 29 6
29 29 29 7
29 30 29 3
30 30 30 9
