32
0 1 0 1
3 4 3 1
4 4 4 1
7 11 8 1
9 9 9 1
10 10 9 1
10 14 11 1
11 11 9 1
13 13 12 13
13 14 13 2
13 17 14 1
14 14 13 4
15 15 14 1
15 16 14 1
15 18 16 1
16 16 15 1
16 17 16 1
16 18 16 1
17 18 17 9
18 19 17 7
18 19 18 15
18 20 18 5
19 19 17 1
19 19 18 1
19 20 18 13
19 20 19 47
19 21 19 4
20 20 18 2
20 20 19 11
20 21 19 21
20 21 20 69
20 22 20 5
21 21 20 22
21 22 20 19
21 22 21 71
22 22 21 43
22 22 22 23
22 23 21 3
22 23 22 67
23 23 22 38
23 23 23 19
23 24 22 1
23 24 23 49
23 24 24 2
23 25 24 1
24 24 23 18
24 24 24 12
24 25 23 3
24 25 24 39
24 25 25 1
25 25 24 8
25 25 25 15
25 26 25 31
25 26 26 4
26 26 25 3
26 26 26 16
26 27 26 20
26 27 27 32
27 27 27 14
27 28 27 16
27 28 28 8
28 28 27 2
28 28 28 21
28 29 28 5
28 29 29 8
29 29 29 4
29 30 29 2
29 30 30 3
30 30 30 6
30 31 30 2
