32
3 4 3 1
9 11 9 2
10 14 11 1
11 12 10 1
11 17 13 1
12 12 11 1
13 13 11 1
13 13 12 10
13 14 12 2
14 14 13 3
15 15 14 1
15 16 14 1
15 16 15 1
16 18 16 1
17 18 16 4
17 18 17 9
18 19 17 10
18 19 18 13
18 20 18 3
19 19 17 1
19 19 18 2
19 20 18 23
19 20 19 41
19 21 18 1
19 21 19 5
20 20 18 1
20 20 19 11
20 21 19 37
20 21 20 52
20 22 20 7
21 21 20 20
21 22 20 25
21 22 21 63
22 22 21 47
22 22 22 23
22 23 21 2
22 23 22 65
23 23 22 38
23 23 23 17
23 24 22 2
23 24 23 48
24 24 23 20
24 24 24 12
24 25 23 2
24 25 24 40
24 25 25 1
25 25 24 7
25 25 25 15
25 26 25 26
25 26 26 5
26 26 25 2
26 26 26 15
26 27 26 26
26 27 27 11
27 27 26 2
27 27 27 12
27 28 27 19
27 28 28 9
28 28 27 2
28 28 28 23
28 29 28 15
28 29 29 4
29 29 29 5
29 30 29 2
29 30 30 2
30 30 30 10
30 31 30 4
