32
0 1 0 4
1 1 0 6
1 1 1 6
1 2 1 13
2 1 1 1
2 2 1 7
2 2 2 4
2 3 1 2
2 3 2 11
2 8 12 1
2 8 13 3
2 9 14 2
2 10 14 1
2 10 15 3
2 11 16 2
2 11 17 1
2 12 16 1
3 3 2 9
3 3 3 13
3 4 3 17
3 6 11 2
3 7 3 1
3 8 4 4
3 9 13 1
3 10 14 2
3 10 15 1
3 11 16 3
3 12 16 1
4 4 3 12
4 4 4 11
4 5 4 7
4 5 5 1
4 5 8 1
4 8 4 3
4 8 5 5
4 9 5 1
4 9 9 1
4 9 11 1
4 10 7 2
4 10 8 2
4 10 9 1
4 10 11 1
4 10 14 1
4 10 17 1
4 10 18 1
4 11 15 1
4 12 16 1
5 4 3 1
5 5 4 14
5 5 5 8
5 6 4 2
5 6 5 4
5 6 6 1
5 9 6 2
5 10 12 1
5 10 14 1
5 13 21 1
6 5 3 3
6 5 4 1
6 6 4 1
6 6 5 9
6 7 5 2
6 7 6 5
6 10 6 1
6 10 7 1
6 10 12 1
6 10 13 1
6 11 15 1
6 12 16 1
7 5 3 1
7 6 4 3
7 6 5 2
7 7 5 1
7 7 6 8
7 7 8 1
7 8 6 1
7 8 7 5
7 9 7 1
7 10 7 1
7 10 13 1
7 12 16 1
7 13 16 1
8 6 3 3
8 6 4 54
8 6 5 1
8 7 4 1
8 7 5 1
8 7 6 1
8 8 5 1
8 8 6 2
8 8 7 7
8 8 8 2
8 8 10 1
8 9 8 1
8 10 13 1
8 11 9 1
8 12 14 1
8 12 15 1
9 6 4 4
9 7 4 3
9 7 5 7
9 7 6 1
9 8 5 1
9 8 6 2
9 9 8 10
9 9 9 2
9 10 9 3
9 12 15 1
10 8 6 2
10 8 7 2
10 9 7 1
10 9 8 1
10 10 8 3
10 10 9 10
10 10 10 6
10 11 9 2
10 11 10 12
10 12 10 1
10 12 14 1
10 13 16 1
10 15 17 1
11 9 8 1
11 10 8 1
11 10 9 2
11 10 12 1
11 11 9 4
11 11 10 12
11 11 11 3
11 12 10 1
11 12 11 7
11 13 15 1
11 13 16 1
11 14 16 1
12 11 10 4
12 12 10 2
12 12 11 65
12 12 12 9
12 13 10 1
12 13 11 2
12 13 12 9
12 14 13 1
13 11 9 1
13 11 10 1
13 12 11 55
13 12 12 25
13 13 10 1
13 13 11 7
13 13 12 160
13 13 13 25
13 14 12 4
13 14 13 24
13 14 15 1
14 13 11 2
14 13 12 11
14 13 13 32
14 14 12 3
14 14 13 143
14 14 14 24
14 14 15 1
14 14 16 1
14 15 13 33
14 15 14 120
14 15 15 2
14 15 17 1
14 16 14 1
14 16 16 1
15 13 11 1
15 14 12 1
15 14 13 2
15 14 14 17
15 15 13 39
15 15 14 241
15 15 15 55
15 16 13 3
15 16 14 57
15 16 15 173
15 17 15 3
15 17 19 1
16 14 13 2
16 15 12 1
16 15 13 2
16 15 14 7
16 15 15 6
16 16 13 2
16 16 14 93
16 16 15 128
16 16 16 41
16 17 15 39
16 17 16 262
16 17 17 6
16 18 16 2
16 19 17 1
17 16 13 1
17 16 14 1
17 16 15 2
17 16 16 2
17 17 15 11
17 17 16 150
17 17 17 97
17 18 16 38
17 18 17 412
17 18 18 7
17 18 19 1
17 19 17 6
17 19 18 1
17 19 20 1
17 20 17 1
18 17 17 2
18 18 16 1
18 18 17 149
18 18 18 53
18 19 17 37
18 19 18 340
18 19 19 2
18 20 18 1
18 20 19 1
19 11 7 1
19 14 11 1
19 18 16 1
19 18 17 2
19 19 17 1
19 19 18 91
19 19 19 30
19 19 20 3
19 20 18 32
19 20 19 237
19 21 19 2
20 14 7 1
20 17 14 1
20 19 18 2
20 20 19 36
20 20 20 20
20 21 19 21
20 21 20 173
20 21 21 2
20 22 20 1
21 16 11 1
21 19 18 1
21 20 19 1
21 21 20 27
21 21 21 22
21 22 20 19
21 22 21 176
21 22 22 7
21 23 21 1
22 19 17 1
22 21 20 1
22 21 21 1
22 22 21 26
22 22 22 62
22 23 22 125
22 23 23 28
22 24 23 1
23 15 8 2
23 18 13 1
23 19 16 1
23 22 21 1
23 22 22 1
23 23 22 9
23 23 23 65
23 23 24 1
23 24 23 118
23 24 24 37
24 17 10 1
24 18 11 1
24 24 23 8
24 24 24 54
24 25 24 107
24 25 25 15
25 19 13 1
25 24 24 1
25 25 24 3
25 25 25 32
25 26 25 53
25 26 26 32
25 27 26 1
26 25 26 1
26 26 25 5
26 26 26 84
26 27 26 153
26 27 27 49
26 28 26 1
26 28 27 1
27 27 26 12
27 27 27 101
27 27 28 1
27 28 27 151
27 28 28 80
28 28 27 2
28 28 28 88
28 28 29 1
28 29 28 77
28 29 29 82
29 29 28 1
29 29 29 32
29 30 29 18
29 30 30 57
30 29 30 1
30 30 30 219
30 30 31 4
30 31 30 70
30 31 31 4
31 31 31 1
