32
0 1 0 3
1 1 0 7
1 2 0 2
1 2 1 10
2 1 0 1
2 2 0 6
2 2 1 11
2 2 2 6
2 3 2 14
2 3 3 1
2 5 10 1
2 9 14 1
2 9 15 2
2 10 15 1
2 11 16 2
3 2 1 1
3 3 1 2
3 3 2 9
3 3 3 7
3 4 3 6
3 4 7 2
3 6 11 1
3 8 16 1
3 9 17 1
3 10 15 1
3 10 16 1
3 10 19 1
3 11 17 1
4 4 2 3
4 4 3 11
4 4 4 6
4 5 4 3
4 10 15 1
4 11 15 1
4 11 16 2
4 11 17 1
4 11 19 1
4 12 17 5
4 12 18 1
5 4 2 1
5 4 3 2
5 5 3 4
5 5 4 9
5 5 6 1
5 6 4 1
5 6 5 1
5 8 14 1
5 11 4 1
5 11 15 2
5 11 16 1
5 12 14 1
5 12 16 1
5 12 17 1
6 5 3 1
6 5 4 1
6 6 3 1
6 6 4 4
6 6 5 3
6 7 5 2
6 7 6 1
6 11 4 2
6 11 5 1
6 11 6 1
6 11 11 1
6 11 15 1
6 12 5 2
6 12 6 1
6 12 15 1
6 12 16 1
6 13 9 1
7 6 4 3
7 7 4 1
7 7 5 1
7 7 6 4
7 7 7 1
7 8 7 1
7 10 14 1
7 11 15 1
7 12 6 2
7 12 8 1
7 12 16 1
7 13 5 1
7 13 6 4
7 13 7 1
7 13 8 1
7 13 9 1
7 13 10 1
8 6 3 2
8 7 6 1
8 8 5 1
8 8 6 3
8 8 7 1
8 9 8 2
8 12 7 1
8 13 7 1
8 13 8 1
9 8 3 1
9 8 4 1
9 8 5 1
9 8 7 4
9 8 8 1
9 9 7 4
9 9 8 4
9 9 9 1
9 9 10 1
9 10 9 1
9 10 10 1
9 11 10 1
9 11 14 1
9 12 10 1
9 12 14 1
9 13 8 1
9 13 9 1
9 13 17 1
10 7 3 1
10 8 4 2
10 9 7 3
10 9 8 2
10 10 7 1
10 10 8 5
10 10 9 5
10 11 9 2
10 11 11 2
10 11 15 1
10 14 17 1
10 14 18 1
11 8 3 1
11 8 4 2
11 8 5 1
11 9 5 1
11 10 8 2
11 10 9 5
11 11 9 7
11 11 10 2
11 11 11 2
11 12 9 1
11 12 10 1
11 12 11 2
11 12 15 1
11 13 13 1
11 13 15 1
11 14 11 1
11 14 17 1
12 8 4 1
12 9 3 1
12 9 4 11
12 9 5 1
12 9 6 1
12 10 5 3
12 10 6 1
12 11 8 1
12 11 9 1
12 11 10 2
12 12 10 3
12 12 11 4
12 12 12 2
12 13 11 1
12 13 12 1
12 13 13 1
12 14 15 1
12 14 17 1
12 16 19 1
13 9 4 44
13 9 5 3
13 10 4 2
13 10 5 5
13 10 6 7
13 11 6 1
13 11 8 1
13 12 10 1
13 12 11 1
13 13 10 1
13 13 11 6
13 13 12 17
13 13 13 4
13 14 12 14
13 14 13 7
13 14 14 1
13 14 15 1
13 14 16 1
13 15 13 2
13 15 17 1
14 10 6 1
14 11 7 1
14 11 8 2
14 12 8 2
14 13 10 1
14 13 11 3
14 13 12 13
14 13 13 1
14 14 12 21
14 14 13 49
14 15 13 20
14 15 14 22
14 15 15 1
14 16 14 2
14 16 15 2
14 16 17 1
15 13 10 2
15 13 11 1
15 14 11 6
15 14 12 8
15 14 13 7
15 14 14 1
15 15 13 34
15 15 14 38
15 15 15 3
15 16 14 36
15 16 15 70
15 16 16 2
15 16 18 1
16 11 9 1
16 14 11 1
16 14 12 3
16 14 13 2
16 15 12 4
16 15 13 33
16 15 14 10
16 15 15 1
16 16 9 1
16 16 13 2
16 16 14 39
16 16 15 97
16 16 16 14
16 17 15 48
16 17 16 49
16 17 17 3
16 18 17 2
16 18 18 1
17 12 9 1
17 13 9 1
17 14 12 1
17 14 13 1
17 14 14 1
17 15 12 4
17 15 13 49
17 15 14 2
17 16 13 36
17 16 14 101
17 16 15 49
17 16 16 3
17 17 8 1
17 17 14 3
17 17 15 106
17 17 16 246
17 17 17 64
17 18 15 3
17 18 16 84
17 18 17 90
17 18 18 2
17 18 19 3
17 18 20 1
17 19 18 3
17 19 19 1
17 19 20 48
17 19 21 96
17 20 17 1
17 20 21 16
17 20 22 2
18 9 5 1
18 11 5 1
18 16 13 1
18 16 14 50
18 16 15 5
18 17 13 1
18 17 14 33
18 17 15 164
18 17 16 118
18 17 17 19
18 18 10 1
18 18 16 77
18 18 17 299
18 18 18 61
18 18 19 4
18 19 17 125
18 19 18 228
18 19 19 17
18 19 20 5
18 19 21 8
18 20 17 1
18 20 18 3
18 20 19 8
18 20 20 1
18 20 21 74
18 20 22 172
18 21 22 73
18 21 23 15
18 21 24 1
19 10 5 1
19 17 14 1
19 17 15 1
19 17 16 3
19 18 16 56
19 18 17 50
19 18 18 1
19 19 17 46
19 19 18 200
19 19 19 24
19 20 17 1
19 20 18 47
19 20 19 191
19 20 20 32
19 20 21 8
19 20 22 2
19 21 20 16
19 21 21 4
19 21 22 55
19 21 23 87
19 22 23 50
19 22 24 14
20 13 7 1
20 16 14 1
20 19 17 3
20 19 18 13
20 20 17 6
20 20 18 50
20 20 19 112
20 20 20 20
20 21 19 9
20 21 20 101
20 21 21 47
20 21 22 4
20 22 21 15
20 22 22 9
20 22 23 12
20 22 24 44
20 22 25 2
20 23 24 4
20 23 25 26
20 23 26 1
21 14 7 1
21 16 9 1
21 20 18 23
21 20 19 2
21 21 18 37
21 21 19 41
21 21 20 34
21 21 21 20
21 21 22 1
21 22 20 1
21 22 21 61
21 22 22 128
21 22 23 1
21 23 22 3
21 23 23 10
21 23 25 18
21 23 26 10
21 24 26 31
21 24 27 4
21 25 28 2
22 16 11 1
22 20 19 1
22 21 18 8
22 21 19 30
22 21 20 1
22 22 19 38
22 22 20 50
22 22 21 26
22 22 22 65
22 22 23 4
22 23 20 1
22 23 21 2
22 23 22 25
22 23 23 70
22 23 24 4
22 24 23 2
22 24 24 10
22 24 26 4
22 24 27 8
22 25 27 16
22 25 28 12
23 22 20 32
23 22 21 2
23 23 20 18
23 23 21 59
23 23 22 4
23 23 23 17
23 23 24 1
23 24 23 20
23 24 24 31
23 25 24 1
23 25 25 12
23 25 28 9
23 26 28 11
23 26 29 20
23 27 29 2
24 23 21 46
24 23 22 3
24 24 21 4
24 24 22 49
24 24 23 1
24 24 24 5
24 24 25 1
24 25 24 3
24 25 25 15
24 26 25 6
24 26 26 6
25 25 25 4
25 26 26 12
25 26 27 2
25 27 27 5
26 26 26 2
26 27 26 2
26 27 27 12
26 27 28 2
26 28 28 4
27 27 27 2
27 28 28 2
27 28 29 1
27 29 28 1
27 29 29 1
28 29 29 1
28 30 30 1
29 29 30 1
