32
0 1 0 2
1 1 0 3
1 2 0 2
1 2 1 4
2 1 1 1
2 2 0 5
2 2 1 14
2 2 2 4
2 3 1 3
2 3 2 4
2 10 16 1
2 11 17 1
3 2 0 1
3 2 1 2
3 3 1 2
3 3 2 12
3 3 3 3
3 4 2 1
3 4 3 12
3 5 8 1
3 6 10 1
3 6 12 1
3 7 12 1
3 8 16 1
3 10 15 1
3 10 16 1
3 12 18 2
4 3 2 2
4 4 2 2
4 4 3 9
4 4 4 8
4 5 3 2
4 5 4 2
4 5 5 1
4 10 18 1
4 11 16 1
4 11 20 1
4 12 18 2
4 13 18 2
4 13 19 1
5 4 3 2
5 5 2 1
5 5 3 1
5 5 4 16
5 5 5 4
5 6 5 6
5 12 17 5
5 12 18 1
5 13 18 1
5 13 19 2
6 6 3 4
6 6 4 1
6 6 5 7
6 6 8 1
6 7 9 1
6 12 5 2
6 12 6 1
6 12 16 1
6 12 17 1
6 13 5 2
6 13 14 1
6 13 15 1
6 13 16 1
7 6 4 1
7 6 5 4
7 7 4 3
7 7 5 3
7 7 6 3
7 8 6 1
7 11 15 2
7 12 6 1
7 12 12 1
7 12 17 1
7 13 6 2
7 13 17 1
7 13 18 1
7 14 6 1
7 14 10 1
7 14 12 2
7 14 19 2
8 7 4 1
8 7 5 2
8 7 6 1
8 8 6 2
8 8 7 1
8 9 7 1
8 9 8 2
8 13 6 1
8 13 7 2
8 14 6 2
8 14 7 1
8 14 8 2
8 14 10 1
8 14 19 1
9 7 2 1
9 7 3 1
9 9 7 1
9 9 8 3
9 9 9 1
9 10 8 1
9 10 9 3
9 10 10 1
9 10 11 1
9 13 8 1
9 13 16 2
9 14 8 1
10 9 6 1
10 9 7 2
10 9 8 2
10 10 8 3
10 10 9 2
10 11 9 2
10 12 10 1
10 12 13 1
10 14 8 1
10 15 9 1
11 9 5 1
11 10 7 2
11 10 8 4
11 10 9 2
11 11 8 1
11 11 9 3
11 11 10 2
11 11 11 2
11 12 10 1
11 12 11 1
11 12 16 1
11 13 13 1
12 8 4 1
12 9 4 1
12 9 5 3
12 10 6 1
12 10 8 1
12 11 8 1
12 11 9 1
12 11 10 4
12 12 9 2
12 12 10 8
12 12 11 4
12 13 11 1
12 13 12 1
12 13 13 1
12 14 11 1
12 14 17 2
12 15 13 1
12 15 18 1
12 16 19 1
13 9 4 2
13 10 4 4
13 10 5 7
13 10 6 3
13 11 6 1
13 11 7 1
13 11 9 1
13 11 14 1
13 12 10 2
13 12 11 1
13 12 12 1
13 13 10 1
13 13 11 9
13 13 12 2
13 13 13 2
13 13 14 1
13 14 12 1
13 14 13 2
13 16 12 1
13 16 19 1
14 10 4 23
14 10 5 45
14 11 5 2
14 11 6 3
14 11 7 5
14 12 7 2
14 12 9 1
14 12 10 1
14 13 11 1
14 13 12 5
14 13 13 1
14 14 12 4
14 14 13 4
14 14 14 2
14 14 15 1
14 15 13 1
14 15 14 1
14 16 18 1
15 12 7 1
15 14 11 1
15 14 12 2
15 14 13 6
15 15 13 30
15 15 14 18
15 16 13 3
15 16 14 12
15 16 15 5
15 16 16 1
15 16 18 1
16 13 10 2
16 14 11 2
16 15 12 4
16 15 13 11
16 15 14 12
16 16 13 4
16 16 14 70
16 16 15 27
16 16 16 3
16 17 14 1
16 17 15 15
16 17 16 11
16 17 17 1
16 17 19 1
17 14 11 2
17 15 12 1
17 15 13 4
17 16 13 9
17 16 14 21
17 16 15 14
17 16 16 1
17 17 15 39
17 17 16 126
17 17 17 18
17 18 16 36
17 18 17 42
17 18 18 2
18 16 13 7
18 16 14 42
18 17 13 1
18 17 14 36
18 17 15 56
18 17 16 58
18 17 17 5
18 18 16 54
18 18 17 125
18 18 18 24
18 18 19 1
18 19 17 50
18 19 18 35
18 19 19 1
18 19 20 1
18 20 19 1
18 20 21 2
18 20 22 19
18 21 18 1
18 21 22 9
19 10 5 1
19 12 8 1
19 14 12 1
19 17 13 1
19 17 14 15
19 17 15 93
19 17 16 14
19 18 15 13
19 18 16 153
19 18 17 116
19 18 18 18
19 19 17 165
19 19 18 175
19 19 19 24
19 20 17 11
19 20 18 101
19 20 19 68
19 20 20 3
19 20 21 8
19 20 22 5
19 21 19 1
19 21 21 3
19 21 22 149
19 21 23 55
19 22 18 1
19 22 22 2
19 22 23 36
20 13 7 1
20 16 13 1
20 18 15 2
20 18 16 42
20 18 17 18
20 19 16 1
20 19 17 163
20 19 18 86
20 19 19 24
20 20 18 128
20 20 19 217
20 20 20 24
20 20 21 3
20 21 18 5
20 21 19 113
20 21 20 147
20 21 21 11
20 21 22 29
20 21 23 2
20 22 20 4
20 22 21 1
20 22 22 4
20 22 23 229
20 22 24 113
20 23 24 15
21 13 7 1
21 15 10 1
21 18 16 1
21 19 18 1
21 20 17 1
21 20 18 6
21 20 19 15
21 21 18 2
21 21 19 79
21 21 20 188
21 21 21 7
21 22 20 46
21 22 21 161
21 22 22 18
21 22 23 10
21 22 24 6
21 23 23 4
21 23 24 63
21 23 25 60
21 24 25 6
21 24 26 1
21 24 27 1
22 14 8 1
22 17 13 1
22 20 18 3
22 21 18 2
22 21 19 4
22 21 20 12
22 22 19 38
22 22 20 37
22 22 21 93
22 22 22 67
22 22 23 1
22 23 21 1
22 23 22 101
22 23 23 42
22 23 24 7
22 23 25 4
22 24 23 1
22 24 24 2
22 24 25 18
22 24 26 51
22 25 26 14
22 25 27 13
22 25 28 3
23 16 9 1
23 17 12 1
23 22 19 10
23 22 20 55
23 22 21 5
23 22 22 1
23 23 20 31
23 23 21 34
23 23 22 48
23 23 23 85
23 24 22 2
23 24 23 110
23 24 24 80
23 24 25 6
23 25 24 7
23 25 25 3
23 25 26 5
23 25 27 44
23 25 28 1
23 26 28 20
23 26 29 5
23 27 29 1
24 17 11 1
24 22 21 1
24 23 20 5
24 23 21 47
24 23 22 3
24 24 21 15
24 24 22 20
24 24 23 15
24 24 24 28
24 25 24 30
24 25 25 39
24 25 26 5
24 26 25 4
24 26 26 5
24 26 27 4
24 26 28 13
24 26 29 9
24 27 28 2
24 27 29 18
24 28 30 1
25 24 21 9
25 24 22 64
25 24 23 1
25 24 24 1
25 25 22 36
25 25 23 22
25 25 24 8
25 25 25 17
25 25 26 3
25 26 25 12
25 26 26 24
25 26 27 1
25 26 28 2
25 27 26 3
25 27 28 2
25 27 29 11
25 27 30 7
25 28 29 2
25 28 30 11
25 29 30 5
26 25 23 7
26 25 24 1
26 26 25 1
26 26 26 6
26 27 26 10
26 27 27 11
26 27 28 1
26 28 27 6
26 29 30 4
27 27 27 3
27 27 28 1
27 28 27 3
27 28 28 17
27 29 28 1
27 29 29 1
28 27 26 1
28 28 28 5
28 28 29 2
28 29 28 1
28 29 29 7
28 30 29 1
28 30 30 3
29 29 29 1
29 30 30 6
29 30 31 1
30 30 30 25
30 30 31 1
30 31 30 4
30 31 31 2
