32
0 0 0 2
0 1 0 3
1 1 0 6
1 1 1 8
1 2 0 1
1 2 1 14
2 2 1 8
2 2 2 1
2 3 2 16
2 3 3 1
2 8 12 2
2 9 13 2
2 9 14 2
2 10 15 3
2 11 15 1
2 11 16 3
3 3 2 7
3 3 3 9
3 4 2 2
3 4 3 15
3 5 11 1
3 6 10 1
3 6 11 1
3 7 4 1
3 7 12 1
3 8 4 5
3 9 13 1
3 10 13 1
3 10 14 2
3 11 14 1
3 11 15 2
3 11 16 2
3 12 16 2
4 4 3 22
4 4 4 13
4 5 3 1
4 5 4 11
4 5 7 1
4 5 8 1
4 8 4 3
4 8 5 1
4 9 5 2
4 9 6 1
4 9 8 1
4 9 12 1
4 10 7 1
4 10 9 1
4 10 11 1
4 10 13 1
4 10 14 2
4 10 17 2
4 11 9 1
4 11 10 1
4 11 16 1
4 11 19 1
5 4 3 1
5 5 4 9
5 5 5 6
5 6 5 7
5 8 5 1
5 9 6 1
5 13 21 1
6 5 3 2
6 5 4 2
6 6 4 2
6 6 5 7
6 6 6 1
6 6 7 1
6 7 6 2
6 7 8 1
6 7 9 1
6 10 7 2
6 10 14 1
6 10 15 1
6 11 10 1
6 11 14 1
6 12 15 1
7 5 3 1
7 5 4 1
7 6 5 1
7 7 5 1
7 7 6 8
7 7 7 2
7 8 6 3
7 8 7 3
7 10 8 1
7 10 13 1
7 11 7 1
7 11 12 1
7 11 14 2
8 6 3 3
8 6 4 46
8 7 5 3
8 8 5 1
8 8 6 2
8 8 7 8
8 8 8 3
8 9 7 2
8 9 8 2
8 10 9 1
8 10 13 1
8 11 9 1
8 11 15 1
8 12 14 1
8 13 15 1
8 13 16 1
9 6 3 1
9 6 4 14
9 7 4 3
9 7 5 6
9 8 5 2
9 8 6 3
9 9 8 12
9 9 9 5
9 10 8 2
9 10 9 5
9 12 15 1
9 12 16 1
10 8 6 1
10 9 7 1
10 10 7 1
10 10 8 3
10 10 9 8
10 10 10 4
10 11 9 2
10 11 10 3
10 14 16 1
10 15 17 1
11 9 7 1
11 10 8 2
11 10 9 1
11 11 8 2
11 11 9 4
11 11 10 9
11 11 11 4
11 12 10 7
11 12 11 9
11 12 12 1
11 13 15 1
11 15 17 1
12 10 9 2
12 11 9 1
12 11 11 1
12 12 9 1
12 12 10 1
12 12 11 69
12 12 12 3
12 13 11 1
12 13 12 14
12 13 16 1
12 15 12 1
12 16 18 1
13 12 9 1
13 12 10 1
13 12 11 65
13 12 12 10
13 13 10 1
13 13 11 11
13 13 12 201
13 13 13 31
13 14 12 2
13 14 13 19
13 14 14 1
13 15 13 1
13 15 14 1
13 15 18 1
14 13 11 1
14 13 12 5
14 13 13 35
14 14 13 135
14 14 14 18
14 15 13 21
14 15 14 90
14 15 16 1
14 16 15 1
15 13 10 1
15 14 12 2
15 14 13 7
15 14 14 13
15 15 13 31
15 15 14 231
15 15 15 54
15 16 13 3
15 16 14 95
15 16 15 198
15 16 16 1
15 17 15 2
15 17 16 1
16 14 12 1
16 14 13 2
16 15 14 4
16 15 15 7
16 16 13 1
16 16 14 77
16 16 15 143
16 16 16 32
16 17 15 49
16 17 16 264
16 17 17 3
16 18 16 1
16 18 17 1
17 15 15 1
17 16 14 1
17 16 15 3
17 16 16 2
17 17 15 2
17 17 16 157
17 17 17 89
17 18 16 37
17 18 17 375
17 18 18 11
17 19 17 10
17 19 18 1
18 10 6 1
18 17 17 1
18 18 11 1
18 18 16 2
18 18 17 144
18 18 18 40
18 19 17 54
18 19 18 332
18 19 19 3
18 20 18 8
18 20 19 1
19 13 10 1
19 18 17 2
19 19 17 1
19 19 18 89
19 19 19 20
19 20 18 26
19 20 19 231
19 20 20 5
19 21 19 3
20 12 6 1
20 16 13 1
20 19 10 1
20 19 18 4
20 20 19 54
20 20 20 21
20 21 19 13
20 21 20 199
20 21 21 2
20 22 20 5
21 15 10 1
21 19 17 1
21 20 19 1
21 20 20 1
21 21 20 40
21 21 21 25
21 22 20 14
21 22 21 176
21 22 22 3
22 14 8 1
22 21 20 1
22 22 21 16
22 22 22 68
22 22 23 1
22 23 22 133
22 23 23 19
23 15 8 1
23 17 10 1
23 18 14 1
23 19 16 1
23 22 22 2
23 23 22 11
23 23 23 56
23 24 23 114
23 24 24 37
23 25 23 1
23 25 24 1
24 17 9 1
24 23 22 1
24 24 23 6
24 24 24 56
24 25 24 98
24 25 25 16
24 26 25 1
25 18 12 1
25 24 24 1
25 25 24 4
25 25 25 31
25 26 25 63
25 26 26 32
26 26 25 4
26 26 26 106
26 27 26 179
26 27 27 43
27 27 26 10
27 27 27 87
27 27 28 1
27 28 27 137
27 28 28 67
28 28 27 2
28 28 28 69
28 29 28 74
28 29 29 67
29 29 29 49
29 30 29 28
29 30 30 45
30 30 30 177
30 30 31 1
30 31 30 47
30 31 31 1
