32
0 1 0 1
1 1 0 6
1 1 1 7
1 2 1 12
1 8 12 1
2 2 1 11
2 2 2 2
2 3 2 10
2 8 13 1
2 9 13 1
2 9 14 1
2 10 14 1
2 10 15 3
2 11 16 2
3 3 2 8
3 3 3 10
3 4 2 3
3 4 3 8
3 5 8 1
3 5 9 1
3 6 11 1
3 7 4 1
3 7 13 1
3 8 4 6
3 10 12 1
3 10 14 3
3 10 15 2
3 11 16 1
3 12 16 2
4 4 2 1
4 4 3 20
4 4 4 19
4 5 4 12
4 5 8 1
4 7 11 1
4 8 4 2
4 8 5 2
4 8 7 1
4 9 5 1
4 9 11 1
4 10 7 1
4 10 8 1
4 10 9 2
4 10 13 2
4 10 14 1
4 10 18 1
4 11 15 1
4 12 20 1
5 5 4 10
5 5 5 12
5 6 4 1
5 6 5 3
5 8 5 1
5 8 6 1
5 9 6 1
5 11 10 1
5 11 14 1
5 12 15 1
5 12 16 1
5 13 21 1
6 5 3 3
6 6 4 3
6 6 5 7
6 6 6 3
6 7 5 2
6 7 6 5
6 11 9 1
6 11 14 2
6 11 18 1
6 13 20 1
7 5 3 1
7 6 4 1
7 6 5 1
7 7 6 9
7 7 8 1
7 8 7 3
7 9 7 1
7 9 12 1
7 10 7 1
7 10 8 1
7 11 12 1
7 11 14 1
7 12 15 1
8 6 3 6
8 6 4 54
8 7 4 2
8 7 5 3
8 7 6 1
8 8 5 1
8 8 6 1
8 8 7 8
8 8 8 3
8 9 7 3
8 9 8 4
8 10 9 1
8 11 8 1
8 12 15 2
8 13 16 1
9 6 4 5
9 7 4 4
9 7 5 10
9 8 6 2
9 9 7 1
9 9 8 6
9 10 8 1
9 10 9 6
9 10 10 2
9 11 12 1
9 13 10 1
9 13 15 1
10 8 7 1
10 9 7 1
10 9 8 3
10 10 8 2
10 10 9 11
10 10 10 5
10 11 9 1
10 11 10 6
10 11 11 1
10 14 17 1
11 9 8 2
11 10 8 1
11 10 9 3
11 11 8 1
11 11 9 2
11 11 10 20
11 11 11 5
11 12 10 9
11 12 11 14
12 11 10 1
12 12 10 7
12 12 11 75
12 12 12 7
12 13 11 6
12 13 12 15
12 13 13 1
12 14 16 1
12 15 17 1
13 11 10 1
13 12 10 2
13 12 11 66
13 12 12 9
13 13 11 14
13 13 12 213
13 13 13 45
13 14 12 2
13 14 13 18
13 15 16 1
13 16 14 1
13 16 17 1
14 12 11 1
14 13 11 1
14 13 12 3
14 13 13 21
14 14 12 2
14 14 13 145
14 14 14 17
14 15 13 24
14 15 14 94
14 15 15 1
14 16 14 1
14 16 16 1
15 13 10 1
15 14 13 8
15 14 14 9
15 15 13 37
15 15 14 253
15 15 15 51
15 15 16 2
15 16 13 2
15 16 14 104
15 16 15 190
15 17 15 6
15 17 16 1
16 14 12 1
16 15 13 3
16 15 14 2
16 15 15 4
16 16 13 1
16 16 14 42
16 16 15 158
16 16 16 37
16 17 15 33
16 17 16 249
16 17 17 6
16 18 16 4
17 16 15 1
17 16 16 5
17 17 15 3
17 17 16 166
17 17 17 90
17 18 16 31
17 18 17 392
17 18 18 10
17 18 19 1
17 19 17 8
17 19 18 4
18 10 5 1
18 12 9 1
18 16 16 1
18 17 15 1
18 17 16 1
18 18 16 1
18 18 17 162
18 18 18 37
18 19 17 40
18 19 18 335
18 19 19 4
18 20 18 5
19 13 9 1
19 18 17 3
19 18 18 1
19 19 17 1
19 19 18 84
19 19 19 33
19 20 18 32
19 20 19 235
19 20 20 1
19 21 19 5
20 15 10 1
20 19 17 1
20 19 18 3
20 19 19 1
20 20 19 42
20 20 20 17
20 21 19 21
20 21 20 167
20 21 21 1
20 22 20 5
21 14 7 1
21 16 13 1
21 19 17 1
21 20 19 3
21 21 20 28
21 21 21 19
21 22 20 14
21 22 21 168
21 22 22 6
22 17 13 1
22 19 15 1
22 21 20 1
22 21 21 1
22 22 21 12
22 22 22 47
22 23 22 121
22 23 23 15
23 15 8 1
23 16 8 1
23 23 22 3
23 23 23 41
23 24 23 112
23 24 24 10
23 25 23 1
24 18 11 1
24 24 23 5
24 24 24 43
24 24 25 1
24 25 24 106
24 25 25 10
25 18 11 1
25 19 13 1
25 24 24 1
25 25 24 3
25 25 25 26
25 26 25 83
25 26 26 27
26 25 25 1
26 26 25 4
26 26 26 84
26 27 26 163
26 27 27 41
27 27 26 10
27 27 27 94
27 28 27 141
27 28 28 72
28 28 27 4
28 28 28 69
28 29 28 73
28 29 29 57
29 29 28 1
29 29 29 46
29 30 29 25
29 30 30 49
30 30 30 156
30 31 30 61
30 31 31 2
