32
0 1 0 4
1 1 0 6
1 1 1 4
1 2 0 1
1 2 1 14
2 2 1 8
2 2 2 3
2 3 2 12
2 3 3 1
2 8 12 1
2 8 13 1
2 9 13 1
2 9 14 2
2 10 14 1
2 10 15 3
2 11 16 3
2 11 17 1
2 12 17 1
3 3 2 15
3 3 3 9
3 3 4 1
3 4 3 19
3 4 4 1
3 5 8 1
3 6 11 2
3 7 3 1
3 7 12 1
3 8 4 5
3 10 13 1
3 10 14 4
3 10 15 1
3 12 17 3
4 4 3 12
4 4 4 17
4 5 3 1
4 5 4 11
4 5 5 2
4 8 4 2
4 8 5 2
4 8 6 1
4 9 4 1
4 9 5 2
4 9 9 1
4 10 7 1
4 10 8 2
4 10 12 1
4 10 17 2
4 11 8 1
4 11 15 1
4 11 16 1
4 11 19 1
4 12 16 1
5 4 2 1
5 4 3 2
5 5 3 1
5 5 4 6
5 5 5 12
5 6 4 2
5 6 5 3
5 6 6 1
5 8 5 1
5 9 5 1
5 10 6 1
5 10 13 1
5 10 14 1
5 11 11 1
5 11 15 2
5 12 15 1
5 12 16 1
5 12 21 1
6 5 3 1
6 5 4 2
6 6 5 7
6 6 6 3
6 7 5 1
6 7 6 5
6 7 8 1
6 8 7 1
6 10 12 1
6 10 13 1
6 11 14 1
7 5 3 1
7 6 3 1
7 6 4 2
7 6 5 1
7 7 5 1
7 7 6 10
7 7 8 1
7 8 6 1
7 8 7 1
7 10 7 1
7 10 11 1
7 11 8 1
8 6 3 7
8 6 4 51
8 7 5 3
8 7 6 1
8 8 5 1
8 8 7 9
8 8 8 2
8 9 8 1
8 11 11 1
9 6 3 2
9 6 4 11
9 7 4 5
9 7 5 5
9 7 6 1
9 8 5 3
9 8 6 3
9 8 7 2
9 9 7 3
9 9 8 13
9 9 9 2
9 10 8 1
9 10 9 2
9 13 15 1
9 14 17 1
10 8 7 1
10 9 8 1
10 9 12 1
10 10 8 2
10 10 9 10
10 10 10 1
10 11 9 1
10 11 10 7
10 12 13 1
10 12 14 1
10 12 16 1
10 13 16 1
10 15 17 1
11 9 8 1
11 10 8 2
11 10 9 1
11 11 9 4
11 11 10 14
11 11 11 6
11 12 10 2
11 12 11 5
11 12 12 1
11 13 15 1
12 11 9 1
12 11 10 3
12 12 10 6
12 12 11 47
12 12 12 5
12 13 11 3
12 13 12 7
12 13 15 1
12 15 17 1
12 17 19 1
13 12 10 1
13 12 11 80
13 12 12 6
13 13 11 18
13 13 12 163
13 13 13 15
13 14 12 4
13 14 13 14
14 12 10 1
14 13 10 1
14 13 12 21
14 13 13 20
14 14 12 4
14 14 13 155
14 14 14 13
14 15 13 38
14 15 14 96
14 15 16 3
14 16 14 1
14 16 18 1
15 13 11 1
15 13 13 1
15 14 12 2
15 14 13 12
15 14 14 13
15 15 13 52
15 15 14 239
15 15 15 38
15 16 13 6
15 16 14 103
15 16 15 157
15 16 16 1
15 17 15 1
16 13 13 1
16 14 14 1
16 15 13 1
16 15 14 6
16 15 15 12
16 16 13 3
16 16 14 80
16 16 15 142
16 16 16 25
16 17 15 56
16 17 16 250
16 17 17 2
16 18 16 2
16 19 17 1
17 15 13 1
17 15 15 1
17 16 14 1
17 16 15 3
17 16 16 3
17 17 15 3
17 17 16 176
17 17 17 86
17 18 16 28
17 18 17 369
17 18 18 5
17 19 17 8
17 19 18 1
18 12 8 1
18 17 17 2
18 18 16 2
18 18 17 161
18 18 18 38
18 19 17 52
18 19 18 302
18 19 19 3
18 20 18 4
19 17 15 1
19 18 16 1
19 18 17 2
19 19 17 2
19 19 18 85
19 19 19 31
19 20 18 21
19 20 19 241
19 20 20 2
19 21 19 6
20 11 6 2
20 17 16 1
20 19 18 1
20 20 19 50
20 20 20 17
20 21 19 22
20 21 20 179
20 21 21 5
20 22 20 3
21 14 7 1
21 15 10 1
21 17 14 1
21 18 17 1
21 20 19 1
21 21 20 39
21 21 21 24
21 22 20 19
21 22 21 179
21 22 22 7
22 19 17 1
22 21 20 4
22 22 20 1
22 22 21 16
22 22 22 70
22 23 22 142
22 23 23 25
23 15 8 2
23 17 13 1
23 22 22 1
23 23 22 9
23 23 23 68
23 23 24 1
23 24 23 118
23 24 24 41
24 17 9 1
24 18 11 1
24 24 23 7
24 24 24 56
24 25 24 89
24 25 25 14
24 26 25 1
25 18 12 1
25 24 23 1
25 24 24 1
25 25 24 6
25 25 25 29
25 25 26 2
25 26 25 78
25 26 26 18
26 26 25 18
26 26 26 84
26 27 26 206
26 27 27 25
26 28 27 1
27 27 26 19
27 27 27 87
27 27 28 2
27 28 27 144
27 28 28 48
27 29 28 1
28 28 27 5
28 28 28 81
28 28 29 3
28 29 28 76
28 29 29 51
29 29 29 58
29 30 29 20
29 30 30 44
30 30 30 218
30 31 30 49
30 31 31 1
31 31 31 1
