32
0 0 0 1
1 1 0 1
1 1 1 1
1 2 1 2
2 1 1 1
2 2 0 6
2 2 1 12
2 2 2 1
2 2 3 1
2 3 1 1
2 3 2 14
2 3 3 1
2 10 16 1
2 11 17 1
3 2 1 3
3 3 1 5
3 3 2 15
3 3 3 5
3 4 2 1
3 4 3 12
3 6 10 1
3 7 12 1
3 9 17 1
3 10 15 3
3 10 16 1
3 12 17 1
3 12 18 1
4 3 2 1
4 3 3 1
4 4 2 1
4 4 3 13
4 4 4 4
4 5 3 1
4 5 4 3
4 5 8 2
4 6 10 1
4 7 12 1
4 9 16 2
4 10 18 1
4 11 15 1
4 12 17 2
4 12 20 1
4 13 18 2
4 13 19 3
5 4 2 1
5 4 3 1
5 5 3 1
5 5 4 11
5 5 5 4
5 6 5 3
5 10 18 1
5 11 13 1
5 11 17 1
5 12 16 1
5 12 17 2
5 12 18 1
5 12 20 1
5 13 17 2
5 13 18 1
6 5 3 1
6 5 4 2
6 6 3 3
6 6 4 2
6 6 5 8
6 6 7 1
6 7 6 1
6 10 15 1
6 11 10 1
6 12 16 1
6 12 17 1
6 13 6 1
6 13 16 1
6 13 17 1
7 6 3 2
7 6 4 1
7 6 5 2
7 7 5 7
7 7 6 5
7 8 6 1
7 12 5 2
7 12 7 1
7 12 16 1
7 13 5 3
7 13 6 2
7 13 11 1
7 13 17 3
7 14 5 1
7 14 9 1
7 14 10 1
8 7 5 2
8 7 6 1
8 8 6 1
8 8 7 1
8 8 8 2
8 8 9 1
8 9 7 2
8 12 7 1
8 12 15 1
8 13 6 1
8 13 7 1
8 13 12 1
8 13 17 3
8 14 6 3
8 14 8 2
8 14 9 1
8 14 18 1
9 8 5 1
9 8 7 2
9 9 7 2
9 9 8 4
9 10 9 1
9 12 16 1
9 13 15 1
9 13 16 1
9 13 17 1
9 14 7 1
9 14 8 1
10 8 3 2
10 9 8 7
10 10 7 3
10 10 8 6
10 10 10 1
10 11 9 1
10 11 10 1
10 11 12 1
10 13 11 1
10 14 12 1
10 15 8 1
11 8 4 1
11 9 5 1
11 10 8 1
11 10 9 2
11 10 10 1
11 11 8 3
11 11 9 2
11 11 10 3
11 12 11 1
11 12 12 1
11 14 11 1
11 15 19 1
12 9 4 1
12 9 5 3
12 11 8 2
12 11 9 1
12 11 10 6
12 12 9 2
12 12 10 6
12 13 11 1
12 13 12 1
12 14 17 1
12 15 17 1
12 16 19 1
13 10 4 3
13 10 5 2
13 10 6 1
13 11 6 1
13 11 7 2
13 11 8 1
13 12 9 1
13 12 10 2
13 12 11 3
13 12 15 1
13 13 10 1
13 13 11 7
13 13 12 9
13 14 12 2
13 14 13 2
13 15 13 1
13 17 20 1
14 10 4 21
14 10 5 39
14 10 6 1
14 11 5 4
14 11 6 7
14 11 7 5
14 12 7 1
14 13 10 1
14 13 11 1
14 13 12 7
14 13 13 1
14 14 12 11
14 14 13 7
14 14 14 2
14 15 13 7
14 15 14 1
14 15 17 1
14 16 17 1
14 16 18 2
15 12 7 1
15 12 8 2
15 13 8 1
15 14 12 3
15 14 13 13
15 14 14 2
15 15 13 71
15 15 14 17
15 15 15 3
15 16 13 3
15 16 14 16
15 16 15 5
15 16 16 1
15 17 15 2
15 17 19 2
15 17 20 1
16 13 9 1
16 14 11 1
16 14 12 2
16 15 13 13
16 15 14 8
16 16 13 6
16 16 14 73
16 16 15 20
16 16 16 1
16 17 15 27
16 17 16 12
16 17 17 1
16 18 17 1
17 14 10 1
17 15 12 7
17 15 13 3
17 15 14 1
17 16 13 6
17 16 14 18
17 16 15 8
17 17 15 59
17 17 16 103
17 17 17 12
17 18 16 52
17 18 17 30
17 18 18 1
17 19 18 1
17 19 20 1
18 10 6 1
18 15 15 1
18 16 13 2
18 16 14 34
18 17 10 1
18 17 14 37
18 17 15 64
18 17 16 44
18 17 17 3
18 18 15 2
18 18 16 59
18 18 17 133
18 18 18 13
18 18 19 1
18 19 17 42
18 19 18 34
18 19 19 2
18 19 20 2
18 20 19 1
18 20 20 1
18 20 21 3
18 20 22 39
18 21 19 1
18 21 22 8
18 21 24 1
19 13 10 1
19 16 13 1
19 17 14 12
19 17 15 70
19 17 16 38
19 18 9 1
19 18 15 11
19 18 16 165
19 18 17 120
19 18 18 15
19 19 17 185
19 19 18 167
19 19 19 39
19 20 17 19
19 20 18 59
19 20 19 64
19 20 20 8
19 20 21 17
19 20 22 13
19 21 18 1
19 21 19 4
19 21 20 1
19 21 21 2
19 21 22 123
19 21 23 88
19 22 23 52
20 11 5 1
20 12 6 1
20 18 15 1
20 18 16 37
20 18 17 18
20 19 17 162
20 19 18 97
20 19 19 24
20 20 17 1
20 20 18 168
20 20 19 190
20 20 20 21
20 20 21 1
20 21 12 1
20 21 18 11
20 21 19 107
20 21 20 117
20 21 21 6
20 21 22 28
20 21 23 8
20 22 20 3
20 22 21 3
20 22 22 3
20 22 23 192
20 22 24 113
20 22 25 1
20 23 24 21
20 23 26 1
21 15 10 1
21 18 15 3
21 19 17 1
21 20 17 1
21 20 18 12
21 20 19 20
21 21 18 2
21 21 19 107
21 21 20 184
21 21 21 8
21 21 22 1
21 22 20 55
21 22 21 134
21 22 22 5
21 22 23 8
21 22 24 10
21 23 23 2
21 23 24 49
21 23 25 79
21 24 25 9
21 24 26 3
21 24 27 4
22 14 7 1
22 14 8 1
22 16 12 1
22 20 18 1
22 21 18 3
22 21 19 7
22 21 20 3
22 22 19 26
22 22 20 54
22 22 21 128
22 22 22 62
22 23 20 1
22 23 21 1
22 23 22 94
22 23 23 34
22 23 24 2
22 23 25 1
22 24 23 2
22 24 25 3
22 24 26 50
22 24 27 1
22 25 26 6
22 25 27 26
22 25 28 7
22 26 28 3
22 26 29 1
23 16 8 1
23 17 10 1
23 17 12 1
23 22 19 9
23 22 20 48
23 22 21 6
23 22 22 1
23 23 20 29
23 23 21 40
23 23 22 60
23 23 23 54
23 24 21 1
23 24 22 4
23 24 23 103
23 24 24 59
23 25 24 8
23 25 27 30
23 25 28 10
23 26 27 1
23 26 28 39
23 26 29 3
23 27 29 4
24 22 20 1
24 22 21 3
24 23 20 7
24 23 21 56
24 23 22 1
24 24 21 26
24 24 22 42
24 24 23 26
24 24 24 19
24 24 25 1
24 25 24 29
24 25 25 38
24 26 25 4
24 26 26 3
24 26 28 9
24 26 29 12
24 27 29 33
24 27 30 13
24 28 30 3
25 24 21 1
25 24 22 74
25 24 24 1
25 25 22 27
25 25 23 42
25 25 24 12
25 25 25 18
25 26 25 22
25 26 26 21
25 27 26 5
25 27 28 1
25 27 29 5
25 27 30 13
25 28 29 1
25 28 30 13
25 29 30 5
26 25 23 9
26 26 23 2
26 26 25 2
26 26 26 4
26 27 26 7
26 27 27 17
26 27 28 1
26 28 27 3
26 28 28 1
26 29 30 2
27 27 27 3
27 28 27 3
27 28 28 15
27 28 29 1
27 29 29 2
28 27 26 1
28 28 28 2
28 29 28 2
28 29 29 9
28 29 30 3
28 30 30 1
29 29 28 1
29 29 29 2
29 29 30 1
29 30 30 9
29 30 31 1
29 31 30 2
30 30 30 10
30 31 30 3
30 31 31 2
