32
0 1 0 1
1 1 0 6
1 1 1 7
1 2 1 10
2 2 1 10
2 2 2 4
2 3 1 2
2 3 2 8
2 3 3 2
2 8 13 1
2 8 14 1
2 9 14 1
2 9 15 1
2 10 14 1
2 10 15 2
2 10 16 1
2 11 15 1
2 11 16 3
3 3 2 7
3 3 3 13
3 4 2 2
3 4 3 19
3 5 8 1
3 6 11 1
3 7 12 2
3 8 4 3
3 8 5 1
3 10 13 1
3 10 14 1
3 10 15 1
3 11 16 2
3 12 17 4
4 4 2 1
4 4 3 11
4 4 4 20
4 5 4 10
4 5 5 1
4 8 4 4
4 8 5 2
4 9 5 2
4 9 9 1
4 10 7 1
4 10 8 2
4 10 13 1
4 10 15 1
4 10 17 2
4 11 9 1
4 11 10 1
4 11 15 2
4 11 16 1
4 11 19 1
4 12 17 2
4 13 21 1
5 4 2 1
5 5 3 1
5 5 4 8
5 5 5 5
5 6 4 1
5 6 5 8
5 6 6 1
5 8 5 2
5 9 6 2
5 10 7 1
5 10 12 1
5 11 15 1
6 4 3 1
6 5 3 2
6 5 4 1
6 6 5 6
6 6 6 1
6 7 6 3
6 8 7 1
6 9 6 1
6 10 14 1
6 12 16 2
7 5 3 2
7 6 4 2
7 6 5 1
7 7 6 6
7 7 7 3
7 8 6 3
7 8 7 2
7 8 9 1
7 9 8 1
7 11 9 1
7 11 13 1
7 13 16 1
8 6 3 8
8 6 4 48
8 7 5 5
8 8 7 6
8 8 8 2
8 9 8 3
8 10 13 1
8 11 15 2
8 12 15 1
9 6 4 14
9 7 4 5
9 7 5 8
9 8 5 2
9 8 6 1
9 8 7 1
9 9 7 1
9 9 8 11
9 9 9 3
9 10 9 1
9 12 9 1
9 12 15 1
10 8 6 1
10 8 7 2
10 9 7 2
10 10 8 3
10 10 9 11
10 10 10 3
10 11 9 4
10 11 10 6
10 11 11 1
10 13 15 1
11 9 8 1
11 10 10 1
11 10 13 1
11 11 9 5
11 11 10 14
11 11 11 6
11 12 10 1
11 12 11 4
11 13 12 1
12 11 10 2
12 12 10 5
12 12 11 59
12 12 12 5
12 12 13 1
12 13 12 10
12 14 12 1
12 14 16 3
13 12 10 2
13 12 11 64
13 12 12 13
13 13 11 10
13 13 12 177
13 13 13 30
13 14 12 1
13 14 13 14
13 15 15 1
13 16 17 1
14 13 10 1
14 13 11 3
14 13 12 12
14 13 13 25
14 14 12 4
14 14 13 142
14 14 14 19
14 15 13 20
14 15 14 85
14 15 16 1
14 17 19 1
15 13 11 1
15 14 12 2
15 14 13 7
15 14 14 13
15 15 13 29
15 15 14 240
15 15 15 57
15 16 13 1
15 16 14 53
15 16 15 169
15 16 16 2
15 16 19 1
15 17 15 1
15 18 20 1
16 14 12 1
16 14 13 2
16 15 15 11
16 16 13 2
16 16 14 81
16 16 15 137
16 16 16 26
16 17 15 30
16 17 16 210
16 17 17 2
16 17 18 1
16 18 16 5
16 18 17 1
16 19 20 1
17 15 14 1
17 16 13 1
17 16 16 3
17 17 15 9
17 17 16 163
17 17 17 94
17 18 16 30
17 18 17 381
17 18 18 10
17 19 17 17
17 19 18 7
17 20 18 1
18 11 8 1
18 17 15 1
18 17 17 2
18 18 16 2
18 18 17 148
18 18 18 47
18 19 17 49
18 19 18 353
18 19 19 4
18 20 18 5
18 20 19 1
19 10 5 1
19 12 8 1
19 17 15 1
19 19 17 1
19 19 18 83
19 19 19 21
19 20 18 37
19 20 19 241
19 20 20 1
19 21 19 5
20 13 7 1
20 15 12 1
20 19 18 1
20 20 19 55
20 20 20 25
20 21 19 14
20 21 20 172
20 21 21 1
20 22 20 7
21 16 11 1
21 17 15 1
21 19 18 1
21 21 20 33
21 21 21 23
21 22 20 12
21 22 21 176
21 22 22 5
22 19 17 1
22 21 20 1
22 22 21 25
22 22 22 63
22 23 22 116
22 23 23 10
23 15 8 2
23 18 15 1
23 22 21 1
23 22 22 2
23 23 22 12
23 23 23 48
23 24 23 112
23 24 24 29
23 25 24 1
24 17 9 1
24 23 22 1
24 24 23 5
24 24 24 51
24 24 25 1
24 25 24 100
24 25 25 19
25 18 11 1
25 19 15 1
25 24 24 2
25 25 24 3
25 25 25 34
25 26 25 68
25 26 26 26
25 27 26 1
26 25 26 1
26 26 25 2
26 26 26 109
26 26 27 1
26 27 26 183
26 27 27 49
26 28 27 1
27 27 26 13
27 27 27 104
27 28 27 139
27 28 28 65
28 28 27 1
28 28 28 79
28 29 28 60
28 29 29 61
29 29 28 1
29 29 29 45
29 30 29 21
29 30 30 58
30 30 29 1
30 30 30 185
30 30 31 5
30 31 30 66
30 31 31 2
