32
0 1 0 4
1 1 0 3
1 1 1 5
1 2 1 9
2 2 1 14
2 2 2 3
2 3 2 10
2 8 12 1
2 8 13 1
2 9 14 3
2 10 13 1
2 10 14 2
2 10 15 4
2 11 16 3
2 11 17 1
2 12 17 1
3 3 2 6
3 3 3 11
3 4 3 13
3 7 3 1
3 8 4 4
3 9 9 1
3 10 13 1
3 10 14 1
3 10 15 1
3 11 15 2
3 11 16 1
3 12 16 2
4 4 3 12
4 4 4 20
4 5 3 1
4 5 4 12
4 8 4 5
4 8 5 4
4 9 5 1
4 9 8 1
4 10 7 1
4 10 13 1
4 10 14 1
4 11 9 1
4 11 10 1
4 11 15 1
4 11 16 1
4 12 16 1
5 4 3 1
5 5 3 1
5 5 4 7
5 5 5 14
5 5 6 2
5 6 5 3
5 6 6 5
5 9 5 1
5 11 8 1
5 11 10 1
5 11 11 1
5 11 15 1
5 12 16 1
6 5 3 3
6 6 4 1
6 6 5 7
6 6 6 7
6 7 6 7
6 10 7 3
6 11 10 1
6 12 16 2
7 5 3 1
7 6 4 3
7 6 5 1
7 7 6 4
7 7 7 6
7 8 6 1
7 8 7 5
7 9 8 1
7 10 10 1
7 10 12 1
7 12 14 1
8 6 3 14
8 6 4 47
8 7 4 2
8 7 5 3
8 7 6 1
8 8 5 1
8 8 6 2
8 8 7 14
8 8 8 3
8 9 7 1
8 9 8 2
8 10 9 1
9 6 3 2
9 6 4 11
9 7 4 4
9 7 5 6
9 8 5 1
9 8 6 6
9 8 7 1
9 9 7 1
9 9 8 5
9 9 9 3
9 10 8 1
9 10 9 3
9 10 10 1
9 12 14 1
9 12 15 3
10 9 7 2
10 10 8 1
10 10 9 11
10 10 10 2
10 10 12 1
10 11 9 2
10 11 10 1
10 13 10 1
10 13 15 1
10 14 17 1
11 9 8 2
11 11 9 5
11 11 10 14
11 11 11 6
11 11 12 1
11 12 10 1
11 12 11 3
11 12 12 1
11 13 15 1
11 14 16 1
12 11 9 1
12 11 10 3
12 12 10 2
12 12 11 47
12 12 12 3
12 13 11 1
12 13 12 8
12 15 17 1
13 11 9 1
13 12 10 2
13 12 11 75
13 12 12 9
13 13 11 14
13 13 12 171
13 13 13 18
13 14 12 3
13 14 13 15
14 13 11 1
14 13 12 20
14 13 13 27
14 14 12 2
14 14 13 144
14 14 14 11
14 15 13 46
14 15 14 114
14 15 16 1
14 16 14 1
14 16 17 1
14 16 19 1
14 17 19 1
15 12 12 1
15 14 13 11
15 14 14 5
15 15 13 36
15 15 14 270
15 15 15 38
15 16 14 109
15 16 15 134
15 16 16 1
16 15 14 2
16 15 15 9
16 16 13 1
16 16 14 53
16 16 15 151
16 16 16 24
16 17 15 38
16 17 16 247
16 17 17 4
17 15 15 1
17 16 15 5
17 16 16 3
17 17 14 1
17 17 15 5
17 17 16 175
17 17 17 75
17 18 16 31
17 18 17 382
17 18 18 4
17 19 17 7
17 19 18 1
18 17 16 1
18 17 17 1
18 18 16 2
18 18 17 156
18 18 18 41
18 18 19 1
18 19 17 53
18 19 18 336
18 19 19 4
18 20 18 6
18 20 19 2
19 18 16 1
19 18 18 1
19 19 18 86
19 19 19 24
19 20 18 24
19 20 19 234
19 20 20 2
19 21 19 1
20 20 19 54
20 20 20 15
20 21 19 15
20 21 20 188
20 21 21 2
20 22 20 3
21 19 17 1
21 20 19 1
21 21 19 1
21 21 20 34
21 21 21 20
21 22 20 15
21 22 21 188
21 22 22 5
22 20 17 1
22 21 20 1
22 22 21 18
22 22 22 60
22 23 22 158
22 23 23 22
23 18 15 1
23 23 22 10
23 23 23 61
23 23 24 1
23 24 23 96
23 24 24 49
24 24 23 6
24 24 24 59
24 25 24 94
24 25 25 17
25 24 24 3
25 25 24 1
25 25 25 28
25 25 26 1
25 26 25 72
25 26 26 14
26 26 25 7
26 26 26 90
26 26 27 1
26 27 26 176
26 27 27 51
26 28 26 1
26 28 27 1
27 27 26 17
27 27 27 99
27 27 28 1
27 28 27 149
27 28 28 45
27 29 28 1
28 28 27 3
28 28 28 82
28 28 29 1
28 29 28 81
28 29 29 57
29 29 28 1
29 29 29 46
29 29 30 1
29 30 29 26
29 30 30 47
30 29 30 1
30 30 30 191
30 31 30 59
30 31 31 2
