32
1 0 0 2
1 1 0 4
1 2 0 2
1 2 1 4
2 2 0 2
2 2 1 10
2 2 2 4
2 3 1 2
2 3 2 10
2 3 3 1
2 10 16 1
2 11 17 1
3 3 1 5
3 3 2 14
3 3 3 11
3 4 2 2
3 4 3 8
3 5 8 1
3 5 9 1
3 6 11 2
3 10 15 1
3 10 16 1
3 11 16 1
3 12 18 2
4 4 2 2
4 4 3 9
4 4 4 8
4 5 3 1
4 5 4 3
4 5 7 1
4 6 10 1
4 6 11 1
4 9 16 1
4 9 17 1
4 10 18 1
4 11 16 1
4 11 17 1
4 12 17 1
4 12 18 2
4 12 20 1
4 13 18 2
4 13 19 3
5 4 3 2
5 5 3 1
5 5 4 8
5 5 5 6
5 5 7 1
5 6 5 1
5 9 16 1
5 10 15 1
5 10 18 1
5 11 15 1
5 11 16 1
5 12 16 2
5 12 17 1
5 12 19 1
5 12 20 1
5 13 17 1
5 13 18 2
6 5 3 1
6 5 4 2
6 5 5 1
6 6 3 3
6 6 4 6
6 6 5 11
6 7 6 1
6 7 7 1
6 10 15 1
6 12 5 1
6 13 14 1
6 13 16 1
7 6 3 1
7 6 4 2
7 6 5 1
7 7 4 1
7 7 5 2
7 7 6 2
7 8 7 3
7 11 16 1
7 12 5 1
7 12 6 1
7 13 6 3
7 13 7 2
7 13 10 1
7 13 17 2
7 14 6 1
7 14 9 2
7 14 10 1
7 14 18 1
8 7 5 1
8 7 6 1
8 8 5 1
8 8 6 5
8 8 7 2
8 8 8 2
8 8 9 1
8 9 8 2
8 11 15 1
8 12 16 1
8 12 17 1
8 13 7 1
8 13 13 1
8 13 16 2
8 14 7 2
8 14 8 1
8 14 9 2
9 7 3 1
9 7 4 1
9 8 7 2
9 9 7 3
9 9 8 2
9 10 8 2
9 10 9 2
9 11 15 1
9 14 7 1
9 14 18 1
9 15 19 1
10 8 3 1
10 9 7 2
10 10 8 6
10 10 9 3
10 11 11 1
10 13 10 1
10 13 16 1
10 14 9 1
11 8 4 2
11 8 5 1
11 9 6 2
11 10 7 1
11 10 8 2
11 10 9 3
11 11 8 2
11 11 9 2
11 11 10 2
11 11 11 2
11 11 12 1
11 12 11 1
12 9 5 1
12 10 5 1
12 10 6 1
12 11 9 4
12 11 10 2
12 12 9 4
12 12 10 5
12 12 11 1
12 12 12 3
12 13 11 2
12 13 12 3
12 14 12 1
12 14 17 1
12 15 18 1
13 9 4 5
13 9 5 1
13 10 4 7
13 10 5 6
13 10 6 2
13 11 5 1
13 11 6 2
13 11 9 1
13 11 14 1
13 12 10 3
13 12 11 1
13 13 10 1
13 13 11 7
13 13 12 12
13 14 12 4
13 14 13 1
13 14 14 1
13 14 15 1
13 15 17 1
14 10 4 39
14 10 5 28
14 10 6 1
14 11 6 1
14 11 7 3
14 12 9 1
14 12 10 1
14 13 9 1
14 13 11 2
14 13 12 4
14 14 12 8
14 14 13 9
14 14 14 1
14 15 13 9
14 15 14 3
14 16 14 3
14 16 18 1
15 12 7 1
15 12 8 3
15 13 11 1
15 14 11 2
15 14 12 1
15 14 13 12
15 15 13 63
15 15 14 23
15 15 15 1
15 16 14 18
15 16 15 5
15 16 16 1
15 16 17 1
15 16 18 2
15 17 15 3
15 17 20 2
15 18 21 1
16 13 9 1
16 13 10 1
16 14 11 5
16 14 12 1
16 15 12 1
16 15 13 11
16 15 14 9
16 16 13 6
16 16 14 58
16 16 15 32
16 16 16 1
16 17 15 26
16 17 16 18
16 17 17 1
16 19 21 1
17 14 11 1
17 14 12 1
17 15 12 1
17 15 13 2
17 16 13 17
17 16 14 25
17 16 15 12
17 16 16 1
17 17 14 1
17 17 15 54
17 17 16 135
17 17 17 20
17 18 16 36
17 18 17 36
17 19 18 2
17 19 22 1
18 10 5 1
18 16 13 6
18 16 14 56
18 16 15 2
18 17 14 26
18 17 15 70
18 17 16 51
18 17 17 6
18 18 10 1
18 18 15 2
18 18 16 64
18 18 17 157
18 18 18 13
18 19 17 78
18 19 18 40
18 19 19 4
18 19 20 1
18 20 19 1
18 20 22 14
18 21 18 1
18 21 22 8
19 13 10 1
19 14 9 1
19 17 13 1
19 17 14 8
19 17 15 102
19 17 16 42
19 18 15 9
19 18 16 133
19 18 17 120
19 18 18 16
19 19 16 1
19 19 17 160
19 19 18 191
19 19 19 31
19 20 17 9
19 20 18 73
19 20 19 96
19 20 20 27
19 20 21 13
19 20 22 1
19 21 19 2
19 21 20 2
19 21 21 10
19 21 22 135
19 21 23 37
19 22 22 1
19 22 23 27
19 22 24 1
20 12 6 1
20 13 6 1
20 16 13 1
20 18 15 3
20 18 16 12
20 18 17 21
20 19 16 1
20 19 17 116
20 19 18 74
20 19 19 29
20 20 18 74
20 20 19 174
20 20 20 23
20 20 21 5
20 21 18 6
20 21 19 119
20 21 20 137
20 21 21 45
20 21 22 32
20 21 23 1
20 22 20 2
20 22 21 2
20 22 22 23
20 22 23 169
20 22 24 95
20 23 24 17
20 23 26 2
21 20 17 2
21 20 18 9
21 20 19 11
21 21 18 2
21 21 19 58
21 21 20 162
21 21 21 20
21 22 20 28
21 22 21 180
21 22 22 21
21 22 23 8
21 22 24 12
21 23 22 1
21 23 23 8
21 23 24 71
21 23 25 73
21 24 25 7
21 24 27 1
22 14 8 1
22 17 12 1
22 18 15 1
22 20 17 1
22 20 18 2
22 21 18 4
22 21 19 7
22 21 20 5
22 22 19 17
22 22 20 37
22 22 21 59
22 22 22 55
22 23 20 1
22 23 22 97
22 23 23 66
22 23 24 15
22 24 23 5
22 24 24 10
22 24 25 15
22 24 26 43
22 24 27 1
22 25 26 7
22 25 27 4
23 16 8 1
23 17 10 1
23 22 19 5
23 22 20 52
23 22 21 2
23 23 20 16
23 23 21 34
23 23 22 33
23 23 23 61
23 23 24 2
23 24 23 98
23 24 24 69
23 24 25 11
23 24 26 1
23 25 24 3
23 25 25 6
23 25 26 5
23 25 27 26
23 25 28 3
23 26 28 18
23 26 29 5
24 19 15 1
24 23 20 6
24 23 21 44
24 24 21 20
24 24 22 24
24 24 23 2
24 24 24 15
24 25 24 26
24 25 25 44
24 25 26 7
24 26 25 7
24 26 26 5
24 26 27 12
24 26 28 3
24 26 29 5
24 27 28 2
24 27 29 18
24 27 30 1
24 28 30 3
25 24 21 5
25 24 22 62
25 24 23 1
25 25 22 35
25 25 23 5
25 25 24 2
25 25 25 10
25 26 25 6
25 26 26 28
25 26 27 7
25 26 28 1
25 27 26 4
25 27 27 2
25 27 28 5
25 27 29 7
25 28 29 3
25 28 30 17
26 25 23 2
26 25 24 2
26 26 25 2
26 26 26 4
26 26 27 1
26 27 26 11
26 27 27 12
26 27 28 2
26 28 27 6
26 29 30 3
26 30 31 2
27 27 26 1
27 27 27 2
27 28 27 2
27 28 28 15
27 29 28 2
27 29 29 2
28 28 28 2
28 28 29 1
28 29 28 3
28 29 29 8
28 29 30 1
28 30 29 1
28 30 30 2
29 29 29 2
29 29 30 1
29 30 30 7
29 30 31 1
29 31 30 1
30 30 30 22
30 31 30 5
