32
0 1 0 3
1 1 0 3
1 1 1 8
1 2 1 13
2 2 1 12
2 2 2 7
2 3 2 11
2 3 3 2
2 5 10 1
2 8 13 3
2 9 13 2
2 9 14 1
2 10 15 2
2 11 15 1
2 11 16 4
3 3 2 11
3 3 3 8
3 4 3 17
3 5 9 2
3 7 4 1
3 7 12 2
3 8 4 4
3 8 5 1
3 8 7 1
3 9 13 1
3 10 14 2
3 10 15 3
3 11 15 1
3 11 16 2
3 12 16 2
4 4 2 1
4 4 3 12
4 4 4 16
4 4 5 1
4 5 3 1
4 5 4 7
4 5 5 1
4 5 8 1
4 8 4 4
4 8 5 2
4 9 5 1
4 9 12 1
4 10 9 1
4 10 10 1
4 10 11 1
4 10 14 1
4 10 17 2
4 11 11 1
4 11 15 1
4 11 16 1
4 11 19 1
5 4 4 3
5 5 3 1
5 5 4 9
5 5 5 10
5 6 5 8
5 6 6 2
5 8 5 1
5 10 8 1
5 10 12 1
5 10 14 1
5 11 9 1
5 11 15 1
5 13 21 1
6 5 3 3
6 6 4 1
6 6 5 8
6 6 6 2
6 7 5 1
6 7 6 3
6 10 6 1
6 10 7 1
6 10 14 1
6 11 9 1
6 12 15 2
7 5 4 1
7 6 4 2
7 7 6 8
7 7 7 2
7 8 6 1
7 8 7 5
7 10 7 1
7 10 8 2
7 11 13 1
7 11 14 2
8 6 3 2
8 6 4 46
8 6 5 1
8 7 4 1
8 7 5 3
8 8 6 1
8 8 7 13
8 8 8 5
8 9 8 4
8 11 9 1
8 12 15 2
9 6 4 16
9 7 4 3
9 7 5 6
9 7 6 1
9 8 5 1
9 8 6 2
9 8 8 1
9 9 7 1
9 9 8 8
9 9 9 1
9 10 8 3
9 10 9 2
9 11 12 1
9 12 16 1
9 13 9 1
10 8 6 2
10 9 8 2
10 10 8 4
10 10 9 7
10 10 10 5
10 10 11 1
10 11 9 3
10 11 10 5
10 11 11 2
10 11 12 1
10 13 15 1
11 10 8 2
11 10 9 2
11 11 8 1
11 11 10 21
11 11 11 5
11 12 10 2
11 12 11 3
11 13 15 1
11 14 16 2
11 15 17 2
12 11 9 1
12 12 9 1
12 12 10 2
12 12 11 56
12 12 12 4
12 13 12 11
12 16 17 1
13 11 10 1
13 12 10 3
13 12 11 68
13 12 12 16
13 13 10 1
13 13 11 5
13 13 12 183
13 13 13 35
13 14 12 5
13 14 13 16
13 14 16 1
13 15 13 1
13 15 17 1
13 16 18 1
14 12 10 1
14 13 10 1
14 13 11 1
14 13 12 12
14 13 13 20
14 14 12 1
14 14 13 151
14 14 14 18
14 15 13 20
14 15 14 103
14 15 15 2
14 16 14 2
14 16 15 1
14 16 16 1
15 14 12 2
15 14 13 6
15 14 14 11
15 15 13 45
15 15 14 251
15 15 15 54
15 16 13 4
15 16 14 103
15 16 15 207
15 16 16 2
15 16 18 1
15 17 15 1
15 17 16 1
16 14 11 1
16 14 13 1
16 15 14 6
16 15 15 6
16 16 14 53
16 16 15 169
16 16 16 18
16 17 15 47
16 17 16 243
16 17 17 1
16 18 16 6
17 16 15 2
17 16 16 6
17 17 16 155
17 17 17 102
17 18 16 30
17 18 17 405
17 18 18 4
17 19 17 8
17 19 18 2
18 10 6 1
18 17 16 3
18 17 17 1
18 18 16 1
18 18 17 162
18 18 18 41
18 19 17 46
18 19 18 353
18 19 19 4
18 20 18 1
18 20 19 1
19 14 10 1
19 18 17 3
19 19 17 2
19 19 18 95
19 19 19 19
19 20 18 22
19 20 19 239
19 20 20 1
19 21 19 4
19 21 20 1
20 13 7 1
20 19 17 2
20 19 18 1
20 20 19 45
20 20 20 13
20 21 19 20
20 21 20 183
20 21 21 1
20 22 20 2
20 22 21 1
21 16 9 1
21 17 13 1
21 19 17 1
21 21 20 36
21 21 21 15
21 22 20 17
21 22 21 182
21 22 22 4
22 15 8 2
22 20 18 1
22 21 20 1
22 21 21 1
22 22 21 18
22 22 22 59
22 23 22 118
22 23 23 12
23 17 10 1
23 18 14 1
23 19 16 1
23 22 22 2
23 23 22 9
23 23 23 27
23 24 23 116
23 24 24 12
24 17 9 1
24 24 23 8
24 24 24 42
24 25 23 1
24 25 24 95
24 25 25 16
25 18 11 1
25 24 24 2
25 25 24 3
25 25 25 32
25 26 25 75
25 26 26 26
25 27 26 1
26 26 25 6
26 26 26 103
26 26 27 1
26 27 26 176
26 27 27 38
26 28 27 1
27 27 26 8
27 27 27 103
27 27 28 1
27 28 27 156
27 28 28 62
28 28 27 1
28 28 28 77
28 29 28 73
28 29 29 67
29 29 29 44
29 29 30 1
29 30 29 18
29 30 30 45
30 30 30 169
30 30 31 1
30 31 30 56
30 31 31 2
