32
0 0 0 1
0 1 0 2
1 1 0 6
1 1 1 6
1 2 1 8
2 2 1 4
2 2 2 4
2 3 1 2
2 3 2 13
2 3 3 1
2 9 13 1
2 9 14 2
2 10 15 2
2 11 16 2
2 12 17 1
3 3 2 5
3 3 3 11
3 4 2 3
3 4 3 15
3 4 4 1
3 5 8 1
3 6 10 1
3 7 4 1
3 7 12 1
3 8 4 2
3 8 5 1
3 10 13 2
3 10 14 3
3 11 16 1
3 12 16 1
3 12 17 3
4 4 3 17
4 4 4 12
4 5 4 13
4 5 7 2
4 5 8 1
4 7 12 2
4 8 4 3
4 8 5 5
4 9 4 1
4 9 5 1
4 9 9 1
4 9 16 1
4 10 7 2
4 10 8 2
4 10 11 1
4 10 12 1
4 10 13 1
4 10 17 1
4 11 14 1
4 11 18 1
4 12 16 1
5 4 3 1
5 5 4 8
5 5 5 13
5 6 5 6
5 7 4 1
5 8 5 1
5 9 6 1
5 10 6 1
5 10 15 1
5 10 17 1
5 11 7 1
5 12 21 1
5 13 20 1
5 13 21 1
6 5 3 2
6 5 4 1
6 6 4 1
6 6 5 11
6 6 6 1
6 7 6 5
6 7 7 1
6 10 7 1
6 11 14 1
6 11 16 1
6 12 16 1
7 5 3 2
7 6 4 2
7 7 5 1
7 7 6 5
7 8 6 1
7 8 7 6
7 9 8 1
7 11 9 1
7 11 14 1
7 12 16 1
8 6 3 14
8 6 4 50
8 7 4 3
8 7 5 2
8 8 5 1
8 8 6 2
8 8 7 13
8 8 8 5
8 8 9 1
8 9 8 11
8 9 10 1
8 9 12 1
8 10 8 1
8 11 8 1
8 12 15 1
8 12 16 1
9 6 3 2
9 7 4 4
9 7 5 7
9 8 5 1
9 8 6 4
9 8 7 1
9 9 6 1
9 9 7 1
9 9 8 15
9 9 9 5
9 10 8 6
9 10 9 12
9 10 13 1
9 11 11 1
9 12 13 1
9 12 16 1
9 14 17 1
10 8 7 1
10 9 7 3
10 10 8 2
10 10 9 25
10 10 10 8
10 11 9 3
10 11 10 12
10 11 14 1
11 9 8 1
11 10 9 1
11 11 8 1
11 11 9 7
11 11 10 33
11 11 11 6
11 12 10 3
11 12 11 22
11 13 15 1
11 14 12 1
12 10 9 1
12 11 9 1
12 11 10 3
12 12 10 9
12 12 11 121
12 12 12 6
12 13 11 4
12 13 12 15
12 14 16 2
12 14 17 1
12 15 17 1
13 12 10 2
13 12 11 49
13 12 12 26
13 13 10 1
13 13 11 6
13 13 12 171
13 13 13 16
13 13 14 1
13 14 12 1
13 14 13 16
13 15 13 1
14 13 10 1
14 13 11 2
14 13 12 9
14 13 13 19
14 14 12 5
14 14 13 128
14 14 14 19
14 15 13 20
14 15 14 103
14 15 15 2
14 15 16 1
14 15 17 1
14 16 14 2
15 13 10 1
15 14 13 7
15 14 14 13
15 15 13 32
15 15 14 240
15 15 15 41
15 16 13 1
15 16 14 65
15 16 15 165
15 16 16 1
15 17 15 3
15 17 17 1
15 17 19 1
15 18 19 1
16 15 13 6
16 15 15 11
16 16 13 1
16 16 14 96
16 16 15 131
16 16 16 27
16 17 15 42
16 17 16 231
16 17 17 5
16 18 16 4
16 18 17 4
16 19 17 1
17 15 13 1
17 15 15 1
17 16 15 3
17 16 16 2
17 17 15 9
17 17 16 171
17 17 17 106
17 18 16 31
17 18 17 375
17 18 18 8
17 19 17 14
17 19 18 2
18 12 10 1
18 17 16 1
18 17 17 2
18 18 16 1
18 18 17 137
18 18 18 34
18 19 17 40
18 19 18 255
18 19 19 3
18 20 18 2
19 14 10 1
19 17 16 1
19 18 17 2
19 19 17 1
19 19 18 78
19 19 19 23
19 20 18 30
19 20 19 210
19 20 20 6
19 21 19 3
19 21 20 1
20 11 5 1
20 11 6 1
20 15 9 1
20 19 11 1
20 20 19 32
20 20 20 19
20 21 19 18
20 21 20 172
20 22 20 1
21 14 7 1
21 16 13 1
21 19 10 1
21 19 18 1
21 20 19 2
21 21 12 1
21 21 20 34
21 21 21 29
21 22 20 15
21 22 21 159
21 22 22 7
22 22 21 20
22 22 22 80
22 23 22 150
22 23 23 21
23 15 8 1
23 17 9 1
23 19 15 1
23 20 17 1
23 22 22 2
23 23 22 10
23 23 23 80
23 23 24 1
23 24 23 136
23 24 24 57
24 23 23 1
24 24 23 2
24 24 24 73
24 25 24 119
24 25 25 33
24 26 25 1
25 18 11 1
25 24 24 1
25 25 24 3
25 25 25 44
25 25 26 1
25 26 25 83
25 26 26 42
26 19 13 1
26 26 25 4
26 26 26 124
26 26 27 1
26 27 26 151
26 27 27 42
26 28 27 1
27 27 26 9
27 27 27 106
27 27 28 1
27 28 27 123
27 28 28 55
27 29 28 2
28 28 27 4
28 28 28 93
28 29 28 70
28 29 29 74
29 29 28 2
29 29 29 49
29 29 30 1
29 30 29 13
29 30 30 33
30 30 30 102
30 30 31 2
30 31 30 34
30 31 31 1
