32
0 1 0 1
1 1 0 2
1 2 0 2
1 2 1 5
2 1 1 1
2 2 0 2
2 2 1 13
2 2 2 3
2 3 1 3
2 3 2 5
2 10 15 1
2 11 16 1
3 2 1 2
3 2 2 1
3 3 1 6
3 3 2 15
3 3 3 8
3 4 2 2
3 4 3 8
3 4 4 1
3 5 8 1
3 6 11 1
3 7 12 1
3 9 17 1
3 10 16 1
3 11 17 1
3 12 17 2
3 12 18 1
4 3 2 1
4 4 3 5
4 4 4 10
4 5 4 2
4 9 17 1
4 11 15 1
4 11 16 1
4 11 19 1
4 12 18 1
4 13 18 3
4 13 19 2
5 4 2 1
5 5 4 10
5 5 5 10
5 6 4 2
5 6 5 6
5 11 15 1
5 11 17 1
5 12 16 1
5 12 17 3
5 13 17 1
5 13 18 2
5 13 19 2
6 6 3 1
6 6 4 7
6 6 5 7
6 7 6 1
6 7 8 1
6 8 9 1
6 11 10 1
6 12 5 2
6 12 6 2
6 12 17 1
6 13 5 1
7 6 3 1
7 6 4 4
7 7 6 3
7 8 8 1
7 11 16 1
7 12 10 1
7 12 12 1
7 12 17 1
7 13 5 2
7 13 6 1
7 13 7 1
7 13 17 1
7 14 6 1
7 14 7 1
7 14 9 4
7 14 10 1
8 7 6 1
8 8 5 2
8 8 6 5
8 8 7 3
8 8 8 1
8 9 7 1
8 9 8 1
8 9 9 1
8 12 17 1
8 13 7 1
8 13 8 1
8 13 16 1
8 14 6 2
8 14 7 1
8 14 17 1
8 14 18 1
8 14 19 1
9 7 3 1
9 7 4 1
9 8 7 1
9 9 9 1
9 14 7 1
9 14 17 1
10 8 4 1
10 8 5 1
10 8 6 1
10 9 7 2
10 9 8 5
10 9 9 1
10 10 7 1
10 10 8 3
10 11 10 3
10 12 11 1
10 12 15 1
10 13 16 1
10 14 9 1
10 14 12 1
11 8 4 2
11 10 7 2
11 10 8 1
11 10 9 2
11 11 8 2
11 11 9 5
11 11 10 2
11 11 11 1
11 12 11 1
11 12 14 1
12 9 5 3
12 10 6 1
12 11 9 3
12 11 10 4
12 12 9 1
12 12 10 9
12 12 11 3
12 12 12 2
12 13 11 4
12 13 15 1
12 14 13 1
12 14 17 1
12 15 11 1
12 15 18 1
13 10 4 10
13 10 5 4
13 10 6 7
13 10 7 1
13 11 6 1
13 11 7 1
13 11 8 1
13 12 9 1
13 12 10 2
13 12 11 5
13 12 12 1
13 13 10 1
13 13 11 5
13 13 12 7
13 13 13 1
13 14 12 1
13 14 13 2
13 16 13 1
13 17 20 1
14 10 4 27
14 10 5 32
14 10 6 2
14 11 5 1
14 11 6 3
14 11 7 3
14 12 7 2
14 12 10 1
14 13 10 1
14 13 12 3
14 14 12 8
14 14 13 8
14 14 14 3
14 15 13 5
14 15 14 2
14 15 15 1
14 15 17 1
15 12 7 1
15 12 8 3
15 13 9 1
15 13 11 1
15 14 11 3
15 14 12 2
15 14 13 5
15 14 14 1
15 15 13 30
15 15 14 25
15 15 15 2
15 16 13 3
15 16 14 13
15 16 15 5
15 16 17 1
15 16 18 2
15 17 19 1
15 17 20 1
16 13 10 1
16 14 11 2
16 14 13 1
16 15 12 3
16 15 13 8
16 15 14 7
16 16 13 2
16 16 14 60
16 16 15 32
16 17 14 1
16 17 15 23
16 17 16 10
16 17 17 1
16 17 19 1
17 14 10 1
17 15 12 1
17 15 13 6
17 16 13 13
17 16 14 16
17 16 15 10
17 17 14 2
17 17 15 46
17 17 16 125
17 17 17 16
17 18 16 34
17 18 17 33
17 18 18 1
18 12 8 1
18 15 11 1
18 15 13 1
18 16 13 14
18 16 14 42
18 16 15 1
18 17 14 32
18 17 15 64
18 17 16 66
18 17 17 6
18 18 15 2
18 18 16 57
18 18 17 151
18 18 18 9
18 18 19 1
18 19 17 83
18 19 18 38
18 19 19 2
18 20 21 2
18 20 22 7
18 21 18 1
18 21 22 9
18 21 24 1
19 10 5 1
19 16 16 1
19 17 13 1
19 17 14 10
19 17 15 96
19 17 16 36
19 18 16 148
19 18 17 106
19 18 18 16
19 19 16 1
19 19 17 189
19 19 18 192
19 19 19 29
19 19 20 1
19 20 17 8
19 20 18 107
19 20 19 83
19 20 20 8
19 20 21 6
19 21 19 1
19 21 22 139
19 21 23 53
19 22 22 3
19 22 23 37
20 12 6 1
20 14 10 1
20 16 13 1
20 18 15 6
20 18 16 20
20 18 17 22
20 19 16 1
20 19 17 131
20 19 18 83
20 19 19 19
20 20 17 1
20 20 18 119
20 20 19 241
20 20 20 21
20 20 21 7
20 21 18 10
20 21 19 105
20 21 20 145
20 21 21 5
20 21 22 21
20 22 20 4
20 22 21 4
20 22 22 7
20 22 23 247
20 22 24 132
20 23 24 23
21 19 16 2
21 19 17 2
21 20 18 7
21 20 19 13
21 21 18 3
21 21 19 68
21 21 20 181
21 21 21 6
21 22 20 36
21 22 21 146
21 22 22 10
21 22 23 13
21 22 24 6
21 23 22 1
21 23 23 4
21 23 24 75
21 23 25 89
21 24 25 6
22 14 7 2
22 18 15 1
22 20 17 2
22 20 18 1
22 21 18 3
22 21 19 18
22 21 20 3
22 22 19 44
22 22 20 56
22 22 21 80
22 22 22 79
22 23 21 2
22 23 22 112
22 23 23 42
22 23 24 2
22 23 25 2
22 24 22 1
22 24 24 1
22 24 25 11
22 24 26 53
22 25 26 13
22 25 27 17
22 25 28 1
23 16 8 1
23 17 11 1
23 18 13 1
23 22 19 10
23 22 20 54
23 23 20 23
23 23 21 36
23 23 22 57
23 23 23 97
23 24 21 1
23 24 22 1
23 24 23 123
23 24 24 68
23 25 24 6
23 25 25 1
23 25 27 46
23 25 28 4
23 26 27 1
23 26 28 41
23 26 29 6
23 27 30 1
24 22 20 1
24 23 20 7
24 23 21 51
24 23 22 3
24 24 21 19
24 24 22 25
24 24 23 16
24 24 24 34
24 25 24 38
24 25 25 27
24 25 26 1
24 26 25 10
24 26 28 14
24 26 29 16
24 27 28 1
24 27 29 25
24 27 30 5
25 24 21 8
25 24 22 71
25 25 22 37
25 25 23 14
25 25 24 7
25 25 25 19
25 26 25 11
25 26 26 23
25 26 27 1
25 27 26 6
25 27 29 11
25 27 30 7
25 28 29 2
25 28 30 30
25 29 30 5
26 25 23 2
26 26 23 1
26 26 25 1
26 26 26 3
26 27 26 6
26 27 27 12
26 27 28 1
26 28 27 5
26 28 28 1
26 29 30 5
26 29 31 1
26 30 30 1
26 30 31 1
27 26 25 1
27 27 27 1
27 28 27 5
27 28 28 18
27 28 29 1
27 29 28 2
27 29 29 1
28 28 27 1
28 28 28 6
28 29 28 4
28 29 29 11
28 29 30 1
29 29 29 2
29 29 30 1
29 30 29 3
29 30 30 5
29 31 30 2
30 30 30 34
30 31 30 7
30 31 31 1
