32
0 1 0 3
1 1 0 5
1 1 1 7
1 2 1 11
2 2 1 6
2 2 2 2
2 3 2 14
2 3 3 1
2 6 12 1
2 8 12 1
2 8 13 3
2 9 14 3
2 10 14 2
2 10 15 1
2 10 16 1
2 11 16 3
2 11 17 1
3 3 2 11
3 3 3 11
3 4 3 11
3 5 8 2
3 6 10 1
3 6 11 2
3 7 3 1
3 8 4 3
3 9 5 1
3 9 13 1
3 10 13 3
3 10 14 1
3 10 15 1
3 11 14 1
3 11 16 1
3 12 16 2
4 4 3 16
4 4 4 22
4 5 4 7
4 5 7 1
4 6 10 1
4 7 12 2
4 8 4 1
4 8 5 4
4 9 5 3
4 9 8 1
4 9 16 1
4 10 6 1
4 10 8 1
4 10 9 1
4 10 10 1
4 10 12 1
4 10 14 2
4 10 17 1
4 11 7 1
4 11 15 1
4 11 16 2
4 11 19 1
4 12 20 1
5 4 3 2
5 4 4 1
5 5 3 2
5 5 4 7
5 5 5 11
5 6 5 4
5 8 5 1
5 9 13 1
5 10 12 1
5 10 14 1
5 11 15 1
5 13 21 1
6 5 3 2
6 5 4 2
6 6 4 1
6 6 5 10
6 7 6 5
6 7 9 1
6 10 7 1
6 10 14 2
6 11 9 1
6 11 14 1
6 12 15 1
6 13 20 1
7 5 3 2
7 6 4 1
7 7 6 7
7 7 7 1
7 8 6 2
7 8 7 2
7 11 13 1
8 6 3 9
8 6 4 57
8 6 5 1
8 7 4 3
8 7 5 4
8 8 6 1
8 8 7 9
8 8 8 6
8 9 7 2
8 9 8 5
8 11 14 1
8 13 16 2
8 14 18 1
9 6 3 1
9 6 4 10
9 7 4 3
9 7 5 4
9 8 5 1
9 8 6 5
9 9 7 2
9 9 8 8
9 9 9 1
9 10 8 1
9 10 9 4
9 10 10 1
9 11 10 2
9 11 13 1
9 11 14 1
9 13 16 1
9 14 17 1
10 8 6 1
10 8 7 2
10 9 7 4
10 9 8 1
10 10 7 1
10 10 8 5
10 10 9 15
10 10 10 6
10 10 11 1
10 11 9 1
10 11 10 4
10 12 10 1
11 9 8 1
11 10 8 2
11 10 9 2
11 11 8 1
11 11 9 3
11 11 10 9
11 11 11 6
11 12 10 1
11 12 11 9
11 13 15 1
11 14 15 1
11 15 17 1
12 10 9 1
12 11 10 1
12 12 9 1
12 12 10 2
12 12 11 65
12 12 12 1
12 13 12 9
12 14 16 1
13 12 9 1
13 12 10 1
13 12 11 67
13 12 12 10
13 13 11 11
13 13 12 164
13 13 13 34
13 14 12 6
13 14 13 24
13 15 15 1
13 16 14 1
13 16 17 1
13 17 19 1
14 13 11 2
14 13 12 5
14 13 13 27
14 14 12 5
14 14 13 137
14 14 14 25
14 15 13 18
14 15 14 93
14 15 15 2
14 15 16 1
14 16 14 2
14 16 18 1
14 16 19 1
15 13 10 1
15 13 13 1
15 14 12 1
15 14 13 4
15 14 14 8
15 15 13 39
15 15 14 218
15 15 15 48
15 16 13 6
15 16 14 105
15 16 15 186
15 17 15 5
16 13 13 1
16 14 13 2
16 14 14 1
16 15 13 1
16 15 14 4
16 15 15 6
16 16 13 2
16 16 14 50
16 16 15 136
16 16 16 31
16 16 17 1
16 17 15 48
16 17 16 282
16 17 17 8
16 18 16 2
17 16 14 1
17 16 15 1
17 16 16 5
17 17 15 4
17 17 16 149
17 17 17 110
17 18 16 33
17 18 17 374
17 18 18 10
17 19 17 11
18 9 5 1
18 17 17 2
18 18 16 1
18 18 17 133
18 18 18 36
18 19 17 42
18 19 18 335
18 19 19 4
18 20 18 3
18 20 19 1
19 16 15 1
19 17 15 1
19 18 17 4
19 19 17 1
19 19 18 75
19 19 19 30
19 20 18 21
19 20 19 237
19 20 20 2
19 21 19 3
19 21 20 1
20 12 6 1
20 13 10 1
20 15 10 1
20 19 17 1
20 19 18 1
20 20 11 1
20 20 19 43
20 20 20 14
20 21 19 16
20 21 20 189
20 21 21 4
20 22 20 2
21 17 13 1
21 18 9 1
21 20 19 2
21 21 20 29
21 21 21 30
21 22 20 10
21 22 21 174
21 22 22 7
22 18 16 1
22 19 16 1
22 21 20 1
22 22 21 14
22 22 22 52
22 23 22 126
22 23 23 13
23 15 8 2
23 18 14 1
23 22 22 2
23 23 22 9
23 23 23 45
23 23 24 1
23 24 23 112
23 24 24 25
23 25 24 1
24 16 9 1
24 18 11 1
24 24 23 9
24 24 24 62
24 25 24 98
24 25 25 21
25 18 12 1
25 24 24 1
25 25 24 6
25 25 25 35
25 26 25 63
25 26 26 27
26 26 25 6
26 26 26 85
26 27 26 170
26 27 27 45
27 27 26 14
27 27 27 95
27 27 28 1
27 28 27 137
27 28 28 62
28 28 27 2
28 28 28 81
28 29 28 73
28 29 29 76
29 29 29 48
29 29 30 2
29 30 29 28
29 30 30 47
30 30 30 174
30 31 30 63
30 31 31 1
