32
0 0 0 1
1 1 0 5
1 1 1 3
1 2 1 9
2 2 1 12
2 2 2 3
2 3 2 22
2 3 3 1
2 3 4 1
2 4 10 1
2 5 12 1
2 8 12 1
2 8 13 1
2 9 13 2
2 9 14 2
2 10 14 2
2 10 15 2
2 11 16 5
3 3 2 9
3 3 3 13
3 4 2 1
3 4 3 11
3 6 10 1
3 6 11 1
3 7 3 1
3 7 4 1
3 7 12 1
3 8 4 2
3 8 5 2
3 9 13 1
3 9 16 2
3 10 13 1
3 10 14 2
3 10 15 2
3 11 16 2
3 12 16 1
4 3 2 1
4 4 2 1
4 4 3 17
4 4 4 16
4 5 4 13
4 5 5 2
4 5 6 1
4 5 7 1
4 5 8 1
4 6 11 1
4 8 4 2
4 8 5 6
4 9 5 2
4 9 9 1
4 9 10 1
4 10 7 2
4 10 8 1
4 10 11 2
4 10 15 2
4 11 9 1
4 11 14 1
4 11 15 1
4 11 18 1
4 12 16 1
5 4 2 2
5 5 4 10
5 5 5 12
5 6 5 5
5 8 5 1
5 8 12 1
5 10 13 1
5 10 14 1
5 11 7 1
5 11 18 1
5 12 16 1
5 13 20 2
6 5 3 2
6 5 4 3
6 6 5 4
6 6 6 1
6 7 5 1
6 7 6 7
6 7 8 2
6 9 7 1
6 10 11 1
6 11 9 1
6 12 15 1
6 12 16 1
7 5 4 1
7 6 3 1
7 6 4 2
7 7 5 1
7 7 6 6
7 7 7 2
7 8 7 3
7 9 8 1
7 10 10 1
7 11 8 1
7 11 13 1
7 13 16 1
7 13 19 1
8 6 3 9
8 6 4 43
8 7 4 2
8 7 5 5
8 7 6 1
8 8 6 1
8 8 7 6
8 8 8 2
8 9 7 1
8 9 8 5
8 11 11 1
8 11 14 1
8 11 15 1
8 12 15 2
9 6 4 10
9 7 4 5
9 7 5 6
9 7 6 2
9 8 5 1
9 8 6 4
9 9 7 3
9 9 8 16
9 9 9 2
9 10 8 1
9 10 9 6
9 12 15 1
9 13 15 1
10 8 6 1
10 9 7 2
10 9 8 1
10 10 7 1
10 10 8 6
10 10 9 10
10 10 10 2
10 10 12 1
10 11 9 2
10 11 10 4
10 12 10 1
10 13 10 2
10 15 17 1
11 9 8 1
11 10 9 1
11 11 8 2
11 11 9 2
11 11 10 12
11 11 11 5
11 12 10 2
11 12 11 11
11 14 16 1
12 10 9 1
12 11 9 1
12 11 10 5
12 11 11 1
12 12 9 1
12 12 10 6
12 12 11 52
12 12 12 6
12 13 12 8
12 13 13 1
12 13 15 1
13 12 10 2
13 12 11 72
13 12 12 14
13 13 10 1
13 13 11 14
13 13 12 170
13 13 13 11
13 14 12 4
13 14 13 10
13 15 13 1
13 16 17 1
13 17 18 1
14 12 10 1
14 13 11 2
14 13 12 17
14 13 13 35
14 14 11 1
14 14 12 1
14 14 13 139
14 14 14 15
14 15 13 31
14 15 14 97
14 15 15 2
14 16 14 7
14 16 19 1
14 17 15 1
15 12 12 1
15 13 11 1
15 13 13 1
15 14 13 10
15 14 14 10
15 15 13 41
15 15 14 251
15 15 15 41
15 15 16 1
15 16 13 1
15 16 14 85
15 16 15 144
15 17 15 1
15 17 16 1
16 14 13 2
16 15 13 3
16 15 14 6
16 15 15 14
16 16 13 2
16 16 14 69
16 16 15 150
16 16 16 30
16 16 17 1
16 17 15 48
16 17 16 270
16 17 17 4
16 18 16 3
17 16 15 1
17 16 16 3
17 17 15 2
17 17 16 162
17 17 17 96
17 18 16 40
17 18 17 366
17 18 18 6
17 19 17 9
17 19 18 1
18 10 5 1
18 17 16 2
18 17 17 3
18 18 17 158
18 18 18 35
18 18 19 1
18 19 17 40
18 19 18 296
18 19 19 3
18 20 18 3
18 20 19 2
19 16 15 1
19 17 16 1
19 18 16 1
19 18 17 1
19 19 18 89
19 19 19 17
19 20 11 1
19 20 18 17
19 20 19 230
19 20 20 1
19 21 19 2
19 21 20 1
20 12 7 1
20 13 6 1
20 15 9 1
20 19 17 1
20 20 10 1
20 20 19 42
20 20 20 11
20 21 19 18
20 21 20 187
20 21 21 2
20 22 20 3
21 19 17 1
21 21 20 36
21 21 21 24
21 22 12 1
21 22 20 9
21 22 21 183
21 22 22 6
22 14 7 1
22 17 13 1
22 20 17 1
22 21 21 1
22 22 21 13
22 22 22 61
22 23 22 105
22 23 23 14
23 15 8 1
23 17 12 1
23 23 22 6
23 23 23 40
23 24 23 110
23 24 24 27
24 17 9 1
24 24 23 8
24 24 24 53
24 25 24 104
24 25 25 17
24 26 24 1
25 18 11 1
25 18 12 1
25 24 24 1
25 25 24 9
25 25 25 40
25 25 26 1
25 26 25 77
25 26 26 28
26 26 25 8
26 26 26 107
26 27 26 194
26 27 27 28
26 28 27 1
27 27 26 20
27 27 27 88
27 27 28 2
27 28 27 136
27 28 28 51
27 29 28 1
28 28 27 1
28 28 28 84
28 28 29 1
28 29 28 67
28 29 29 72
29 29 29 51
29 29 30 2
29 30 29 17
29 30 30 44
30 30 30 122
30 30 31 1
30 31 30 44
