32
0 1 0 2
1 1 0 6
1 1 1 3
1 2 1 16
2 2 1 8
2 2 2 2
2 3 2 8
2 3 3 3
2 8 13 4
2 8 14 1
2 9 14 1
2 10 15 1
2 10 16 1
2 11 16 2
2 12 17 2
3 3 2 11
3 3 3 14
3 4 3 15
3 5 8 1
3 6 10 1
3 6 12 1
3 7 3 1
3 7 12 1
3 8 4 5
3 9 9 1
3 9 13 1
3 9 14 2
3 10 13 1
3 10 14 2
3 10 15 1
3 11 15 2
3 11 16 1
3 12 16 2
4 4 3 20
4 4 4 16
4 5 3 1
4 5 4 11
4 5 5 1
4 8 4 2
4 8 5 2
4 9 5 3
4 9 8 1
4 10 7 1
4 10 8 1
4 10 9 1
4 10 12 1
4 10 17 1
4 11 8 1
4 11 9 1
4 11 14 1
4 11 15 2
4 11 18 1
4 12 16 1
5 4 3 1
5 5 3 2
5 5 4 10
5 5 5 14
5 6 5 5
5 6 6 1
5 8 5 2
5 9 6 1
5 10 13 1
5 10 14 1
5 12 15 1
5 12 16 1
5 13 21 1
6 5 3 1
6 6 5 5
6 6 6 1
6 7 5 1
6 7 6 3
6 9 12 1
6 10 7 1
6 11 10 1
7 5 3 2
7 6 4 3
7 7 6 6
7 7 7 2
7 8 6 1
7 8 7 4
7 9 8 1
7 11 8 1
7 12 16 1
8 6 3 5
8 6 4 41
8 6 5 1
8 7 4 4
8 7 5 5
8 8 7 10
8 8 8 2
8 9 8 3
8 11 11 1
8 11 14 3
8 12 15 1
9 6 3 3
9 6 4 17
9 7 4 4
9 7 5 5
9 7 6 1
9 8 5 1
9 8 6 5
9 9 7 2
9 9 8 9
9 9 9 1
9 10 8 1
9 10 9 3
9 12 16 1
9 13 14 1
9 15 17 1
10 9 7 2
10 9 8 1
10 10 8 3
10 10 9 17
10 10 10 6
10 11 8 1
10 11 9 3
10 11 10 3
10 11 11 1
10 13 15 1
11 10 9 2
11 10 12 1
11 11 9 4
11 11 10 15
11 11 11 5
11 12 10 2
11 12 11 5
11 14 15 1
12 10 9 1
12 11 9 1
12 11 10 3
12 11 11 1
12 12 10 5
12 12 11 51
12 12 12 5
12 12 13 1
12 13 11 2
12 13 12 7
12 14 16 1
12 15 16 1
13 11 9 1
13 12 11 75
13 12 12 15
13 13 10 2
13 13 11 12
13 13 12 162
13 13 13 16
13 14 12 3
13 14 13 18
13 15 17 1
13 17 18 1
14 12 10 1
14 13 10 1
14 13 11 2
14 13 12 26
14 13 13 19
14 14 12 3
14 14 13 149
14 14 14 19
14 15 13 32
14 15 14 101
14 16 19 1
14 17 18 1
15 14 13 11
15 14 14 9
15 15 13 35
15 15 14 269
15 15 15 41
15 15 16 1
15 16 13 2
15 16 14 88
15 16 15 150
15 16 16 2
15 16 17 1
15 17 15 3
15 17 16 1
16 14 14 1
16 15 12 1
16 15 13 1
16 15 14 3
16 15 15 11
16 16 14 84
16 16 15 137
16 16 16 30
16 17 15 36
16 17 16 250
16 17 17 4
16 18 16 2
16 18 17 2
17 16 13 1
17 16 15 2
17 16 16 2
17 17 15 5
17 17 16 172
17 17 17 83
17 18 16 42
17 18 17 383
17 18 18 7
17 19 17 12
17 19 18 1
17 20 18 1
18 17 16 1
18 17 17 2
18 18 16 2
18 18 17 137
18 18 18 46
18 19 17 46
18 19 18 342
18 19 19 4
18 20 18 2
19 11 5 1
19 13 9 1
19 18 16 1
19 18 17 3
19 19 17 3
19 19 18 98
19 19 19 36
19 20 18 26
19 20 19 233
19 20 20 2
19 21 19 5
20 15 11 1
20 19 17 1
20 19 18 2
20 20 19 46
20 20 20 14
20 20 21 1
20 21 19 18
20 21 20 182
20 21 21 2
20 22 20 4
20 22 21 1
21 20 19 1
21 21 20 28
21 21 21 26
21 22 20 8
21 22 21 178
21 22 22 2
21 23 22 1
22 15 8 1
22 17 14 1
22 18 16 1
22 21 20 1
22 22 21 14
22 22 22 78
22 23 22 145
22 23 23 27
22 24 22 2
23 15 8 1
23 18 13 1
23 19 16 1
23 23 22 14
23 23 23 78
23 23 24 1
23 24 23 112
23 24 24 42
23 25 23 1
24 17 9 1
24 18 11 1
24 23 22 1
24 24 23 2
24 24 24 67
24 24 25 2
24 25 24 99
24 25 25 18
24 26 24 1
25 19 12 1
25 24 24 1
25 25 24 10
25 25 25 28
25 26 25 71
25 26 26 15
25 27 26 1
26 26 25 11
26 26 26 76
26 26 27 1
26 27 26 184
26 27 27 33
26 28 26 1
27 27 26 17
27 27 27 107
27 27 28 1
27 28 27 149
27 28 28 56
28 28 27 8
28 28 28 71
28 28 29 1
28 29 28 86
28 29 29 55
29 29 29 43
29 30 29 19
29 30 30 40
30 30 30 234
30 30 31 1
30 31 30 61
30 31 31 2
