32
0 1 0 2
1 1 0 4
1 1 1 5
1 2 1 15
2 2 1 11
2 2 2 2
2 3 2 15
2 3 3 1
2 5 10 1
2 8 12 1
2 8 13 3
2 9 14 1
2 10 14 2
2 10 15 3
2 11 15 1
2 11 16 3
3 2 1 1
3 3 2 12
3 3 3 7
3 4 2 1
3 4 3 14
3 5 7 1
3 6 10 1
3 6 12 1
3 7 12 1
3 8 4 5
3 9 9 1
3 9 13 1
3 10 14 2
3 10 15 3
3 10 17 1
3 11 13 1
3 11 16 1
3 12 16 2
4 4 2 1
4 4 3 17
4 4 4 17
4 5 4 9
4 5 5 3
4 5 7 1
4 8 4 4
4 8 5 2
4 9 8 1
4 9 14 1
4 10 8 1
4 10 9 2
4 10 11 1
4 10 14 1
4 10 16 1
4 10 17 1
4 11 7 1
4 11 15 1
4 12 16 1
4 12 20 2
5 4 3 2
5 5 4 7
5 5 5 9
5 6 4 1
5 6 5 6
5 6 6 1
5 8 5 1
5 9 5 1
5 10 9 1
5 10 14 2
5 12 16 1
5 13 20 1
6 5 3 3
6 5 4 2
6 6 4 1
6 6 5 4
6 6 6 5
6 7 6 4
6 7 8 1
6 10 7 1
6 10 14 2
6 11 9 1
6 11 15 1
7 5 3 1
7 5 4 1
7 6 4 1
7 7 5 2
7 7 6 4
7 7 7 1
7 8 6 4
7 8 7 3
7 8 9 1
7 9 8 1
7 10 7 1
7 12 15 1
8 6 3 6
8 6 4 53
8 7 4 6
8 7 5 4
8 8 6 2
8 8 7 11
8 8 8 2
8 9 7 2
8 9 8 7
8 10 8 2
8 10 12 1
8 10 14 1
8 11 9 1
8 11 12 1
8 11 14 1
8 12 15 2
8 13 16 1
9 6 4 8
9 7 4 5
9 7 5 5
9 8 5 2
9 8 6 4
9 9 7 2
9 9 8 7
9 9 9 4
9 10 8 1
9 10 9 3
9 13 10 1
10 8 6 1
10 9 7 2
10 9 8 1
10 10 8 4
10 10 9 10
10 10 10 2
10 11 9 1
10 11 10 6
10 13 15 1
10 14 16 1
11 10 8 2
11 10 9 2
11 11 9 3
11 11 10 16
11 11 11 5
11 11 12 1
11 12 10 2
11 12 11 14
11 13 16 1
11 14 16 1
11 15 17 1
12 11 9 1
12 11 10 2
12 11 11 1
12 12 10 3
12 12 11 56
12 12 12 3
12 13 11 2
12 13 12 9
12 15 13 1
13 11 10 1
13 12 10 3
13 12 11 52
13 12 12 24
13 13 11 8
13 13 12 177
13 13 13 26
13 14 12 3
13 14 13 20
13 14 14 1
13 15 15 1
13 15 18 1
14 13 10 1
14 13 11 2
14 13 12 10
14 13 13 29
14 14 12 1
14 14 13 138
14 14 14 17
14 15 13 19
14 15 14 106
14 15 15 1
14 16 14 2
14 16 18 2
15 13 9 1
15 13 13 1
15 14 12 1
15 14 13 8
15 14 14 14
15 15 13 38
15 15 14 232
15 15 15 48
15 16 13 6
15 16 14 85
15 16 15 184
15 16 16 1
15 16 17 1
15 17 15 3
15 17 18 1
16 14 13 1
16 15 13 2
16 15 14 3
16 15 15 19
16 16 13 1
16 16 14 54
16 16 15 144
16 16 16 31
16 16 17 1
16 17 15 50
16 17 16 245
16 17 17 3
16 18 16 3
17 15 15 1
17 16 14 1
17 16 15 3
17 16 16 2
17 17 15 7
17 17 16 163
17 17 17 97
17 18 16 36
17 18 17 373
17 18 18 10
17 19 17 10
17 19 18 2
18 11 6 1
18 17 16 1
18 17 17 1
18 18 16 2
18 18 17 160
18 18 18 32
18 19 17 39
18 19 18 367
18 19 19 2
18 20 18 7
18 20 19 1
19 14 10 1
19 18 17 4
19 18 18 1
19 19 17 1
19 19 18 70
19 19 19 27
19 20 18 29
19 20 19 242
19 20 20 1
19 21 19 7
20 17 14 1
20 19 10 1
20 19 18 2
20 20 19 39
20 20 20 24
20 21 19 13
20 21 20 174
20 21 21 1
20 22 20 5
21 14 7 1
21 16 10 1
21 19 17 1
21 20 19 2
21 21 20 33
21 21 21 24
21 22 12 1
21 22 20 10
21 22 21 183
21 22 22 7
21 23 22 1
22 18 15 1
22 21 20 1
22 22 21 13
22 22 22 67
22 23 22 128
22 23 23 12
23 15 8 1
23 16 9 1
23 17 12 1
23 18 10 1
23 22 22 2
23 23 22 7
23 23 23 44
23 24 23 119
23 24 24 27
24 24 22 1
24 24 23 8
24 24 24 43
24 25 24 97
24 25 25 15
25 18 12 1
25 25 24 8
25 25 25 31
25 26 25 68
25 26 26 32
26 25 25 1
26 26 25 5
26 26 26 93
26 27 26 168
26 27 27 43
26 28 26 1
27 27 26 12
27 27 27 97
27 28 27 154
27 28 28 66
27 28 29 1
27 29 28 1
28 28 27 4
28 28 28 80
28 28 29 1
28 29 28 66
28 29 29 61
29 29 29 37
29 30 29 28
29 30 30 47
30 30 30 171
30 30 31 1
30 31 30 57
30 31 31 2
