32
0 0 0 1
0 1 0 1
1 1 0 5
1 1 1 5
1 2 1 11
2 2 1 9
2 2 2 2
2 3 2 5
2 3 3 1
2 8 13 2
2 9 14 5
2 10 14 1
2 10 15 2
2 11 16 3
2 12 17 2
3 3 2 6
3 3 3 5
3 4 3 19
3 6 11 1
3 7 4 1
3 8 4 4
3 8 5 1
3 10 13 2
3 10 15 1
3 11 16 1
3 12 17 3
4 4 3 17
4 4 4 17
4 5 4 8
4 5 5 2
4 8 4 2
4 8 5 1
4 9 4 1
4 9 5 2
4 9 7 1
4 9 9 1
4 10 8 1
4 10 10 1
4 10 13 1
4 10 14 1
4 10 15 1
4 10 17 1
4 11 7 1
4 11 14 1
4 11 15 1
4 11 16 1
4 12 16 1
5 4 3 1
5 5 4 3
5 5 5 10
5 6 4 2
5 6 5 5
5 6 6 2
5 8 5 1
5 9 6 1
5 10 6 1
5 10 13 1
5 11 10 1
5 11 15 1
5 12 16 1
6 5 3 2
6 5 4 2
6 5 5 1
6 6 4 1
6 6 5 5
6 6 6 4
6 7 5 1
6 7 6 6
6 9 6 1
6 10 7 1
6 10 12 1
6 11 10 1
6 11 15 1
7 6 4 5
7 7 6 9
7 7 7 2
7 8 7 5
7 9 7 1
7 10 7 1
7 11 14 1
7 12 15 1
8 6 3 19
8 6 4 44
8 6 5 1
8 7 4 2
8 7 5 5
8 8 7 10
8 8 8 4
8 9 7 2
8 9 8 4
8 9 9 1
8 12 15 2
9 7 4 1
9 7 5 4
9 7 6 2
9 8 5 1
9 8 6 4
9 8 7 1
9 9 7 1
9 9 8 5
9 9 9 6
9 10 8 1
9 10 9 4
9 12 15 1
9 12 16 1
9 13 15 1
9 14 17 1
10 9 7 2
10 9 8 1
10 10 8 1
10 10 9 5
10 10 10 7
10 11 10 3
10 13 16 1
10 15 17 1
11 10 9 3
11 11 9 4
11 11 10 18
11 11 11 6
11 11 13 1
11 12 10 1
11 12 11 6
11 12 12 1
12 10 9 2
12 11 10 5
12 12 10 23
12 12 11 74
12 12 12 7
12 13 11 1
12 13 12 13
12 14 15 1
12 15 17 1
12 16 18 1
13 12 11 61
13 12 12 13
13 13 11 9
13 13 12 158
13 13 13 24
13 14 12 6
13 14 13 19
13 14 16 2
13 15 15 1
14 13 11 2
14 13 12 16
14 13 13 30
14 14 12 1
14 14 13 131
14 14 14 15
14 15 13 39
14 15 14 107
14 15 16 2
14 16 14 1
15 14 12 1
15 14 13 8
15 14 14 17
15 15 13 31
15 15 14 238
15 15 15 52
15 15 16 1
15 16 13 2
15 16 14 92
15 16 15 190
15 16 19 1
15 17 15 3
15 17 16 2
16 14 12 1
16 14 14 1
16 15 13 2
16 15 14 5
16 15 15 14
16 16 13 1
16 16 14 71
16 16 15 140
16 16 16 32
16 17 15 48
16 17 16 224
16 17 17 4
16 18 16 4
17 16 14 1
17 16 16 1
17 17 15 10
17 17 16 154
17 17 17 90
17 18 16 29
17 18 17 397
17 18 18 15
17 19 17 17
17 20 17 1
18 10 5 1
18 17 16 1
18 17 17 1
18 18 15 1
18 18 17 149
18 18 18 49
18 19 17 54
18 19 18 337
18 19 19 4
18 20 18 6
19 18 17 1
19 19 18 80
19 19 19 31
19 20 18 29
19 20 19 235
19 20 20 3
19 21 19 6
20 15 11 1
20 16 13 1
20 17 14 1
20 18 17 1
20 20 19 53
20 20 20 24
20 21 19 20
20 21 20 169
20 21 21 3
20 22 20 1
21 19 17 1
21 20 17 1
21 21 20 34
21 21 21 27
21 22 20 14
21 22 21 171
21 22 22 9
22 21 20 4
22 22 21 18
22 22 22 77
22 23 22 135
22 23 23 28
23 15 8 1
23 18 15 1
23 22 22 3
23 23 22 6
23 23 23 72
23 23 24 1
23 24 23 112
23 24 24 36
24 24 23 8
24 24 24 61
24 24 25 1
24 25 24 95
24 25 25 16
25 20 15 1
25 25 24 7
25 25 25 32
25 26 25 55
25 26 26 27
25 27 26 1
26 26 25 9
26 26 26 75
26 26 27 1
26 27 26 144
26 27 27 50
27 27 26 5
27 27 27 111
27 28 27 158
27 28 28 76
27 28 29 1
28 28 27 5
28 28 28 85
28 28 29 1
28 29 28 68
28 29 29 79
28 30 29 1
29 29 29 40
29 29 30 2
29 30 29 18
29 30 30 51
30 30 30 237
30 30 31 1
30 31 30 60
30 31 31 8
