32
0 1 0 3
1 1 0 5
1 1 1 7
1 2 1 14
2 2 1 5
2 2 2 4
2 3 2 15
2 8 13 1
2 9 13 1
2 9 14 2
2 10 15 3
2 11 16 1
2 11 17 1
3 3 2 15
3 3 3 9
3 4 3 14
3 5 7 1
3 5 9 1
3 6 10 1
3 6 11 1
3 7 4 3
3 8 4 2
3 8 5 1
3 10 13 1
3 10 14 2
3 11 15 2
3 11 16 3
3 12 16 2
4 4 3 21
4 4 4 16
4 5 4 6
4 7 12 1
4 8 4 3
4 8 5 2
4 8 6 1
4 9 6 1
4 9 12 1
4 9 16 1
4 10 6 1
4 10 8 2
4 10 13 1
4 10 14 1
4 10 17 1
4 11 15 1
4 11 16 1
4 11 19 1
5 4 3 1
5 5 4 4
5 5 5 12
5 6 4 3
5 6 5 4
5 6 6 1
5 8 5 1
5 9 5 2
5 10 11 1
5 10 13 1
5 11 11 1
5 11 15 1
5 13 21 1
6 4 3 1
6 5 3 2
6 5 4 1
6 6 4 1
6 6 5 10
6 6 6 1
6 7 5 2
6 7 6 9
6 8 8 1
6 10 7 1
6 10 8 1
6 10 14 1
6 11 13 1
6 12 16 1
7 5 3 1
7 6 4 1
7 6 5 1
7 7 6 3
7 7 7 1
7 8 6 4
7 8 7 1
7 9 8 1
7 10 7 1
7 10 13 1
7 11 7 1
7 12 15 1
8 6 3 2
8 6 4 48
8 7 4 2
8 7 5 3
8 7 7 1
8 8 6 1
8 8 7 15
8 8 8 4
8 9 7 4
8 9 8 8
8 11 15 1
8 12 14 1
8 12 15 1
9 6 4 12
9 7 4 1
9 7 5 6
9 8 6 1
9 9 7 1
9 9 8 19
9 9 9 1
9 10 8 5
9 10 9 2
9 12 9 1
9 13 15 1
9 15 17 1
10 9 7 2
10 9 8 2
10 10 8 3
10 10 9 22
10 10 10 5
10 10 12 1
10 11 9 4
10 11 10 13
10 11 11 1
10 13 15 1
11 9 8 2
11 10 9 1
11 11 8 1
11 11 9 7
11 11 10 46
11 11 11 6
11 12 10 7
11 12 11 19
11 12 12 2
11 12 14 1
12 11 10 1
12 12 10 7
12 12 11 97
12 12 12 10
12 13 11 9
12 13 12 22
13 11 10 1
13 12 10 1
13 12 11 72
13 12 12 14
13 13 11 17
13 13 12 201
13 13 13 19
13 14 12 9
13 14 13 15
13 14 14 1
13 15 17 1
13 16 14 1
14 12 10 1
14 13 10 1
14 13 11 3
14 13 12 17
14 13 13 15
14 14 12 1
14 14 13 181
14 14 14 11
14 14 15 1
14 15 13 36
14 15 14 102
14 15 15 1
14 16 14 1
15 12 12 1
15 14 12 2
15 14 13 8
15 14 14 11
15 15 13 54
15 15 14 287
15 15 15 43
15 15 16 1
15 16 13 1
15 16 14 125
15 16 15 179
15 16 17 1
15 17 15 4
15 17 16 1
15 17 18 1
15 18 19 1
16 14 13 2
16 15 14 3
16 15 15 11
16 16 13 3
16 16 14 66
16 16 15 154
16 16 16 29
16 17 15 45
16 17 16 262
16 17 17 4
16 18 16 1
17 16 14 1
17 16 15 3
17 16 16 2
17 17 15 3
17 17 16 166
17 17 17 93
17 18 16 32
17 18 17 384
17 18 18 2
17 18 19 1
17 19 17 7
17 19 18 1
18 17 16 4
18 17 17 1
18 18 17 151
18 18 18 42
18 18 19 1
18 19 17 47
18 19 18 334
18 19 19 2
18 20 18 5
18 20 19 1
19 13 9 1
19 18 16 1
19 18 17 3
19 18 18 1
19 19 17 2
19 19 18 97
19 19 19 29
19 20 18 17
19 20 19 226
19 20 20 1
19 21 19 4
20 11 6 1
20 15 10 1
20 19 17 1
20 19 18 1
20 20 19 46
20 20 20 18
20 21 19 20
20 21 20 180
20 21 21 5
20 22 20 4
20 22 21 1
21 17 13 1
21 19 17 1
21 21 20 36
21 21 21 19
21 22 20 9
21 22 21 175
21 22 22 10
22 15 8 1
22 16 8 1
22 19 11 1
22 19 17 1
22 21 20 2
22 22 21 16
22 22 22 81
22 23 22 141
22 23 23 29
22 24 22 1
23 15 8 1
23 17 12 1
23 22 22 2
23 23 22 5
23 23 23 68
23 23 24 1
23 24 23 103
23 24 24 58
24 24 23 5
24 24 24 73
24 25 24 99
24 25 25 36
24 26 24 1
25 18 11 1
25 24 23 1
25 24 24 1
25 24 25 1
25 25 24 5
25 25 25 42
25 26 25 69
25 26 26 21
26 26 25 14
26 26 26 91
26 27 26 185
26 27 27 15
27 27 26 22
27 27 27 124
27 28 27 142
27 28 28 50
28 28 27 3
28 28 28 81
28 28 29 2
28 29 28 73
28 29 29 54
29 29 29 53
29 29 30 2
29 30 29 23
29 30 30 47
30 30 30 205
30 30 31 2
30 31 30 59
