32
0 0 0 1
0 1 0 1
1 1 0 7
1 1 1 7
1 2 1 10
2 2 1 7
2 2 2 6
2 3 2 14
2 3 3 2
2 8 13 2
2 9 13 4
2 10 14 1
2 10 15 6
2 10 16 1
2 11 16 4
3 3 2 16
3 3 3 13
3 4 3 10
3 5 8 1
3 5 9 2
3 6 11 1
3 7 4 1
3 7 12 1
3 7 13 1
3 8 4 4
3 8 5 2
3 9 13 1
3 10 13 2
3 10 14 1
3 11 15 2
3 11 16 1
3 11 17 1
3 12 16 2
4 4 3 18
4 4 4 20
4 5 4 8
4 5 5 2
4 7 12 1
4 8 4 3
4 8 5 2
4 9 5 1
4 9 8 1
4 9 11 1
4 9 16 1
4 10 8 2
4 10 9 2
4 10 11 1
4 10 14 1
4 10 17 1
4 11 14 1
4 11 15 1
4 11 16 1
4 11 18 1
5 4 3 2
5 5 3 2
5 5 4 7
5 5 5 6
5 6 4 1
5 6 5 2
5 6 6 1
5 8 5 1
5 9 5 2
5 10 8 1
5 11 14 1
5 11 15 1
5 12 15 1
5 12 20 1
6 5 3 2
6 5 4 1
6 6 4 1
6 6 5 9
6 6 6 3
6 7 6 3
6 10 6 1
6 10 7 1
6 10 13 1
6 10 15 1
6 11 14 1
7 5 3 2
7 6 4 3
7 7 5 1
7 7 6 7
7 7 7 7
7 8 7 5
7 10 8 1
7 11 13 1
7 12 16 1
8 6 3 3
8 6 4 49
8 6 5 1
8 7 4 2
8 7 5 5
8 8 6 1
8 8 7 8
8 8 8 5
8 9 8 4
8 10 13 1
8 11 8 1
8 11 11 1
9 6 4 15
9 7 4 3
9 7 5 4
9 8 5 2
9 8 6 1
9 9 7 2
9 9 8 7
9 9 9 4
9 10 8 1
9 10 9 3
9 10 10 1
9 13 16 2
10 8 6 1
10 8 7 2
10 9 7 2
10 10 8 3
10 10 9 13
10 10 10 3
10 11 9 3
10 11 10 5
10 11 11 1
10 12 14 1
10 13 13 1
10 13 15 2
10 14 17 1
11 10 8 1
11 10 9 4
11 11 8 1
11 11 9 2
11 11 10 17
11 11 11 10
11 12 10 3
11 12 11 7
11 12 12 1
11 14 12 1
12 11 9 2
12 11 11 2
12 12 9 1
12 12 10 6
12 12 11 59
12 12 12 5
12 13 11 5
12 13 12 9
12 13 15 1
12 14 15 1
12 14 16 1
13 12 10 2
13 12 11 71
13 12 12 23
13 13 10 1
13 13 11 7
13 13 12 166
13 13 13 23
13 14 12 4
13 14 13 14
13 15 13 2
13 15 17 1
13 16 13 1
13 17 18 1
14 12 10 1
14 13 10 1
14 13 11 1
14 13 12 15
14 13 13 31
14 14 11 1
14 14 12 5
14 14 13 130
14 14 14 17
14 14 15 1
14 15 13 27
14 15 14 99
14 16 14 1
14 16 19 1
15 12 12 1
15 14 11 1
15 14 12 1
15 14 13 9
15 14 14 8
15 15 13 32
15 15 14 263
15 15 15 55
15 16 13 1
15 16 14 74
15 16 15 160
15 16 16 1
15 16 17 1
15 17 15 3
16 14 13 1
16 15 13 1
16 15 14 5
16 15 15 5
16 16 13 1
16 16 14 70
16 16 15 133
16 16 16 33
16 17 15 46
16 17 16 268
16 17 17 2
16 18 16 2
17 15 13 1
17 16 14 1
17 16 15 2
17 16 16 5
17 17 15 3
17 17 16 179
17 17 17 91
17 18 16 32
17 18 17 376
17 18 18 6
17 19 17 12
18 11 8 1
18 17 16 2
18 18 16 1
18 18 17 147
18 18 18 41
18 19 17 37
18 19 18 292
18 19 19 4
18 20 18 2
19 10 5 1
19 11 6 1
19 12 8 1
19 17 15 1
19 18 17 1
19 19 17 1
19 19 18 85
19 19 19 21
19 20 18 28
19 20 19 223
19 21 19 2
20 12 6 1
20 18 17 1
20 19 10 1
20 19 18 2
20 20 19 43
20 20 20 16
20 21 19 19
20 21 20 179
20 21 21 2
20 22 20 4
20 22 21 2
21 15 10 1
21 17 13 1
21 20 18 1
21 20 19 1
21 21 20 42
21 21 21 17
21 22 20 12
21 22 21 163
21 22 22 13
21 23 21 1
22 17 15 1
22 19 17 1
22 22 21 14
22 22 22 67
22 23 22 137
22 23 23 25
22 24 23 3
23 15 8 2
23 17 13 1
23 19 10 1
23 19 16 1
23 22 21 1
23 22 22 2
23 23 22 7
23 23 23 58
23 24 23 113
23 24 24 40
24 17 10 1
24 24 23 4
24 24 24 64
24 25 24 96
24 25 25 16
25 18 12 1
25 24 24 1
25 25 24 7
25 25 25 32
25 26 25 78
25 26 26 26
26 26 25 11
26 26 26 93
26 26 27 1
26 27 26 202
26 27 27 27
26 28 27 1
27 27 26 16
27 27 27 90
27 28 27 137
27 28 28 45
28 28 27 6
28 28 28 66
28 28 29 1
28 29 28 70
28 29 29 65
29 29 28 1
29 29 29 56
29 30 29 17
29 30 30 37
30 30 30 184
30 30 31 1
30 31 30 39
30 31 31 1
