32
0 0 0 1
0 1 0 1
1 1 0 6
1 1 1 7
1 2 1 10
2 2 1 7
2 2 2 7
2 3 1 1
2 3 2 7
2 3 3 1
2 5 10 1
2 6 12 1
2 8 12 2
2 8 13 1
2 9 13 1
2 9 14 2
2 10 15 1
2 10 16 1
2 11 16 4
3 3 2 17
3 3 3 7
3 3 4 1
3 4 3 12
3 4 6 1
3 5 8 1
3 5 9 1
3 6 11 1
3 7 12 1
3 7 13 1
3 8 4 3
3 8 5 1
3 9 6 1
3 9 13 1
3 9 14 1
3 9 17 1
3 10 14 2
3 10 15 4
3 11 15 1
3 11 16 1
3 12 16 1
4 4 3 16
4 4 4 24
4 5 3 1
4 5 4 6
4 5 5 1
4 5 7 2
4 6 5 1
4 7 12 1
4 8 4 3
4 8 5 2
4 8 8 1
4 9 5 1
4 9 16 1
4 10 7 1
4 10 9 4
4 10 12 2
4 10 13 1
4 10 17 1
4 11 16 1
5 4 3 1
5 4 4 1
5 5 4 8
5 5 5 16
5 6 5 5
5 6 6 1
5 8 5 1
5 8 6 1
5 9 6 1
5 10 7 1
5 10 14 2
5 11 14 1
5 12 15 1
5 12 16 1
5 13 20 2
6 5 3 3
6 5 4 1
6 6 4 1
6 6 5 9
6 6 6 2
6 7 6 6
6 7 7 1
6 10 8 1
6 10 14 1
6 13 20 1
7 6 4 2
7 7 5 1
7 7 6 7
7 8 6 1
7 8 7 6
7 9 8 1
7 10 8 1
7 11 14 1
7 11 16 1
7 12 15 1
7 12 16 1
7 13 17 1
7 13 20 1
8 6 3 7
8 6 4 50
8 7 4 1
8 7 5 5
8 7 6 1
8 8 7 11
8 8 8 1
8 9 7 1
8 9 8 4
8 10 8 1
8 10 9 1
8 10 13 2
8 11 8 1
8 12 15 2
8 13 16 1
9 6 3 2
9 6 4 18
9 7 4 3
9 7 5 6
9 7 6 1
9 8 5 2
9 8 6 3
9 8 7 1
9 9 7 2
9 9 8 12
9 10 8 1
9 10 9 7
9 10 10 1
9 11 12 1
9 12 9 1
9 12 15 1
9 12 16 1
9 14 17 1
10 8 6 1
10 8 7 1
10 9 9 1
10 10 8 6
10 10 9 13
10 10 10 4
10 11 9 1
10 11 10 3
10 11 11 1
10 12 10 1
10 13 16 1
11 9 8 1
11 10 8 3
11 10 9 2
11 11 9 2
11 11 10 6
11 11 11 5
11 12 10 1
11 12 11 6
11 13 15 1
11 15 17 2
12 11 10 1
12 12 9 1
12 12 10 3
12 12 11 49
12 12 12 4
12 13 11 2
12 13 12 8
12 15 13 1
13 11 9 1
13 12 9 1
13 12 10 2
13 12 11 60
13 12 12 17
13 13 11 8
13 13 12 180
13 13 13 28
13 14 12 1
13 14 13 17
13 15 13 1
13 15 15 1
13 15 18 1
14 13 11 2
14 13 12 12
14 13 13 37
14 14 12 4
14 14 13 136
14 14 14 31
14 15 13 19
14 15 14 89
14 15 15 1
14 16 14 2
15 13 10 1
15 14 12 1
15 14 13 7
15 14 14 12
15 15 13 41
15 15 14 237
15 15 15 42
15 16 13 5
15 16 14 91
15 16 15 185
15 16 16 1
15 17 15 5
16 14 13 1
16 15 13 4
16 15 14 2
16 15 15 13
16 16 14 64
16 16 15 161
16 16 16 34
16 16 17 1
16 17 15 37
16 17 16 269
16 17 17 4
16 18 16 5
16 18 17 1
17 15 14 1
17 16 15 3
17 16 16 1
17 17 14 1
17 17 15 1
17 17 16 158
17 17 17 89
17 18 16 37
17 18 17 385
17 18 18 8
17 19 17 8
17 19 18 1
18 16 14 1
18 17 16 3
18 17 17 1
18 18 17 149
18 18 18 41
18 19 17 27
18 19 18 358
18 19 19 3
18 20 18 6
18 20 19 3
19 10 5 1
19 11 7 1
19 15 10 1
19 18 16 1
19 18 17 4
19 19 18 80
19 19 19 22
19 20 11 1
19 20 18 31
19 20 19 244
19 20 20 1
19 21 19 3
20 19 17 1
20 19 18 2
20 20 10 1
20 20 19 45
20 20 20 21
20 21 19 19
20 21 20 177
20 21 21 1
20 22 20 2
21 13 7 1
21 17 13 1
21 20 19 1
21 21 12 1
21 21 20 35
21 21 21 29
21 22 20 15
21 22 21 183
21 22 22 5
22 14 7 1
22 18 16 1
22 19 17 1
22 20 18 1
22 21 20 1
22 21 21 1
22 22 21 22
22 22 22 58
22 23 22 124
22 23 23 13
23 16 8 1
23 17 9 1
23 17 12 1
23 19 10 1
23 22 21 1
23 22 22 2
23 23 22 6
23 23 23 38
23 24 22 1
23 24 23 110
23 24 24 16
23 25 23 1
24 23 23 2
24 24 23 6
24 24 24 50
24 25 24 109
24 25 25 16
25 18 11 1
25 24 24 1
25 25 24 8
25 25 25 36
25 26 25 88
25 26 26 26
26 26 25 7
26 26 26 86
26 26 27 1
26 27 26 170
26 27 27 51
26 28 27 1
27 27 26 12
27 27 27 101
27 27 28 1
27 28 27 139
27 28 28 64
27 29 28 3
28 28 28 80
28 29 28 76
28 29 29 62
29 29 29 38
29 29 30 2
29 30 29 31
29 30 30 44
30 30 30 160
30 30 31 2
30 31 30 55
