32
0 0 0 2
0 1 0 2
1 1 0 6
1 1 1 4
1 2 1 7
2 2 1 6
2 2 2 3
2 3 1 2
2 3 2 14
2 3 3 2
2 5 10 1
2 8 12 2
2 8 13 1
2 9 13 2
2 10 14 2
2 10 15 2
2 10 16 1
2 11 16 3
3 3 2 10
3 3 3 8
3 4 3 19
3 5 8 1
3 5 9 1
3 6 10 1
3 6 11 1
3 7 3 1
3 8 4 2
3 9 14 1
3 10 13 2
3 10 14 2
3 10 15 1
3 11 14 1
3 11 16 2
3 12 16 2
4 4 2 1
4 4 3 17
4 4 4 14
4 5 4 13
4 5 6 1
4 5 7 1
4 5 8 1
4 6 10 1
4 6 11 1
4 7 12 1
4 8 4 2
4 8 5 4
4 9 5 3
4 9 8 1
4 10 6 2
4 10 9 1
4 10 13 1
4 10 14 1
4 10 17 2
4 11 10 1
4 11 15 1
4 11 19 1
4 12 20 1
5 4 3 3
5 5 4 9
5 5 5 11
5 6 5 1
5 6 6 1
5 8 5 1
5 8 13 1
5 9 15 1
5 10 7 1
5 10 12 2
5 10 14 1
5 11 14 1
5 11 15 1
5 12 16 1
6 4 3 1
6 5 3 1
6 6 4 3
6 6 5 8
6 6 6 5
6 7 5 1
6 7 6 4
6 7 7 1
6 7 8 2
6 9 7 1
6 9 13 1
6 11 10 1
6 11 14 1
6 13 20 1
6 13 21 1
7 5 3 1
7 5 4 1
7 6 3 1
7 6 4 3
7 7 5 2
7 7 6 9
7 8 6 2
7 8 7 1
7 10 11 1
7 10 14 1
7 11 14 1
7 13 17 1
7 13 20 2
8 6 3 3
8 6 4 58
8 7 4 2
8 7 5 4
8 7 6 1
8 8 6 2
8 8 7 9
8 8 8 2
8 9 7 1
8 9 8 5
8 9 9 2
8 10 13 1
8 11 10 1
8 11 14 1
8 12 14 1
8 12 15 1
8 13 16 1
9 6 3 4
9 6 4 18
9 7 4 4
9 7 5 7
9 8 5 1
9 8 6 4
9 8 7 2
9 8 8 1
9 9 7 1
9 9 8 8
9 10 9 4
9 10 10 1
9 13 15 1
10 8 6 2
10 8 7 2
10 9 8 1
10 10 8 5
10 10 9 11
10 10 10 5
10 11 9 2
10 11 10 6
10 11 11 1
10 13 16 1
11 9 7 1
11 9 8 1
11 10 8 2
11 10 9 1
11 10 10 2
11 11 8 1
11 11 9 4
11 11 10 24
11 11 11 5
11 12 10 6
11 12 11 5
11 13 11 1
11 13 15 1
11 15 18 1
12 10 9 1
12 11 9 1
12 11 10 1
12 12 9 1
12 12 10 8
12 12 11 72
12 12 12 6
12 13 11 6
12 13 12 8
13 11 9 1
13 12 11 71
13 12 12 11
13 13 9 1
13 13 10 1
13 13 11 20
13 13 12 167
13 13 13 14
13 14 12 2
13 14 13 14
13 15 13 1
13 15 17 1
13 16 14 1
14 12 10 1
14 13 10 1
14 13 11 2
14 13 12 22
14 13 13 28
14 14 12 4
14 14 13 129
14 14 14 17
14 15 13 15
14 15 14 81
14 15 15 1
14 16 14 5
14 16 18 1
14 17 18 1
15 12 12 1
15 13 12 1
15 14 13 12
15 14 14 17
15 15 13 45
15 15 14 237
15 15 15 41
15 16 13 2
15 16 14 68
15 16 15 149
15 16 17 1
15 17 15 2
15 17 16 1
15 17 17 1
16 15 13 2
16 15 14 5
16 15 15 5
16 16 13 3
16 16 14 75
16 16 15 148
16 16 16 26
16 17 15 42
16 17 16 247
16 17 17 2
16 18 16 4
16 18 18 1
17 15 15 1
17 16 15 1
17 17 15 4
17 17 16 165
17 17 17 99
17 18 16 36
17 18 17 394
17 18 18 6
17 19 17 10
18 18 17 154
18 18 18 43
18 19 17 44
18 19 18 339
18 19 19 4
18 20 18 6
19 10 5 1
19 12 9 1
19 18 16 1
19 18 17 2
19 19 11 1
19 19 18 89
19 19 19 21
19 20 18 25
19 20 19 253
19 21 19 1
20 13 6 1
20 19 17 1
20 20 19 37
20 20 20 13
20 21 19 20
20 21 20 185
20 21 21 4
20 22 20 1
21 16 10 1
21 17 13 1
21 17 15 1
21 19 10 1
21 20 18 1
21 21 20 30
21 21 21 17
21 22 13 1
21 22 20 16
21 22 21 181
21 22 22 6
22 14 7 1
22 20 18 1
22 21 20 2
22 22 21 23
22 22 22 59
22 23 22 122
22 23 23 16
22 24 22 1
23 14 8 1
23 17 12 1
23 19 16 1
23 22 22 1
23 23 22 6
23 23 23 38
23 24 23 112
23 24 24 17
23 25 23 1
24 17 9 1
24 18 11 1
24 24 23 8
24 24 24 40
24 25 24 98
24 25 25 14
25 18 12 1
25 25 24 3
25 25 25 30
25 25 26 3
25 26 25 72
25 26 26 19
26 26 25 9
26 26 26 79
26 27 26 162
26 27 27 42
27 27 26 14
27 27 27 110
27 28 27 152
27 28 28 50
28 28 27 5
28 28 28 82
28 29 28 76
28 29 29 62
29 29 29 46
29 30 29 23
29 30 30 48
30 30 30 205
30 30 31 3
30 31 30 71
30 31 31 1
