32
0 1 0 2
1 1 0 11
1 1 1 3
1 2 1 14
2 2 1 9
2 2 2 6
2 3 2 12
2 3 3 3
2 10 14 1
2 10 15 1
2 11 15 1
2 11 16 1
2 12 17 1
3 3 2 8
3 3 3 14
3 4 3 17
3 5 9 1
3 6 11 1
3 7 4 2
3 7 11 1
3 8 4 4
3 10 14 3
3 10 15 1
3 11 14 1
3 11 15 1
3 11 16 1
3 12 17 2
4 4 3 20
4 4 4 11
4 5 3 3
4 5 4 9
4 5 5 1
4 8 4 3
4 8 5 5
4 9 9 1
4 9 13 1
4 10 7 1
4 10 11 1
4 10 18 1
4 11 8 1
4 11 9 1
4 11 15 1
4 11 16 2
5 5 4 8
5 5 5 14
5 6 4 2
5 6 5 11
5 6 6 1
5 6 8 1
5 9 5 2
5 11 10 1
5 11 15 1
5 11 16 1
5 11 18 1
5 12 21 1
6 5 4 2
6 6 5 9
6 6 6 3
6 7 6 8
6 8 6 1
6 10 7 2
6 11 9 1
6 11 12 1
6 12 16 1
7 5 4 1
7 6 4 3
7 7 5 2
7 7 6 7
7 8 6 4
7 8 7 7
7 9 8 1
7 10 14 1
7 11 8 1
8 6 3 7
8 6 4 48
8 7 4 1
8 7 5 4
8 8 6 1
8 8 7 14
8 8 8 4
8 8 9 1
8 9 7 2
8 9 8 5
8 9 9 1
8 9 12 1
8 11 12 1
8 11 14 1
9 6 4 13
9 7 4 1
9 7 5 4
9 7 6 1
9 8 7 2
9 9 7 1
9 9 8 34
9 9 9 2
9 10 8 9
9 10 9 7
9 10 11 2
9 11 9 1
9 11 10 1
9 11 11 1
9 13 16 1
9 14 17 1
10 8 6 1
10 8 7 1
10 9 7 3
10 10 8 4
10 10 9 24
10 10 10 5
10 11 9 10
10 11 10 14
10 11 11 1
10 11 14 1
10 13 16 1
11 9 8 1
11 10 9 2
11 10 13 1
11 11 9 7
11 11 10 46
11 11 11 2
11 12 10 5
11 12 11 11
11 12 12 1
11 13 15 1
12 12 10 4
12 12 11 77
12 12 12 5
12 13 11 3
12 13 12 20
12 13 14 1
12 15 17 1
13 12 10 1
13 12 11 60
13 12 12 13
13 13 10 1
13 13 11 4
13 13 12 185
13 13 13 28
13 14 12 5
13 14 13 26
13 14 16 1
14 13 10 1
14 13 11 2
14 13 12 5
14 13 13 29
14 14 12 3
14 14 13 147
14 14 14 20
14 15 13 37
14 15 14 130
14 15 15 1
14 16 15 1
15 13 12 1
15 14 12 1
15 14 13 2
15 14 14 15
15 15 13 41
15 15 14 255
15 15 15 46
15 15 16 1
15 16 14 92
15 16 15 203
15 16 17 2
15 17 15 6
15 17 16 1
15 17 18 1
16 14 13 1
16 15 13 4
16 15 14 3
16 15 15 7
16 15 16 1
16 16 13 2
16 16 14 91
16 16 15 121
16 16 16 36
16 16 17 1
16 17 15 46
16 17 16 245
16 17 17 1
16 18 16 6
16 19 17 2
17 16 15 3
17 16 16 4
17 17 15 4
17 17 16 164
17 17 17 106
17 18 16 37
17 18 17 404
17 18 18 11
17 19 17 12
17 19 18 3
18 11 7 1
18 14 13 1
18 17 17 3
18 18 16 1
18 18 17 149
18 18 18 51
18 18 19 1
18 19 17 47
18 19 18 357
18 19 19 1
18 20 18 2
19 12 8 1
19 13 9 1
19 18 16 1
19 18 17 3
19 18 18 2
19 19 18 101
19 19 19 33
19 19 20 1
19 20 18 31
19 20 19 249
19 20 20 2
19 21 19 6
20 12 5 1
20 17 14 1
20 18 17 1
20 19 18 1
20 20 19 47
20 20 20 25
20 21 19 17
20 21 20 184
20 21 21 1
20 22 20 4
21 13 7 1
21 16 11 1
21 19 18 1
21 20 19 1
21 21 20 26
21 21 21 27
21 22 20 14
21 22 21 198
21 22 22 11
21 23 21 1
22 21 20 1
22 21 21 1
22 22 21 14
22 22 22 79
22 22 23 1
22 23 21 1
22 23 22 149
22 23 23 27
23 15 8 1
23 18 14 1
23 19 15 1
23 22 21 1
23 22 22 2
23 23 22 11
23 23 23 77
23 24 23 113
23 24 24 60
23 25 24 1
24 17 9 1
24 18 10 1
24 24 23 5
24 24 24 54
24 24 26 1
24 25 24 74
24 25 25 24
25 19 13 1
25 24 24 1
25 25 24 3
25 25 25 23
25 26 25 68
25 26 26 29
25 27 26 1
26 26 25 8
26 26 26 66
26 27 26 135
26 27 27 40
27 27 26 15
27 27 27 115
27 28 27 166
27 28 28 80
28 28 27 1
28 28 28 85
28 28 29 2
28 29 28 79
28 29 29 67
29 29 28 2
29 29 29 38
29 29 30 1
29 30 29 23
29 30 30 49
30 30 30 216
30 30 31 3
30 31 30 72
30 31 31 1
