32
0 1 0 2
1 1 0 6
1 1 1 5
1 2 1 13
2 2 1 7
2 2 2 4
2 3 1 1
2 3 2 15
2 6 12 1
2 8 12 1
2 9 13 1
2 9 14 3
2 10 15 1
2 10 16 1
2 11 16 2
2 12 17 1
3 3 2 11
3 3 3 8
3 4 2 1
3 4 3 9
3 5 8 2
3 6 10 1
3 6 11 2
3 7 3 1
3 7 12 1
3 8 4 3
3 9 14 1
3 10 13 2
3 10 14 3
3 10 15 2
3 10 16 1
3 11 16 4
3 12 17 3
4 4 2 1
4 4 3 23
4 4 4 10
4 5 4 13
4 5 6 1
4 5 7 1
4 6 10 1
4 7 11 1
4 8 4 4
4 8 5 3
4 9 4 1
4 9 5 3
4 9 8 1
4 9 11 1
4 10 9 1
4 10 17 2
4 11 7 1
4 11 10 1
4 11 16 1
4 12 16 1
5 4 2 1
5 4 3 1
5 5 4 8
5 5 5 14
5 5 6 1
5 6 4 2
5 6 5 5
5 9 13 1
5 10 7 1
5 10 10 1
5 10 13 1
5 11 12 1
5 11 14 1
5 11 15 1
5 12 20 2
5 13 21 1
6 5 3 1
6 5 4 1
6 6 4 2
6 6 5 4
6 6 6 1
6 7 5 1
6 7 6 5
6 7 8 1
6 9 7 1
6 10 6 1
6 10 7 1
6 11 9 1
6 13 16 1
6 13 20 1
7 5 3 1
7 6 4 4
7 6 5 1
7 7 5 1
7 7 6 12
7 7 7 2
7 8 6 1
7 8 7 3
7 8 9 1
7 10 14 1
7 11 7 1
7 11 14 1
7 13 19 1
8 6 3 10
8 6 4 34
8 7 4 1
8 7 5 2
8 8 6 1
8 8 7 11
8 8 8 2
8 9 7 1
8 9 8 5
8 10 14 1
8 11 14 1
8 12 15 2
8 13 16 1
8 14 17 1
9 6 3 2
9 6 4 16
9 7 4 3
9 7 5 6
9 8 5 1
9 8 6 3
9 9 8 9
9 9 9 3
9 10 9 6
9 10 10 1
9 12 15 2
9 13 10 1
10 8 6 1
10 8 7 3
10 9 7 1
10 10 8 6
10 10 9 11
10 10 10 6
10 11 9 1
10 11 10 5
10 13 11 1
10 14 16 1
11 9 8 1
11 9 12 1
11 10 8 1
11 10 9 1
11 11 8 1
11 11 9 6
11 11 10 12
11 11 11 5
11 12 10 3
11 12 11 8
11 14 15 1
11 14 16 1
12 10 9 2
12 11 10 2
12 12 9 1
12 12 10 5
12 12 11 49
12 12 12 5
12 13 12 8
12 13 13 1
12 16 18 1
13 12 9 1
13 12 11 81
13 12 12 11
13 13 10 2
13 13 11 14
13 13 12 169
13 13 13 18
13 14 12 5
13 14 13 13
13 15 13 2
13 15 14 1
13 15 17 1
13 16 18 1
14 12 11 1
14 13 11 2
14 13 12 19
14 13 13 28
14 14 12 4
14 14 13 146
14 14 14 15
14 15 13 29
14 15 14 119
14 15 15 1
14 15 16 2
14 16 14 4
14 16 16 2
15 13 10 1
15 13 12 1
15 14 12 1
15 14 13 11
15 14 14 10
15 15 13 44
15 15 14 258
15 15 15 39
15 16 13 5
15 16 14 109
15 16 15 148
15 16 17 1
15 17 15 6
16 13 13 1
16 15 13 1
16 15 14 8
16 15 15 8
16 16 13 1
16 16 14 83
16 16 15 145
16 16 16 27
16 17 15 41
16 17 16 247
16 17 17 4
16 18 17 1
16 18 18 1
16 18 19 1
17 16 14 2
17 16 15 3
17 16 16 2
17 17 15 4
17 17 16 182
17 17 17 103
17 18 16 31
17 18 17 371
17 18 18 4
17 19 17 10
17 19 18 2
18 17 16 2
18 17 17 2
18 18 15 1
18 18 16 1
18 18 17 150
18 18 18 38
18 18 19 1
18 19 17 41
18 19 18 274
18 19 19 3
18 20 18 7
19 10 5 1
19 17 10 1
19 18 17 3
19 19 17 1
19 19 18 86
19 19 19 26
19 20 18 27
19 20 19 219
19 20 20 3
19 21 19 5
20 12 5 1
20 13 6 1
20 15 10 1
20 15 12 1
20 18 17 1
20 20 19 43
20 20 20 12
20 21 19 21
20 21 20 154
20 21 21 1
20 22 20 6
21 18 9 1
21 19 17 1
21 21 20 35
21 21 21 22
21 22 12 1
21 22 20 11
21 22 21 176
21 22 22 5
22 14 7 1
22 17 13 1
22 19 16 1
22 21 20 1
22 21 21 1
22 22 21 19
22 22 22 63
22 23 22 134
22 23 23 9
22 24 23 3
23 15 8 1
23 18 14 1
23 19 11 1
23 22 22 4
23 23 22 6
23 23 23 42
23 24 23 110
23 24 24 24
24 16 9 1
24 23 22 1
24 24 22 1
24 24 23 7
24 24 24 74
24 25 24 98
24 25 25 20
25 18 12 1
25 24 24 1
25 25 24 2
25 25 25 32
25 25 26 2
25 26 25 93
25 26 26 23
25 27 26 1
26 25 25 1
26 26 25 7
26 26 26 109
26 27 26 182
26 27 27 32
27 27 26 14
27 27 27 94
27 28 27 128
27 28 28 47
28 28 27 3
28 28 28 87
28 28 29 1
28 29 28 74
28 29 29 60
29 29 29 42
29 30 29 19
29 30 30 43
30 30 30 120
30 30 31 1
30 31 30 45
30 31 31 1
