32
0 1 0 6
1 1 0 4
1 1 1 9
1 2 0 1
1 2 1 11
2 2 1 8
2 2 2 1
2 3 2 18
2 8 12 1
2 8 13 2
2 9 13 1
2 9 14 1
2 10 15 4
2 11 16 2
2 11 17 2
3 3 2 9
3 3 3 8
3 4 2 4
3 4 3 12
3 4 4 1
3 5 8 1
3 6 11 2
3 7 4 1
3 8 4 4
3 10 12 1
3 10 14 3
3 11 15 1
3 11 16 2
3 12 17 1
4 4 2 1
4 4 3 13
4 4 4 17
4 5 3 1
4 5 4 9
4 7 12 1
4 8 4 4
4 8 5 3
4 9 5 3
4 9 7 2
4 9 9 1
4 9 17 1
4 10 7 1
4 10 8 1
4 10 13 1
4 10 14 3
4 11 8 1
4 11 16 1
4 11 18 1
4 12 16 2
5 4 3 3
5 5 4 10
5 5 5 14
5 6 4 1
5 6 5 10
5 6 6 1
5 8 5 1
5 9 5 1
5 10 6 1
5 10 13 1
5 11 12 1
5 12 20 1
5 13 21 1
6 5 3 3
6 5 4 2
6 6 5 10
6 6 6 2
6 7 5 1
6 7 6 3
6 9 7 1
6 10 14 1
7 6 4 5
7 7 6 7
7 7 7 1
7 8 7 1
7 10 7 1
7 11 10 1
7 11 14 1
7 11 15 1
7 12 14 1
8 6 3 6
8 6 4 45
8 6 5 1
8 7 4 4
8 7 5 6
8 8 6 2
8 8 7 6
8 8 8 3
8 8 9 1
8 9 7 1
8 9 8 7
8 9 9 1
8 10 13 1
8 11 11 1
8 13 16 1
9 6 3 1
9 6 4 7
9 7 4 6
9 7 5 3
9 7 6 2
9 8 5 1
9 8 6 2
9 8 7 1
9 9 7 1
9 9 8 13
9 9 9 4
9 10 9 6
9 12 14 1
9 13 15 1
9 13 16 1
10 9 7 3
10 9 8 1
10 10 8 3
10 10 9 5
10 10 10 5
10 10 12 1
10 11 9 1
10 11 10 5
10 11 12 1
10 11 14 1
10 15 17 1
11 9 7 1
11 10 9 1
11 11 8 1
11 11 9 4
11 11 10 15
11 11 11 5
11 12 10 2
11 12 11 5
11 12 12 1
11 13 12 1
11 13 15 1
12 11 9 1
12 11 10 2
12 12 10 4
12 12 11 53
12 12 12 7
12 13 12 11
12 13 15 1
12 14 16 1
12 16 18 1
13 12 11 67
13 12 12 16
13 13 10 1
13 13 11 7
13 13 12 170
13 13 13 23
13 14 12 6
13 14 13 18
13 15 14 1
13 15 17 1
14 13 11 1
14 13 12 17
14 13 13 26
14 14 12 7
14 14 13 149
14 14 14 20
14 14 15 1
14 15 13 33
14 15 14 106
14 15 15 1
14 16 14 1
14 16 18 1
15 14 12 1
15 14 13 7
15 14 14 16
15 15 13 38
15 15 14 244
15 15 15 46
15 15 16 1
15 16 13 2
15 16 14 71
15 16 15 166
15 16 16 1
15 16 17 1
15 17 15 1
15 17 16 1
16 14 14 1
16 15 13 3
16 15 14 4
16 15 15 14
16 16 13 2
16 16 14 74
16 16 15 130
16 16 16 23
16 17 15 37
16 17 16 261
16 17 17 4
16 18 16 1
16 18 17 1
16 18 19 1
17 16 15 5
17 16 16 4
17 17 15 10
17 17 16 170
17 17 17 92
17 18 16 38
17 18 17 366
17 18 18 3
17 19 17 14
17 19 18 3
18 10 5 1
18 16 16 1
18 17 16 2
18 17 17 4
18 18 17 123
18 18 18 52
18 18 19 1
18 19 17 40
18 19 18 241
18 19 19 1
18 20 18 12
19 18 17 2
19 19 18 64
19 19 19 20
19 20 18 30
19 20 19 194
19 20 20 2
19 21 19 1
20 14 11 1
20 17 14 1
20 19 18 2
20 20 18 1
20 20 19 37
20 20 20 22
20 21 19 19
20 21 20 174
20 21 21 3
20 22 20 11
21 20 18 1
21 20 19 2
21 20 20 1
21 21 20 34
21 21 21 19
21 22 20 14
21 22 21 155
21 22 22 5
22 16 11 1
22 19 18 1
22 22 21 22
22 22 22 79
22 23 22 146
22 23 23 27
23 15 8 1
23 19 15 1
23 22 22 3
23 23 22 8
23 23 23 73
23 24 22 1
23 24 23 145
23 24 24 47
23 25 24 1
24 16 8 1
24 24 23 4
24 24 24 72
24 25 24 98
24 25 25 24
25 18 11 1
25 19 13 1
25 25 24 5
25 25 25 43
25 25 26 1
25 26 25 73
25 26 26 45
26 26 25 4
26 26 26 115
26 26 27 1
26 27 26 145
26 27 27 36
27 27 26 11
27 27 27 96
27 28 27 116
27 28 28 70
28 27 28 1
28 28 27 1
28 28 28 96
28 29 28 76
28 29 29 61
29 29 29 35
29 30 29 20
29 30 30 29
30 30 30 109
30 30 31 1
30 31 30 32
30 31 31 3
