32
0 1 0 1
1 1 0 9
1 1 1 4
1 2 1 12
2 2 1 12
2 2 2 3
2 3 2 12
2 3 3 1
2 8 12 3
2 8 13 1
2 9 14 2
2 10 14 1
2 10 15 2
2 11 16 2
3 3 2 11
3 3 3 9
3 4 2 2
3 4 3 7
3 7 3 1
3 7 12 1
3 8 4 6
3 9 7 1
3 9 13 2
3 10 13 2
3 10 14 2
3 10 15 3
3 10 17 1
3 11 15 1
3 11 16 1
3 12 16 3
4 4 3 14
4 4 4 22
4 5 4 10
4 5 5 1
4 7 4 1
4 8 4 1
4 8 5 1
4 9 5 2
4 9 8 1
4 9 11 1
4 10 6 1
4 10 7 1
4 10 9 1
4 10 13 1
4 10 14 1
4 11 15 2
5 4 2 1
5 4 3 1
5 5 4 11
5 5 5 15
5 5 6 1
5 6 5 4
5 6 6 3
5 7 5 1
5 8 5 2
5 9 6 1
5 10 9 1
5 11 11 1
6 5 3 1
6 5 4 3
6 6 4 1
6 6 5 8
6 6 6 3
6 7 5 2
6 7 6 7
6 7 8 1
6 10 6 1
6 10 9 1
6 10 14 2
6 11 9 1
6 11 11 1
7 5 3 1
7 6 3 1
7 6 4 1
7 7 6 4
7 7 7 2
7 8 6 1
7 8 7 3
7 12 15 1
7 13 16 1
8 6 3 12
8 6 4 56
8 6 5 1
8 7 4 1
8 7 5 5
8 8 6 1
8 8 7 9
8 8 8 3
8 9 8 4
8 10 9 2
8 10 13 1
8 12 8 1
8 12 15 2
8 13 16 1
9 6 4 5
9 7 4 4
9 7 5 5
9 8 6 4
9 9 7 1
9 9 8 9
9 9 9 3
9 10 8 1
9 10 9 1
10 8 6 2
10 8 7 1
10 9 7 2
10 9 8 1
10 10 7 1
10 10 8 1
10 10 9 11
10 10 10 6
10 11 9 3
10 11 10 2
10 11 11 1
10 13 15 1
10 13 16 1
10 14 17 1
10 15 17 1
11 10 10 1
11 11 9 3
11 11 10 24
11 11 11 8
11 11 12 1
11 12 10 4
11 12 11 16
11 12 14 1
12 11 9 2
12 11 11 1
12 12 10 3
12 12 11 74
12 12 12 2
12 13 11 6
12 13 12 16
12 14 16 1
12 15 17 1
13 12 11 61
13 12 12 13
13 13 11 9
13 13 12 188
13 13 13 38
13 14 12 6
13 14 13 24
13 14 16 1
13 15 15 1
13 16 13 1
13 17 18 1
14 13 11 3
14 13 12 12
14 13 13 24
14 14 12 2
14 14 13 140
14 14 14 19
14 15 13 38
14 15 14 113
14 16 14 1
14 16 15 1
14 16 18 1
15 14 12 1
15 14 13 4
15 14 14 7
15 15 13 39
15 15 14 256
15 15 15 46
15 16 13 1
15 16 14 109
15 16 15 189
15 16 16 3
16 14 13 2
16 15 13 2
16 15 14 3
16 15 15 16
16 16 13 2
16 16 14 57
16 16 15 147
16 16 16 34
16 16 17 2
16 17 15 42
16 17 16 252
16 17 17 3
16 18 16 3
17 16 14 2
17 16 15 2
17 16 16 5
17 17 15 4
17 17 16 154
17 17 17 88
17 18 16 32
17 18 17 399
17 18 18 9
17 19 17 5
17 19 18 4
18 12 9 1
18 17 15 1
18 17 16 2
18 18 16 2
18 18 17 144
18 18 18 43
18 19 17 42
18 19 18 321
18 19 19 5
18 20 18 5
18 20 19 1
19 11 5 2
19 17 16 1
19 18 17 4
19 19 18 91
19 19 19 22
19 20 18 30
19 20 19 235
19 20 20 2
19 21 19 6
20 19 18 2
20 19 19 1
20 20 19 51
20 20 20 11
20 21 19 22
20 21 20 178
20 21 21 2
20 22 20 2
20 22 21 1
21 17 13 1
21 20 19 1
21 20 20 2
21 21 20 36
21 21 21 20
21 22 20 15
21 22 21 168
21 22 22 6
21 23 22 1
22 18 17 1
22 19 17 1
22 21 20 1
22 22 21 21
22 22 22 62
22 23 22 138
22 23 23 25
23 15 8 1
23 18 13 1
23 22 22 2
23 23 22 8
23 23 23 57
23 24 23 111
23 24 24 43
24 18 12 1
24 23 24 1
24 24 23 7
24 24 24 45
24 24 25 1
24 24 26 1
24 25 24 109
24 25 25 15
24 26 25 1
25 24 24 1
25 25 24 2
25 25 25 40
25 26 25 81
25 26 26 23
25 27 26 1
26 26 25 3
26 26 26 83
26 26 27 1
26 27 26 180
26 27 27 35
26 28 26 1
27 27 26 14
27 27 27 100
27 28 27 146
27 28 28 63
28 28 27 3
28 28 28 67
28 29 28 72
28 29 29 64
29 29 29 38
29 30 29 29
29 30 30 49
30 30 30 172
30 31 30 52
30 31 31 4
