32
0 0 0 1
0 1 0 4
1 1 0 5
1 1 1 8
1 2 1 10
2 2 1 7
2 2 2 3
2 3 2 4
2 8 13 1
2 9 14 3
2 10 15 1
2 11 16 2
3 3 2 11
3 3 3 9
3 4 3 15
3 7 3 1
3 8 4 3
3 10 14 2
3 10 15 1
3 11 14 2
3 11 15 1
3 11 16 2
3 12 17 5
4 4 3 10
4 4 4 12
4 5 3 1
4 5 4 8
4 8 4 5
4 8 5 6
4 9 5 1
4 9 9 1
4 10 6 1
4 10 8 1
4 10 12 1
4 10 13 1
4 10 14 1
4 10 15 1
4 11 9 1
4 11 15 1
4 11 16 1
4 12 16 1
5 4 3 1
5 5 3 2
5 5 4 10
5 5 5 11
5 5 6 1
5 6 4 1
5 6 5 10
5 6 6 4
5 11 11 2
5 11 12 1
5 11 16 1
5 12 16 1
6 5 3 1
6 5 4 4
6 6 5 11
6 6 6 5
6 7 5 1
6 7 6 4
6 8 9 1
6 9 7 1
6 10 6 1
6 10 7 1
6 10 14 1
6 13 17 1
7 5 3 2
7 6 4 2
7 7 6 6
7 7 7 2
7 8 7 3
7 10 8 1
7 11 14 1
8 6 3 3
8 6 4 54
8 6 5 1
8 7 4 3
8 7 5 6
8 7 6 1
8 8 7 6
8 8 8 3
8 8 9 1
8 9 7 1
8 9 8 7
8 10 13 1
8 11 8 1
8 11 13 1
9 6 4 14
9 7 4 4
9 7 5 6
9 8 5 2
9 8 6 5
9 8 7 1
9 9 7 1
9 9 8 11
9 9 9 3
9 9 10 1
9 10 9 4
9 10 10 1
9 14 17 1
10 8 7 1
10 9 7 2
10 10 8 2
10 10 9 3
10 10 10 2
10 11 9 1
10 11 10 7
10 13 15 2
10 13 16 1
10 15 17 1
11 9 8 2
11 10 9 1
11 11 9 5
11 11 10 21
11 11 11 5
11 12 10 1
11 12 11 5
11 13 15 1
11 14 15 1
12 10 13 1
12 11 9 1
12 11 11 2
12 12 10 1
12 12 11 73
12 12 12 6
12 13 11 1
12 13 12 13
12 13 13 1
12 15 13 1
12 15 17 1
13 12 10 1
13 12 11 65
13 12 12 15
13 13 11 9
13 13 12 162
13 13 13 26
13 14 12 1
13 14 13 16
13 15 13 1
13 15 16 1
13 15 17 1
13 17 19 1
14 13 12 7
14 13 13 30
14 14 12 1
14 14 13 142
14 14 14 21
14 15 13 24
14 15 14 85
14 15 16 1
14 16 14 1
14 16 15 1
14 16 16 1
14 16 17 1
15 14 13 8
15 14 14 16
15 15 13 18
15 15 14 263
15 15 15 54
15 16 14 49
15 16 15 185
15 16 16 1
15 17 15 2
15 18 16 1
16 15 14 1
16 15 15 11
16 16 13 1
16 16 14 39
16 16 15 145
16 16 16 36
16 17 14 1
16 17 15 24
16 17 16 205
16 17 17 1
16 17 19 1
16 18 16 6
17 16 13 1
17 16 14 1
17 16 15 1
17 16 16 1
17 17 15 11
17 17 16 146
17 17 17 86
17 18 16 31
17 18 17 374
17 18 18 11
17 19 17 10
17 19 18 5
17 20 18 1
18 17 17 3
18 18 16 2
18 18 17 146
18 18 18 54
18 19 17 54
18 19 18 344
18 19 19 2
18 20 18 7
18 20 19 1
19 18 17 3
19 18 18 1
19 19 17 1
19 19 18 74
19 19 19 37
19 20 18 33
19 20 19 245
19 20 20 4
19 21 19 7
20 14 10 1
20 17 14 1
20 18 17 1
20 20 19 39
20 20 20 19
20 21 19 24
20 21 20 183
20 21 21 2
21 19 18 1
21 20 18 1
21 20 19 1
21 21 20 35
21 21 21 21
21 22 20 20
21 22 21 184
21 22 22 5
22 20 18 1
22 21 20 1
22 21 21 1
22 22 21 26
22 22 22 61
22 23 22 132
22 23 23 26
23 15 9 1
23 19 15 1
23 22 22 2
23 23 22 12
23 23 23 60
23 23 24 1
23 24 23 122
23 24 24 41
23 25 24 1
24 23 22 1
24 24 23 3
24 24 24 47
24 25 24 116
24 25 25 15
25 20 16 1
25 24 24 1
25 25 24 5
25 25 25 40
25 25 26 2
25 26 25 71
25 26 26 33
25 27 25 1
26 26 25 8
26 26 26 88
26 27 26 180
26 27 27 38
26 28 26 1
26 28 27 1
27 27 26 12
27 27 27 99
27 28 27 129
27 28 28 71
27 29 28 1
28 28 27 4
28 28 28 66
28 29 28 64
28 29 29 65
29 29 28 1
29 29 29 34
29 29 30 2
29 30 29 20
29 30 30 49
30 30 30 202
30 30 31 2
30 31 30 55
30 31 31 3
