32
1 1 0 5
1 1 1 9
1 2 1 15
2 2 1 6
2 2 2 4
2 3 1 1
2 3 2 12
2 3 3 1
2 5 10 1
2 6 12 1
2 8 12 1
2 8 13 1
2 9 14 1
2 9 15 1
2 10 15 3
2 10 16 1
2 11 16 2
2 12 17 2
3 3 2 12
3 3 3 10
3 4 2 1
3 4 3 12
3 5 8 1
3 6 11 1
3 6 12 1
3 7 4 2
3 7 13 1
3 8 4 2
3 8 5 2
3 10 14 3
3 10 15 1
3 11 15 1
3 11 16 2
3 12 17 2
4 4 2 1
4 4 3 12
4 4 4 19
4 5 3 1
4 5 4 12
4 5 5 1
4 5 6 1
4 8 4 2
4 8 5 3
4 9 5 2
4 9 9 2
4 9 15 1
4 10 6 1
4 10 8 2
4 10 10 1
4 10 13 1
4 10 14 1
4 10 17 1
4 10 18 1
4 11 9 1
4 12 16 2
5 4 3 1
5 5 3 1
5 5 4 15
5 5 5 8
5 5 6 2
5 6 5 5
5 8 5 1
5 11 11 1
5 11 12 1
5 11 15 1
5 12 16 1
5 13 21 1
6 5 3 1
6 5 4 1
6 5 5 1
6 6 4 1
6 6 5 4
6 6 6 3
6 7 5 1
6 7 6 2
6 10 6 1
6 10 7 2
6 11 10 1
6 13 21 1
7 6 4 4
7 7 5 1
7 7 6 6
7 8 6 2
7 8 7 6
7 8 8 1
7 9 8 1
7 10 11 1
7 10 14 1
7 11 14 1
7 12 16 1
8 6 3 4
8 6 4 41
8 6 5 1
8 7 4 2
8 7 5 3
8 8 5 1
8 8 6 2
8 8 7 7
8 8 8 3
8 8 9 1
8 9 7 1
8 9 8 4
8 9 9 1
8 10 13 1
8 11 15 1
8 12 15 1
9 6 4 14
9 7 4 3
9 7 5 5
9 8 6 3
9 8 7 1
9 9 7 3
9 9 8 15
9 10 9 7
9 11 11 1
9 12 14 1
9 12 15 1
9 12 16 1
9 14 17 1
10 7 5 1
10 9 7 1
10 10 8 4
10 10 9 10
10 10 10 4
10 10 12 1
10 11 9 1
10 11 10 5
10 13 16 1
11 9 8 1
11 10 8 1
11 10 9 1
11 11 9 7
11 11 10 20
11 11 11 6
11 12 10 6
11 12 11 17
11 14 12 1
11 14 16 1
11 15 18 1
12 11 10 1
12 11 11 1
12 12 10 7
12 12 11 64
12 12 12 6
12 13 11 3
12 13 12 11
12 13 15 1
12 14 15 1
13 11 9 1
13 12 10 1
13 12 11 79
13 12 12 5
13 13 10 1
13 13 11 11
13 13 12 172
13 13 13 21
13 13 14 1
13 14 12 7
13 14 13 20
13 16 17 1
14 12 10 1
14 12 11 1
14 13 11 3
14 13 12 18
14 13 13 27
14 14 11 1
14 14 12 2
14 14 13 143
14 14 14 14
14 14 15 1
14 15 13 28
14 15 14 107
14 15 15 1
14 15 16 1
14 16 14 4
14 16 19 1
14 17 14 1
14 17 19 1
15 13 10 1
15 13 12 1
15 14 13 11
15 14 14 11
15 15 13 45
15 15 14 261
15 15 15 38
15 16 13 2
15 16 14 108
15 16 15 166
15 16 16 1
15 16 17 1
15 17 15 3
16 14 12 1
16 14 13 1
16 15 13 3
16 15 14 2
16 15 15 7
16 16 13 1
16 16 14 76
16 16 15 147
16 16 16 30
16 17 15 40
16 17 16 258
16 17 17 1
16 18 16 3
16 19 16 1
17 15 13 1
17 16 14 1
17 16 15 4
17 16 16 5
17 17 15 3
17 17 16 167
17 17 17 86
17 18 16 33
17 18 17 392
17 18 18 3
17 19 17 8
17 19 18 1
18 11 7 1
18 17 16 2
18 18 16 1
18 18 17 158
18 18 18 38
18 19 17 40
18 19 18 320
18 19 19 3
18 20 18 4
19 14 11 1
19 17 15 1
19 18 17 2
19 19 17 2
19 19 18 87
19 19 19 26
19 20 18 31
19 20 19 222
19 20 20 3
19 21 19 8
20 13 6 1
20 19 18 1
20 20 11 1
20 20 19 49
20 20 20 12
20 21 19 17
20 21 20 177
20 21 21 4
20 22 20 2
21 15 10 1
21 17 13 1
21 18 16 1
21 19 10 1
21 20 20 1
21 21 20 30
21 21 21 31
21 22 20 14
21 22 21 169
21 22 22 8
22 14 8 1
22 19 17 1
22 22 21 20
22 22 22 60
22 23 22 105
22 23 23 23
23 15 8 1
23 17 13 1
23 19 10 1
23 22 22 1
23 23 22 13
23 23 23 41
23 24 23 103
23 24 24 19
24 17 9 1
24 24 23 4
24 24 24 54
24 24 25 1
24 25 24 98
24 25 25 15
25 18 11 1
25 24 24 1
25 25 24 6
25 25 25 41
25 26 25 66
25 26 26 15
26 26 25 12
26 26 26 99
26 26 27 1
26 27 26 193
26 27 27 34
26 28 26 1
27 27 26 14
27 27 27 107
27 27 28 1
27 28 27 139
27 28 28 61
28 28 27 2
28 28 28 81
28 29 28 70
28 29 29 67
29 29 29 46
29 29 30 1
29 30 29 23
29 30 30 44
30 30 30 143
30 30 31 1
30 31 30 49
