32
0 1 0 1
0 2 0 1
1 1 0 5
1 1 1 3
1 2 1 12
2 2 1 6
2 2 2 6
2 3 1 1
2 3 2 15
2 3 3 1
2 8 12 1
2 8 13 2
2 9 14 2
2 10 14 1
2 10 15 4
2 11 16 3
3 3 1 1
3 3 2 9
3 3 3 9
3 4 3 5
3 4 4 1
3 7 3 1
3 7 4 2
3 8 4 3
3 9 14 1
3 10 13 1
3 10 14 2
3 10 15 2
3 11 15 3
3 11 16 1
3 12 16 2
4 4 3 15
4 4 4 17
4 5 4 5
4 5 5 1
4 6 11 1
4 8 4 3
4 8 5 2
4 9 5 3
4 9 8 1
4 9 9 1
4 10 7 1
4 10 8 1
4 10 9 1
4 10 14 1
4 10 15 1
4 10 17 1
4 11 9 2
4 11 15 1
4 12 16 1
5 4 3 1
5 4 4 1
5 5 4 11
5 5 5 16
5 6 4 1
5 6 5 8
5 6 6 6
5 8 5 1
5 9 6 1
5 10 11 1
5 10 13 1
5 11 14 1
5 12 16 1
6 5 3 2
6 6 4 1
6 6 5 11
6 6 6 2
6 7 5 2
6 7 6 4
6 11 9 1
7 5 3 2
7 6 3 1
7 6 4 3
7 7 6 8
7 7 7 3
7 8 6 2
7 8 7 2
7 9 7 1
7 9 8 1
7 10 7 1
7 11 8 1
7 11 14 2
7 12 16 1
8 6 3 6
8 6 4 39
8 7 4 4
8 7 5 3
8 8 6 1
8 8 7 9
8 8 8 2
8 9 8 2
8 10 13 1
8 10 14 1
8 12 14 2
8 13 16 1
9 6 3 1
9 6 4 11
9 7 4 5
9 7 5 6
9 8 5 1
9 8 6 1
9 8 7 1
9 9 8 11
9 9 9 1
9 10 8 1
9 10 9 4
9 11 14 1
9 12 15 1
10 8 6 1
10 8 7 1
10 9 7 1
10 10 8 1
10 10 9 14
10 10 10 5
10 11 9 1
10 11 10 3
10 12 11 1
10 13 15 1
11 10 8 2
11 10 9 2
11 10 10 1
11 11 9 5
11 11 10 19
11 11 11 3
11 12 10 3
11 12 11 6
11 12 12 1
11 13 14 1
11 15 17 1
12 10 9 1
12 11 11 1
12 12 10 3
12 12 11 62
12 12 12 4
12 13 11 5
12 13 12 6
12 14 12 1
13 11 10 1
13 12 11 84
13 12 12 5
13 13 11 12
13 13 12 195
13 13 13 15
13 14 12 7
13 14 13 10
13 14 14 2
13 14 18 1
13 15 14 1
13 15 17 1
13 16 18 1
14 12 10 1
14 13 11 1
14 13 12 18
14 13 13 28
14 14 12 2
14 14 13 160
14 14 14 16
14 15 13 39
14 15 14 115
14 15 15 2
14 16 14 1
14 16 16 1
14 17 14 1
15 13 12 1
15 14 12 1
15 14 13 7
15 14 14 14
15 15 13 38
15 15 14 285
15 15 15 35
15 16 13 1
15 16 14 106
15 16 15 157
15 17 15 2
16 14 13 1
16 15 13 3
16 15 14 3
16 15 15 6
16 16 13 2
16 16 14 74
16 16 15 155
16 16 16 24
16 17 15 35
16 17 16 243
16 17 17 4
16 18 16 2
16 18 17 1
17 15 14 1
17 15 15 1
17 16 15 5
17 17 15 4
17 17 16 182
17 17 17 84
17 18 16 29
17 18 17 363
17 18 18 2
17 19 17 17
17 19 18 3
18 17 16 1
18 17 17 1
18 18 16 2
18 18 17 149
18 18 18 24
18 19 17 43
18 19 18 324
18 19 19 5
18 20 18 5
19 13 9 1
19 18 17 2
19 19 17 1
19 19 18 81
19 19 19 20
19 20 18 27
19 20 19 225
19 20 20 7
19 21 19 2
20 19 18 1
20 19 19 2
20 20 19 42
20 20 20 13
20 21 19 17
20 21 20 180
20 21 21 5
20 22 20 9
20 22 21 2
21 17 13 1
21 18 16 1
21 20 19 1
21 21 20 28
21 21 21 22
21 22 20 9
21 22 21 175
21 22 22 7
22 19 16 1
22 21 20 1
22 22 21 22
22 22 22 48
22 23 22 124
22 23 23 16
23 15 8 1
23 17 12 1
23 23 22 5
23 23 23 35
23 24 23 102
23 24 24 37
24 23 22 1
24 24 23 6
24 24 24 67
24 25 24 98
24 25 25 18
25 18 11 1
25 24 24 1
25 25 24 5
25 25 25 44
25 25 26 1
25 26 25 88
25 26 26 20
26 26 25 7
26 26 26 106
26 27 26 195
26 27 27 39
27 27 26 17
27 27 27 96
27 28 27 144
27 28 28 42
28 28 27 3
28 28 28 79
28 29 28 76
28 29 29 65
29 29 29 36
29 30 29 26
29 30 30 40
30 30 30 118
30 31 30 39
