32
0 1 0 4
1 1 0 5
1 1 1 4
1 2 1 6
2 2 1 9
2 2 2 1
2 3 1 2
2 3 2 13
2 8 12 1
2 8 13 2
2 8 14 1
2 9 13 1
2 10 14 2
2 10 15 4
2 10 16 1
2 11 16 2
2 11 17 1
3 3 2 17
3 3 3 12
3 4 2 1
3 4 3 12
3 5 9 1
3 6 11 2
3 7 4 1
3 8 4 7
3 10 13 1
3 10 14 3
3 10 15 2
3 11 14 1
3 11 15 1
3 11 16 3
3 12 16 1
4 4 2 1
4 4 3 16
4 4 4 19
4 5 4 11
4 5 5 1
4 5 8 1
4 6 10 1
4 8 4 2
4 8 5 2
4 9 5 3
4 9 7 1
4 9 11 1
4 10 6 1
4 10 8 2
4 10 9 2
4 10 12 1
4 10 14 1
4 10 17 1
4 11 19 1
4 12 16 1
5 4 3 2
5 5 3 1
5 5 4 11
5 5 5 10
5 6 4 1
5 6 5 3
5 6 6 1
5 9 5 1
5 9 16 1
5 11 15 1
5 12 15 1
5 12 20 1
5 13 21 1
6 5 3 2
6 6 4 1
6 6 5 8
6 6 6 1
6 7 5 1
6 7 6 4
6 10 7 1
6 10 14 2
6 12 16 1
7 5 3 2
7 6 4 6
7 7 5 1
7 7 6 8
7 7 7 2
7 8 6 2
7 8 7 2
7 9 8 1
7 10 14 1
7 11 8 1
7 11 10 1
7 11 14 1
7 13 16 1
8 6 3 5
8 6 4 53
8 6 5 1
8 7 5 4
8 8 7 11
8 8 8 1
8 9 7 2
8 9 8 5
8 11 14 1
8 12 14 1
8 12 15 1
8 13 16 1
8 14 16 1
9 6 4 12
9 7 4 11
9 7 5 2
9 8 5 2
9 8 6 8
9 9 7 1
9 9 8 9
9 9 9 2
9 10 9 3
9 11 11 1
9 12 9 1
9 12 15 1
9 13 15 1
10 7 5 1
10 8 5 1
10 8 7 1
10 9 7 1
10 9 8 2
10 10 8 4
10 10 9 8
10 10 10 6
10 11 9 1
10 11 10 3
10 11 11 1
10 12 14 1
10 14 16 1
11 10 8 1
11 10 9 2
11 11 9 5
11 11 10 15
11 11 11 2
11 12 10 2
11 12 11 8
12 11 9 1
12 11 10 2
12 12 10 3
12 12 11 57
12 12 12 5
12 13 12 5
12 14 15 1
12 15 12 1
12 15 18 1
13 12 10 1
13 12 11 80
13 12 12 10
13 13 11 13
13 13 12 177
13 13 13 20
13 14 12 2
13 14 13 14
13 15 15 1
13 16 17 1
14 13 11 2
14 13 12 15
14 13 13 21
14 14 12 1
14 14 13 138
14 14 14 11
14 15 13 28
14 15 14 98
14 15 16 1
14 16 14 1
14 16 19 1
15 12 10 1
15 12 12 1
15 13 12 1
15 14 12 1
15 14 13 11
15 14 14 18
15 15 13 31
15 15 14 264
15 15 15 29
15 16 13 4
15 16 14 89
15 16 15 150
15 16 16 1
15 16 17 1
15 17 15 2
16 15 13 1
16 15 14 8
16 15 15 12
16 16 13 2
16 16 14 65
16 16 15 142
16 16 16 28
16 16 17 1
16 17 15 44
16 17 16 253
16 17 17 1
16 18 16 2
16 18 17 1
16 18 18 1
17 16 15 4
17 16 16 6
17 17 15 3
17 17 16 169
17 17 17 105
17 18 16 28
17 18 17 366
17 18 18 5
17 19 17 12
17 19 18 1
18 17 16 1
18 17 17 3
18 18 17 167
18 18 18 40
18 18 19 1
18 19 17 41
18 19 18 349
18 19 19 3
18 20 18 2
18 20 19 1
19 11 6 1
19 17 15 1
19 18 16 2
19 18 17 5
19 19 17 2
19 19 18 88
19 19 19 26
19 20 18 21
19 20 19 225
19 20 20 1
19 21 19 2
20 15 10 1
20 17 15 1
20 19 17 1
20 19 19 1
20 20 18 1
20 20 19 48
20 20 20 14
20 21 19 17
20 21 20 165
20 21 21 1
20 22 20 4
21 17 13 1
21 18 16 1
21 20 19 1
21 20 20 1
21 21 20 43
21 21 21 21
21 22 20 8
21 22 21 170
21 22 22 6
22 14 7 1
22 19 17 1
22 22 21 21
22 22 22 48
22 23 22 114
22 23 23 19
23 16 9 1
23 18 14 1
23 22 22 2
23 23 22 5
23 23 23 36
23 23 24 2
23 24 23 103
23 24 24 27
23 25 23 1
24 16 8 1
24 17 10 1
24 24 23 11
24 24 24 55
24 25 24 98
24 25 25 16
24 26 25 1
25 24 24 1
25 25 24 2
25 25 25 36
25 25 26 1
25 26 25 75
25 26 26 12
26 19 14 1
26 26 25 8
26 26 26 102
26 26 27 1
26 27 26 185
26 27 27 37
27 27 26 19
27 27 27 110
27 28 27 149
27 28 28 55
28 28 27 3
28 28 28 92
28 29 28 66
28 29 29 57
29 29 29 49
29 30 29 25
29 30 30 47
30 30 30 166
30 30 31 2
30 31 30 54
30 31 31 3
