32
0 0 0 1
0 1 0 1
1 1 0 6
1 1 1 2
1 2 1 13
2 2 1 4
2 2 2 6
2 3 1 2
2 3 2 12
2 4 9 1
2 8 12 2
2 9 13 3
2 10 15 3
2 10 16 1
2 11 15 1
2 11 16 3
2 12 17 1
3 3 2 7
3 3 3 18
3 4 2 2
3 4 3 9
3 6 10 1
3 6 11 1
3 7 3 1
3 7 4 1
3 7 13 1
3 8 4 5
3 9 16 1
3 10 13 2
3 10 14 2
3 10 15 2
3 12 16 2
3 12 17 2
4 4 3 16
4 4 4 12
4 5 4 9
4 5 5 1
4 5 8 1
4 8 4 3
4 8 5 3
4 9 7 2
4 9 10 1
4 10 8 1
4 10 9 1
4 10 11 1
4 10 13 1
4 10 14 2
4 10 18 1
4 11 10 1
4 12 16 1
4 12 17 1
4 12 21 1
5 4 3 2
5 5 4 12
5 5 5 12
5 6 5 2
5 6 6 1
5 8 5 1
5 9 5 1
5 9 6 1
5 10 14 1
5 11 15 1
5 12 16 1
6 5 3 1
6 5 4 2
6 6 4 2
6 6 5 3
6 6 6 4
6 7 5 2
6 7 6 6
6 7 8 1
6 9 6 1
6 10 7 1
6 11 9 1
6 11 14 3
7 5 3 1
7 6 4 3
7 7 6 9
7 7 7 3
7 8 6 1
7 8 7 1
7 8 8 1
7 9 7 1
7 10 8 1
7 11 8 1
7 11 14 2
7 12 15 1
8 6 3 7
8 6 4 58
8 7 5 3
8 8 7 8
8 8 8 3
8 8 9 1
8 9 7 1
8 9 8 2
8 13 16 2
9 6 3 1
9 6 4 7
9 7 4 6
9 7 5 4
9 8 5 2
9 8 6 7
9 8 7 1
9 8 8 1
9 9 8 9
9 9 9 5
9 10 8 1
9 10 9 3
9 10 11 1
9 11 12 1
9 12 16 1
9 14 17 1
10 8 7 2
10 9 8 1
10 10 8 4
10 10 9 8
10 10 10 5
10 11 8 1
10 11 9 1
10 11 10 8
10 12 11 1
10 13 15 1
10 15 18 1
11 10 8 1
11 10 9 1
11 10 12 1
11 11 8 2
11 11 9 1
11 11 10 16
11 11 11 6
11 12 10 1
11 12 11 2
11 13 16 1
12 11 10 4
12 12 10 2
12 12 11 54
12 12 12 9
12 13 11 1
12 13 12 7
12 13 15 1
12 14 16 2
13 11 9 1
13 12 11 64
13 12 12 22
13 13 10 1
13 13 11 6
13 13 12 153
13 13 13 32
13 14 12 2
13 14 13 14
13 14 15 1
14 13 10 1
14 13 11 3
14 13 12 12
14 13 13 32
14 14 12 1
14 14 13 135
14 14 14 24
14 14 16 1
14 15 13 12
14 15 14 111
14 15 15 1
14 16 16 1
14 16 18 1
15 13 11 1
15 14 13 6
15 14 14 10
15 15 12 1
15 15 13 20
15 15 14 234
15 15 15 60
15 16 13 2
15 16 14 41
15 16 15 169
15 16 16 2
15 17 15 2
16 14 12 1
16 14 14 1
16 15 13 3
16 15 14 2
16 15 15 10
16 16 13 2
16 16 14 80
16 16 15 132
16 16 16 32
16 17 15 33
16 17 16 232
16 17 17 5
16 18 16 2
16 18 17 1
17 15 14 1
17 16 15 3
17 16 16 3
17 17 15 8
17 17 16 170
17 17 17 87
17 18 16 34
17 18 17 398
17 18 18 4
17 19 17 8
17 19 18 3
17 20 17 1
18 17 16 1
18 17 17 1
18 18 17 150
18 18 18 41
18 19 17 48
18 19 18 342
18 19 19 1
18 20 17 1
18 20 18 2
18 20 19 1
19 11 5 1
19 13 10 1
19 18 17 1
19 18 18 1
19 19 18 92
19 19 19 41
19 20 18 32
19 20 19 225
19 20 20 4
19 21 19 2
20 14 7 1
20 17 14 1
20 19 18 1
20 20 10 1
20 20 19 43
20 20 20 21
20 21 19 21
20 21 20 187
20 21 21 2
20 22 20 2
20 22 21 1
21 20 19 2
21 20 20 1
21 21 20 28
21 21 21 27
21 22 20 15
21 22 21 171
21 22 22 5
22 14 7 1
22 16 11 1
22 19 16 1
22 19 18 1
22 21 20 2
22 22 21 19
22 22 22 59
22 23 22 129
22 23 23 11
23 15 8 1
23 18 10 1
23 19 15 1
23 22 22 3
23 23 22 7
23 23 23 41
23 24 23 121
23 24 24 13
23 25 23 1
24 16 9 1
24 24 23 4
24 24 24 57
24 25 24 112
24 25 25 19
25 18 12 1
25 25 24 3
25 25 25 31
25 25 26 1
25 26 25 54
25 26 26 23
25 27 26 1
26 26 25 3
26 26 26 90
26 26 27 2
26 27 26 164
26 27 27 47
26 28 27 1
27 26 26 1
27 27 26 6
27 27 27 111
27 28 27 124
27 28 28 75
27 29 28 1
28 28 27 4
28 28 28 91
28 28 29 1
28 29 28 74
28 29 29 73
29 29 29 35
29 29 30 2
29 30 29 19
29 30 30 57
30 30 30 217
30 30 31 2
30 31 30 61
30 31 31 3
31 31 31 1
