32
0 1 0 2
1 1 0 8
1 1 1 6
1 2 1 11
2 2 1 3
2 2 2 6
2 3 1 1
2 3 2 12
2 3 3 2
2 5 11 1
2 8 12 1
2 8 13 1
2 9 14 2
2 10 14 1
2 10 15 1
2 11 16 2
3 3 2 16
3 3 3 11
3 4 3 15
3 5 8 1
3 6 11 2
3 7 3 1
3 7 4 1
3 7 13 1
3 8 4 4
3 8 5 1
3 9 13 1
3 9 16 1
3 10 13 1
3 10 14 2
3 10 15 3
3 11 14 1
3 11 16 1
3 12 16 3
4 4 3 16
4 4 4 14
4 5 4 15
4 6 4 1
4 8 4 1
4 8 5 3
4 9 4 1
4 9 5 2
4 9 8 1
4 10 7 2
4 10 9 1
4 10 12 1
4 10 13 2
4 11 15 1
4 11 18 1
5 5 4 10
5 5 5 12
5 5 6 1
5 6 4 2
5 6 5 8
5 6 6 1
5 6 7 1
5 8 5 1
5 9 6 1
5 10 7 1
5 10 14 1
5 11 11 1
5 11 15 1
5 13 21 1
6 4 3 1
6 5 3 2
6 5 4 1
6 6 4 1
6 6 5 7
6 6 6 2
6 7 5 1
6 7 6 3
6 7 8 1
6 9 6 1
6 10 13 1
6 10 15 1
6 11 10 1
7 5 3 1
7 6 4 1
7 6 5 1
7 7 5 2
7 7 6 5
7 8 7 3
7 8 8 1
7 10 8 1
7 11 14 2
7 11 15 1
7 13 17 1
8 6 3 5
8 6 4 50
8 7 4 2
8 7 5 6
8 7 6 1
8 8 6 1
8 8 7 12
8 8 8 4
8 9 7 1
8 9 8 3
8 11 11 1
8 11 15 1
8 12 8 1
8 12 14 1
8 12 15 2
8 13 16 1
9 6 4 5
9 7 4 3
9 7 5 4
9 8 6 1
9 8 7 1
9 9 7 2
9 9 8 8
9 10 8 5
9 10 9 4
9 10 13 1
10 8 6 2
10 8 7 3
10 9 7 1
10 9 8 1
10 10 8 3
10 10 9 8
10 10 10 3
10 10 11 1
10 11 8 1
10 11 10 3
10 13 15 3
10 13 16 1
10 14 17 1
11 10 9 2
11 11 8 1
11 11 9 4
11 11 10 21
11 11 11 7
11 12 10 5
11 12 11 13
12 11 9 2
12 11 10 1
12 12 9 1
12 12 10 4
12 12 11 93
12 12 12 9
12 13 11 6
12 13 12 11
12 16 17 2
13 11 10 2
13 12 9 1
13 12 11 49
13 12 12 11
13 13 10 1
13 13 11 12
13 13 12 212
13 13 13 22
13 14 12 10
13 14 13 14
13 15 18 1
14 13 10 1
14 13 11 1
14 13 12 16
14 13 13 22
14 14 12 1
14 14 13 144
14 14 14 19
14 14 16 1
14 15 13 24
14 15 14 131
14 15 15 1
14 15 16 1
14 15 17 1
14 16 14 4
14 17 14 1
15 13 11 1
15 13 13 1
15 14 12 1
15 14 13 2
15 14 14 7
15 15 13 42
15 15 14 252
15 15 15 46
15 16 13 4
15 16 14 111
15 16 15 185
15 17 15 2
15 17 16 1
16 14 12 1
16 15 13 2
16 15 14 3
16 15 15 1
16 16 14 72
16 16 15 141
16 16 16 30
16 17 15 48
16 17 16 249
16 17 17 5
16 18 16 3
16 18 17 1
17 15 15 1
17 16 14 3
17 16 15 3
17 16 16 3
17 17 15 4
17 17 16 169
17 17 17 88
17 18 16 32
17 18 17 388
17 18 18 7
17 19 17 2
17 19 18 1
18 17 15 1
18 17 16 1
18 18 16 2
18 18 17 159
18 18 18 35
18 19 17 43
18 19 18 334
18 19 19 4
18 20 18 4
18 20 19 1
19 13 10 1
19 15 10 1
19 18 17 1
19 19 17 2
19 19 18 88
19 19 19 20
19 20 18 34
19 20 19 246
19 21 19 3
20 11 6 1
20 12 6 1
20 14 7 1
20 19 10 1
20 19 17 2
20 19 18 1
20 20 19 43
20 20 20 16
20 21 19 15
20 21 20 186
20 21 21 4
20 22 20 3
21 17 14 1
21 19 17 1
21 21 20 37
21 21 21 15
21 22 20 14
21 22 21 178
21 22 22 8
21 23 21 1
22 19 16 1
22 21 20 1
22 22 21 14
22 22 22 72
22 23 22 138
22 23 23 26
23 15 8 1
23 16 9 1
23 17 13 1
23 19 11 1
23 22 21 1
23 22 22 1
23 23 22 3
23 23 23 53
23 23 24 1
23 24 23 114
23 24 24 40
24 18 11 1
24 24 23 2
24 24 24 47
24 25 24 108
24 25 25 20
25 19 14 1
25 24 24 1
25 25 24 10
25 25 25 28
25 25 26 5
25 26 25 92
25 26 26 28
25 27 26 1
26 26 25 7
26 26 26 85
26 27 26 179
26 27 27 42
26 28 27 2
27 27 26 11
27 27 27 97
27 27 28 1
27 28 27 150
27 28 28 57
28 28 28 68
28 28 29 1
28 29 28 73
28 29 29 59
29 29 29 37
29 30 29 23
29 30 30 48
30 30 30 164
30 30 31 2
30 31 30 40
