32
0 1 0 1
1 1 0 4
1 1 1 6
1 2 1 14
2 2 1 8
2 2 2 5
2 3 1 1
2 3 2 11
2 3 3 1
2 4 3 1
2 8 13 2
2 9 14 2
2 10 15 2
2 10 16 2
2 11 16 2
2 11 17 1
2 12 17 1
3 3 2 17
3 3 3 10
3 4 2 3
3 4 3 14
3 5 8 1
3 6 11 1
3 7 3 1
3 7 12 1
3 8 4 4
3 9 9 1
3 10 13 2
3 10 14 2
3 10 15 1
3 11 15 2
3 11 16 1
3 12 16 1
3 12 17 1
4 4 3 11
4 4 4 17
4 5 4 9
4 8 4 3
4 8 5 4
4 9 5 3
4 9 7 1
4 9 8 1
4 10 7 1
4 10 8 2
4 10 13 1
4 10 14 1
4 10 17 1
4 11 14 1
4 11 15 1
4 11 18 1
4 12 16 1
5 4 3 1
5 5 4 8
5 5 5 13
5 5 6 3
5 6 4 2
5 6 5 6
5 6 6 2
5 6 8 1
5 9 5 1
5 11 7 1
5 11 12 1
5 11 14 2
5 12 20 1
5 13 21 1
6 5 3 3
6 5 4 1
6 6 5 6
6 6 6 1
6 7 6 10
6 10 7 2
6 10 14 1
6 11 10 1
6 11 15 1
6 12 16 1
7 5 3 1
7 6 4 4
7 7 5 1
7 7 6 5
7 7 7 1
7 8 6 1
7 8 7 2
7 9 8 1
7 11 11 1
8 6 3 8
8 6 4 45
8 7 4 1
8 7 5 2
8 7 7 1
8 8 6 1
8 8 7 11
8 8 8 2
8 9 8 3
8 11 11 1
8 11 13 1
8 11 14 1
8 12 14 2
8 13 16 2
9 6 3 2
9 6 4 12
9 7 4 5
9 7 5 9
9 8 6 4
9 8 7 1
9 9 6 1
9 9 8 9
9 9 9 2
9 10 8 1
9 10 9 5
9 12 14 1
9 12 15 1
9 12 16 1
10 9 7 2
10 9 8 2
10 10 8 2
10 10 9 8
10 10 10 6
10 10 13 1
10 11 9 4
10 11 10 3
10 11 11 1
10 12 14 1
11 10 8 1
11 10 9 2
11 11 8 2
11 11 9 1
11 11 10 20
11 11 11 4
11 12 10 2
11 12 11 6
12 10 9 1
12 11 9 2
12 11 10 2
12 12 10 3
12 12 11 55
12 12 12 2
12 13 11 1
12 13 12 6
12 13 15 1
12 14 17 1
13 12 10 1
13 12 11 74
13 12 12 9
13 13 10 1
13 13 11 10
13 13 12 180
13 13 13 23
13 14 12 4
13 14 13 15
13 14 14 1
13 16 18 1
14 12 10 1
14 13 11 1
14 13 12 13
14 13 13 32
14 14 12 2
14 14 13 144
14 14 14 22
14 15 13 41
14 15 14 108
14 15 15 1
14 16 16 1
14 16 18 1
14 16 19 1
14 17 15 1
15 13 11 1
15 13 13 1
15 14 13 8
15 14 14 12
15 15 13 38
15 15 14 261
15 15 15 38
15 16 13 3
15 16 14 87
15 16 15 168
15 17 15 3
15 18 19 1
16 15 12 1
16 15 13 2
16 15 14 4
16 15 15 21
16 16 13 1
16 16 14 72
16 16 15 146
16 16 16 28
16 16 17 1
16 17 15 53
16 17 16 245
16 17 17 4
16 18 16 3
16 18 17 1
17 15 14 1
17 16 15 2
17 16 16 1
17 17 15 3
17 17 16 175
17 17 17 88
17 18 16 37
17 18 17 354
17 18 18 5
17 19 17 5
17 19 18 1
18 10 5 1
18 17 16 1
18 17 17 3
18 18 17 155
18 18 18 37
18 19 17 43
18 19 18 298
18 19 19 2
18 20 18 4
18 20 19 2
19 15 10 1
19 18 16 1
19 18 17 3
19 19 17 2
19 19 18 91
19 19 19 27
19 20 18 22
19 20 19 217
19 20 20 2
19 21 19 1
20 12 6 1
20 12 7 1
20 18 16 1
20 19 18 1
20 19 19 1
20 20 19 54
20 20 20 9
20 21 19 17
20 21 20 174
20 21 21 3
20 22 20 1
21 17 13 1
21 17 14 1
21 20 19 1
21 20 20 1
21 21 20 33
21 21 21 27
21 22 20 14
21 22 21 168
21 22 22 6
22 14 7 1
22 19 16 1
22 21 20 1
22 22 21 25
22 22 22 57
22 23 22 113
22 23 23 17
23 15 8 1
23 18 15 1
23 22 22 1
23 23 21 1
23 23 22 11
23 23 23 46
23 24 23 119
23 24 24 29
23 25 23 1
24 17 9 1
24 18 11 1
24 24 23 3
24 24 24 65
24 24 25 3
24 25 24 114
24 25 25 24
25 18 12 1
25 25 24 7
25 25 25 37
25 25 26 1
25 26 25 86
25 26 26 15
26 26 25 10
26 26 26 121
26 26 27 1
26 27 26 170
26 27 27 25
27 27 26 15
27 27 27 86
27 27 28 2
27 28 27 137
27 28 28 54
28 28 27 5
28 28 28 85
28 29 28 80
28 29 29 60
29 29 29 55
29 30 29 12
29 30 30 40
30 30 29 1
30 30 30 122
30 30 31 1
30 31 30 38
30 31 31 1
