32
0 0 0 1
0 1 0 2
1 1 0 6
1 1 1 8
1 2 1 14
2 2 1 12
2 2 2 2
2 3 1 1
2 3 2 20
2 3 3 3
2 8 12 1
2 8 13 1
2 9 13 1
2 9 14 1
2 10 15 2
2 11 15 2
2 11 16 3
3 3 2 9
3 3 3 11
3 4 2 2
3 4 3 10
3 4 4 1
3 6 10 1
3 6 11 1
3 7 4 1
3 8 4 3
3 8 5 1
3 9 13 2
3 10 14 3
3 10 15 2
3 11 15 2
3 11 16 2
3 12 16 1
4 4 3 20
4 4 4 14
4 5 4 9
4 5 5 2
4 5 8 1
4 7 12 1
4 8 4 4
4 8 5 2
4 8 6 1
4 9 9 1
4 9 11 1
4 10 7 1
4 10 9 2
4 10 10 1
4 10 11 1
4 10 13 1
4 10 15 1
4 10 17 1
4 10 18 1
4 11 16 1
4 11 18 1
5 4 3 1
5 5 4 4
5 5 5 14
5 6 4 1
5 6 5 6
5 9 5 2
5 10 14 2
5 11 11 1
5 11 15 1
5 13 21 1
6 5 3 4
6 5 4 1
6 6 4 1
6 6 5 6
6 6 6 4
6 7 6 7
6 7 8 1
6 8 6 1
6 8 7 1
6 10 9 1
6 10 14 1
6 11 14 1
7 6 4 3
7 7 5 1
7 7 6 6
7 7 7 2
7 8 7 4
7 9 8 1
7 10 7 1
7 10 8 1
8 6 3 9
8 6 4 48
8 7 5 5
8 8 7 8
8 8 8 6
8 9 7 2
8 9 8 1
8 10 13 1
8 12 15 1
8 13 16 1
9 6 4 8
9 7 4 2
9 7 5 9
9 8 5 1
9 8 6 4
9 9 7 2
9 9 8 11
9 9 9 3
9 9 10 1
9 10 8 2
9 10 9 4
9 10 12 1
9 11 9 1
9 11 10 1
9 11 12 1
9 13 10 1
9 13 15 2
10 8 6 1
10 8 7 1
10 9 7 1
10 10 9 17
10 10 10 4
10 11 9 4
10 11 10 5
10 11 11 1
10 13 15 1
11 9 8 1
11 10 8 1
11 10 9 2
11 10 10 1
11 11 9 4
11 11 10 7
11 11 11 1
11 11 13 1
11 12 10 2
11 12 11 10
11 14 11 1
11 14 15 1
12 11 9 1
12 11 11 1
12 12 10 1
12 12 11 58
12 12 12 9
12 13 12 5
12 13 13 1
12 13 16 1
12 14 16 1
12 15 17 1
13 12 10 2
13 12 11 54
13 12 12 19
13 13 10 1
13 13 11 11
13 13 12 193
13 13 13 37
13 14 12 3
13 14 13 23
13 14 14 1
13 15 13 1
13 15 14 1
14 12 11 1
14 13 10 1
14 13 11 2
14 13 12 7
14 13 13 28
14 14 13 155
14 14 14 17
14 14 15 1
14 15 13 25
14 15 14 96
14 16 14 1
14 16 18 1
15 13 12 1
15 14 11 1
15 14 12 2
15 14 13 5
15 14 14 16
15 15 13 39
15 15 14 238
15 15 15 58
15 16 13 6
15 16 14 91
15 16 15 205
15 17 15 2
16 14 13 1
16 15 13 1
16 15 14 3
16 15 15 14
16 16 13 1
16 16 14 41
16 16 15 175
16 16 16 31
16 17 15 39
16 17 16 250
16 17 17 5
16 17 18 1
16 18 16 5
16 18 17 1
16 18 19 1
17 16 14 1
17 16 15 2
17 17 15 2
17 17 16 170
17 17 17 87
17 18 16 24
17 18 17 371
17 18 18 11
17 19 17 11
17 19 18 1
18 11 8 1
18 17 15 2
18 17 16 1
18 18 16 1
18 18 17 175
18 18 18 38
18 19 17 41
18 19 18 334
18 19 19 4
18 20 18 7
19 12 9 1
19 18 17 3
19 18 18 2
19 19 17 1
19 19 18 83
19 19 19 21
19 20 18 27
19 20 19 235
19 20 20 2
19 21 19 5
19 21 20 1
20 13 6 1
20 17 13 1
20 19 18 1
20 20 19 69
20 20 20 20
20 21 19 16
20 21 20 177
20 21 21 2
20 22 20 3
21 16 10 1
21 17 15 1
21 20 20 1
21 21 20 35
21 21 21 18
21 22 20 10
21 22 21 173
21 22 22 13
22 15 8 1
22 19 17 1
22 21 20 1
22 22 21 15
22 22 22 52
22 22 23 1
22 23 22 120
22 23 23 13
23 15 8 1
23 16 8 1
23 17 10 1
23 18 14 1
23 22 22 2
23 23 22 12
23 23 23 31
23 24 23 115
23 24 24 16
23 25 23 1
24 24 22 1
24 24 23 9
24 24 24 42
24 24 25 1
24 25 24 96
24 25 25 14
24 26 25 1
25 18 12 1
25 24 24 1
25 25 24 7
25 25 25 32
25 26 25 76
25 26 26 24
25 27 26 1
26 26 25 6
26 26 26 80
26 27 26 170
26 27 27 41
26 28 27 2
27 27 26 13
27 27 27 105
27 28 27 148
27 28 28 60
28 28 28 76
28 28 29 1
28 29 28 60
28 29 29 61
29 29 29 36
29 29 30 2
29 30 29 22
29 30 30 46
30 30 30 178
30 30 31 1
30 31 30 55
30 31 31 3
