32
0 1 0 2
1 1 0 3
1 1 1 5
1 2 1 12
2 2 1 8
2 2 2 4
2 3 1 1
2 3 2 12
2 3 3 1
2 8 13 1
2 9 13 1
2 9 14 2
2 9 15 1
2 10 14 2
2 10 15 2
2 10 16 1
2 11 16 3
2 12 17 2
3 3 2 7
3 3 3 6
3 4 3 7
3 8 4 4
3 10 13 1
3 10 14 2
3 10 15 2
3 11 15 2
3 11 16 1
3 12 17 3
4 4 2 1
4 4 3 14
4 4 4 17
4 5 4 6
4 5 5 1
4 8 4 5
4 8 5 3
4 9 5 2
4 9 6 1
4 9 8 1
4 10 7 2
4 10 11 1
4 10 13 1
4 11 8 1
4 11 9 1
4 11 15 2
4 12 16 1
5 4 3 2
5 5 4 6
5 5 5 17
5 6 4 2
5 6 5 4
5 6 6 2
5 8 5 1
5 9 5 1
5 11 15 1
5 12 16 1
6 5 3 1
6 5 4 2
6 6 4 1
6 6 5 6
6 6 6 2
6 7 5 1
6 7 6 6
6 7 8 1
6 10 7 1
6 10 13 1
6 11 10 1
6 11 15 1
7 5 3 1
7 6 4 2
7 6 5 1
7 7 6 5
7 7 7 1
7 8 6 1
7 8 7 4
7 9 8 1
7 10 13 1
7 11 7 1
7 11 14 2
7 12 15 1
7 13 16 1
8 6 3 1
8 6 4 39
8 6 5 1
8 7 4 2
8 7 5 5
8 7 6 2
8 8 6 2
8 8 7 10
8 8 8 2
8 9 8 1
8 11 11 1
8 13 16 1
9 6 4 27
9 7 4 5
9 7 5 6
9 8 5 2
9 8 6 1
9 8 7 1
9 9 8 11
9 9 9 1
9 10 9 3
9 10 10 1
9 15 18 1
10 8 6 1
10 8 7 1
10 9 7 1
10 10 8 1
10 10 9 13
10 10 10 5
10 11 9 2
10 11 10 3
10 12 14 1
10 13 15 1
11 9 13 1
11 10 8 1
11 10 9 1
11 11 9 3
11 11 10 18
11 11 11 2
11 12 10 1
11 12 11 4
11 12 12 1
11 14 15 1
11 14 16 1
12 10 8 1
12 11 9 1
12 11 10 4
12 11 11 1
12 12 10 3
12 12 11 49
12 12 12 5
12 13 11 2
12 13 12 3
12 13 13 1
12 14 15 1
12 15 17 1
13 12 11 78
13 12 12 8
13 13 11 17
13 13 12 168
13 13 13 16
13 14 12 5
13 14 13 12
13 14 14 2
13 15 13 1
13 15 15 1
13 17 18 1
14 12 10 2
14 13 11 2
14 13 12 18
14 13 13 28
14 14 12 2
14 14 13 151
14 14 14 13
14 15 13 36
14 15 14 107
14 16 16 1
14 16 18 1
15 13 13 1
15 14 13 9
15 14 14 16
15 15 13 29
15 15 14 272
15 15 15 41
15 15 17 1
15 16 14 89
15 16 15 173
15 16 16 1
15 16 17 1
15 17 15 3
16 15 14 3
16 15 15 10
16 16 14 56
16 16 15 149
16 16 16 38
16 16 17 1
16 17 15 40
16 17 16 240
16 18 16 1
16 18 17 1
17 16 15 1
17 16 16 5
17 17 15 3
17 17 16 156
17 17 17 89
17 18 16 34
17 18 17 379
17 18 18 6
17 19 17 6
17 19 18 1
18 17 15 1
18 17 17 2
18 18 17 147
18 18 18 39
18 18 19 1
18 19 17 45
18 19 18 301
18 19 19 3
18 20 18 4
18 20 19 1
19 18 17 2
19 18 18 1
19 19 18 91
19 19 19 30
19 20 18 21
19 20 19 230
19 21 19 1
20 18 17 1
20 19 17 1
20 19 19 1
20 20 19 51
20 20 20 12
20 21 19 15
20 21 20 174
20 21 21 2
20 22 20 1
21 19 18 1
21 20 19 1
21 21 20 34
21 21 21 16
21 22 20 16
21 22 21 168
21 22 22 7
22 18 15 1
22 21 20 3
22 21 21 1
22 22 21 15
22 22 22 50
22 22 23 1
22 23 22 134
22 23 23 13
22 24 23 1
23 17 13 1
23 19 16 1
23 22 21 1
23 22 22 1
23 23 22 10
23 23 23 44
23 24 23 111
23 24 24 22
24 23 22 1
24 24 23 4
24 24 24 57
24 24 25 2
24 25 24 100
24 25 25 21
24 26 25 2
25 24 23 2
25 24 24 1
25 25 24 7
25 25 25 32
25 26 25 79
25 26 26 19
26 26 25 10
26 26 26 101
26 27 26 189
26 27 27 22
26 28 27 1
27 27 26 26
27 27 27 94
27 28 27 145
27 28 28 39
28 28 27 5
28 28 28 77
28 28 29 1
28 29 28 80
28 29 29 64
29 29 29 47
29 30 29 22
29 30 30 36
30 30 30 141
30 30 31 1
30 31 30 52
30 31 31 1
