32
0 0 0 1
0 1 0 2
1 1 0 6
1 1 1 7
1 2 1 14
2 2 1 5
2 2 2 5
2 3 2 11
2 8 12 1
2 8 13 2
2 9 13 1
2 9 14 2
2 10 15 3
2 10 16 1
2 11 16 3
2 12 16 1
2 12 17 1
3 3 2 13
3 3 3 11
3 4 2 2
3 4 3 15
3 5 8 1
3 6 11 1
3 8 4 3
3 8 5 1
3 9 13 1
3 9 16 1
3 10 13 2
3 10 14 2
3 11 15 1
3 12 16 1
3 12 17 2
4 4 3 16
4 4 4 17
4 5 4 7
4 5 5 1
4 8 4 3
4 8 5 5
4 9 5 2
4 9 7 1
4 9 9 1
4 10 8 1
4 10 11 1
4 10 13 1
4 10 14 1
4 10 15 1
4 11 7 1
4 11 15 1
4 11 18 1
4 12 16 1
4 13 21 1
5 4 3 1
5 5 3 1
5 5 4 11
5 5 5 5
5 6 4 1
5 6 5 5
5 6 6 3
5 8 5 2
5 9 5 1
5 10 6 1
5 11 10 1
5 11 11 1
5 11 14 1
5 11 15 1
6 5 3 2
6 5 4 2
6 6 5 9
6 6 6 3
6 7 6 8
6 8 7 1
6 10 8 1
6 10 13 1
6 12 16 2
7 5 3 1
7 6 4 3
7 7 6 6
7 7 7 2
7 8 6 1
7 8 7 1
7 9 8 1
7 10 13 1
7 11 8 1
7 11 13 1
8 6 3 7
8 6 4 45
8 7 4 1
8 7 5 4
8 8 6 1
8 8 7 11
8 8 8 3
8 9 7 1
8 9 8 2
8 9 9 1
8 12 14 1
8 12 15 1
9 6 4 17
9 7 4 3
9 7 5 9
9 8 6 4
9 8 7 1
9 9 7 1
9 9 8 8
9 9 9 3
9 10 8 2
9 10 9 5
9 10 14 1
9 11 14 1
9 14 17 1
10 8 6 1
10 8 7 1
10 9 7 1
10 10 8 4
10 10 9 6
10 10 10 7
10 11 10 5
10 13 15 1
11 10 9 2
11 11 8 1
11 11 9 3
11 11 10 18
11 11 11 3
11 12 10 1
11 12 11 3
12 10 9 1
12 11 9 1
12 11 10 2
12 12 10 1
12 12 11 42
12 12 12 8
12 12 13 1
12 13 11 1
12 13 12 14
12 13 13 1
12 14 16 3
12 15 18 1
12 16 18 1
13 12 10 2
13 12 11 70
13 12 12 20
13 13 10 1
13 13 11 4
13 13 12 171
13 13 13 23
13 14 12 6
13 14 13 14
14 12 10 1
14 13 11 2
14 13 12 12
14 13 13 41
14 14 12 4
14 14 13 141
14 14 14 30
14 14 15 2
14 15 13 28
14 15 14 117
14 15 15 1
14 15 16 2
14 16 14 2
14 16 15 1
14 16 16 1
14 16 18 1
14 17 19 1
15 13 12 1
15 14 12 1
15 14 13 7
15 14 14 8
15 15 13 28
15 15 14 240
15 15 15 60
15 16 14 66
15 16 15 159
15 17 15 3
16 14 14 1
16 15 13 2
16 15 14 5
16 15 15 6
16 16 13 1
16 16 14 78
16 16 15 142
16 16 16 35
16 17 15 37
16 17 16 228
16 17 17 7
16 18 16 2
16 19 17 1
17 15 14 2
17 16 14 1
17 16 15 3
17 16 16 3
17 17 15 8
17 17 16 177
17 17 17 94
17 18 16 42
17 18 17 374
17 18 18 7
17 19 17 6
17 19 18 2
18 10 6 1
18 13 10 1
18 17 15 1
18 17 17 1
18 18 16 2
18 18 17 168
18 18 18 46
18 19 17 44
18 19 18 339
18 19 19 2
18 20 18 3
19 10 6 1
19 18 16 1
19 18 17 2
19 19 17 2
19 19 18 89
19 19 19 39
19 20 18 38
19 20 19 230
19 20 20 4
20 19 18 1
20 20 18 1
20 20 19 45
20 20 20 17
20 21 19 15
20 21 20 178
20 21 21 5
20 22 20 2
21 16 10 1
21 17 13 1
21 19 18 1
21 21 20 38
21 21 21 15
21 21 22 1
21 22 20 20
21 22 21 166
21 22 22 7
22 13 7 1
22 21 20 1
22 22 21 18
22 22 22 85
22 23 22 141
22 23 23 25
23 15 8 1
23 18 15 1
23 19 16 1
23 22 22 2
23 23 22 9
23 23 23 72
23 23 24 1
23 24 23 123
23 24 24 51
24 16 9 1
24 23 22 1
24 24 23 3
24 24 24 60
24 25 24 102
24 25 25 14
24 26 25 2
25 18 11 1
25 18 13 1
25 24 24 2
25 25 24 5
25 25 25 28
25 25 26 2
25 26 25 63
25 26 26 22
26 26 25 4
26 26 26 85
26 27 26 169
26 27 27 67
26 28 27 1
27 26 26 1
27 27 26 8
27 27 27 107
27 27 28 2
27 28 27 123
27 28 28 79
28 28 27 2
28 28 28 74
28 28 29 1
28 29 28 69
28 29 29 81
29 29 29 45
29 30 29 29
29 30 30 53
30 30 30 208
30 30 31 4
30 31 30 57
30 31 31 6
