32
0 0 0 1
0 1 0 2
1 1 0 5
1 1 1 7
1 2 1 10
2 2 1 9
2 2 2 3
2 3 2 17
2 3 3 1
2 3 4 1
2 6 11 1
2 6 12 1
2 8 12 1
2 8 13 2
2 9 14 3
2 10 14 1
2 10 15 3
2 10 16 1
2 11 15 1
2 11 16 1
2 11 17 1
2 12 17 1
3 3 2 13
3 3 3 11
3 4 2 1
3 4 3 17
3 5 8 1
3 6 11 1
3 6 12 1
3 7 3 1
3 7 4 2
3 7 13 1
3 8 4 3
3 10 13 2
3 10 14 2
3 11 14 2
3 11 16 2
3 12 16 1
3 12 17 2
4 3 3 1
4 4 3 15
4 4 4 16
4 5 4 7
4 5 7 1
4 8 4 2
4 8 5 4
4 9 5 1
4 9 7 1
4 9 8 1
4 9 9 1
4 10 9 1
4 10 15 1
4 10 17 1
4 10 18 1
4 11 9 1
4 11 15 1
4 12 16 1
4 12 17 1
4 12 20 1
5 4 3 2
5 5 4 12
5 5 5 11
5 6 4 1
5 6 5 7
5 8 5 2
5 9 5 1
5 10 6 1
5 10 7 2
5 11 12 1
5 11 15 1
5 13 21 2
6 5 3 2
6 5 4 2
6 6 5 11
6 6 6 1
6 7 6 3
6 10 7 1
6 10 8 1
6 10 13 2
6 11 15 2
6 12 15 1
6 12 16 2
6 13 16 1
7 5 3 1
7 6 4 5
7 7 5 1
7 7 6 8
7 8 7 3
7 8 9 1
7 9 7 1
7 10 7 1
7 11 14 1
7 12 16 1
8 6 3 5
8 6 4 47
8 6 5 1
8 7 4 1
8 7 5 4
8 7 6 1
8 8 6 1
8 8 7 8
8 8 8 3
8 9 7 2
8 9 8 5
8 9 9 1
8 10 12 1
8 11 11 1
8 11 15 1
9 6 4 14
9 7 4 4
9 7 5 8
9 7 6 1
9 8 5 2
9 8 6 4
9 8 7 1
9 9 8 7
9 10 8 3
9 10 9 5
9 10 10 1
9 12 14 1
10 8 7 1
10 9 7 1
10 10 7 1
10 10 8 4
10 10 9 15
10 10 10 3
10 10 12 1
10 11 8 1
10 11 9 1
10 11 10 6
10 13 16 1
10 15 17 1
11 9 8 1
11 10 8 1
11 10 9 1
11 11 8 1
11 11 9 4
11 11 10 19
11 11 11 3
11 12 10 2
11 12 11 7
11 14 15 1
12 11 9 1
12 11 10 1
12 11 11 1
12 12 10 4
12 12 11 48
12 12 12 9
12 13 11 1
12 13 12 5
12 14 15 1
12 14 16 1
12 15 17 1
13 11 9 1
13 12 9 1
13 12 11 86
13 12 12 8
13 13 10 1
13 13 11 9
13 13 12 167
13 13 13 17
13 14 12 6
13 14 13 18
13 14 14 1
14 13 11 2
14 13 12 16
14 13 13 28
14 14 12 3
14 14 13 139
14 14 14 18
14 14 15 1
14 15 13 31
14 15 14 98
14 15 15 1
14 16 14 4
14 17 14 1
15 13 11 1
15 13 12 1
15 14 12 2
15 14 13 8
15 14 14 13
15 15 13 43
15 15 14 253
15 15 15 31
15 16 13 4
15 16 14 82
15 16 15 150
15 16 16 2
15 16 17 1
15 17 15 3
15 17 19 1
15 18 20 1
16 15 13 2
16 15 14 4
16 15 15 13
16 16 13 3
16 16 14 80
16 16 15 135
16 16 16 32
16 17 15 45
16 17 16 259
16 17 17 5
16 18 16 9
16 19 19 1
17 16 14 1
17 16 15 4
17 16 16 2
17 17 15 4
17 17 16 173
17 17 17 75
17 18 16 36
17 18 17 386
17 18 18 6
17 19 17 6
17 19 18 1
18 10 7 1
18 17 16 3
18 18 17 137
18 18 18 40
18 19 17 44
18 19 18 290
18 19 19 4
18 20 18 5
19 15 8 1
19 18 11 1
19 18 16 1
19 18 17 4
19 19 17 1
19 19 18 87
19 19 19 22
19 20 18 28
19 20 19 220
19 20 20 1
19 21 19 2
20 11 6 2
20 18 17 1
20 19 18 1
20 19 19 1
20 20 10 1
20 20 19 46
20 20 20 13
20 21 19 13
20 21 20 175
20 21 21 1
20 22 20 2
21 15 11 1
21 17 14 1
21 20 19 1
21 21 20 36
21 21 21 19
21 22 20 9
21 22 21 183
21 22 22 4
22 15 8 1
22 18 16 1
22 19 16 1
22 21 20 2
22 22 21 15
22 22 22 59
22 23 22 124
22 23 23 12
23 15 8 1
23 17 13 1
23 18 11 1
23 22 22 1
23 23 22 15
23 23 23 42
23 23 24 1
23 24 23 134
23 24 24 27
23 25 23 1
24 16 9 1
24 23 24 1
24 24 23 4
24 24 24 66
24 25 24 83
24 25 25 16
25 18 12 1
25 25 24 6
25 25 25 43
25 25 26 1
25 26 25 89
25 26 26 24
25 27 26 1
26 26 25 8
26 26 26 121
26 27 26 172
26 27 27 32
26 28 27 1
27 27 26 18
27 27 27 83
27 28 27 136
27 28 28 42
28 28 27 5
28 28 28 95
28 28 29 1
28 29 28 65
28 29 29 54
29 29 29 57
29 30 29 20
29 30 30 42
30 30 30 99
30 30 31 1
30 31 30 34
31 31 31 1
