32
1 1 0 5
1 2 0 1
1 2 1 3
2 1 1 1
2 2 0 3
2 2 1 17
2 2 2 3
2 3 1 1
2 3 2 5
2 3 3 1
2 10 16 1
2 11 17 1
3 2 1 2
3 3 1 3
3 3 2 12
3 3 3 4
3 4 2 3
3 4 3 5
3 6 10 1
3 6 12 1
3 9 17 1
3 10 15 1
3 11 16 2
3 12 17 1
3 12 18 1
4 3 2 2
4 4 2 1
4 4 3 7
4 4 4 8
4 5 4 5
4 5 8 1
4 11 16 1
4 12 18 1
4 13 18 2
4 13 19 2
5 4 2 1
5 4 4 2
5 5 3 1
5 5 4 16
5 5 5 10
5 6 5 4
5 12 16 2
5 12 17 2
5 13 17 2
5 13 18 2
5 13 19 1
6 5 4 1
6 6 3 3
6 6 4 1
6 6 5 5
6 6 6 3
6 11 10 1
6 12 5 6
6 12 16 1
6 13 17 1
6 13 18 2
7 6 4 4
7 6 5 1
7 7 4 1
7 7 5 3
7 7 6 2
7 8 5 1
7 8 7 1
7 8 8 1
7 10 13 1
7 12 5 1
7 12 17 1
7 13 6 2
7 13 7 1
7 13 10 1
7 13 17 1
7 14 7 1
7 14 10 1
7 14 12 1
8 7 5 1
8 8 6 2
8 8 7 1
8 8 8 2
8 9 8 2
8 12 7 1
8 12 13 1
8 13 7 2
8 13 17 1
8 14 6 1
8 14 7 2
8 14 9 2
8 14 18 1
9 7 3 3
9 7 7 1
9 8 7 2
9 8 8 1
9 9 7 6
9 9 8 3
9 9 9 1
9 9 10 1
9 10 8 1
9 12 16 1
9 13 15 1
9 13 16 1
9 14 8 2
10 8 5 1
10 9 6 1
10 9 7 3
10 9 8 1
10 10 8 6
10 10 9 1
10 11 10 1
10 11 11 2
10 12 11 1
10 12 15 1
10 14 12 1
10 14 16 1
10 15 19 1
11 8 5 1
11 10 7 1
11 10 8 3
11 10 9 2
11 11 8 1
11 11 9 4
11 11 10 1
11 12 9 1
11 12 10 1
11 12 11 2
11 12 16 1
11 13 12 1
11 16 19 1
12 9 4 3
12 9 5 2
12 10 6 1
12 10 7 1
12 11 9 1
12 11 10 2
12 12 9 1
12 12 10 6
12 12 11 1
12 12 12 1
12 13 11 1
12 13 12 2
12 14 16 1
12 14 17 1
12 15 17 1
12 17 20 1
13 9 4 2
13 10 4 8
13 10 5 10
13 10 6 1
13 11 5 1
13 11 6 1
13 11 7 2
13 12 10 6
13 12 11 1
13 12 12 1
13 13 10 2
13 13 11 5
13 13 12 4
13 13 13 1
13 14 12 2
13 14 13 1
13 14 16 1
14 10 4 35
14 10 5 18
14 10 6 3
14 11 6 2
14 11 7 6
14 12 10 1
14 13 12 9
14 14 12 4
14 14 13 6
14 15 13 3
14 15 14 1
14 15 17 1
15 12 8 4
15 12 9 1
15 13 11 2
15 13 12 1
15 14 11 1
15 14 12 1
15 14 13 8
15 15 13 27
15 15 14 20
15 15 15 1
15 16 13 2
15 16 14 22
15 16 15 1
15 16 16 1
15 16 18 2
15 17 15 1
15 17 19 1
16 14 11 2
16 15 12 5
16 15 13 8
16 15 14 13
16 16 13 9
16 16 14 56
16 16 15 30
16 16 16 1
16 17 15 32
16 17 16 14
16 17 17 1
16 17 18 1
17 9 4 1
17 14 10 1
17 14 12 1
17 14 13 1
17 15 12 2
17 15 13 5
17 16 13 13
17 16 14 28
17 16 15 8
17 16 16 1
17 17 15 56
17 17 16 120
17 17 17 14
17 18 16 45
17 18 17 38
17 18 18 2
17 20 16 1
17 20 22 1
18 16 13 9
18 16 14 56
18 16 15 2
18 17 14 26
18 17 15 65
18 17 16 67
18 17 17 8
18 18 16 53
18 18 17 157
18 18 18 20
18 18 19 1
18 19 17 87
18 19 18 36
18 19 19 2
18 20 22 10
18 21 18 1
18 21 22 9
18 21 24 1
19 13 9 1
19 16 13 1
19 16 16 1
19 17 13 1
19 17 14 4
19 17 15 103
19 17 16 48
19 17 17 1
19 18 15 7
19 18 16 127
19 18 17 124
19 18 18 17
19 19 17 163
19 19 18 191
19 19 19 34
19 19 20 2
19 20 17 10
19 20 18 95
19 20 19 87
19 20 20 8
19 20 21 8
19 21 19 3
19 21 20 1
19 21 21 1
19 21 22 125
19 21 23 61
19 22 22 3
19 22 23 44
20 15 10 1
20 18 15 1
20 18 16 8
20 18 17 15
20 19 17 116
20 19 18 76
20 19 19 20
20 20 18 90
20 20 19 221
20 20 20 25
20 20 21 5
20 21 18 4
20 21 19 122
20 21 20 143
20 21 21 22
20 21 22 17
20 22 20 1
20 22 21 2
20 22 22 13
20 22 23 199
20 22 24 117
20 23 24 18
21 14 7 1
21 17 14 1
21 20 18 6
21 20 19 13
21 21 18 7
21 21 19 57
21 21 20 149
21 21 21 17
21 22 20 33
21 22 21 163
21 22 22 29
21 22 23 12
21 22 24 9
21 23 23 6
21 23 24 71
21 23 25 87
21 23 26 1
21 24 25 5
21 24 27 1
22 14 8 1
22 16 9 1
22 18 16 1
22 20 18 1
22 21 18 14
22 21 19 22
22 21 20 6
22 22 18 7
22 22 19 48
22 22 20 61
22 22 21 63
22 22 22 53
22 23 20 1
22 23 21 1
22 23 22 89
22 23 23 46
22 23 24 11
22 23 25 6
22 24 23 2
22 24 24 5
22 24 25 13
22 24 26 55
22 24 27 1
22 25 26 7
22 25 27 14
22 26 28 1
23 16 9 1
23 17 14 1
23 21 19 1
23 22 19 7
23 22 20 50
23 22 21 3
23 23 20 24
23 23 21 43
23 23 22 28
23 23 23 55
23 23 24 1
23 24 23 78
23 24 24 66
23 24 25 8
23 24 26 2
23 25 24 9
23 25 25 4
23 25 26 10
23 25 27 26
23 25 28 5
23 26 27 1
23 26 28 22
23 26 29 2
23 27 29 2
23 27 30 1
24 17 11 1
24 22 20 1
24 22 21 1
24 23 20 7
24 23 21 61
24 23 22 2
24 24 21 29
24 24 22 28
24 24 23 1
24 24 24 17
24 25 24 26
24 25 25 37
24 25 26 7
24 26 25 5
24 26 26 9
24 26 27 10
24 26 28 8
24 26 29 9
24 27 28 2
24 27 29 13
24 27 30 2
24 28 30 1
25 24 21 5
25 24 22 58
25 24 23 1
25 25 22 33
25 25 23 3
25 25 24 5
25 25 25 14
25 26 25 7
25 26 26 25
25 26 27 5
25 26 28 1
25 27 26 5
25 27 27 1
25 27 28 6
25 27 29 4
25 28 28 2
25 28 29 2
25 28 30 13
25 29 30 2
26 25 23 2
26 26 25 1
26 26 26 5
26 26 27 1
26 27 26 5
26 27 27 15
26 27 28 1
26 28 27 3
26 28 28 1
26 29 30 3
26 29 31 1
26 30 31 2
27 26 25 1
27 27 27 2
27 28 27 5
27 28 28 10
27 29 28 2
27 29 29 3
27 30 31 1
28 28 28 4
28 29 28 2
28 29 29 13
28 29 30 1
29 30 29 1
29 30 30 8
29 31 30 1
30 30 30 4
30 30 31 1
30 31 30 3
31 30 30 1
