32
0 1 0 2
1 1 0 7
1 1 1 7
1 2 1 12
2 2 1 8
2 2 2 4
2 3 1 1
2 3 2 10
2 3 3 1
2 5 10 1
2 8 12 2
2 8 13 1
2 9 13 2
2 9 14 2
2 10 15 4
2 11 16 3
3 3 2 12
3 3 3 9
3 4 2 2
3 4 3 14
3 5 8 1
3 6 10 1
3 6 11 1
3 7 4 2
3 7 12 1
3 8 4 4
3 8 6 1
3 9 13 1
3 10 14 2
3 11 13 1
3 11 15 3
3 11 16 1
3 12 16 1
4 4 3 17
4 4 4 20
4 5 4 11
4 8 4 2
4 8 5 1
4 9 5 3
4 9 8 1
4 9 11 1
4 10 9 3
4 10 12 1
4 10 13 1
4 10 14 2
4 10 17 2
4 11 16 1
4 11 18 1
4 12 16 1
5 4 3 2
5 4 4 1
5 5 4 5
5 5 5 11
5 6 5 10
5 8 6 1
5 10 6 1
5 10 10 1
5 10 14 1
5 11 14 1
5 13 20 1
6 5 3 1
6 5 4 2
6 6 4 2
6 6 5 5
6 6 6 3
6 7 6 3
6 7 8 1
6 9 6 1
6 10 7 1
6 10 14 1
6 11 9 1
6 11 14 2
6 12 16 1
7 6 4 1
7 7 5 1
7 7 6 6
7 7 7 1
7 8 7 1
7 8 9 1
7 10 7 1
7 10 8 1
7 11 15 2
8 6 3 5
8 6 4 51
8 6 5 1
8 7 5 3
8 8 5 1
8 8 6 2
8 8 7 7
8 8 8 3
8 9 7 1
8 9 8 6
8 10 12 1
8 11 12 1
8 12 15 2
8 13 16 1
9 6 3 1
9 6 4 10
9 7 4 3
9 7 5 9
9 8 5 1
9 8 6 2
9 8 7 1
9 8 8 1
9 9 7 1
9 9 8 14
9 9 9 3
9 10 8 1
9 10 9 7
9 10 10 1
9 13 10 1
10 9 7 3
10 9 8 2
10 10 8 4
10 10 9 10
10 10 10 3
10 11 9 1
10 11 10 2
10 11 11 1
10 12 10 1
10 14 16 1
10 14 17 2
11 9 8 1
11 10 8 1
11 11 8 2
11 11 9 1
11 11 10 12
11 11 11 5
11 12 10 1
11 12 11 6
11 13 15 1
11 14 11 1
12 10 12 1
12 12 9 1
12 12 10 1
12 12 11 57
12 12 12 7
12 13 11 2
12 13 12 4
12 14 16 1
13 12 10 2
13 12 11 67
13 12 12 11
13 13 10 1
13 13 11 10
13 13 12 175
13 13 13 32
13 14 12 2
13 14 13 14
13 14 14 1
13 15 13 1
13 16 17 1
14 12 11 1
14 13 10 1
14 13 11 2
14 13 12 8
14 13 13 31
14 14 12 2
14 14 13 149
14 14 14 15
14 15 13 18
14 15 14 93
14 15 15 1
14 16 14 1
14 16 18 1
15 13 10 1
15 14 12 1
15 14 13 5
15 14 14 19
15 15 13 32
15 15 14 241
15 15 15 58
15 16 13 5
15 16 14 85
15 16 15 186
15 16 16 1
15 17 15 2
15 17 16 1
16 14 11 1
16 14 13 2
16 15 13 2
16 15 15 7
16 16 13 1
16 16 14 52
16 16 15 169
16 16 16 34
16 16 17 1
16 17 15 48
16 17 16 249
16 17 19 1
16 18 16 2
16 18 17 1
17 15 15 1
17 16 14 1
17 16 15 3
17 16 16 4
17 17 15 5
17 17 16 162
17 17 17 99
17 18 16 38
17 18 17 375
17 18 18 7
17 19 17 10
17 19 18 3
18 17 16 4
18 17 17 1
18 18 16 1
18 18 17 157
18 18 18 38
18 18 19 1
18 19 17 52
18 19 18 330
18 19 19 2
18 20 18 8
19 10 5 1
19 11 5 1
19 11 7 1
19 17 16 2
19 18 17 1
19 19 17 2
19 19 18 87
19 19 19 21
19 20 18 27
19 20 19 253
19 20 20 1
19 21 19 4
20 15 7 1
20 16 10 1
20 18 17 1
20 19 17 1
20 19 19 1
20 20 19 44
20 20 20 21
20 21 19 19
20 21 20 197
20 21 21 2
20 22 20 7
20 22 21 2
21 17 13 1
21 19 17 1
21 20 20 1
21 21 20 34
21 21 21 16
21 22 12 1
21 22 20 13
21 22 21 178
21 22 22 9
22 15 8 1
22 19 16 1
22 21 21 1
22 22 21 19
22 22 22 66
22 23 22 137
22 23 23 16
22 24 22 1
23 15 8 1
23 17 10 1
23 22 21 1
23 22 22 1
23 23 22 8
23 23 23 46
23 24 23 130
23 24 24 35
24 17 9 1
24 18 14 1
24 23 23 1
24 24 23 7
24 24 24 42
24 25 24 103
24 25 25 14
24 26 24 2
24 26 25 1
25 18 11 1
25 24 24 2
25 25 24 9
25 25 25 23
25 26 25 70
25 26 26 28
25 27 26 1
26 26 25 3
26 26 26 88
26 27 26 170
26 27 27 51
26 28 26 2
27 27 26 8
27 27 27 96
27 28 27 148
27 28 28 68
27 29 28 1
28 28 27 2
28 28 28 63
28 29 28 75
28 29 29 68
29 29 29 36
29 30 29 31
29 30 30 52
30 30 30 188
30 30 31 2
30 31 30 44
30 31 31 2
