32
0 1 0 4
1 1 0 6
1 1 1 6
1 2 1 11
2 2 1 14
2 2 2 5
2 3 1 2
2 3 2 9
2 5 11 1
2 8 13 1
2 9 13 1
2 9 14 2
2 10 14 2
2 10 15 3
2 10 16 2
2 11 16 1
2 11 17 1
2 12 17 1
3 3 2 10
3 3 3 8
3 4 3 15
3 5 8 1
3 6 11 1
3 7 4 1
3 7 12 1
3 8 4 1
3 8 5 1
3 9 16 1
3 10 14 1
3 11 15 2
3 11 16 1
3 12 17 5
4 4 3 14
4 4 4 17
4 5 4 8
4 8 4 5
4 8 5 4
4 9 5 3
4 9 11 1
4 10 7 2
4 10 13 3
4 10 15 1
4 11 9 1
4 11 16 1
4 11 18 1
4 12 16 1
4 12 20 1
5 4 3 2
5 4 4 1
5 5 3 1
5 5 4 10
5 5 5 13
5 6 5 9
5 8 6 1
5 9 5 1
5 10 15 1
5 11 8 1
5 11 10 1
5 11 13 1
5 11 16 1
5 12 17 1
5 13 21 1
6 5 3 1
6 5 4 1
6 6 5 8
6 6 6 2
6 7 6 8
6 9 8 1
6 10 7 1
6 11 9 1
6 11 14 1
6 11 15 1
7 5 3 2
7 6 4 2
7 7 5 1
7 7 6 5
7 7 7 2
7 8 6 2
7 8 7 2
7 10 8 1
7 11 14 2
7 12 15 1
8 6 3 4
8 6 4 49
8 7 4 2
8 7 5 5
8 8 6 3
8 8 7 6
8 8 8 1
8 9 8 4
8 9 10 1
8 11 11 1
8 11 15 1
8 12 8 1
8 12 15 1
8 13 16 1
9 6 4 11
9 7 4 3
9 7 5 6
9 7 6 1
9 8 6 5
9 9 7 1
9 9 8 13
9 9 9 1
9 10 8 2
9 10 9 2
9 13 16 1
10 8 6 1
10 9 7 1
10 10 8 4
10 10 9 11
10 10 10 6
10 11 9 3
10 11 10 7
10 11 11 1
10 11 12 1
10 13 15 1
10 15 17 1
11 10 12 1
11 11 8 1
11 11 9 4
11 11 10 13
11 11 11 2
11 12 10 2
11 12 11 10
11 14 11 1
11 14 16 1
12 10 9 1
12 11 10 2
12 12 10 5
12 12 11 54
12 12 12 8
12 13 11 1
12 13 12 14
12 13 13 1
12 14 15 1
12 15 15 1
12 16 18 1
13 12 11 68
13 12 12 12
13 13 11 4
13 13 12 180
13 13 13 19
13 14 12 4
13 14 13 16
13 15 13 1
13 15 17 1
14 13 11 2
14 13 12 17
14 13 13 33
14 14 11 2
14 14 12 2
14 14 13 139
14 14 14 23
14 15 13 33
14 15 14 112
14 15 15 1
14 15 16 2
14 15 17 1
14 16 14 1
15 13 11 1
15 14 13 4
15 14 14 10
15 15 13 40
15 15 14 222
15 15 15 66
15 16 13 5
15 16 14 83
15 16 15 194
15 16 17 1
15 16 18 1
15 17 15 2
15 17 16 1
15 18 19 1
16 15 13 2
16 15 14 4
16 15 15 11
16 16 13 1
16 16 14 85
16 16 15 144
16 16 16 30
16 17 15 38
16 17 16 248
16 18 16 4
17 15 13 1
17 16 14 1
17 16 15 2
17 16 16 4
17 17 15 8
17 17 16 158
17 17 17 89
17 18 16 34
17 18 17 395
17 18 18 10
17 19 17 12
17 19 18 4
17 20 18 1
18 10 5 1
18 17 16 1
18 17 17 3
18 18 16 1
18 18 17 124
18 18 18 35
18 19 17 38
18 19 18 297
18 19 19 3
18 20 18 7
18 20 19 1
19 18 16 1
19 18 17 2
19 19 17 2
19 19 18 84
19 19 19 27
19 20 18 32
19 20 19 233
19 21 19 4
19 21 20 2
20 13 7 1
20 14 10 1
20 17 14 1
20 19 18 2
20 20 19 42
20 20 20 16
20 21 19 15
20 21 20 183
20 21 21 1
20 22 20 5
21 16 11 1
21 19 10 1
21 19 17 1
21 20 19 1
21 21 20 22
21 21 21 15
21 22 20 11
21 22 21 162
21 22 22 7
22 15 8 1
22 21 20 2
22 22 20 1
22 22 21 17
22 22 22 62
22 23 22 129
22 23 23 14
23 15 8 1
23 18 15 1
23 19 16 1
23 23 22 10
23 23 23 35
23 24 23 129
23 24 24 42
24 17 9 1
24 23 23 1
24 24 23 6
24 24 24 55
24 24 25 1
24 25 24 96
24 25 25 16
25 18 11 1
25 18 13 1
25 25 24 1
25 25 25 33
25 26 25 82
25 26 26 33
26 26 25 6
26 26 26 122
26 27 26 172
26 27 27 42
27 27 26 9
27 27 27 100
27 28 27 127
27 28 28 58
28 28 27 3
28 28 28 79
28 28 29 2
28 29 28 70
28 29 29 67
29 29 29 38
29 29 30 2
29 30 29 18
29 30 30 33
30 30 29 1
30 30 30 100
30 30 31 2
30 31 30 38
31 31 31 1
