32
0 1 0 2
1 1 0 5
1 1 1 7
1 2 1 12
2 2 1 7
2 3 2 14
2 8 13 1
2 9 14 2
2 9 15 1
2 10 14 1
2 10 15 1
2 10 16 1
2 11 16 2
2 11 17 1
2 12 17 2
3 3 2 10
3 3 3 5
3 4 2 1
3 4 3 15
3 6 11 1
3 7 4 1
3 8 4 1
3 9 9 1
3 9 13 1
3 10 14 1
3 11 15 1
3 11 16 3
3 12 17 3
4 4 3 15
4 4 4 15
4 5 4 10
4 8 4 5
4 8 5 5
4 9 5 1
4 9 9 1
4 9 17 1
4 10 7 1
4 10 15 1
4 11 8 1
4 11 10 2
4 11 15 1
4 11 16 1
4 11 18 1
4 12 16 2
5 5 4 10
5 5 5 16
5 6 5 5
5 6 6 3
5 8 6 1
5 9 5 1
5 9 6 1
5 10 13 1
5 11 7 1
5 11 11 1
5 11 12 1
5 11 15 1
5 12 16 1
6 5 3 5
6 5 4 2
6 6 5 14
6 6 6 2
6 7 5 1
6 7 6 3
6 8 8 1
6 10 7 2
6 10 14 1
6 11 15 1
6 12 16 1
7 5 4 1
7 6 4 2
7 6 5 1
7 7 6 5
7 7 7 4
7 8 7 5
7 10 7 1
7 11 13 1
8 6 3 11
8 6 4 40
8 6 5 1
8 7 4 1
8 7 5 5
8 7 8 1
8 8 6 1
8 8 7 4
8 8 8 4
8 9 7 1
8 9 8 3
8 9 9 1
8 10 8 1
8 10 9 1
8 10 13 1
8 11 15 1
8 13 17 1
9 6 4 11
9 7 4 5
9 7 5 4
9 8 5 1
9 8 6 5
9 8 7 1
9 9 7 1
9 9 8 12
9 9 9 5
9 10 11 1
9 12 15 1
10 8 6 1
10 8 7 1
10 9 7 1
10 10 8 1
10 10 9 16
10 10 10 8
10 11 9 1
10 11 10 9
10 13 15 1
10 13 16 1
10 14 16 1
11 10 8 1
11 10 9 1
11 11 9 1
11 11 10 13
11 11 11 5
11 12 10 2
11 12 11 10
11 12 12 2
11 13 12 1
11 14 16 1
11 14 17 1
12 10 8 1
12 11 9 1
12 11 10 1
12 12 10 2
12 12 11 60
12 12 12 11
12 13 11 1
12 13 12 16
12 15 17 1
13 10 12 1
13 11 9 1
13 12 11 67
13 12 12 15
13 13 11 5
13 13 12 166
13 13 13 20
13 14 12 4
13 14 13 15
13 14 14 3
13 17 19 1
14 12 10 1
14 13 11 2
14 13 12 16
14 13 13 35
14 14 12 2
14 14 13 142
14 14 14 27
14 14 15 2
14 15 13 31
14 15 14 102
14 15 15 3
14 15 16 1
14 15 17 1
14 16 17 1
15 14 13 2
15 14 14 15
15 15 13 27
15 15 14 251
15 15 15 53
15 16 13 1
15 16 14 58
15 16 15 210
15 16 16 3
15 17 15 3
15 17 19 1
16 15 12 1
16 15 14 2
16 15 15 8
16 16 13 1
16 16 14 67
16 16 15 127
16 16 16 37
16 17 15 34
16 17 16 238
16 17 17 1
16 18 16 3
16 18 20 1
16 19 17 1
17 16 16 3
17 17 15 9
17 17 16 165
17 17 17 91
17 18 16 39
17 18 17 399
17 18 18 13
17 19 17 9
17 19 18 2
18 17 15 1
18 17 16 2
18 17 17 4
18 18 17 135
18 18 18 67
18 18 19 1
18 19 17 46
18 19 18 314
18 19 19 3
18 20 18 6
19 11 6 1
19 12 8 1
19 16 14 1
19 18 17 3
19 18 18 1
19 19 17 1
19 19 18 78
19 19 19 27
19 20 18 35
19 20 19 236
19 20 20 1
20 19 18 1
20 20 19 42
20 20 20 31
20 21 19 17
20 21 20 179
20 21 21 2
20 22 20 4
20 22 21 1
21 17 13 1
21 19 18 1
21 20 17 1
21 20 19 2
21 21 20 37
21 21 21 20
21 22 20 15
21 22 21 174
21 22 22 8
22 14 8 1
22 22 21 24
22 22 22 88
22 22 23 1
22 23 22 136
22 23 23 35
23 15 8 1
23 19 16 1
23 22 22 2
23 23 22 5
23 23 23 72
23 23 24 3
23 24 23 111
23 24 24 64
23 25 24 1
24 24 23 10
24 24 24 60
24 25 24 89
24 25 25 27
25 18 12 1
25 24 24 1
25 25 24 3
25 25 25 40
25 25 26 1
25 26 25 73
25 26 26 25
25 27 26 2
26 26 25 10
26 26 26 93
26 26 27 2
26 27 26 178
26 27 27 59
26 28 26 1
26 28 27 1
27 27 26 16
27 27 27 108
27 27 28 1
27 28 27 128
27 28 28 62
28 28 27 3
28 28 28 100
28 28 29 1
28 29 28 63
28 29 29 69
29 29 29 43
29 30 29 24
29 30 30 46
30 30 30 168
30 30 31 2
30 31 30 43
30 31 31 2
