32
0 1 0 3
1 1 0 5
1 1 1 4
1 2 1 12
2 2 1 6
2 2 2 1
2 3 1 1
2 3 2 16
2 3 3 1
2 8 12 1
2 8 13 2
2 9 14 2
2 10 14 2
2 10 15 3
2 11 16 1
2 11 17 1
3 3 2 10
3 3 3 11
3 4 3 14
3 4 4 2
3 5 8 1
3 5 9 1
3 6 11 1
3 7 4 2
3 8 4 1
3 8 5 1
3 10 13 3
3 10 14 2
3 10 15 3
3 11 16 2
3 11 17 1
3 12 16 2
4 4 3 21
4 4 4 15
4 5 4 13
4 7 12 1
4 8 4 2
4 8 5 2
4 9 5 3
4 9 8 2
4 9 11 1
4 9 16 1
4 10 8 2
4 10 11 1
4 10 14 1
4 11 14 1
4 11 15 1
4 11 16 2
4 11 18 1
4 11 19 1
5 4 3 1
5 5 4 9
5 5 5 10
5 5 6 1
5 6 4 1
5 6 5 4
5 6 6 1
5 6 7 1
5 8 5 1
5 9 6 1
5 10 9 1
5 11 7 1
5 13 20 1
5 13 21 1
6 5 3 3
6 5 4 1
6 6 4 2
6 6 5 7
6 7 5 2
6 7 6 4
6 10 7 1
6 11 9 1
6 11 15 1
7 6 3 1
7 6 4 4
7 6 5 1
7 7 6 4
7 7 7 1
7 8 6 1
7 8 7 1
7 10 14 1
7 11 14 1
7 11 16 1
8 6 3 6
8 6 4 53
8 7 4 1
8 7 5 6
8 7 6 1
8 8 6 2
8 8 7 5
8 8 8 2
8 9 7 1
8 9 8 6
8 10 12 1
8 10 13 1
8 13 15 1
8 13 16 2
9 6 3 2
9 6 4 16
9 7 4 7
9 7 5 6
9 7 6 1
9 8 5 2
9 8 6 3
9 8 7 1
9 9 7 1
9 9 8 16
9 10 9 7
9 10 12 1
9 11 11 1
9 12 15 2
10 9 7 2
10 10 7 1
10 10 8 4
10 10 9 9
10 10 10 6
10 11 9 1
10 11 10 4
10 13 14 1
10 13 15 1
10 14 16 1
10 15 17 1
11 9 7 1
11 10 8 1
11 10 9 3
11 11 8 1
11 11 9 4
11 11 10 13
11 11 11 5
11 12 10 3
11 12 11 3
11 13 12 1
11 13 15 1
12 10 9 1
12 11 9 1
12 12 9 1
12 12 10 8
12 12 11 64
12 12 12 8
12 13 11 1
12 13 12 1
12 14 14 1
12 14 16 1
13 12 9 1
13 12 10 1
13 12 11 69
13 12 12 11
13 13 10 2
13 13 11 13
13 13 12 174
13 13 13 18
13 13 14 1
13 14 12 6
13 14 13 8
13 16 13 1
14 13 11 1
14 13 12 17
14 13 13 36
14 14 12 3
14 14 13 129
14 14 14 13
14 15 13 16
14 15 14 77
14 15 15 1
14 16 14 3
14 16 18 1
14 16 19 1
14 17 18 1
15 13 10 1
15 14 12 1
15 14 13 10
15 14 14 9
15 15 13 32
15 15 14 280
15 15 15 26
15 16 14 94
15 16 15 147
15 16 16 2
15 17 15 3
16 14 13 1
16 14 14 1
16 15 13 4
16 15 14 9
16 15 15 13
16 16 13 2
16 16 14 77
16 16 15 153
16 16 16 17
16 17 15 39
16 17 16 264
16 17 17 4
16 18 16 2
17 16 14 1
17 16 15 2
17 16 16 3
17 17 15 7
17 17 16 174
17 17 17 97
17 18 16 33
17 18 17 365
17 18 18 8
17 19 17 12
17 19 18 1
18 13 10 1
18 17 16 1
18 17 17 2
18 18 17 158
18 18 18 29
18 19 17 49
18 19 18 304
18 19 19 4
18 20 18 5
19 11 5 1
19 12 8 1
19 18 16 2
19 18 17 2
19 18 18 1
19 19 17 1
19 19 18 90
19 19 19 21
19 20 11 1
19 20 18 24
19 20 19 231
19 20 20 1
19 21 19 3
20 15 10 1
20 19 17 1
20 19 18 2
20 20 18 2
20 20 19 47
20 20 20 16
20 20 21 1
20 21 19 20
20 21 20 178
20 21 21 2
20 22 20 5
21 13 7 1
21 17 13 1
21 17 14 1
21 19 10 1
21 21 20 34
21 21 21 18
21 22 20 7
21 22 21 186
21 22 22 8
22 19 17 1
22 21 20 1
22 21 21 1
22 22 21 19
22 22 22 66
22 22 23 1
22 23 22 133
22 23 23 32
23 15 9 1
23 18 15 1
23 22 22 1
23 23 22 11
23 23 23 54
23 23 24 1
23 24 23 109
23 24 24 46
23 25 24 1
24 17 9 1
24 18 11 1
24 24 23 9
24 24 24 51
24 24 25 1
24 25 24 103
24 25 25 17
25 18 12 1
25 24 23 1
25 24 24 2
25 25 24 7
25 25 25 34
25 25 26 1
25 26 25 80
25 26 26 23
26 26 25 11
26 26 26 97
26 27 26 184
26 27 27 26
26 28 26 1
27 27 26 23
27 27 27 91
27 28 27 149
27 28 28 50
28 28 27 7
28 28 28 80
28 28 29 1
28 29 28 80
28 29 29 57
29 29 28 1
29 29 29 57
29 30 29 22
29 30 30 38
30 30 30 181
30 31 30 45
