32
0 0 0 1
0 1 0 1
1 1 0 5
1 1 1 3
1 2 1 12
1 3 1 1
2 2 1 8
2 2 2 3
2 3 1 2
2 3 2 10
2 8 12 2
2 8 13 2
2 9 13 1
2 9 14 1
2 10 14 2
2 10 15 3
2 11 16 2
2 12 16 1
3 3 2 16
3 3 3 14
3 4 3 13
3 5 8 1
3 5 9 2
3 7 4 1
3 7 12 1
3 7 13 1
3 8 4 6
3 9 13 1
3 10 14 2
3 11 15 2
3 11 16 1
3 12 16 2
4 3 2 1
4 4 2 2
4 4 3 13
4 4 4 19
4 5 4 9
4 7 12 1
4 8 4 3
4 8 5 1
4 9 5 1
4 9 8 1
4 9 10 1
4 9 16 1
4 10 8 1
4 10 9 3
4 10 12 1
4 10 13 1
4 10 18 1
4 11 15 2
4 11 19 1
4 12 15 1
5 4 3 1
5 5 4 8
5 5 5 13
5 6 5 5
5 8 5 2
5 9 5 1
5 10 14 1
5 11 12 1
5 11 15 1
5 12 16 1
5 12 20 1
6 5 3 3
6 6 4 1
6 6 5 7
6 6 6 3
6 7 6 4
6 10 8 1
6 10 9 1
6 10 14 1
6 12 15 1
6 13 21 1
7 5 3 2
7 6 4 3
7 7 5 2
7 7 6 12
7 7 7 2
7 8 6 3
7 8 7 1
7 10 8 2
7 12 15 3
8 6 3 7
8 6 4 57
8 6 5 1
8 7 4 1
8 7 5 4
8 8 6 1
8 8 7 10
8 8 8 5
8 9 8 5
8 11 8 3
8 11 14 1
9 6 4 5
9 7 4 4
9 7 5 7
9 8 5 1
9 8 6 3
9 9 8 6
9 9 9 3
9 10 7 1
9 10 8 1
9 10 9 2
9 10 10 1
9 10 11 1
9 10 12 1
9 13 15 1
10 8 6 1
10 9 7 1
10 9 8 1
10 10 8 3
10 10 9 13
10 10 10 4
10 10 12 1
10 11 9 2
10 11 10 3
10 12 15 1
10 13 10 1
10 13 15 2
10 13 16 1
10 14 16 1
11 9 7 1
11 10 8 1
11 10 9 2
11 11 9 2
11 11 10 10
11 11 11 5
11 12 9 1
11 12 10 1
11 12 11 5
11 12 14 1
11 15 17 3
12 11 9 1
12 12 10 6
12 12 11 50
12 12 12 7
12 13 12 14
12 13 13 1
12 15 17 1
12 15 18 1
13 12 11 65
13 12 12 23
13 13 10 1
13 13 11 5
13 13 12 174
13 13 13 24
13 14 12 4
13 14 13 12
13 15 13 2
14 12 10 1
14 13 11 2
14 13 12 6
14 13 13 29
14 14 12 1
14 14 13 152
14 14 14 21
14 15 13 16
14 15 14 84
14 15 15 1
14 16 14 4
14 16 15 1
14 16 16 1
15 13 10 1
15 14 12 2
15 14 13 4
15 14 14 13
15 15 13 34
15 15 14 221
15 15 15 70
15 15 16 1
15 16 13 1
15 16 14 80
15 16 15 198
15 17 15 3
16 14 13 1
16 15 13 3
16 15 14 5
16 15 15 12
16 16 14 57
16 16 15 153
16 16 16 22
16 16 17 2
16 17 15 38
16 17 16 252
16 17 17 4
16 18 16 3
16 18 17 2
17 16 14 1
17 16 15 6
17 16 16 3
17 17 15 3
17 17 16 157
17 17 17 90
17 18 16 37
17 18 17 376
17 18 18 6
17 19 17 13
17 19 18 1
18 10 5 1
18 18 16 3
18 18 17 166
18 18 18 40
18 19 17 32
18 19 18 345
18 19 19 5
18 20 18 4
19 18 17 3
19 19 17 3
19 19 18 93
19 19 19 25
19 20 18 25
19 20 19 249
19 21 19 3
20 14 11 1
20 15 9 1
20 18 17 1
20 19 17 1
20 19 18 1
20 19 19 1
20 20 19 44
20 20 20 24
20 21 19 18
20 21 20 181
20 21 21 2
20 22 20 4
21 17 13 1
21 20 18 1
21 20 20 1
21 21 20 30
21 21 21 18
21 22 20 14
21 22 21 176
21 22 22 3
22 15 8 1
22 18 15 1
22 19 17 1
22 20 18 1
22 21 20 1
22 22 20 1
22 22 21 13
22 22 22 61
22 23 22 122
22 23 23 17
22 24 22 1
23 15 8 1
23 16 9 1
23 17 13 1
23 18 10 1
23 22 22 2
23 23 22 3
23 23 23 33
23 24 23 107
23 24 24 22
24 24 23 3
24 24 24 47
24 25 24 92
24 25 25 16
25 18 11 1
25 24 23 1
25 24 24 2
25 25 24 10
25 25 25 28
25 25 26 1
25 26 25 84
25 26 26 22
25 27 26 1
26 26 25 1
26 26 26 99
26 27 26 157
26 27 27 50
27 26 27 1
27 27 26 8
27 27 27 116
27 27 28 1
27 28 27 142
27 28 28 58
28 28 28 83
28 29 28 74
28 29 29 59
29 29 29 31
29 29 30 1
29 30 29 27
29 30 30 47
30 30 30 184
30 30 31 1
30 31 30 52
