32
0 1 0 3
1 1 0 5
1 1 1 4
1 2 1 16
2 2 1 7
2 2 2 3
2 3 1 1
2 3 2 13
2 8 13 2
2 9 14 3
2 10 15 3
2 11 16 5
3 3 2 14
3 3 3 15
3 4 2 1
3 4 3 12
3 5 8 2
3 5 9 1
3 5 11 1
3 7 3 1
3 7 4 1
3 7 11 1
3 7 12 1
3 8 4 3
3 9 13 1
3 9 14 1
3 10 13 1
3 10 14 1
3 10 17 1
3 11 14 1
3 11 15 1
3 11 16 1
3 12 16 1
3 12 17 1
4 4 2 1
4 4 3 13
4 4 4 19
4 5 4 8
4 8 4 3
4 8 5 4
4 8 6 1
4 9 4 1
4 9 5 2
4 9 8 1
4 10 8 3
4 10 18 1
4 11 8 1
4 11 9 1
4 11 14 1
4 11 15 1
4 11 16 1
4 12 20 1
5 4 2 1
5 4 3 1
5 5 4 9
5 5 5 9
5 6 5 12
5 6 6 3
5 8 5 1
5 10 12 1
5 10 13 1
5 10 14 1
5 12 21 1
6 5 3 3
6 5 4 1
6 6 4 3
6 6 5 7
6 6 6 3
6 7 7 1
6 9 7 1
6 11 10 1
6 12 15 1
6 12 16 1
7 6 3 1
7 6 4 2
7 7 5 1
7 7 6 8
7 8 7 5
7 9 8 1
7 11 8 1
7 11 13 2
8 6 3 3
8 6 4 53
8 6 5 1
8 7 5 3
8 8 6 3
8 8 7 7
8 8 8 2
8 9 8 7
8 10 13 2
8 11 14 2
8 12 14 1
9 6 4 6
9 7 4 6
9 7 5 8
9 7 6 1
9 8 5 3
9 8 6 2
9 9 7 1
9 9 8 9
9 9 9 2
9 10 8 2
9 10 9 2
9 11 11 1
9 13 16 1
10 9 7 2
10 10 8 2
10 10 9 9
10 10 10 3
10 11 8 1
10 11 9 2
10 11 11 1
10 12 14 1
10 14 16 1
10 14 17 1
11 9 8 1
11 10 8 2
11 10 9 1
11 11 9 5
11 11 10 17
11 11 11 7
11 12 10 2
11 12 11 4
11 13 15 1
12 10 9 1
12 11 9 1
12 11 10 2
12 12 10 5
12 12 11 70
12 12 12 4
12 13 11 6
12 13 12 7
12 14 16 1
13 12 11 75
13 12 12 15
13 13 10 1
13 13 11 10
13 13 12 175
13 13 13 12
13 14 12 5
13 14 13 23
13 17 18 1
14 12 10 1
14 12 11 1
14 13 10 1
14 13 11 3
14 13 12 20
14 13 13 28
14 14 12 1
14 14 13 144
14 14 14 12
14 15 13 34
14 15 14 123
14 15 15 1
14 16 14 3
14 16 16 1
14 16 17 1
14 16 19 1
15 13 12 1
15 14 12 1
15 14 13 10
15 14 14 12
15 15 13 40
15 15 14 264
15 15 15 31
15 15 16 1
15 16 13 1
15 16 14 88
15 16 15 158
15 17 15 3
16 13 13 1
16 14 13 1
16 15 13 1
16 15 14 6
16 15 15 14
16 16 13 2
16 16 14 75
16 16 15 141
16 16 16 30
16 16 17 1
16 17 15 43
16 17 16 269
16 17 17 5
16 18 16 2
16 18 17 1
17 16 15 4
17 17 15 3
17 17 16 166
17 17 17 103
17 18 16 37
17 18 17 375
17 18 18 6
17 19 17 13
17 19 18 2
18 10 5 1
18 17 16 2
18 17 17 1
18 18 16 1
18 18 17 152
18 18 18 34
18 19 17 41
18 19 18 300
18 19 19 5
18 20 18 2
19 10 5 1
19 16 15 1
19 18 16 1
19 18 17 1
19 19 17 1
19 19 18 83
19 19 19 20
19 20 18 24
19 20 19 219
19 20 20 1
20 12 7 1
20 14 7 1
20 16 10 1
20 18 16 1
20 19 17 1
20 20 19 50
20 20 20 15
20 20 21 1
20 21 19 19
20 21 20 170
20 21 21 3
20 22 20 2
21 17 14 1
21 20 19 1
21 21 20 40
21 21 21 18
21 22 20 12
21 22 21 174
21 22 22 8
22 14 8 1
22 19 16 1
22 19 18 1
22 21 20 1
22 22 21 19
22 22 22 66
22 23 22 137
22 23 23 11
23 15 8 1
23 22 21 1
23 22 22 1
23 23 22 6
23 23 23 48
23 24 23 106
23 24 24 31
24 16 9 1
24 18 11 1
24 18 13 1
24 24 23 6
24 24 24 52
24 25 24 100
24 25 25 16
25 18 12 1
25 24 24 2
25 25 24 3
25 25 25 28
25 25 26 1
25 26 25 92
25 26 26 20
26 26 25 8
26 26 26 115
26 27 26 185
26 27 27 30
26 28 26 1
27 27 26 13
27 27 27 88
27 28 27 147
27 28 28 43
27 29 28 2
28 28 27 2
28 28 28 83
28 28 29 1
28 29 28 83
28 29 29 63
29 29 29 46
29 30 29 19
29 30 30 41
30 30 30 119
30 30 31 2
30 31 30 32
30 31 31 1
