32
0 0 0 1
0 1 0 1
1 1 0 4
1 1 1 1
1 2 1 4
2 2 0 4
2 2 1 16
2 2 2 4
2 3 2 3
2 10 16 1
2 11 16 1
3 2 1 3
3 3 1 7
3 3 2 13
3 3 3 9
3 4 2 2
3 4 3 5
3 5 8 1
3 6 10 1
3 7 12 1
3 9 17 1
3 10 17 2
3 11 16 1
3 12 17 2
3 12 18 1
4 3 2 2
4 4 3 4
4 4 4 10
4 5 4 6
4 5 5 1
4 10 15 1
4 11 16 1
4 11 19 1
4 12 18 2
4 12 20 1
4 13 18 4
4 13 19 3
5 4 2 1
5 4 3 1
5 5 2 1
5 5 3 4
5 5 4 10
5 5 5 10
5 6 4 2
5 6 5 3
5 6 7 1
5 11 15 2
5 12 16 1
5 12 17 3
5 13 17 1
5 13 18 1
6 5 3 2
6 6 3 3
6 6 4 3
6 6 5 4
6 7 6 2
6 11 10 1
6 12 4 1
6 12 5 4
6 12 6 1
6 12 16 3
6 13 16 1
7 6 5 1
7 7 4 1
7 7 5 3
7 7 6 3
7 11 16 1
7 12 6 1
7 12 13 1
7 13 5 1
7 13 6 2
7 13 9 1
7 13 17 1
7 14 9 2
7 14 10 1
7 14 11 1
7 14 19 1
8 6 3 1
8 7 4 1
8 8 5 1
8 8 6 2
8 8 7 4
8 8 8 1
8 9 7 1
8 9 9 1
8 10 11 1
8 11 14 1
8 12 17 1
8 13 6 1
8 13 7 2
8 14 7 2
8 14 9 1
9 7 4 2
9 8 5 1
9 8 6 1
9 8 7 1
9 9 7 5
9 9 8 2
9 10 8 2
9 10 9 2
9 13 7 1
9 13 8 1
9 14 8 1
9 15 19 1
10 7 3 1
10 8 3 1
10 9 7 1
10 9 8 3
10 10 7 1
10 10 8 2
10 10 9 1
10 11 10 1
10 11 12 1
10 12 13 1
10 13 11 1
10 13 16 1
10 14 9 1
10 14 12 1
10 14 15 1
10 14 17 1
10 15 18 1
11 9 5 1
11 9 7 1
11 10 8 2
11 10 9 6
11 11 8 2
11 11 9 4
11 11 10 1
11 11 11 1
11 12 10 2
11 12 12 1
11 13 11 1
11 14 17 2
12 9 4 2
12 9 5 3
12 10 6 1
12 11 8 2
12 11 9 1
12 11 10 2
12 11 11 1
12 11 15 1
12 12 10 2
12 12 11 4
12 12 12 3
12 13 10 1
12 13 11 1
12 13 12 2
12 13 13 1
12 14 17 2
12 16 17 1
12 17 20 1
13 9 4 3
13 10 4 6
13 10 5 10
13 10 6 4
13 11 6 3
13 11 7 2
13 12 8 1
13 12 10 3
13 12 11 3
13 13 10 1
13 13 11 6
13 13 12 7
13 14 12 2
13 14 13 1
13 14 14 2
13 14 15 1
13 15 14 1
14 10 4 27
14 10 5 20
14 10 6 2
14 11 6 3
14 11 7 3
14 12 10 1
14 13 11 1
14 13 12 5
14 13 13 1
14 14 12 5
14 14 13 12
14 15 13 4
14 15 14 1
14 15 15 1
14 16 14 1
14 16 17 1
14 16 18 1
15 12 8 2
15 13 10 1
15 13 11 1
15 14 12 5
15 14 13 5
15 15 13 28
15 15 14 15
15 15 15 1
15 16 14 22
15 16 15 5
15 17 15 1
15 17 19 1
15 17 20 1
16 13 9 1
16 14 11 1
16 14 12 2
16 14 13 1
16 15 12 3
16 15 13 9
16 15 14 8
16 16 13 3
16 16 14 65
16 16 15 29
16 16 17 1
16 17 15 18
16 17 16 14
16 18 21 1
16 19 21 1
17 13 13 1
17 15 11 2
17 15 12 1
17 15 13 9
17 16 13 15
17 16 14 25
17 16 15 6
17 16 16 2
17 17 15 48
17 17 16 127
17 17 17 21
17 17 18 1
17 18 16 38
17 18 17 34
17 18 18 2
17 19 18 1
18 10 5 2
18 12 10 1
18 15 11 2
18 16 13 11
18 16 14 49
18 16 15 2
18 17 14 24
18 17 15 63
18 17 16 53
18 17 17 4
18 18 16 50
18 18 17 154
18 18 18 21
18 19 17 80
18 19 18 46
18 19 19 2
18 19 20 1
18 20 18 1
18 20 22 5
18 21 18 1
18 21 22 4
19 14 10 1
19 15 10 1
19 17 13 2
19 17 14 5
19 17 15 103
19 17 16 34
19 17 17 1
19 18 15 9
19 18 16 138
19 18 17 118
19 18 18 17
19 19 16 2
19 19 17 160
19 19 18 187
19 19 19 28
19 19 20 1
19 20 17 11
19 20 18 98
19 20 19 87
19 20 20 6
19 20 21 7
19 21 19 1
19 21 21 3
19 21 22 114
19 21 23 55
19 22 18 1
19 22 22 4
19 22 23 53
19 22 24 1
20 12 6 1
20 16 13 1
20 18 15 5
20 18 16 8
20 18 17 14
20 19 17 131
20 19 18 81
20 19 19 20
20 20 18 89
20 20 19 249
20 20 20 28
20 20 21 4
20 21 18 3
20 21 19 115
20 21 20 147
20 21 21 7
20 21 22 17
20 21 23 2
20 22 20 3
20 22 21 3
20 22 22 4
20 22 23 216
20 22 24 124
20 23 24 26
20 23 25 1
20 23 26 1
21 13 7 1
21 18 16 1
21 20 18 5
21 20 19 14
21 21 19 56
21 21 20 185
21 21 21 10
21 22 20 35
21 22 21 154
21 22 22 20
21 22 23 6
21 22 24 13
21 23 23 7
21 23 24 85
21 23 25 78
21 23 26 1
21 24 25 8
21 24 26 3
22 14 8 1
22 16 8 1
22 17 13 1
22 20 17 1
22 20 18 3
22 20 19 1
22 21 18 5
22 21 19 18
22 21 20 6
22 22 18 1
22 22 19 44
22 22 20 56
22 22 21 75
22 22 22 65
22 23 21 4
22 23 22 93
22 23 23 55
22 23 24 3
22 23 25 3
22 24 23 3
22 24 24 1
22 24 25 10
22 24 26 66
22 25 26 10
22 25 27 14
22 25 28 5
23 22 19 8
23 22 20 54
23 22 21 4
23 23 20 21
23 23 21 40
23 23 22 32
23 23 23 55
23 23 24 2
23 24 22 2
23 24 23 83
23 24 24 59
23 24 25 5
23 25 24 7
23 25 25 1
23 25 26 2
23 25 27 43
23 25 28 2
23 26 27 6
23 26 28 35
23 26 29 5
23 27 29 1
24 17 10 1
24 17 12 1
24 18 13 1
24 22 21 1
24 23 20 11
24 23 21 38
24 23 22 2
24 24 20 1
24 24 21 20
24 24 22 38
24 24 23 17
24 24 24 21
24 25 24 36
24 25 25 42
24 26 25 5
24 26 26 1
24 26 27 1
24 26 28 8
24 26 29 12
24 27 28 1
24 27 29 26
24 27 30 4
24 28 30 2
25 24 21 1
25 24 22 61
25 25 22 24
25 25 23 2
25 25 24 3
25 25 25 23
25 25 26 1
25 26 25 5
25 26 26 25
25 26 27 1
25 27 26 1
25 27 29 8
25 27 30 4
25 28 29 2
25 28 30 33
25 29 30 3
26 25 23 3
26 25 25 1
26 26 23 1
26 26 26 11
26 27 26 7
26 27 27 16
26 27 28 1
26 28 27 5
26 28 30 1
26 29 30 8
26 29 31 1
26 30 30 1
27 26 25 2
27 28 27 3
27 28 28 13
27 28 29 1
27 29 28 2
28 28 28 3
28 28 29 1
28 29 28 3
28 29 29 8
28 29 30 1
28 30 30 2
29 30 30 10
30 30 30 3
30 31 30 3
31 30 30 1
