32
1 1 0 1
1 2 0 2
1 2 1 4
2 2 1 16
2 2 2 5
2 3 1 1
2 3 2 7
2 3 3 1
2 10 15 2
2 12 17 1
3 2 1 2
3 2 2 2
3 3 1 3
3 3 2 9
3 3 3 6
3 4 3 3
3 4 4 1
3 6 11 1
3 7 13 1
3 10 14 1
3 10 15 1
3 11 16 1
3 12 17 1
4 3 2 1
4 4 2 2
4 4 3 9
4 4 4 14
4 5 4 9
4 8 4 3
4 9 4 2
4 9 5 2
4 9 15 1
4 11 16 3
4 12 17 2
4 13 17 1
4 13 18 3
5 4 2 1
5 4 3 1
5 4 4 1
5 5 3 5
5 5 4 3
5 5 5 13
5 6 4 2
5 6 5 3
5 6 6 4
5 9 4 1
5 9 5 2
5 9 6 1
5 10 5 3
5 10 6 1
5 10 10 1
5 11 14 1
5 12 13 1
5 12 15 1
5 12 16 2
5 12 17 1
5 13 17 2
6 4 3 1
6 5 3 2
6 5 4 3
6 6 4 1
6 6 5 6
6 6 6 2
6 7 5 2
6 9 6 1
6 12 8 1
6 12 9 1
6 12 10 1
6 12 13 1
6 12 16 1
6 13 11 1
6 13 17 3
7 6 4 3
7 7 6 3
7 7 7 1
7 8 7 1
7 11 13 1
7 12 7 1
7 12 8 1
7 12 16 1
7 13 12 1
8 7 5 3
8 7 6 2
8 8 6 2
8 8 7 6
8 8 8 2
8 10 8 1
8 11 7 1
8 11 8 1
8 11 13 1
9 6 3 2
9 8 6 1
9 8 7 2
9 9 7 1
9 9 8 1
10 7 3 1
10 7 4 2
10 8 6 1
10 9 6 1
10 9 7 2
10 9 8 2
10 9 10 1
10 10 8 2
10 10 9 6
10 10 10 2
10 11 9 1
10 11 10 2
10 11 13 1
10 13 14 1
10 13 15 1
10 14 16 1
11 8 4 1
11 8 5 2
11 9 6 1
11 10 8 3
11 10 9 1
11 11 9 5
11 11 10 4
11 11 11 2
11 12 10 2
11 12 11 2
11 16 19 1
12 8 4 3
12 8 5 2
12 9 5 10
12 9 6 2
12 10 6 1
12 11 8 2
12 11 10 6
12 12 9 1
12 12 10 5
12 12 11 4
12 12 12 1
12 13 11 1
12 14 16 1
12 15 17 2
13 8 4 9
13 8 5 2
13 9 4 18
13 9 5 36
13 9 6 4
13 10 5 1
13 10 6 5
13 10 7 4
13 11 7 1
13 12 9 1
13 12 10 5
13 12 11 5
13 12 12 1
13 12 14 1
13 13 11 7
13 13 12 14
13 13 13 4
13 14 11 1
13 14 12 1
13 15 17 1
14 11 6 1
14 11 8 3
14 13 10 2
14 13 11 12
14 13 12 11
14 14 12 3
14 14 13 6
14 14 14 1
14 15 13 5
14 15 14 13
14 16 17 1
14 17 18 1
15 12 10 2
15 13 10 2
15 13 11 24
15 13 12 20
15 13 13 1
15 14 11 2
15 14 12 38
15 14 13 9
15 15 13 33
15 15 14 19
15 16 13 1
15 16 14 41
15 16 15 50
15 16 16 1
15 17 15 1
15 19 20 1
16 13 10 2
16 14 12 44
16 14 13 49
16 15 13 158
16 15 14 19
16 16 13 5
16 16 14 91
16 16 15 56
16 16 16 3
16 16 17 1
16 16 18 1
16 17 15 49
16 17 16 188
16 17 17 1
16 17 19 1
16 18 16 3
16 18 20 1
16 19 17 1
17 15 12 1
17 15 13 26
17 15 14 8
17 15 15 1
17 16 13 2
17 16 14 112
17 16 15 75
17 16 16 1
17 17 14 4
17 17 15 107
17 17 16 95
17 17 17 35
17 17 18 1
17 18 16 36
17 18 17 256
17 19 17 6
17 20 18 1
18 16 13 3
18 16 14 1
18 16 15 1
18 17 14 3
18 17 15 70
18 17 16 104
18 17 17 1
18 18 15 7
18 18 16 40
18 18 17 131
18 18 18 21
18 19 17 50
18 19 18 225
18 19 19 2
18 20 18 1
19 11 6 1
19 13 10 1
19 17 13 1
19 17 14 3
19 17 16 1
19 18 15 7
19 18 16 11
19 18 17 51
19 18 18 3
19 19 16 5
19 19 17 46
19 19 18 137
19 19 19 19
19 20 18 39
19 20 19 224
20 12 6 1
20 17 15 1
20 18 15 2
20 18 16 2
20 19 16 17
20 19 17 18
20 19 18 15
20 19 19 8
20 20 17 2
20 20 18 23
20 20 19 116
20 20 20 22
20 21 19 31
20 21 20 156
20 21 21 1
20 22 20 1
21 17 14 1
21 18 16 1
21 19 16 5
21 19 17 3
21 20 16 2
21 20 17 18
21 20 18 11
21 20 20 1
21 21 17 1
21 21 18 7
21 21 19 31
21 21 20 72
21 21 21 15
21 22 20 10
21 22 21 161
21 22 22 9
21 23 21 1
22 19 16 1
22 19 17 2
22 20 17 12
22 20 18 1
22 21 17 12
22 21 18 79
22 21 19 21
22 21 20 2
22 22 18 4
22 22 19 6
22 22 20 15
22 22 21 24
22 22 22 43
22 23 22 121
22 23 23 15
23 15 8 1
23 16 12 1
23 21 18 6
23 21 19 1
23 22 18 29
23 22 19 34
23 22 20 12
23 22 21 2
23 23 20 6
23 23 22 13
23 23 23 37
23 24 23 121
23 24 24 25
24 19 15 1
24 21 20 1
24 22 18 3
24 22 19 33
24 23 19 16
24 23 20 20
24 23 22 4
24 24 23 11
24 24 24 60
24 24 25 1
24 25 24 84
24 25 25 20
25 18 12 1
25 23 20 32
25 23 22 1
25 24 20 1
25 25 24 7
25 25 25 39
25 25 26 1
25 26 25 76
25 26 26 58
26 24 21 1
26 25 23 1
26 25 24 1
26 26 25 2
26 26 26 110
26 27 26 145
26 27 27 119
27 27 26 6
27 27 27 107
27 27 28 1
27 28 27 65
27 28 28 116
28 28 28 67
28 28 29 1
28 29 28 16
28 29 29 81
29 29 28 1
29 29 29 24
29 29 30 10
29 30 29 10
29 30 30 72
30 30 30 129
30 30 31 2
30 31 30 41
30 31 31 16
