32
1 1 0 12
1 1 1 2
1 2 1 14
2 2 1 10
2 2 2 8
2 3 1 2
2 3 2 5
2 8 13 2
2 9 14 2
2 10 15 3
2 10 16 1
2 11 16 3
2 12 17 3
3 2 2 1
3 3 2 11
3 3 3 10
3 4 2 2
3 4 3 12
3 6 10 1
3 6 11 1
3 7 3 1
3 7 13 1
3 8 4 5
3 9 14 1
3 10 13 1
3 10 14 2
3 11 16 1
3 12 16 1
3 12 17 2
4 4 2 1
4 4 3 12
4 4 4 16
4 5 4 11
4 5 8 1
4 8 4 4
4 8 5 3
4 9 5 1
4 9 6 1
4 9 8 1
4 10 7 1
4 10 8 1
4 10 9 1
4 10 11 1
4 10 15 1
4 10 17 1
4 11 8 1
4 11 10 1
4 11 14 1
4 11 15 2
4 11 18 1
4 12 16 1
5 5 4 6
5 5 5 13
5 6 4 3
5 6 5 8
5 6 6 1
5 7 5 1
5 8 5 1
5 9 6 1
5 10 9 1
5 10 11 1
5 10 14 1
5 11 12 1
5 11 14 1
5 12 20 1
5 13 21 1
6 4 3 1
6 5 3 1
6 5 4 1
6 6 4 1
6 6 5 6
6 6 6 1
6 7 5 1
6 7 6 1
6 7 8 1
6 10 6 1
6 10 12 1
6 12 16 1
6 13 17 1
7 5 3 1
7 6 4 3
7 7 5 1
7 7 6 9
7 7 7 1
7 8 7 1
7 9 8 1
7 11 13 1
7 11 14 1
8 6 3 8
8 6 4 39
8 7 5 2
8 8 7 14
8 8 8 2
8 9 7 1
8 9 8 2
8 11 8 1
8 11 13 1
8 14 17 1
9 6 3 1
9 6 4 16
9 7 4 3
9 7 5 10
9 8 6 3
9 8 7 1
9 9 8 9
9 10 8 2
9 10 9 6
9 10 10 1
9 10 13 2
9 13 15 1
10 10 8 4
10 10 9 12
10 10 10 5
10 11 9 2
10 12 14 1
10 13 16 1
11 9 7 1
11 9 8 2
11 10 8 1
11 10 9 1
11 10 10 1
11 11 8 1
11 11 9 5
11 11 10 18
11 11 11 4
11 11 12 1
11 12 11 4
11 13 11 1
11 13 15 1
11 14 16 1
12 10 9 1
12 11 9 2
12 11 10 2
12 11 11 1
12 12 10 6
12 12 11 59
12 12 12 7
12 13 11 1
12 13 12 12
12 14 16 1
12 15 12 1
13 11 9 1
13 12 10 1
13 12 11 74
13 12 12 4
13 12 13 1
13 13 11 13
13 13 12 178
13 13 13 15
13 14 12 7
13 14 13 16
13 15 15 1
14 12 10 1
14 13 11 2
14 13 12 20
14 13 13 28
14 14 11 1
14 14 12 2
14 14 13 150
14 14 14 18
14 15 13 53
14 15 14 114
14 15 16 1
14 16 14 3
14 17 19 1
15 13 11 1
15 13 12 1
15 14 13 4
15 14 14 7
15 15 13 41
15 15 14 250
15 15 15 48
15 16 13 2
15 16 14 91
15 16 15 144
15 16 16 1
15 16 17 1
15 17 15 3
15 17 19 1
15 18 16 1
16 13 13 1
16 14 11 1
16 14 14 1
16 15 13 2
16 15 14 4
16 15 15 10
16 16 14 86
16 16 15 160
16 16 16 30
16 17 15 48
16 17 16 248
16 17 17 3
16 18 16 1
16 18 17 1
16 18 19 1
17 16 15 2
17 16 16 1
17 17 15 5
17 17 16 168
17 17 17 95
17 17 18 1
17 18 16 36
17 18 17 387
17 18 18 7
17 19 17 5
17 19 18 2
18 11 8 1
18 17 15 1
18 17 16 2
18 17 18 1
18 18 17 139
18 18 18 36
18 19 17 47
18 19 18 306
18 19 19 5
19 10 5 1
19 18 17 2
19 19 17 1
19 19 18 88
19 19 19 26
19 20 18 28
19 20 19 222
19 21 19 2
20 12 6 1
20 15 10 1
20 18 17 1
20 19 17 1
20 19 18 1
20 19 19 1
20 20 19 47
20 20 20 11
20 21 19 21
20 21 20 168
20 21 21 2
20 22 20 5
21 13 7 1
21 20 18 1
21 21 20 28
21 21 21 29
21 22 20 10
21 22 21 181
21 22 22 6
22 14 7 1
22 17 13 1
22 19 16 1
22 19 17 1
22 21 20 3
22 22 21 19
22 22 22 66
22 23 22 125
22 23 23 27
23 16 9 1
23 18 14 1
23 22 22 1
23 23 22 5
23 23 23 54
23 23 24 2
23 24 23 113
23 24 24 44
24 19 11 1
24 23 22 1
24 24 23 9
24 24 24 52
24 25 24 99
24 25 25 16
24 26 25 1
25 18 12 1
25 24 24 1
25 25 24 1
25 25 25 36
25 26 25 81
25 26 26 26
26 26 25 10
26 26 26 108
26 26 27 1
26 27 26 198
26 27 27 37
26 28 27 2
27 27 26 24
27 27 27 113
27 28 27 145
27 28 28 45
28 28 27 3
28 28 28 87
28 28 29 1
28 29 28 83
28 29 29 56
29 29 29 48
29 29 30 2
29 30 29 20
29 30 30 38
30 30 30 118
30 31 30 44
30 31 31 2
