32
0 0 0 1
0 1 0 1
1 1 0 5
1 1 1 3
1 2 1 16
2 2 1 7
2 2 2 4
2 3 2 9
2 8 12 2
2 8 13 2
2 9 13 1
2 10 14 1
2 10 15 3
2 10 16 1
2 11 16 2
3 3 2 10
3 3 3 13
3 4 3 10
3 7 4 1
3 8 4 5
3 8 5 1
3 9 13 1
3 10 14 2
3 10 15 4
3 11 16 2
3 12 16 2
4 4 2 1
4 4 3 13
4 4 4 21
4 5 3 1
4 5 4 14
4 8 4 3
4 8 5 2
4 9 12 1
4 10 6 1
4 10 7 1
4 10 9 1
4 10 12 2
4 10 13 1
4 10 14 2
4 11 14 1
4 11 15 1
5 4 3 1
5 4 4 1
5 5 4 9
5 5 5 14
5 6 5 7
5 6 6 4
5 8 5 1
5 9 5 1
5 10 7 1
5 10 9 1
5 10 12 1
5 11 11 1
5 11 15 2
6 5 3 2
6 5 4 1
6 5 5 3
6 6 4 2
6 6 5 4
6 6 6 3
6 7 5 3
6 7 6 7
6 7 8 1
6 9 6 1
6 10 8 1
6 10 13 1
6 11 13 1
6 11 14 1
7 5 3 1
7 6 3 1
7 6 4 3
7 6 5 1
7 7 6 4
7 7 7 2
7 8 6 1
7 8 7 3
7 10 7 1
7 10 14 1
7 12 14 1
8 6 3 7
8 6 4 53
8 7 4 2
8 7 5 4
8 8 5 1
8 8 6 1
8 8 7 14
8 8 8 2
8 9 8 2
8 10 8 1
8 11 13 1
8 12 15 1
8 13 15 1
8 13 16 1
9 6 4 13
9 7 4 5
9 7 5 7
9 8 6 4
9 8 8 1
9 9 7 1
9 9 8 9
9 9 9 3
9 10 9 3
9 10 10 1
9 11 12 1
9 13 10 1
10 9 7 2
10 9 9 1
10 10 8 1
10 10 9 18
10 10 10 4
10 11 10 6
10 12 10 1
10 12 14 1
10 13 10 1
10 14 16 1
10 14 17 1
11 10 9 1
11 11 10 22
11 11 11 5
11 12 10 3
11 12 11 12
11 15 17 1
12 11 10 1
12 12 9 1
12 12 10 4
12 12 11 79
12 12 12 5
12 13 11 4
12 13 12 17
12 14 15 1
12 14 16 1
13 12 10 1
13 12 11 63
13 12 12 9
13 13 11 13
13 13 12 211
13 13 13 24
13 14 12 3
13 14 13 19
14 13 12 12
14 13 13 20
14 13 14 1
14 14 13 153
14 14 14 16
14 15 13 36
14 15 14 102
14 15 19 1
15 14 12 1
15 14 13 6
15 14 14 10
15 15 13 27
15 15 14 267
15 15 15 52
15 15 16 1
15 16 14 82
15 16 15 174
15 16 16 1
15 17 16 1
15 17 18 1
16 13 13 1
16 14 13 1
16 15 14 2
16 15 15 9
16 16 13 1
16 16 14 47
16 16 15 140
16 16 16 34
16 17 15 49
16 17 16 235
16 17 17 1
16 18 16 1
16 18 17 1
17 16 14 1
17 16 15 2
17 16 16 1
17 17 15 7
17 17 16 150
17 17 17 93
17 18 16 38
17 18 17 380
17 18 18 7
17 19 17 10
17 19 18 2
18 16 15 1
18 17 15 1
18 17 16 3
18 17 17 1
18 18 17 152
18 18 18 49
18 19 17 48
18 19 18 346
18 19 19 4
18 20 18 2
19 12 8 1
19 18 16 1
19 18 17 3
19 19 17 1
19 19 18 83
19 19 19 28
19 20 18 24
19 20 19 239
19 20 20 2
19 21 19 6
20 19 17 1
20 19 18 2
20 20 19 42
20 20 20 17
20 21 19 10
20 21 20 193
20 21 21 4
20 22 20 7
21 17 13 1
21 19 17 1
21 20 20 1
21 21 20 39
21 21 21 22
21 22 20 13
21 22 21 187
21 22 22 7
22 21 20 4
22 22 21 15
22 22 22 76
22 23 22 145
22 23 23 31
23 18 14 1
23 22 21 1
23 22 22 3
23 23 22 11
23 23 23 69
23 24 22 1
23 24 23 111
23 24 24 54
24 23 23 1
24 24 23 9
24 24 24 64
24 25 24 103
24 25 25 26
25 24 24 1
25 25 24 3
25 25 25 45
25 25 26 1
25 26 25 94
25 26 26 30
26 26 25 9
26 26 26 75
26 27 26 196
26 27 27 49
26 28 27 1
27 27 26 14
27 27 27 94
27 28 27 164
27 28 28 60
28 27 28 1
28 28 27 2
28 28 28 69
28 29 28 69
28 29 29 65
29 29 28 1
29 29 29 40
29 29 30 1
29 30 29 22
29 30 30 46
30 30 29 1
30 30 30 196
30 30 31 4
30 31 30 56
30 31 31 1
