32
1 1 0 7
1 1 1 6
1 2 0 1
1 2 1 4
2 2 1 10
2 2 2 3
2 3 2 13
2 3 3 1
2 8 13 1
2 9 13 1
2 9 14 3
2 10 14 1
2 10 15 1
2 10 16 3
2 11 16 2
2 12 17 1
3 3 2 8
3 3 3 13
3 4 2 2
3 4 3 11
3 4 4 1
3 6 11 1
3 7 3 1
3 7 4 1
3 8 4 2
3 8 5 1
3 9 16 1
3 10 13 1
3 10 15 1
3 11 13 1
3 11 15 1
3 11 16 1
3 12 17 3
4 4 3 15
4 4 4 17
4 5 4 13
4 8 4 4
4 8 5 1
4 9 5 2
4 9 8 1
4 9 12 1
4 10 7 1
4 10 8 1
4 11 9 1
4 11 15 1
4 11 18 1
4 12 16 1
5 5 3 1
5 5 4 1
5 5 5 12
5 6 4 2
5 6 5 11
5 8 5 1
5 8 6 1
5 9 5 1
5 9 6 1
5 10 11 1
5 10 14 1
5 11 7 1
5 11 10 1
5 11 15 3
5 12 16 1
5 13 21 1
6 5 3 4
6 5 4 1
6 5 5 1
6 6 4 1
6 6 5 4
6 6 6 3
6 7 5 1
6 7 6 6
6 7 7 1
6 9 6 1
6 10 7 1
6 10 14 1
6 11 15 1
6 12 16 1
6 12 17 1
7 5 3 1
7 6 4 2
7 7 6 6
7 7 7 2
7 8 6 1
7 8 7 4
7 8 8 1
7 9 8 1
7 10 14 1
7 11 8 2
7 11 13 1
7 13 16 1
8 6 3 1
8 6 4 61
8 7 4 2
8 7 5 3
8 7 6 1
8 8 6 1
8 8 7 9
8 9 7 2
8 9 8 8
8 9 10 1
8 10 8 1
8 10 13 1
8 11 14 1
9 6 4 9
9 7 4 2
9 7 5 6
9 8 5 1
9 8 6 4
9 8 8 1
9 9 7 2
9 9 8 9
9 9 9 3
9 10 8 2
9 10 9 5
9 10 10 1
9 10 11 1
9 12 15 1
9 13 16 1
10 8 6 2
10 8 7 2
10 9 7 2
10 10 8 2
10 10 9 8
10 10 10 7
10 11 9 1
10 11 10 7
10 14 16 1
11 10 9 2
11 10 13 1
11 11 8 1
11 11 9 2
11 11 10 16
11 11 11 10
11 12 10 2
11 12 11 8
11 14 16 2
11 16 18 1
12 10 8 1
12 10 9 1
12 11 10 4
12 11 11 1
12 12 9 1
12 12 10 3
12 12 11 55
12 12 12 4
12 13 11 2
12 13 12 11
12 16 18 1
13 12 11 62
13 12 12 19
13 13 11 8
13 13 12 178
13 13 13 24
13 14 12 4
13 14 13 25
13 16 17 1
14 13 10 1
14 13 11 1
14 13 12 6
14 13 13 28
14 14 12 3
14 14 13 140
14 14 14 18
14 14 16 1
14 15 13 27
14 15 14 105
14 15 16 2
14 16 15 1
15 14 13 4
15 14 14 19
15 15 13 31
15 15 14 249
15 15 15 44
15 16 13 1
15 16 14 74
15 16 15 182
15 16 17 1
15 17 15 3
15 17 16 1
15 17 19 1
16 14 13 1
16 15 12 1
16 15 14 3
16 15 15 10
16 16 13 1
16 16 14 63
16 16 15 151
16 16 16 37
16 17 15 28
16 17 16 247
16 18 16 4
16 18 17 1
16 19 17 1
17 16 15 2
17 16 16 2
17 17 15 2
17 17 16 150
17 17 17 98
17 18 16 33
17 18 17 423
17 18 18 12
17 19 17 12
17 19 18 4
18 12 8 1
18 17 17 3
18 18 16 1
18 18 17 137
18 18 18 37
18 19 17 37
18 19 18 337
18 19 19 2
18 20 18 2
19 17 14 1
19 18 17 1
19 19 17 1
19 19 18 88
19 19 19 31
19 19 20 1
19 20 18 29
19 20 19 242
19 20 20 3
19 21 19 4
20 11 6 1
20 14 10 1
20 19 18 1
20 20 19 41
20 20 20 18
20 21 19 16
20 21 20 191
20 21 21 6
20 22 20 2
21 19 18 1
21 20 19 1
21 21 20 28
21 21 21 21
21 22 20 9
21 22 21 170
21 22 22 7
22 14 8 1
22 16 11 1
22 19 16 1
22 21 20 4
22 22 21 20
22 22 22 51
22 23 22 115
22 23 23 12
23 15 8 1
23 19 16 1
23 23 22 11
23 23 23 36
23 24 23 123
23 24 24 29
23 25 24 1
24 17 10 1
24 18 11 1
24 23 22 1
24 23 24 1
24 24 23 5
24 24 24 58
24 24 25 1
24 25 24 88
24 25 25 12
25 19 14 1
25 24 24 3
25 25 24 4
25 25 25 28
25 26 25 65
25 26 26 36
26 26 25 3
26 26 26 104
26 26 27 3
26 27 26 186
26 27 27 31
26 28 27 2
27 27 26 14
27 27 27 90
27 28 27 138
27 28 28 68
27 29 28 1
28 28 27 6
28 28 28 82
28 29 28 61
28 29 29 78
29 29 29 48
29 30 29 15
29 30 30 44
30 30 29 1
30 30 30 158
30 30 31 4
30 31 30 55
30 31 31 6
31 30 31 1
