32
1 0 0 1
1 1 0 4
1 2 1 2
2 2 0 4
2 2 1 11
2 2 2 2
2 3 1 1
2 3 2 6
3 2 1 1
3 3 1 4
3 3 2 14
3 3 3 8
3 4 2 2
3 4 3 7
3 6 11 2
3 7 12 1
3 9 17 1
3 11 16 1
4 3 2 3
4 4 2 1
4 4 3 8
4 4 4 6
4 5 4 5
4 5 8 1
4 9 17 1
4 10 18 1
4 12 17 2
4 12 18 1
4 13 18 2
4 13 19 1
5 4 2 2
5 4 4 1
5 5 3 3
5 5 4 14
5 5 5 5
5 5 6 1
5 6 5 9
5 10 12 1
5 11 16 1
5 12 20 1
5 13 17 1
5 13 19 1
6 5 3 2
6 5 4 1
6 5 5 3
6 6 3 4
6 6 4 5
6 6 5 5
6 6 6 3
6 7 5 2
6 12 5 3
6 12 6 1
6 12 16 1
6 12 17 1
6 13 14 1
6 13 16 1
6 13 17 1
7 6 3 1
7 6 4 2
7 6 5 1
7 7 4 1
7 7 5 3
7 7 6 3
7 8 6 1
7 8 7 1
7 10 6 1
7 12 6 2
7 12 12 1
7 13 5 2
7 13 6 3
7 14 9 2
8 7 4 2
8 7 6 2
8 7 7 1
8 8 6 3
8 10 11 1
8 11 15 1
8 13 6 1
8 13 7 1
8 13 9 1
8 13 14 1
8 13 17 1
8 14 6 1
8 14 7 1
8 14 9 1
8 14 10 1
8 14 11 1
8 14 18 1
9 8 5 1
9 8 6 2
9 8 7 1
9 9 6 1
9 9 7 4
9 9 8 5
9 9 9 1
9 9 11 1
9 10 10 1
9 12 15 1
9 13 8 1
9 14 8 1
10 7 3 1
10 9 7 1
10 9 8 1
10 10 7 1
10 10 8 5
10 10 9 1
10 10 10 1
10 10 11 1
10 11 8 1
10 11 10 2
10 12 11 1
10 14 8 1
10 14 17 1
11 8 4 2
11 9 5 2
11 9 6 1
11 10 8 1
11 10 9 3
11 10 10 1
11 10 11 1
11 11 8 2
11 11 9 6
11 11 10 5
11 11 11 1
11 11 12 1
11 12 8 1
11 12 12 1
11 13 16 2
11 14 17 2
11 15 19 1
12 9 4 1
12 9 5 3
12 11 6 1
12 11 8 1
12 11 9 4
12 11 10 4
12 12 10 6
12 12 11 4
12 12 12 1
12 13 11 2
12 13 12 1
12 13 13 1
12 13 14 1
13 9 4 1
13 10 4 2
13 10 5 6
13 10 6 1
13 11 6 2
13 11 8 1
13 11 14 1
13 12 9 2
13 12 10 5
13 12 11 5
13 13 10 2
13 13 11 7
13 13 12 6
13 13 13 10
13 14 10 1
13 14 12 1
13 14 13 1
13 14 14 1
13 14 16 1
13 16 17 1
14 10 4 30
14 10 5 33
14 11 5 1
14 11 6 4
14 11 7 5
14 13 10 2
14 13 11 1
14 13 12 2
14 13 13 1
14 14 12 5
14 14 13 7
14 14 14 3
14 15 11 1
14 15 13 5
14 15 14 2
14 16 16 1
14 16 18 1
14 16 19 1
14 17 20 1
15 11 5 1
15 11 7 1
15 12 8 4
15 13 9 2
15 13 10 1
15 13 11 1
15 14 11 1
15 14 12 1
15 14 13 6
15 15 12 1
15 15 13 48
15 15 14 11
15 16 13 3
15 16 14 20
15 16 15 6
15 16 16 1
15 18 21 1
16 14 12 2
16 15 12 3
16 15 13 10
16 15 14 6
16 15 15 1
16 16 13 6
16 16 14 67
16 16 15 26
16 16 16 1
16 17 15 23
16 17 16 15
17 14 9 1
17 14 11 1
17 15 11 1
17 15 12 1
17 15 13 6
17 16 13 12
17 16 14 24
17 16 15 8
17 17 15 55
17 17 16 114
17 17 17 11
17 18 16 54
17 18 17 34
17 18 18 2
17 19 21 1
18 9 5 1
18 16 13 21
18 16 14 31
18 16 15 1
18 17 14 41
18 17 15 58
18 17 16 62
18 17 17 8
18 18 14 1
18 18 15 3
18 18 16 61
18 18 17 144
18 18 18 18
18 18 19 1
18 19 17 76
18 19 18 36
18 19 19 4
18 19 20 1
18 20 22 23
18 21 18 1
18 21 22 11
18 21 24 1
19 11 7 1
19 15 14 1
19 17 14 12
19 17 15 87
19 17 16 14
19 18 15 18
19 18 16 158
19 18 17 97
19 18 18 11
19 19 16 2
19 19 17 188
19 19 18 187
19 19 19 21
19 19 20 2
19 20 17 12
19 20 18 83
19 20 19 88
19 20 20 14
19 20 21 10
19 20 22 3
19 20 23 1
19 21 19 3
19 21 20 4
19 21 21 7
19 21 22 168
19 21 23 41
19 22 19 1
19 22 22 1
19 22 23 37
20 14 9 1
20 16 13 1
20 18 15 9
20 18 16 25
20 18 17 20
20 19 16 13
20 19 17 160
20 19 18 76
20 19 19 20
20 20 17 7
20 20 18 97
20 20 19 207
20 20 20 23
20 20 21 4
20 21 17 1
20 21 18 7
20 21 19 127
20 21 20 129
20 21 21 15
20 21 22 25
20 21 23 1
20 22 20 5
20 22 21 2
20 22 22 21
20 22 23 179
20 22 24 109
20 23 24 19
20 23 26 1
21 17 15 1
21 19 16 1
21 19 17 1
21 20 17 7
21 20 18 19
21 20 19 16
21 21 18 9
21 21 19 80
21 21 20 155
21 21 21 14
21 21 22 1
21 22 20 58
21 22 21 148
21 22 22 28
21 22 23 4
21 22 24 9
21 23 23 3
21 23 24 65
21 23 25 73
21 24 25 3
22 14 7 1
22 15 8 1
22 17 10 1
22 20 17 1
22 21 18 30
22 21 19 41
22 21 20 10
22 22 18 4
22 22 19 55
22 22 20 37
22 22 21 74
22 22 22 64
22 22 23 1
22 23 20 1
22 23 21 1
22 23 22 111
22 23 23 40
22 23 24 11
22 23 25 7
22 24 23 3
22 24 24 3
22 24 25 18
22 24 26 49
22 25 26 10
22 25 27 9
23 17 13 1
23 22 19 15
23 22 20 56
23 22 21 4
23 22 22 1
23 23 20 25
23 23 21 33
23 23 22 34
23 23 23 95
23 24 21 1
23 24 22 1
23 24 23 116
23 24 24 64
23 24 25 8
23 25 24 10
23 25 25 3
23 25 26 11
23 25 27 31
23 25 28 3
23 26 28 19
23 27 29 1
23 27 30 1
24 17 11 1
24 22 20 3
24 23 20 16
24 23 21 63
24 23 22 1
24 24 21 39
24 24 22 29
24 24 23 5
24 24 24 28
24 25 24 44
24 25 25 45
24 25 26 9
24 26 25 7
24 26 26 4
24 26 27 5
24 26 28 12
24 26 29 4
24 27 29 11
24 27 30 2
25 24 21 11
25 24 22 73
25 25 22 34
25 25 23 17
25 25 24 2
25 25 25 19
25 26 25 16
25 26 26 31
25 26 27 7
25 26 28 1
25 27 26 2
25 27 27 2
25 27 28 2
25 27 29 9
25 27 30 7
25 28 29 2
25 28 30 12
25 29 30 2
26 25 23 2
26 25 24 1
26 26 24 1
26 26 25 3
26 26 26 7
26 27 26 9
26 27 27 12
26 28 27 6
26 28 28 3
26 29 30 3
27 26 24 1
27 27 27 7
27 28 27 4
27 28 28 10
27 28 29 1
27 29 28 3
27 29 29 2
28 28 28 4
28 28 29 2
28 29 28 6
28 29 29 14
29 29 29 8
29 30 29 1
29 30 30 8
30 30 30 28
30 31 30 9
30 31 31 1
