32
0 1 0 2
1 1 0 6
1 1 1 6
1 2 1 11
2 2 1 13
2 2 2 8
2 3 1 1
2 3 2 8
2 3 4 1
2 5 11 1
2 8 12 1
2 8 13 2
2 9 13 2
2 9 14 3
2 10 15 4
2 11 16 2
2 11 17 1
3 3 2 12
3 3 3 14
3 4 3 19
3 5 8 1
3 6 11 1
3 7 4 3
3 7 12 1
3 8 4 2
3 10 13 1
3 10 14 2
3 10 15 2
3 11 12 1
3 11 14 1
3 11 16 3
3 12 16 2
4 4 3 16
4 4 4 10
4 5 4 13
4 5 5 1
4 5 7 1
4 5 8 1
4 6 7 1
4 6 10 1
4 7 11 1
4 8 4 2
4 8 5 2
4 8 7 1
4 9 5 1
4 9 7 1
4 9 9 1
4 10 6 1
4 10 7 1
4 10 10 1
4 10 13 1
4 10 17 1
4 11 7 1
4 11 18 1
4 12 16 1
4 13 21 1
5 4 3 1
5 5 4 7
5 5 5 5
5 6 4 1
5 6 5 4
5 6 8 1
5 7 8 1
5 8 5 2
5 9 6 1
5 10 8 1
5 10 9 1
5 10 14 1
5 10 17 2
5 12 20 1
6 4 3 1
6 5 3 1
6 5 4 3
6 6 4 1
6 6 5 8
6 6 6 1
6 7 5 2
6 7 6 4
6 9 7 1
6 9 13 1
6 10 14 1
6 11 10 1
6 11 11 1
6 11 14 1
6 13 20 1
7 6 4 5
7 6 5 1
7 7 6 8
7 8 6 1
7 8 7 2
7 9 7 1
7 13 19 1
8 6 3 2
8 6 4 52
8 6 5 1
8 7 5 6
8 7 7 1
8 8 7 11
8 8 8 6
8 9 8 4
8 10 13 1
8 11 14 1
8 12 9 1
8 12 15 1
8 13 16 3
9 6 4 4
9 7 4 5
9 7 5 5
9 7 6 1
9 8 5 2
9 8 6 3
9 8 7 1
9 9 7 2
9 9 8 8
9 9 9 4
9 10 7 1
9 10 8 1
9 10 9 6
9 11 14 1
9 12 15 1
9 13 16 1
10 8 7 1
10 9 7 1
10 9 8 1
10 10 7 1
10 10 8 4
10 10 9 7
10 10 10 6
10 10 11 1
10 11 9 3
10 11 10 5
10 13 11 1
10 13 16 1
10 14 16 1
10 14 17 1
10 15 17 1
11 9 8 1
11 10 9 1
11 11 8 2
11 11 9 2
11 11 10 10
11 11 11 6
11 12 10 3
11 12 11 11
11 13 15 2
11 14 16 1
12 11 9 2
12 11 10 2
12 11 11 1
12 11 13 1
12 12 9 1
12 12 10 5
12 12 11 66
12 12 12 7
12 13 12 9
12 13 13 1
12 13 15 1
12 16 18 1
13 11 9 1
13 12 9 1
13 12 10 2
13 12 11 66
13 12 12 15
13 13 11 8
13 13 12 172
13 13 13 34
13 14 12 2
13 14 13 15
13 15 13 3
13 15 15 1
14 13 11 3
14 13 12 9
14 13 13 23
14 14 12 2
14 14 13 139
14 14 14 24
14 15 13 25
14 15 14 114
14 15 16 1
14 15 18 1
14 16 14 2
15 12 12 2
15 13 10 1
15 14 12 1
15 14 13 4
15 14 14 5
15 15 13 43
15 15 14 236
15 15 15 50
15 16 13 1
15 16 14 105
15 16 15 196
15 17 15 5
16 14 13 1
16 14 14 1
16 15 13 4
16 15 14 8
16 15 15 5
16 16 14 39
16 16 15 150
16 16 16 27
16 16 17 1
16 17 15 39
16 17 16 285
16 17 17 4
16 18 16 1
16 18 17 1
17 15 14 1
17 15 15 1
17 16 14 2
17 16 15 2
17 16 16 1
17 17 15 1
17 17 16 150
17 17 17 96
17 18 16 36
17 18 17 407
17 18 18 9
17 19 17 10
17 19 18 2
18 17 16 1
18 17 17 2
18 18 10 1
18 18 16 3
18 18 17 130
18 18 18 43
18 19 17 40
18 19 18 343
18 19 19 4
18 20 18 8
18 20 19 1
19 11 5 1
19 13 11 1
19 18 17 1
19 19 17 1
19 19 18 76
19 19 19 28
19 20 18 22
19 20 19 229
19 20 20 1
19 21 19 1
20 12 6 1
20 18 17 1
20 19 18 1
20 20 10 1
20 20 19 42
20 20 20 21
20 21 19 13
20 21 20 185
20 21 21 3
20 22 20 3
21 15 10 1
21 17 14 1
21 19 18 1
21 20 19 2
21 21 20 31
21 21 21 16
21 22 12 1
21 22 20 10
21 22 21 173
21 22 22 10
22 15 8 1
22 19 16 1
22 21 20 2
22 22 21 17
22 22 22 65
22 23 22 123
22 23 23 15
22 24 22 1
23 14 8 1
23 18 14 1
23 19 11 1
23 23 22 5
23 23 23 32
23 23 24 1
23 24 23 105
23 24 24 21
24 17 10 1
24 24 23 5
24 24 24 55
24 25 24 93
24 25 25 15
25 18 12 1
25 24 24 1
25 25 24 3
25 25 25 29
25 26 25 73
25 26 26 28
26 26 25 6
26 26 26 90
26 27 26 184
26 27 27 49
27 27 26 8
27 27 27 102
27 28 27 140
27 28 28 66
28 28 27 2
28 28 28 77
28 28 29 1
28 29 28 79
28 29 29 69
29 29 29 44
29 29 30 2
29 30 29 22
29 30 30 48
30 30 30 174
30 30 31 1
30 31 30 50
30 31 31 2
31 30 30 1
