32
0 1 0 3
1 1 0 7
1 1 1 5
1 2 1 17
2 2 1 12
2 2 2 3
2 3 1 1
2 3 2 12
2 8 13 2
2 9 13 1
2 9 14 2
2 10 15 3
2 11 16 3
3 2 1 1
3 3 2 11
3 3 3 11
3 4 2 1
3 4 3 4
3 6 10 1
3 7 4 1
3 8 4 4
3 9 13 1
3 10 14 2
3 10 15 2
3 11 13 1
3 11 14 1
3 11 15 2
3 12 16 1
4 4 3 19
4 4 4 24
4 5 3 1
4 5 4 6
4 7 13 1
4 8 4 4
4 8 5 1
4 9 5 2
4 9 8 2
4 10 6 1
4 10 7 1
4 10 8 1
4 10 11 1
4 10 13 1
4 10 17 1
4 11 10 2
4 11 16 2
4 11 18 1
5 5 3 1
5 5 4 10
5 5 5 13
5 6 4 1
5 6 5 4
5 6 6 2
5 8 5 1
5 9 6 1
5 10 8 1
6 4 3 2
6 5 3 2
6 6 5 5
6 6 6 4
6 7 6 8
6 10 7 1
6 11 9 1
6 11 11 1
6 11 14 1
7 5 3 1
7 6 4 1
7 6 5 1
7 7 6 4
7 7 7 2
7 8 6 2
7 8 7 2
7 10 14 1
7 11 8 1
7 11 14 1
7 12 15 1
8 6 3 3
8 6 4 58
8 6 5 2
8 7 5 1
8 7 6 1
8 8 5 1
8 8 6 3
8 8 7 11
8 8 8 6
8 9 8 6
8 10 8 2
8 10 11 1
8 12 9 1
8 12 14 1
8 12 15 3
9 6 4 7
9 7 4 6
9 7 5 6
9 7 6 1
9 8 5 1
9 8 6 4
9 8 8 1
9 9 8 9
9 9 9 2
9 10 8 2
9 10 9 2
9 10 10 3
9 12 10 1
9 13 16 2
10 8 7 1
10 9 8 2
10 10 8 2
10 10 9 9
10 10 10 2
10 10 11 1
10 11 9 1
10 11 10 6
10 11 11 1
10 14 17 1
11 9 7 1
11 10 8 1
11 11 9 7
11 11 10 22
11 11 11 7
11 12 10 5
11 12 11 9
11 14 17 1
11 15 17 1
12 10 9 1
12 11 9 1
12 11 10 1
12 11 12 1
12 12 9 1
12 12 10 3
12 12 11 78
12 12 12 11
12 13 11 5
12 13 12 18
12 15 17 1
13 12 11 65
13 12 12 5
13 13 11 14
13 13 12 210
13 13 13 26
13 14 12 6
13 14 13 16
13 15 14 1
13 15 15 1
13 16 18 1
14 12 11 1
14 13 11 1
14 13 12 9
14 13 13 34
14 14 13 153
14 14 14 16
14 15 13 31
14 15 14 111
14 15 15 1
14 15 16 2
14 16 14 1
14 16 15 1
15 13 13 1
15 14 12 1
15 14 13 4
15 14 14 14
15 15 13 43
15 15 14 246
15 15 15 62
15 16 13 3
15 16 14 111
15 16 15 202
15 17 15 1
16 15 13 1
16 15 14 2
16 15 15 4
16 16 14 46
16 16 15 148
16 16 16 30
16 16 17 1
16 17 15 51
16 17 16 250
16 17 17 4
16 18 16 4
17 16 15 1
17 16 16 1
17 17 15 4
17 17 16 176
17 17 17 101
17 18 16 35
17 18 17 379
17 18 18 9
17 19 17 5
18 10 5 1
18 17 16 1
18 17 17 1
18 18 17 153
18 18 18 34
18 18 19 2
18 19 17 45
18 19 18 347
18 19 19 3
18 20 18 3
19 13 9 1
19 17 16 1
19 18 16 1
19 18 17 2
19 18 18 3
19 19 17 3
19 19 18 84
19 19 19 27
19 20 18 31
19 20 19 236
20 19 17 2
20 19 18 1
20 20 19 40
20 20 20 22
20 21 19 20
20 21 20 210
20 21 21 3
20 22 20 1
21 17 13 1
21 20 19 1
21 21 20 28
21 21 21 18
21 22 20 13
21 22 21 164
21 22 22 9
22 18 15 1
22 19 16 1
22 21 20 1
22 21 21 1
22 22 21 22
22 22 22 60
22 23 22 126
22 23 23 16
23 15 8 1
23 17 12 1
23 22 22 1
23 23 22 5
23 23 23 48
23 24 23 116
23 24 24 36
24 24 23 7
24 24 24 49
24 25 24 99
24 25 25 11
25 18 12 1
25 24 24 2
25 25 24 7
25 25 25 21
25 25 26 1
25 26 25 79
25 26 26 24
26 25 26 1
26 26 25 4
26 26 26 98
26 27 26 167
26 27 27 42
27 27 26 14
27 27 27 113
27 27 28 1
27 28 27 151
27 28 28 67
27 29 28 2
28 28 27 2
28 28 28 76
28 29 28 65
28 29 29 58
29 29 29 40
29 29 30 1
29 30 29 26
29 30 30 56
30 30 30 182
30 30 31 1
30 31 30 54
30 31 31 2
