32
1 1 0 2
1 2 0 1
1 2 1 5
2 1 1 1
2 2 0 4
2 2 1 12
2 2 2 2
2 2 3 1
2 3 1 1
2 3 2 9
2 4 9 1
2 10 16 1
2 11 16 1
3 2 1 2
3 3 1 1
3 3 2 12
3 3 3 4
3 4 2 2
3 4 3 9
3 6 11 2
3 10 15 1
3 10 18 1
3 11 16 1
3 12 17 1
3 12 18 1
4 3 2 2
4 4 2 1
4 4 3 10
4 4 4 7
4 5 3 1
4 5 4 1
4 5 5 1
4 5 8 1
4 10 17 1
4 11 16 1
4 11 17 1
4 12 18 1
4 12 20 1
4 13 18 2
4 13 19 2
5 5 3 4
5 5 4 11
5 5 5 7
5 6 5 1
5 6 7 1
5 10 12 1
5 12 16 1
5 12 17 3
5 13 17 1
5 13 18 3
5 13 19 1
6 5 3 1
6 6 3 1
6 6 4 4
6 6 5 4
6 6 6 1
6 7 6 1
6 10 16 1
6 12 5 2
6 12 16 1
6 12 17 1
6 13 5 1
6 13 17 1
6 13 18 1
7 6 4 3
7 6 5 1
7 7 4 1
7 7 6 3
7 8 6 1
7 8 7 1
7 12 6 1
7 12 7 1
7 13 6 3
7 13 11 1
7 13 17 1
7 14 10 2
7 14 12 1
7 14 13 1
8 7 5 1
8 7 6 1
8 8 6 5
8 8 7 1
8 8 8 1
8 8 9 1
8 9 9 2
8 11 15 1
8 13 7 1
8 13 8 1
8 13 13 1
8 14 6 1
8 14 7 3
8 14 10 1
8 14 19 1
8 15 19 1
9 7 3 1
9 8 5 1
9 8 6 1
9 8 7 5
9 9 7 3
9 9 8 2
9 9 9 1
9 10 10 1
9 10 11 1
9 11 12 1
9 13 8 1
9 13 17 1
9 14 8 1
9 14 17 1
9 14 18 1
10 8 4 1
10 8 6 1
10 9 7 2
10 9 8 3
10 10 8 5
10 10 9 1
10 10 10 1
10 11 14 1
10 12 16 1
10 13 10 1
10 13 17 1
10 14 8 1
10 14 11 1
10 15 8 1
10 16 19 1
11 8 4 2
11 9 4 1
11 10 7 1
11 10 8 4
11 10 9 2
11 11 8 1
11 11 9 6
11 11 10 3
11 11 11 2
11 12 10 1
11 13 17 1
11 14 12 1
12 9 5 3
12 10 7 1
12 11 8 1
12 11 9 1
12 11 10 4
12 12 9 1
12 12 10 7
12 12 11 4
12 13 12 1
12 14 17 1
13 9 4 1
13 10 4 6
13 10 5 2
13 10 6 1
13 11 5 1
13 11 6 1
13 11 7 3
13 12 10 2
13 12 11 2
13 13 9 1
13 13 10 2
13 13 11 7
13 13 12 5
13 13 13 1
13 14 12 4
13 14 13 1
13 15 17 1
13 15 18 1
14 10 4 11
14 10 5 40
14 11 5 3
14 11 6 2
14 11 7 3
14 12 7 1
14 13 11 2
14 13 12 5
14 14 12 6
14 14 13 5
14 15 13 2
14 15 14 1
14 15 17 1
14 16 14 3
14 16 18 1
15 11 5 1
15 12 7 1
15 12 8 3
15 14 11 2
15 14 13 7
15 15 13 28
15 15 14 10
15 15 15 3
15 15 17 1
15 16 13 3
15 16 14 13
15 16 15 7
15 16 18 1
15 17 15 1
15 17 19 1
15 18 21 1
15 19 21 1
16 12 8 1
16 13 9 1
16 13 10 1
16 14 11 1
16 14 12 2
16 15 12 1
16 15 13 14
16 15 14 4
16 16 13 8
16 16 14 53
16 16 15 18
16 16 16 2
16 17 14 1
16 17 15 31
16 17 16 12
16 17 17 1
16 17 19 1
17 14 12 1
17 15 12 5
17 15 13 4
17 15 14 1
17 16 12 1
17 16 13 10
17 16 14 17
17 16 15 9
17 16 16 1
17 17 14 3
17 17 15 43
17 17 16 105
17 17 17 15
17 18 16 52
17 18 17 34
17 18 18 1
17 19 17 1
17 19 20 1
18 14 13 1
18 16 10 1
18 16 13 3
18 16 14 32
18 16 15 1
18 17 14 39
18 17 15 52
18 17 16 46
18 17 17 5
18 18 15 2
18 18 16 62
18 18 17 118
18 18 18 11
18 18 20 1
18 19 17 40
18 19 18 40
18 19 19 4
18 20 21 6
18 20 22 37
18 21 22 8
19 11 5 1
19 14 11 1
19 16 13 1
19 16 14 1
19 17 13 1
19 17 14 9
19 17 15 84
19 17 16 13
19 18 9 1
19 18 15 16
19 18 16 169
19 18 17 97
19 18 18 14
19 19 17 206
19 19 18 155
19 19 19 28
19 20 17 19
19 20 18 47
19 20 19 61
19 20 20 12
19 20 21 13
19 20 22 11
19 21 19 5
19 21 20 3
19 21 21 1
19 21 22 157
19 21 23 92
19 22 18 2
19 22 22 1
19 22 23 41
19 22 24 1
19 22 25 1
20 13 7 1
20 15 10 1
20 18 15 3
20 18 16 50
20 18 17 17
20 18 18 1
20 19 17 164
20 19 18 103
20 19 19 21
20 20 17 1
20 20 18 180
20 20 19 207
20 20 20 26
20 20 21 3
20 21 18 14
20 21 19 95
20 21 20 136
20 21 21 10
20 21 22 30
20 21 23 6
20 22 20 7
20 22 22 3
20 22 23 176
20 22 24 115
20 23 24 23
21 13 7 1
21 19 16 2
21 19 17 2
21 19 18 2
21 20 17 1
21 20 18 6
21 20 19 16
21 21 18 2
21 21 19 114
21 21 20 174
21 21 21 7
21 21 22 1
21 22 19 1
21 22 20 68
21 22 21 134
21 22 22 14
21 22 23 11
21 22 24 11
21 23 22 1
21 23 23 4
21 23 24 32
21 23 25 89
21 23 26 3
21 24 25 3
21 24 26 3
22 14 8 1
22 17 14 1
22 21 18 4
22 21 19 24
22 21 20 16
22 22 19 36
22 22 20 59
22 22 21 98
22 22 22 50
22 23 20 1
22 23 21 3
22 23 22 111
22 23 23 38
22 23 24 5
22 23 25 4
22 24 23 2
22 24 24 2
22 24 25 6
22 24 26 52
22 24 27 4
22 25 26 3
22 25 27 30
22 25 28 3
23 16 9 1
23 17 10 1
23 19 15 1
23 22 19 3
23 22 20 44
23 22 21 11
23 23 20 32
23 23 21 43
23 23 22 42
23 23 23 49
23 24 21 1
23 24 22 1
23 24 23 121
23 24 24 39
23 24 25 7
23 25 24 8
23 25 25 2
23 25 26 3
23 25 27 24
23 25 28 11
23 26 28 20
23 26 29 6
23 27 29 1
24 23 20 2
24 23 21 49
24 23 22 1
24 24 21 20
24 24 22 29
24 24 23 21
24 24 24 18
24 25 24 42
24 25 25 31
24 25 26 2
24 25 27 1
24 26 25 6
24 26 26 3
24 26 27 1
24 26 28 4
24 26 29 5
24 27 29 23
24 27 30 3
24 28 30 3
25 24 21 1
25 24 22 61
25 24 23 1
25 25 22 29
25 25 23 42
25 25 24 12
25 25 25 15
25 26 25 16
25 26 26 22
25 27 26 5
25 27 28 2
25 27 29 6
25 27 30 10
25 28 30 3
25 29 30 5
26 25 23 10
26 26 23 2
26 26 26 4
26 26 27 1
26 27 26 7
26 27 27 11
26 29 30 3
27 27 26 2
27 27 27 5
27 27 28 1
27 28 27 3
27 28 28 14
27 28 29 1
27 29 28 1
28 27 27 1
28 29 28 3
28 29 29 11
28 29 30 1
28 30 29 1
29 30 30 4
30 30 30 4
31 31 31 1
