32
0 0 0 1
0 1 0 2
1 1 0 6
1 1 1 2
1 2 1 10
2 2 1 3
2 2 2 3
2 2 3 1
2 3 2 11
2 8 13 2
2 9 13 1
2 9 14 3
2 10 14 1
2 10 15 4
2 11 15 1
2 11 16 2
2 11 17 1
3 3 2 9
3 3 3 8
3 4 3 11
3 4 4 2
3 6 10 1
3 7 4 2
3 8 4 3
3 8 7 1
3 9 5 1
3 10 13 1
3 10 14 2
3 11 15 1
3 11 16 1
3 12 16 3
4 4 3 13
4 4 4 14
4 5 4 8
4 7 12 1
4 8 4 3
4 8 5 5
4 9 5 2
4 9 7 1
4 10 8 1
4 10 9 2
4 10 11 1
4 10 12 2
4 10 14 2
4 10 18 1
4 11 15 1
4 12 16 1
5 4 2 1
5 4 3 2
5 5 4 10
5 5 5 7
5 5 6 1
5 6 4 2
5 6 5 5
5 6 6 1
5 9 5 1
5 9 15 1
5 10 9 1
5 10 11 1
5 10 12 1
5 12 15 1
5 12 16 1
6 5 3 1
6 5 4 2
6 5 5 1
6 6 4 2
6 6 5 7
6 6 6 1
6 7 5 2
6 7 6 2
6 10 6 1
6 10 7 1
6 10 14 1
7 5 3 1
7 6 4 4
7 6 5 1
7 7 6 6
7 7 7 2
7 8 7 2
7 9 8 1
7 10 12 1
8 6 3 7
8 6 4 51
8 7 4 1
8 7 5 2
8 7 6 1
8 8 5 1
8 8 6 2
8 8 7 8
8 8 8 4
8 8 9 1
8 9 8 9
8 9 10 1
8 11 11 1
8 11 14 1
9 6 4 12
9 7 4 6
9 7 5 2
9 7 6 1
9 8 6 5
9 8 7 1
9 9 8 12
9 9 9 1
9 10 9 3
9 12 14 1
9 12 15 1
9 12 16 1
9 13 15 2
10 8 6 3
10 9 6 1
10 9 7 1
10 9 9 1
10 10 8 3
10 10 9 12
10 10 10 4
10 11 9 2
10 11 10 6
10 11 11 1
10 13 10 1
11 9 7 1
11 9 8 1
11 10 9 1
11 11 8 1
11 11 9 4
11 11 10 19
11 11 11 4
11 12 10 7
11 12 11 14
11 13 14 1
11 13 15 2
11 14 16 1
12 11 10 3
12 11 11 1
12 12 10 5
12 12 11 83
12 12 12 6
12 13 11 1
12 13 12 11
12 13 13 1
12 15 13 1
13 11 10 1
13 12 10 1
13 12 11 74
13 12 12 13
13 13 11 10
13 13 12 176
13 13 13 18
13 14 12 4
13 14 13 7
13 14 15 1
13 16 17 1
13 16 18 1
14 13 11 3
14 13 12 20
14 13 13 24
14 14 12 1
14 14 13 149
14 14 14 16
14 15 13 34
14 15 14 111
14 15 15 1
14 16 14 1
15 14 12 2
15 14 13 11
15 14 14 6
15 15 13 36
15 15 14 252
15 15 15 38
15 16 13 1
15 16 14 79
15 16 15 142
15 16 16 1
15 16 17 1
15 17 15 1
15 17 16 1
15 17 19 2
16 14 13 2
16 15 13 2
16 15 15 7
16 16 13 2
16 16 14 51
16 16 15 152
16 16 16 31
16 17 15 44
16 17 16 258
16 17 17 4
16 18 16 2
16 18 17 1
17 16 15 1
17 16 16 2
17 17 15 5
17 17 16 183
17 17 17 86
17 18 16 41
17 18 17 376
17 18 18 5
17 19 17 3
17 19 18 1
18 9 5 1
18 18 17 161
18 18 18 47
18 18 19 1
18 19 17 50
18 19 18 327
18 19 19 3
18 20 18 1
18 20 19 1
19 16 14 1
19 18 16 1
19 18 17 1
19 19 17 1
19 19 18 100
19 19 19 23
19 20 18 16
19 20 19 241
19 20 20 1
19 21 19 3
20 12 7 1
20 17 14 1
20 19 18 1
20 20 19 47
20 20 20 16
20 21 19 15
20 21 20 183
21 19 18 1
21 20 20 2
21 21 20 32
21 21 21 28
21 22 20 14
21 22 21 166
21 22 22 12
22 16 11 1
22 21 20 1
22 22 21 21
22 22 22 70
22 23 22 134
22 23 23 25
23 15 8 1
23 18 14 1
23 19 16 1
23 22 22 3
23 23 22 11
23 23 23 68
23 23 24 2
23 24 22 1
23 24 23 107
23 24 24 46
24 17 9 1
24 18 11 1
24 23 22 1
24 24 23 3
24 24 24 65
24 25 24 83
24 25 25 11
25 20 15 1
25 24 24 1
25 25 24 4
25 25 25 33
25 26 25 72
25 26 26 23
26 26 25 7
26 26 26 80
26 27 26 179
26 27 27 37
27 27 26 16
27 27 27 104
27 28 27 133
27 28 28 53
28 28 27 3
28 28 28 92
28 29 28 75
28 29 29 65
29 29 28 1
29 29 29 44
29 29 30 2
29 30 29 19
29 30 30 52
30 30 30 210
30 30 31 1
30 31 30 58
30 31 31 3
