32
0 1 0 2
1 1 0 4
1 1 1 7
1 2 1 10
1 5 11 1
2 2 1 10
2 2 2 3
2 3 2 13
2 3 3 3
2 5 10 1
2 8 13 2
2 9 14 3
2 10 14 1
2 10 15 4
2 11 16 2
2 12 17 2
3 3 2 15
3 3 3 13
3 4 2 2
3 4 3 13
3 5 7 1
3 5 8 1
3 5 9 1
3 7 3 1
3 7 12 2
3 8 4 3
3 10 13 1
3 10 14 2
3 11 13 1
3 11 15 3
3 11 16 2
3 12 16 1
3 12 17 2
4 4 3 21
4 4 4 15
4 5 4 8
4 5 5 3
4 5 7 1
4 5 8 1
4 6 10 1
4 7 12 1
4 8 4 4
4 8 5 3
4 9 5 4
4 9 9 1
4 9 11 1
4 10 8 3
4 10 15 1
4 10 17 1
4 11 9 1
4 11 19 1
4 12 16 1
5 4 3 2
5 4 5 1
5 5 4 7
5 5 5 4
5 6 4 2
5 6 5 3
5 7 5 1
5 10 7 2
5 10 11 1
5 10 16 2
5 11 15 1
5 12 16 1
5 12 20 1
5 13 21 1
6 5 3 1
6 5 4 2
6 6 5 1
6 6 6 4
6 7 6 6
6 10 7 1
6 11 12 1
6 11 16 1
6 12 16 1
6 13 20 2
7 5 3 1
7 6 3 1
7 6 4 2
7 6 5 2
7 7 6 6
7 7 7 3
7 8 7 1
7 9 8 1
7 10 14 2
7 11 10 1
7 11 14 1
7 13 19 1
8 6 3 2
8 6 4 50
8 7 4 2
8 7 5 5
8 7 6 1
8 8 6 1
8 8 7 14
8 8 8 3
8 9 8 7
8 10 13 1
8 11 14 1
8 12 8 1
9 6 4 13
9 7 4 3
9 7 5 4
9 7 6 1
9 8 5 1
9 8 6 3
9 9 8 11
9 9 9 2
9 9 10 1
9 10 8 2
9 10 9 6
9 12 15 1
9 13 15 1
9 13 16 1
9 15 18 1
10 8 6 2
10 8 7 1
10 9 7 1
10 9 8 1
10 10 8 5
10 10 9 7
10 11 8 1
10 11 9 1
10 11 10 8
10 13 10 1
10 15 17 1
11 10 8 1
11 10 9 2
11 11 9 6
11 11 10 16
11 11 11 11
11 12 10 1
11 12 11 3
11 13 15 1
11 14 11 1
11 14 16 2
12 10 9 1
12 11 10 1
12 12 10 7
12 12 11 41
12 12 12 5
12 13 12 4
12 13 13 1
12 13 14 1
12 14 14 1
12 14 16 1
12 16 18 1
13 12 10 1
13 12 11 77
13 12 12 17
13 13 10 1
13 13 11 11
13 13 12 161
13 13 13 24
13 14 12 3
13 14 13 14
13 15 13 1
13 15 17 1
13 16 14 1
14 12 12 1
14 13 10 1
14 13 11 2
14 13 12 13
14 13 13 32
14 14 12 2
14 14 13 141
14 14 14 10
14 15 13 20
14 15 14 94
14 15 16 1
14 16 14 3
14 16 15 1
14 16 19 1
14 17 18 1
15 13 10 1
15 14 13 12
15 14 14 9
15 15 13 40
15 15 14 243
15 15 15 43
15 16 13 2
15 16 14 82
15 16 15 156
15 16 16 2
15 16 17 1
15 17 15 5
15 17 17 1
16 14 12 1
16 14 14 1
16 15 13 2
16 15 14 3
16 15 15 10
16 16 13 3
16 16 14 65
16 16 15 144
16 16 16 36
16 17 15 49
16 17 16 253
16 17 17 3
16 18 16 7
16 18 17 1
17 15 14 1
17 15 15 1
17 16 14 1
17 16 15 1
17 16 16 1
17 17 15 3
17 17 16 164
17 17 17 101
17 18 16 29
17 18 17 362
17 18 18 5
17 19 17 7
17 19 18 1
18 10 7 1
18 17 15 1
18 17 16 1
18 17 17 1
18 18 16 1
18 18 17 159
18 18 18 41
18 19 17 55
18 19 18 298
18 19 19 3
18 20 18 4
19 10 5 1
19 16 15 1
19 17 16 1
19 18 17 3
19 19 17 2
19 19 18 90
19 19 19 32
19 20 18 20
19 20 19 237
19 21 19 5
20 18 17 1
20 19 11 1
20 19 17 1
20 20 19 48
20 20 20 14
20 21 19 20
20 21 20 184
20 21 21 1
20 22 20 5
20 22 21 2
21 13 7 1
21 14 7 1
21 16 10 1
21 17 13 1
21 21 20 40
21 21 21 23
21 22 13 1
21 22 20 8
21 22 21 177
21 22 22 8
22 19 16 1
22 19 17 1
22 22 21 20
22 22 22 63
22 23 22 133
22 23 23 12
23 15 9 2
23 16 9 1
23 18 11 1
23 18 15 1
23 22 21 1
23 22 22 1
23 23 22 7
23 23 23 35
23 24 23 124
23 24 24 17
23 25 24 1
24 23 22 1
24 23 23 1
24 24 23 7
24 24 24 42
24 25 24 109
24 25 25 12
25 18 12 1
25 25 24 5
25 25 25 28
25 25 26 1
25 26 25 81
25 26 26 24
26 26 25 11
26 26 26 104
26 27 26 195
26 27 27 26
27 27 26 12
27 27 27 87
27 27 28 1
27 28 27 136
27 28 28 55
28 28 27 3
28 28 28 83
28 28 29 2
28 29 28 74
28 29 29 58
29 29 29 45
29 29 30 2
29 30 29 27
29 30 30 50
30 30 30 125
30 30 31 1
30 31 30 39
31 31 31 1
