32
0 1 0 4
1 1 0 7
1 1 1 7
1 2 1 13
2 2 1 10
2 2 2 3
2 3 2 9
2 3 3 3
2 8 12 1
2 8 13 1
2 9 14 2
2 10 14 1
2 10 15 3
2 11 16 4
2 11 17 1
2 12 17 2
3 3 2 9
3 3 3 10
3 4 2 1
3 4 3 12
3 5 8 1
3 6 11 2
3 7 3 1
3 8 4 3
3 9 14 1
3 10 13 1
3 10 14 1
3 10 15 4
3 11 13 1
3 11 15 2
3 12 17 3
4 4 2 1
4 4 3 16
4 4 4 20
4 5 3 1
4 5 4 8
4 5 5 2
4 8 4 3
4 8 5 6
4 9 5 2
4 9 10 1
4 9 12 1
4 10 8 1
4 10 13 1
4 10 17 1
4 10 18 1
4 11 8 1
4 11 11 1
4 11 16 2
4 11 19 1
4 12 16 1
4 12 17 1
4 13 21 1
5 4 3 1
5 4 4 1
5 5 4 10
5 5 5 9
5 6 4 2
5 6 5 8
5 7 6 1
5 8 5 1
5 10 12 1
5 10 15 1
5 11 7 1
5 11 11 1
5 11 15 1
5 12 15 1
5 12 17 1
6 5 3 2
6 5 4 1
6 6 4 2
6 6 5 6
6 6 6 1
6 7 5 1
6 7 6 7
6 8 7 1
6 10 7 2
6 11 9 1
6 11 15 1
6 13 17 1
7 5 3 2
7 6 4 2
7 6 5 2
7 7 6 8
7 7 7 2
7 8 6 1
7 8 7 2
7 8 8 1
7 8 9 1
7 11 8 1
7 11 13 2
7 12 16 1
8 6 3 3
8 6 4 42
8 7 4 4
8 7 5 5
8 8 5 1
8 8 6 1
8 8 7 11
8 8 8 2
8 9 8 4
8 10 14 1
8 11 15 1
8 12 15 1
8 13 17 1
9 6 3 1
9 6 4 12
9 7 4 3
9 7 5 5
9 7 6 1
9 8 5 1
9 8 6 5
9 9 7 1
9 9 8 12
9 9 9 3
9 10 9 3
9 15 18 1
10 8 6 1
10 8 7 2
10 9 7 2
10 10 8 2
10 10 9 11
10 10 10 4
10 11 10 5
10 13 16 2
11 10 9 1
11 10 12 1
11 11 9 2
11 11 10 12
11 11 11 7
11 12 10 2
11 12 11 6
11 13 15 1
11 14 16 1
12 11 9 1
12 11 10 3
12 12 9 1
12 12 10 3
12 12 11 56
12 12 12 7
12 12 13 2
12 13 12 8
12 13 15 1
12 14 16 1
13 12 10 2
13 12 11 63
13 12 12 22
13 13 10 1
13 13 11 3
13 13 12 171
13 13 13 24
13 14 12 3
13 14 13 12
13 14 14 1
13 14 15 1
13 14 16 1
13 15 13 1
13 15 15 1
13 17 18 1
14 12 10 1
14 12 11 1
14 13 11 1
14 13 12 11
14 13 13 30
14 14 12 2
14 14 13 146
14 14 14 19
14 15 13 17
14 15 14 109
14 15 17 1
14 17 14 1
15 13 11 1
15 13 12 1
15 14 13 5
15 14 14 20
15 15 13 27
15 15 14 232
15 15 15 47
15 16 14 49
15 16 15 180
15 16 16 1
15 17 15 2
16 14 13 1
16 15 13 4
16 15 14 3
16 15 15 9
16 16 14 81
16 16 15 137
16 16 16 39
16 17 15 40
16 17 16 210
16 17 17 3
16 17 19 1
16 18 16 2
16 18 20 1
16 19 17 1
17 15 15 1
17 16 13 1
17 16 15 1
17 16 16 2
17 17 15 5
17 17 16 176
17 17 17 95
17 18 16 35
17 18 17 403
17 18 18 7
17 19 17 11
17 19 18 3
18 17 17 4
18 18 17 147
18 18 18 44
18 19 17 76
18 19 18 335
18 19 19 3
18 20 18 6
19 12 8 1
19 13 9 1
19 18 16 1
19 18 17 2
19 19 18 82
19 19 19 36
19 19 20 1
19 20 18 22
19 20 19 240
19 20 20 1
19 21 19 1
20 17 14 1
20 18 17 1
20 19 18 3
20 20 19 52
20 20 20 15
20 21 19 21
20 21 20 172
20 21 21 2
20 22 20 3
21 14 7 1
21 20 19 2
21 21 20 33
21 21 21 22
21 22 20 14
21 22 21 187
21 22 22 3
21 23 22 1
22 16 11 1
22 20 18 1
22 21 20 1
22 22 21 23
22 22 22 63
22 23 22 117
22 23 23 15
23 15 9 1
23 19 16 1
23 22 21 2
23 23 22 7
23 23 23 46
23 23 24 1
23 24 23 118
23 24 24 20
24 16 9 1
24 23 22 1
24 24 23 5
24 24 24 62
24 25 23 1
24 25 24 104
24 25 25 16
25 18 11 1
25 19 13 1
25 24 24 2
25 25 24 4
25 25 25 31
25 25 26 1
25 26 25 63
25 26 26 23
26 26 25 4
26 26 26 83
26 27 26 170
26 27 27 62
27 27 26 8
27 27 27 104
27 27 28 1
27 28 27 131
27 28 28 103
28 28 28 81
28 28 29 1
28 29 28 63
28 29 29 71
29 29 29 43
29 29 30 1
29 30 29 14
29 30 30 54
30 30 29 1
30 30 30 214
30 30 31 7
30 31 30 63
30 31 31 10
