32
0 1 0 1
1 1 0 9
1 1 1 4
1 2 1 10
2 2 1 8
2 2 2 6
2 3 2 7
2 3 3 3
2 5 10 1
2 8 13 1
2 9 14 2
2 9 15 1
2 10 14 1
2 11 15 1
2 11 16 3
2 11 17 1
2 12 16 1
2 12 17 2
3 3 2 16
3 3 3 11
3 4 2 1
3 4 3 13
3 5 8 2
3 6 11 2
3 7 4 1
3 8 4 2
3 8 5 1
3 9 14 1
3 9 16 1
3 10 15 4
3 11 16 1
3 12 17 2
4 4 3 13
4 4 4 14
4 5 4 11
4 6 10 1
4 8 4 4
4 8 5 4
4 9 5 1
4 9 9 1
4 10 7 1
4 10 14 1
4 10 15 2
4 11 9 1
4 11 10 1
4 11 15 1
4 11 18 1
4 12 16 2
4 12 17 1
5 4 3 2
5 5 3 1
5 5 4 15
5 5 5 10
5 6 5 5
5 9 5 2
5 9 6 1
5 10 6 1
5 11 10 1
5 11 12 1
5 11 15 2
5 11 16 1
5 12 16 1
5 13 21 1
6 5 3 2
6 5 4 1
6 6 5 7
6 6 6 4
6 7 6 6
6 7 7 1
6 9 7 2
6 10 6 1
6 11 12 1
6 11 14 1
6 11 16 1
7 5 3 1
7 5 4 1
7 6 4 1
7 7 5 1
7 7 6 10
7 7 7 2
7 7 8 1
7 8 6 2
7 8 7 3
7 10 7 1
7 10 14 1
7 11 13 1
8 6 3 5
8 6 4 47
8 6 5 1
8 7 4 2
8 7 5 3
8 8 5 1
8 8 7 8
8 8 8 1
8 9 7 1
8 9 8 7
8 9 9 1
8 10 13 1
8 13 16 2
9 6 3 1
9 6 4 13
9 7 4 4
9 7 5 6
9 8 5 1
9 8 6 4
9 9 7 1
9 9 8 10
9 9 9 2
9 10 9 1
9 10 11 1
9 13 16 1
10 8 6 1
10 8 7 2
10 9 7 1
10 9 8 2
10 10 8 4
10 10 9 6
10 10 10 5
10 11 8 1
10 11 10 10
10 13 16 1
11 10 13 1
11 11 9 5
11 11 10 13
11 11 11 5
11 12 10 3
11 12 11 14
11 13 11 1
11 13 15 1
12 10 9 1
12 11 10 2
12 12 9 1
12 12 10 8
12 12 11 57
12 12 12 7
12 13 11 2
12 13 12 6
12 14 15 1
12 14 16 1
12 15 17 1
13 12 10 1
13 12 11 65
13 12 12 15
13 13 11 4
13 13 12 170
13 13 13 32
13 14 12 5
13 14 13 17
13 15 13 1
13 17 19 1
14 13 10 1
14 13 11 1
14 13 12 13
14 13 13 19
14 14 11 1
14 14 12 3
14 14 13 141
14 14 14 20
14 15 13 23
14 15 14 90
14 15 15 1
14 15 16 1
14 15 17 1
14 16 14 3
14 17 15 1
15 13 10 1
15 14 13 8
15 14 14 12
15 15 13 43
15 15 14 244
15 15 15 49
15 16 13 4
15 16 14 67
15 16 15 174
15 16 16 1
15 16 17 1
15 17 15 6
15 17 16 2
15 17 19 1
15 19 20 1
16 14 12 1
16 14 13 1
16 15 14 4
16 15 15 12
16 16 13 2
16 16 14 73
16 16 15 141
16 16 16 26
16 17 15 42
16 17 16 252
16 17 17 2
16 18 16 8
16 18 17 1
17 14 13 1
17 15 14 1
17 16 13 1
17 16 15 2
17 16 16 3
17 17 15 6
17 17 16 161
17 17 17 89
17 18 16 26
17 18 17 396
17 18 18 13
17 19 17 12
17 19 18 3
17 20 17 1
18 12 8 1
18 17 17 2
18 18 17 115
18 18 18 47
18 19 17 37
18 19 18 291
18 19 19 3
18 20 18 2
18 20 19 1
19 12 7 1
19 18 16 1
19 18 17 2
19 19 18 76
19 19 19 29
19 19 20 1
19 20 18 24
19 20 19 232
19 21 19 3
20 14 11 1
20 17 14 1
20 18 17 2
20 19 11 1
20 19 18 1
20 20 19 52
20 20 20 19
20 21 19 19
20 21 20 187
20 21 21 2
20 22 20 3
21 14 7 1
21 19 10 1
21 20 18 1
21 21 12 1
21 21 20 29
21 21 21 28
21 22 20 16
21 22 21 161
21 22 22 8
21 23 22 1
22 13 7 1
22 16 11 1
22 20 17 1
22 21 20 1
22 22 21 16
22 22 22 57
22 23 22 112
22 23 23 14
23 15 8 1
23 17 9 1
23 17 10 1
23 18 14 1
23 22 22 1
23 23 22 5
23 23 23 40
23 24 23 137
23 24 24 36
24 18 11 1
24 18 13 1
24 23 22 1
24 24 23 4
24 24 24 65
24 25 24 95
24 25 25 18
25 24 24 2
25 25 24 2
25 25 25 37
25 25 26 2
25 26 25 81
25 26 26 33
26 26 25 7
26 26 26 107
26 27 26 152
26 27 27 43
26 28 26 2
26 28 27 2
27 27 26 12
27 27 27 99
27 28 27 117
27 28 28 71
28 28 27 1
28 28 28 76
28 29 28 67
28 29 29 75
29 29 29 35
29 29 30 1
29 30 29 19
29 30 30 38
30 30 30 112
30 30 31 1
30 31 30 34
