32
0 0 0 2
1 1 0 4
1 1 1 7
1 2 1 10
2 2 1 12
2 2 2 6
2 3 2 15
2 5 10 1
2 8 12 1
2 8 13 2
2 9 13 2
2 9 14 1
2 10 14 1
2 10 15 3
2 11 16 3
3 3 2 14
3 3 3 10
3 4 2 1
3 4 3 8
3 5 8 1
3 5 9 1
3 5 10 1
3 7 3 1
3 7 4 2
3 7 12 1
3 8 4 2
3 9 13 1
3 10 14 3
3 10 15 2
3 11 15 1
3 11 16 2
3 12 16 2
4 4 3 19
4 4 4 22
4 5 4 6
4 5 5 1
4 7 12 1
4 8 4 3
4 8 5 2
4 8 7 1
4 9 5 3
4 9 8 1
4 9 11 1
4 9 16 1
4 10 6 1
4 10 8 1
4 10 12 1
4 10 13 3
4 10 14 1
4 10 17 1
4 11 12 1
4 11 14 1
4 11 15 1
4 11 16 1
4 11 18 1
4 12 16 1
5 4 3 2
5 4 4 2
5 5 4 6
5 5 5 12
5 6 4 1
5 6 5 6
5 8 6 1
5 9 6 1
5 10 8 1
5 10 9 1
5 10 14 1
5 12 16 1
5 13 20 1
6 5 3 2
6 5 4 1
6 6 4 3
6 6 5 8
6 6 6 2
6 7 5 1
6 7 6 6
6 7 7 1
6 9 14 1
6 11 14 1
6 13 20 1
7 6 4 2
7 6 5 1
7 7 6 7
7 8 7 5
7 10 7 1
7 10 8 1
7 11 9 1
7 12 15 1
8 6 3 6
8 6 4 54
8 7 4 2
8 7 5 2
8 8 5 1
8 8 6 1
8 8 7 10
8 8 8 4
8 9 7 2
8 9 8 3
8 9 10 1
8 10 12 1
8 10 13 1
8 13 15 1
9 6 4 6
9 7 4 4
9 7 5 10
9 7 6 1
9 8 5 1
9 8 6 3
9 8 7 1
9 9 7 1
9 9 8 11
9 9 9 3
9 10 8 1
9 10 9 4
9 10 10 2
9 11 11 1
9 11 13 1
9 12 9 1
9 12 15 1
9 13 9 1
9 13 16 1
10 9 7 1
10 9 8 1
10 10 7 1
10 10 8 8
10 10 9 12
10 10 10 6
10 11 9 2
10 11 10 6
10 12 15 2
10 14 17 1
11 9 8 1
11 10 8 1
11 10 9 2
11 11 8 1
11 11 9 2
11 11 10 11
11 11 11 4
11 12 10 2
11 12 11 9
11 14 16 1
11 15 17 1
12 10 9 1
12 11 9 2
12 11 10 1
12 12 9 1
12 12 10 1
12 12 11 48
12 12 12 4
12 13 11 3
12 13 12 7
12 15 12 1
13 11 10 2
13 12 10 2
13 12 11 58
13 12 12 19
13 13 9 1
13 13 11 7
13 13 12 187
13 13 13 35
13 14 12 4
13 14 13 12
13 15 13 2
13 15 14 1
13 15 17 2
13 16 14 1
14 13 10 2
14 13 11 2
14 13 12 14
14 13 13 25
14 14 12 2
14 14 13 141
14 14 14 20
14 15 13 21
14 15 14 95
14 16 14 2
14 16 15 1
14 17 14 1
15 14 12 1
15 14 13 5
15 14 14 8
15 15 13 41
15 15 14 231
15 15 15 51
15 15 16 1
15 16 13 7
15 16 14 101
15 16 15 208
15 16 16 3
15 17 15 5
16 15 13 1
16 15 14 3
16 15 15 12
16 16 14 45
16 16 15 155
16 16 16 33
16 16 17 1
16 17 15 53
16 17 16 262
16 17 17 3
16 18 16 2
16 18 17 2
17 15 15 1
17 16 14 1
17 16 16 2
17 17 15 2
17 17 16 152
17 17 17 98
17 18 16 33
17 18 17 366
17 18 18 10
17 18 19 1
17 19 17 14
18 17 16 1
18 17 17 4
18 18 16 3
18 18 17 153
18 18 18 54
18 18 19 1
18 19 17 35
18 19 18 334
18 19 19 4
18 20 18 8
19 10 5 1
19 11 5 1
19 11 7 1
19 13 7 1
19 18 17 2
19 18 18 1
19 19 17 4
19 19 18 99
19 19 19 28
19 20 11 1
19 20 18 29
19 20 19 231
20 18 17 1
20 19 10 1
20 19 18 4
20 20 19 53
20 20 20 18
20 21 19 16
20 21 20 190
20 21 21 2
20 22 20 1
21 15 10 1
21 17 13 1
21 17 15 1
21 19 17 1
21 20 19 2
21 20 20 1
21 21 11 1
21 21 20 29
21 21 21 20
21 22 20 18
21 22 21 176
21 22 22 9
22 14 7 1
22 15 8 1
22 19 10 1
22 19 16 1
22 22 21 23
22 22 22 52
22 23 21 2
22 23 22 125
22 23 23 11
22 24 22 1
23 17 12 1
23 22 22 1
23 23 22 11
23 23 23 29
23 24 22 1
23 24 23 135
23 24 24 17
24 17 9 1
24 23 23 1
24 24 23 5
24 24 24 47
24 25 24 95
24 25 25 13
24 26 25 1
25 18 11 1
25 25 24 7
25 25 25 38
25 26 25 74
25 26 26 28
26 26 25 5
26 26 26 96
26 27 26 165
26 27 27 49
26 28 26 1
26 28 27 4
27 27 26 11
27 27 27 95
27 28 27 149
27 28 28 58
28 28 27 1
28 28 28 84
28 29 28 74
28 29 29 60
29 29 28 1
29 29 29 38
29 29 30 1
29 30 29 35
29 30 30 42
30 30 30 177
30 30 31 1
30 31 30 48
