32
1 1 0 6
1 1 1 6
1 2 0 1
1 2 1 10
2 2 1 11
2 2 2 2
2 3 2 6
2 8 12 1
2 8 13 3
2 8 14 1
2 9 13 1
2 9 14 2
2 10 14 1
2 10 15 1
2 11 15 2
2 11 16 4
3 3 2 10
3 3 3 10
3 4 2 1
3 4 3 8
3 4 4 1
3 5 9 1
3 7 3 1
3 7 4 1
3 7 12 2
3 8 4 3
3 8 5 1
3 10 13 1
3 10 14 2
3 10 15 2
3 11 15 2
3 12 16 2
4 4 3 18
4 4 4 17
4 5 4 5
4 8 4 2
4 8 5 3
4 9 5 4
4 9 7 1
4 10 8 2
4 10 11 1
4 10 13 1
4 11 9 1
4 11 10 1
4 11 14 1
4 11 19 1
4 12 16 1
5 4 3 2
5 5 4 10
5 5 5 16
5 5 6 1
5 6 4 1
5 6 5 5
5 6 6 2
5 8 5 1
5 9 6 1
5 10 13 1
5 11 15 2
5 12 16 1
5 13 21 1
6 4 3 1
6 5 3 2
6 5 4 1
6 6 4 2
6 6 5 6
6 6 6 2
6 7 5 1
6 7 6 1
6 7 8 1
6 10 7 1
6 10 14 1
6 11 10 1
6 11 13 1
7 5 3 1
7 5 4 2
7 6 4 2
7 7 6 4
7 7 7 1
7 8 7 3
7 10 8 1
7 10 12 1
7 11 14 1
8 6 3 3
8 6 4 51
8 7 5 4
8 7 6 1
8 8 5 1
8 8 7 9
8 8 8 3
8 9 8 5
8 10 12 1
8 10 13 1
8 11 8 1
8 11 10 1
9 6 3 2
9 6 4 14
9 7 4 6
9 7 5 6
9 8 5 2
9 8 6 2
9 8 7 2
9 8 8 1
9 9 8 9
9 9 9 5
9 10 9 8
9 12 9 1
9 12 14 1
9 13 15 1
9 14 16 1
9 14 17 1
10 8 6 2
10 8 7 1
10 9 7 1
10 9 8 1
10 10 7 1
10 10 8 4
10 10 9 6
10 10 10 6
10 11 9 2
10 11 10 5
10 11 11 2
10 12 14 2
10 15 17 1
11 9 7 1
11 10 8 1
11 10 9 4
11 10 10 1
11 11 8 1
11 11 9 2
11 11 10 18
11 11 11 8
11 12 10 3
11 12 11 10
11 12 12 1
12 11 9 1
12 11 10 1
12 11 11 2
12 11 12 1
12 12 10 5
12 12 11 70
12 12 12 5
12 12 13 1
12 13 11 2
12 13 12 10
12 13 13 1
12 13 15 1
12 14 15 1
12 14 16 1
12 15 12 1
12 15 17 1
12 16 18 1
13 11 10 1
13 12 11 78
13 12 12 9
13 13 11 14
13 13 12 180
13 13 13 17
13 14 13 9
13 16 16 1
14 12 12 1
14 13 11 1
14 13 12 20
14 13 13 29
14 14 11 1
14 14 12 2
14 14 13 145
14 14 14 14
14 15 13 27
14 15 14 101
14 15 15 1
14 15 17 1
14 16 14 1
15 13 11 1
15 14 13 9
15 14 14 12
15 15 13 39
15 15 14 272
15 15 15 37
15 15 17 1
15 16 13 3
15 16 14 86
15 16 15 170
15 17 15 2
15 17 17 1
15 17 19 1
16 13 13 1
16 14 13 1
16 15 13 2
16 15 14 4
16 15 15 10
16 16 13 2
16 16 14 64
16 16 15 147
16 16 16 33
16 17 15 31
16 17 16 264
16 18 16 6
16 18 17 1
17 15 13 1
17 16 15 2
17 16 16 2
17 17 15 5
17 17 16 187
17 17 17 94
17 18 16 22
17 18 17 382
17 18 18 7
17 19 17 3
17 19 18 2
18 17 15 1
18 17 16 1
18 18 16 2
18 18 17 147
18 18 18 45
18 19 17 49
18 19 18 316
18 19 19 2
18 20 18 3
19 11 5 1
19 13 9 1
19 14 10 1
19 18 16 2
19 18 17 1
19 19 18 89
19 19 19 23
19 20 18 29
19 20 19 232
19 21 19 1
20 15 10 1
20 20 19 43
20 20 20 20
20 21 19 7
20 21 20 180
20 21 21 1
20 22 20 3
21 20 19 2
21 20 20 1
21 21 20 49
21 21 21 17
21 22 20 11
21 22 21 184
21 22 22 6
22 14 7 1
22 17 13 1
22 18 15 1
22 19 16 1
22 21 20 1
22 22 21 20
22 22 22 75
22 23 22 135
22 23 23 31
22 24 22 1
23 15 8 1
23 18 13 1
23 22 22 2
23 23 22 12
23 23 23 62
23 23 24 1
23 24 23 119
23 24 24 47
23 25 23 3
24 17 9 1
24 18 11 1
24 23 22 1
24 24 23 4
24 24 24 67
24 24 25 1
24 25 24 93
24 25 25 17
25 19 13 1
25 25 24 7
25 25 25 32
25 26 25 71
25 26 26 28
26 26 25 6
26 26 26 103
26 27 26 171
26 27 27 33
27 26 26 1
27 27 26 15
27 27 27 95
27 28 27 146
27 28 28 48
28 28 27 2
28 28 28 81
28 28 29 2
28 29 28 65
28 29 29 62
29 29 28 1
29 29 29 51
29 29 30 1
29 30 29 29
29 30 30 44
30 30 30 195
30 31 30 51
