32
0 0 0 1
0 1 0 1
1 1 0 5
1 1 1 10
1 2 1 7
2 2 1 12
2 2 2 4
2 3 2 9
2 3 3 1
2 8 13 1
2 8 14 1
2 9 14 3
2 9 15 1
2 10 15 1
2 10 16 1
2 11 16 3
2 12 17 1
3 3 2 12
3 3 3 9
3 4 3 14
3 6 11 1
3 7 3 1
3 7 11 1
3 7 12 1
3 8 7 1
3 9 9 1
3 10 14 3
3 10 15 1
3 11 13 1
3 11 16 2
3 12 17 3
4 4 2 1
4 4 3 12
4 4 4 16
4 5 3 1
4 5 4 9
4 5 7 1
4 8 4 7
4 8 5 2
4 9 4 1
4 9 5 2
4 9 7 1
4 10 6 1
4 10 7 1
4 10 15 1
4 10 17 1
4 11 7 1
4 11 10 1
4 11 13 1
4 11 15 1
4 11 16 1
4 11 19 1
4 12 16 2
5 4 3 1
5 5 4 9
5 5 5 11
5 5 6 1
5 6 5 3
5 6 6 3
5 9 5 1
5 10 6 1
5 10 12 1
5 11 15 2
5 13 21 1
6 4 3 1
6 5 3 2
6 5 4 2
6 6 4 1
6 6 5 7
6 6 6 2
6 6 7 1
6 7 6 4
6 7 7 1
6 9 6 1
6 10 6 1
6 10 8 1
6 12 16 1
7 5 4 1
7 6 4 2
7 6 5 1
7 7 6 10
7 8 6 1
7 8 7 6
7 8 9 1
7 9 8 1
7 9 13 1
7 10 7 1
7 11 12 1
7 11 14 1
7 11 15 1
7 13 18 1
8 6 3 8
8 6 4 53
8 7 4 1
8 7 5 2
8 7 6 1
8 8 7 8
8 8 8 5
8 9 7 1
8 9 8 5
8 14 17 1
9 6 4 9
9 7 4 5
9 7 5 5
9 7 6 1
9 8 5 3
9 8 6 3
9 8 7 1
9 9 8 6
9 9 9 4
9 9 10 1
9 10 9 6
10 8 5 1
10 8 6 1
10 8 7 1
10 9 7 2
10 9 8 1
10 10 7 1
10 10 8 1
10 10 9 9
10 10 10 3
10 11 8 1
10 11 9 1
10 11 10 5
10 11 11 1
10 11 12 1
10 13 15 2
10 13 16 1
10 15 17 1
11 9 7 1
11 9 12 1
11 10 8 1
11 11 9 3
11 11 10 16
11 11 11 5
11 12 10 1
11 12 11 4
11 12 12 1
11 14 17 1
12 11 10 2
12 12 10 3
12 12 11 55
12 12 12 9
12 13 11 1
12 13 12 13
12 14 14 1
12 14 15 1
12 14 16 1
12 15 17 1
13 11 10 1
13 12 10 1
13 12 11 63
13 12 12 14
13 13 11 7
13 13 12 171
13 13 13 33
13 14 12 2
13 14 13 14
13 15 13 1
14 12 10 1
14 13 10 1
14 13 11 1
14 13 12 10
14 13 13 27
14 14 12 6
14 14 13 136
14 14 14 28
14 15 13 22
14 15 14 95
14 15 15 2
14 15 16 2
14 15 17 1
15 13 12 1
15 14 12 1
15 14 13 7
15 14 14 14
15 15 13 23
15 15 14 239
15 15 15 55
15 16 13 1
15 16 14 71
15 16 15 162
15 17 15 2
15 17 19 1
15 18 19 1
16 15 13 3
16 15 14 6
16 15 15 10
16 16 13 1
16 16 14 92
16 16 15 145
16 16 16 35
16 17 15 29
16 17 16 218
16 17 17 4
16 18 16 6
17 13 10 1
17 15 13 1
17 16 14 1
17 16 15 1
17 16 16 4
17 17 15 9
17 17 16 162
17 17 17 102
17 18 16 37
17 18 17 381
17 18 18 11
17 19 17 9
17 19 18 3
17 20 17 1
18 17 16 1
18 18 16 2
18 18 17 145
18 18 18 51
18 19 17 48
18 19 18 363
18 19 19 2
18 20 18 3
19 10 5 1
19 13 10 1
19 16 15 1
19 18 16 1
19 18 17 4
19 18 18 1
19 19 18 89
19 19 19 30
19 19 20 1
19 20 18 32
19 20 19 229
19 20 20 3
19 21 19 7
20 18 17 1
20 19 18 1
20 20 19 42
20 20 20 22
20 21 19 16
20 21 20 179
20 21 21 4
20 22 20 1
21 16 10 1
21 17 14 1
21 20 18 1
21 21 20 32
21 21 21 16
21 22 20 16
21 22 21 182
21 22 22 4
22 13 7 1
22 20 18 1
22 22 21 26
22 22 22 76
22 23 22 143
22 23 23 25
23 15 9 1
23 18 15 1
23 22 21 1
23 22 22 1
23 23 22 4
23 23 23 72
23 23 24 3
23 24 23 126
23 24 24 33
24 17 9 1
24 17 10 1
24 24 23 6
24 24 24 56
24 25 24 102
24 25 25 16
24 26 25 1
25 24 23 1
25 24 24 1
25 25 24 6
25 25 25 33
25 26 25 57
25 26 26 21
25 26 27 1
26 18 11 1
26 26 25 7
26 26 26 80
26 26 27 1
26 27 26 138
26 27 27 45
27 26 27 1
27 27 26 12
27 27 27 109
27 28 27 144
27 28 28 88
28 28 28 86
28 29 28 60
28 29 29 91
29 29 29 32
29 30 29 12
29 30 30 50
30 30 30 224
30 30 31 2
30 31 30 70
30 31 31 3
