32
0 1 0 5
1 1 0 5
1 1 1 6
1 2 1 8
2 2 1 7
2 2 2 5
2 3 1 2
2 3 2 12
2 5 10 1
2 6 12 1
2 8 12 2
2 8 13 3
2 9 13 2
2 10 14 1
2 10 15 3
2 11 15 1
2 11 16 3
3 3 2 10
3 3 3 10
3 4 3 14
3 5 7 1
3 5 8 1
3 5 9 2
3 6 11 1
3 7 3 1
3 7 4 1
3 7 13 1
3 8 4 3
3 9 9 1
3 9 14 1
3 10 13 1
3 10 14 1
3 10 15 3
3 11 16 2
3 12 16 1
4 4 2 1
4 4 3 20
4 4 4 19
4 5 4 10
4 5 5 2
4 8 4 2
4 8 5 3
4 9 5 2
4 9 7 1
4 9 8 1
4 10 7 1
4 10 8 2
4 10 9 1
4 10 12 1
4 10 13 1
4 10 14 1
4 10 17 2
4 11 15 1
4 11 16 1
4 11 18 1
4 12 16 1
5 4 3 3
5 4 4 1
5 5 4 4
5 5 5 10
5 6 4 3
5 6 5 6
5 9 6 1
5 10 9 1
5 11 15 1
5 12 20 1
6 5 3 1
6 5 4 2
6 6 4 1
6 6 5 7
6 6 6 5
6 7 6 8
6 9 6 1
6 10 14 2
6 11 13 1
6 11 14 1
6 12 15 1
7 5 3 1
7 6 4 1
7 7 5 1
7 7 6 4
7 7 7 4
7 8 6 1
7 8 7 3
7 10 8 1
7 11 12 1
7 12 15 2
8 6 3 5
8 6 4 51
8 7 4 1
8 7 5 5
8 8 6 3
8 8 7 8
8 8 8 1
8 9 8 5
8 10 8 1
8 10 11 1
8 11 9 1
8 11 15 1
8 12 9 2
8 13 16 1
9 6 4 14
9 7 4 4
9 7 5 8
9 8 5 1
9 8 6 1
9 8 7 1
9 9 7 2
9 9 8 15
9 9 9 5
9 9 10 1
9 10 8 2
9 10 9 4
9 10 11 1
9 12 15 1
10 9 7 2
10 9 8 2
10 10 8 3
10 10 9 13
10 10 10 5
10 11 8 1
10 11 10 5
10 12 10 1
10 12 14 1
10 13 15 2
10 14 16 1
11 9 8 3
11 10 9 2
11 11 9 3
11 11 10 10
11 11 11 1
11 12 10 1
11 12 11 10
12 11 10 1
12 12 10 3
12 12 11 52
12 12 12 7
12 13 12 7
12 13 13 1
12 15 14 1
12 15 16 1
12 15 17 1
13 12 9 1
13 12 11 71
13 12 12 13
13 13 10 1
13 13 11 7
13 13 12 186
13 13 13 27
13 14 12 2
13 14 13 15
13 14 14 1
13 15 13 3
13 16 18 1
14 12 10 1
14 12 11 1
14 13 11 3
14 13 12 8
14 13 13 30
14 14 12 2
14 14 13 137
14 14 14 17
14 15 13 18
14 15 14 108
14 15 15 1
14 16 14 3
15 14 12 1
15 14 13 6
15 14 14 16
15 15 13 40
15 15 14 250
15 15 15 56
15 15 16 1
15 16 13 5
15 16 14 91
15 16 15 199
15 17 15 1
15 17 16 1
16 15 14 2
16 15 15 7
16 16 13 1
16 16 14 50
16 16 15 169
16 16 16 34
16 16 17 2
16 17 15 44
16 17 16 244
16 17 17 4
16 17 18 1
16 17 19 1
16 18 16 4
17 16 14 2
17 16 15 3
17 17 15 3
17 17 16 166
17 17 17 96
17 18 16 28
17 18 17 388
17 18 18 11
17 19 17 9
17 19 18 3
18 17 15 1
18 17 16 2
18 18 17 146
18 18 18 42
18 19 17 36
18 19 18 337
18 19 19 3
18 20 18 8
19 11 7 1
19 15 13 1
19 18 16 2
19 18 17 3
19 18 18 3
19 19 18 89
19 19 19 32
19 20 18 22
19 20 19 243
19 20 20 1
19 21 19 2
20 13 7 1
20 15 10 1
20 19 10 1
20 20 19 40
20 20 20 18
20 21 19 21
20 21 20 172
20 21 21 2
20 22 20 4
21 17 13 1
21 17 14 1
21 21 20 31
21 21 21 16
21 22 12 1
21 22 20 18
21 22 21 187
21 22 22 5
22 15 8 1
22 16 8 1
22 19 16 1
22 21 20 1
22 22 21 14
22 22 22 63
22 23 21 1
22 23 22 136
22 23 23 18
23 15 8 1
23 16 12 1
23 17 9 1
23 23 22 10
23 23 23 42
23 24 23 138
23 24 24 36
24 23 22 2
24 24 23 3
24 24 24 63
24 25 24 86
24 25 25 17
25 18 11 1
25 19 14 1
25 24 24 2
25 25 24 10
25 25 25 27
25 25 26 2
25 26 25 82
25 26 26 23
26 26 25 4
26 26 26 85
26 27 26 179
26 27 27 40
26 28 27 1
27 27 26 12
27 27 27 86
27 28 27 144
27 28 28 70
27 29 28 1
28 28 27 1
28 28 28 73
28 29 28 74
28 29 29 65
29 29 28 2
29 29 29 37
29 30 29 24
29 30 30 44
30 30 30 198
30 30 31 1
30 31 30 45
