32
0 1 0 2
1 1 0 5
1 1 1 5
1 2 1 8
2 2 1 13
2 2 2 3
2 3 1 1
2 3 2 13
2 8 13 1
2 9 14 5
2 10 13 1
2 10 14 1
2 10 15 1
2 10 16 2
2 11 16 2
2 12 17 1
3 3 2 7
3 3 3 10
3 4 2 1
3 4 3 12
3 6 11 1
3 7 3 2
3 9 15 1
3 10 13 2
3 10 14 1
3 10 18 1
3 11 14 1
3 11 15 1
3 11 16 2
3 12 16 1
3 12 17 3
4 4 3 12
4 4 4 15
4 5 4 13
4 8 4 7
4 8 5 5
4 9 5 1
4 9 9 1
4 10 7 1
4 10 8 1
4 10 10 1
4 10 14 1
4 11 8 1
4 11 9 1
4 11 10 1
4 11 15 1
4 11 16 1
4 12 16 2
4 12 17 1
5 4 4 1
5 5 3 2
5 5 4 6
5 5 5 11
5 6 4 2
5 6 5 2
5 6 6 4
5 10 6 1
5 10 15 1
5 11 15 1
5 11 16 1
6 4 3 1
6 5 3 1
6 6 5 6
6 6 6 5
6 7 5 1
6 7 6 4
6 9 12 1
6 10 6 1
6 10 7 1
6 11 9 1
6 12 16 1
7 5 3 1
7 6 4 2
7 7 5 1
7 7 6 7
7 7 7 5
7 8 6 1
7 9 7 1
7 9 12 1
7 11 14 1
8 6 3 4
8 6 4 53
8 7 4 4
8 7 5 1
8 8 6 1
8 8 7 10
8 8 8 1
8 9 8 8
8 9 9 1
8 12 9 1
8 13 15 1
9 6 4 9
9 7 4 5
9 7 5 8
9 8 5 1
9 8 6 6
9 9 8 8
9 9 9 4
9 10 8 1
9 10 9 3
9 10 12 1
9 12 15 2
9 13 16 1
9 14 17 1
10 8 6 1
10 9 7 3
10 10 8 2
10 10 9 12
10 10 10 4
10 10 12 1
10 11 9 1
10 11 10 6
10 14 17 1
11 9 8 1
11 10 8 1
11 10 9 1
11 10 12 1
11 11 9 2
11 11 10 13
11 11 11 5
11 12 11 8
11 13 15 1
11 14 12 1
11 14 17 1
12 10 9 1
12 11 10 3
12 12 10 4
12 12 11 44
12 12 12 5
12 13 11 5
12 13 12 7
12 13 15 1
12 15 17 1
13 11 9 1
13 12 11 62
13 12 12 15
13 13 11 8
13 13 12 168
13 13 13 22
13 14 12 3
13 14 13 13
13 14 15 1
13 14 16 1
13 15 13 2
13 16 19 1
13 17 18 1
14 13 11 2
14 13 12 15
14 13 13 30
14 14 11 1
14 14 12 2
14 14 13 138
14 14 14 17
14 15 13 41
14 15 14 112
15 13 12 1
15 14 12 3
15 14 13 5
15 14 14 13
15 15 13 30
15 15 14 244
15 15 15 56
15 16 13 1
15 16 14 64
15 16 15 177
15 16 16 1
15 16 17 1
15 17 15 3
15 17 16 1
15 17 19 1
16 14 13 1
16 15 12 1
16 15 13 4
16 15 14 1
16 15 15 6
16 16 14 74
16 16 15 152
16 16 16 28
16 17 15 38
16 17 16 223
16 17 17 4
16 18 16 5
17 15 15 1
17 16 13 1
17 16 16 1
17 17 15 8
17 17 16 174
17 17 17 68
17 18 16 43
17 18 17 386
17 18 18 11
17 19 17 11
17 19 18 3
17 20 17 1
18 13 11 1
18 17 17 2
18 18 16 2
18 18 17 126
18 18 18 37
18 19 17 41
18 19 18 304
18 19 19 1
18 20 18 2
18 20 19 1
19 10 5 1
19 18 16 1
19 19 18 75
19 19 19 27
19 20 18 24
19 20 19 218
19 20 20 5
19 21 19 5
20 15 12 1
20 19 18 1
20 19 19 1
20 20 18 1
20 20 19 57
20 20 20 15
20 21 19 13
20 21 20 171
20 21 21 2
20 22 20 1
21 12 5 1
21 17 13 1
21 20 19 1
21 21 20 28
21 21 21 19
21 22 20 17
21 22 21 173
21 22 22 7
22 13 7 1
22 19 17 2
22 21 20 2
22 21 21 1
22 22 21 19
22 22 22 51
22 23 22 117
22 23 23 14
23 15 8 1
23 18 14 1
23 22 21 2
23 22 22 3
23 23 22 9
23 23 23 39
23 24 23 121
23 24 24 22
23 25 23 1
24 17 9 1
24 24 23 5
24 24 24 60
24 25 24 101
24 25 25 13
25 18 12 1
25 19 13 1
25 25 24 4
25 25 25 42
25 26 25 71
25 26 26 31
26 26 25 3
26 26 26 102
26 26 27 2
26 27 26 168
26 27 27 43
26 28 26 1
26 28 27 1
27 27 26 13
27 27 27 127
27 28 27 126
27 28 28 66
28 28 27 1
28 28 28 93
28 29 28 66
28 29 29 73
29 29 29 50
29 30 29 15
29 30 30 38
30 30 30 111
30 30 31 2
30 31 30 35
