32
0 1 0 1
1 1 0 7
1 2 1 4
2 1 1 1
2 2 0 3
2 2 1 15
2 2 2 3
2 3 1 5
2 3 2 11
2 10 16 1
3 2 1 3
3 3 1 5
3 3 2 16
3 3 3 8
3 4 2 1
3 4 3 8
3 5 8 1
3 5 10 1
3 6 11 1
3 7 12 1
3 10 15 1
3 10 16 1
3 10 18 1
3 11 16 2
3 11 17 1
3 12 17 1
3 12 18 1
4 3 2 1
4 4 2 1
4 4 3 9
4 4 4 9
4 5 4 7
4 5 8 1
4 6 11 1
4 9 17 1
4 12 18 1
4 13 18 6
4 13 19 3
5 4 1 1
5 4 2 1
5 4 3 1
5 5 3 2
5 5 4 10
5 5 5 7
5 6 5 1
5 6 7 1
5 9 14 1
5 12 17 4
5 12 19 1
5 12 20 2
5 13 17 2
6 5 3 1
6 6 3 2
6 6 4 6
6 6 5 2
6 7 4 1
6 7 5 1
6 7 6 1
6 12 5 3
6 12 6 1
6 12 7 1
6 12 16 2
6 13 17 2
7 6 3 1
7 6 4 3
7 6 5 2
7 7 4 1
7 7 5 3
7 7 6 2
7 7 7 1
7 8 7 2
7 12 6 1
7 13 5 1
7 13 6 2
7 13 11 1
7 13 17 1
7 13 18 1
7 14 9 1
7 14 10 1
7 14 12 1
8 7 5 1
8 7 6 1
8 8 6 6
8 8 7 3
8 9 8 2
8 11 14 1
8 12 17 1
8 13 7 1
8 13 8 1
8 13 9 1
8 13 17 1
8 14 6 2
8 14 7 1
8 14 8 1
8 14 9 2
8 14 18 1
9 8 5 1
9 8 7 3
9 9 7 6
9 9 8 4
9 9 9 1
9 10 8 1
9 10 9 2
9 10 11 1
9 13 8 1
9 14 8 2
10 7 3 1
10 9 6 2
10 9 8 1
10 10 8 5
10 10 9 1
10 10 10 2
10 11 11 1
10 11 12 1
10 11 14 1
10 13 11 1
10 14 12 1
10 14 16 1
11 8 3 2
11 8 4 1
11 8 5 1
11 9 5 1
11 9 7 1
11 10 7 1
11 10 8 3
11 10 9 2
11 11 8 2
11 11 9 3
11 11 10 3
11 12 10 1
11 12 12 1
11 13 11 1
11 13 16 1
11 14 11 1
12 9 4 1
12 9 5 2
12 10 5 1
12 10 6 1
12 10 7 1
12 11 9 2
12 11 10 4
12 12 9 2
12 12 10 8
12 12 11 3
12 12 13 1
12 13 15 1
12 14 17 1
12 15 18 1
13 9 4 2
13 10 4 2
13 10 5 10
13 10 6 3
13 11 6 4
13 11 7 2
13 12 10 4
13 12 11 4
13 13 10 1
13 13 11 6
13 13 12 4
13 13 13 1
13 14 12 3
13 14 13 2
13 15 13 1
13 15 17 2
13 15 18 2
13 16 19 1
13 17 20 1
14 10 4 29
14 10 5 23
14 10 6 1
14 11 6 4
14 11 7 4
14 12 8 1
14 12 9 1
14 12 10 1
14 13 10 1
14 13 11 2
14 13 12 6
14 13 13 1
14 13 15 1
14 14 12 5
14 14 13 7
14 14 14 1
14 15 13 7
14 15 14 3
14 16 14 1
14 16 17 1
14 17 19 2
15 12 7 2
15 12 9 1
15 13 9 1
15 14 11 2
15 14 12 2
15 14 13 8
15 15 13 41
15 15 14 18
15 15 15 2
15 16 13 3
15 16 14 13
15 16 15 5
15 16 16 1
15 17 15 1
15 18 21 1
15 19 21 1
16 13 9 2
16 14 12 3
16 15 12 1
16 15 13 13
16 15 14 9
16 16 13 5
16 16 14 62
16 16 15 31
16 16 16 2
16 17 15 29
16 17 16 16
16 18 17 1
17 15 12 3
17 15 13 7
17 16 13 6
17 16 14 20
17 16 15 12
17 17 15 44
17 17 16 137
17 17 17 15
17 18 16 43
17 18 17 35
17 18 18 1
17 18 19 1
17 19 17 1
17 19 22 1
18 9 5 1
18 15 12 1
18 16 12 1
18 16 13 8
18 16 14 58
18 16 15 2
18 17 14 20
18 17 15 71
18 17 16 61
18 17 17 3
18 18 15 1
18 18 16 58
18 18 17 152
18 18 18 19
18 18 19 2
18 19 17 65
18 19 18 40
18 19 19 3
18 19 21 2
18 20 22 5
18 21 18 1
18 21 22 5
19 12 6 1
19 14 10 1
19 16 13 1
19 17 13 1
19 17 14 12
19 17 15 91
19 17 16 39
19 18 15 11
19 18 16 146
19 18 17 114
19 18 18 15
19 19 16 2
19 19 17 193
19 19 18 193
19 19 19 27
19 20 17 5
19 20 18 109
19 20 19 73
19 20 21 6
19 20 22 2
19 21 18 1
19 21 19 3
19 21 20 1
19 21 21 2
19 21 22 110
19 21 23 42
19 22 22 2
19 22 23 40
20 11 5 1
20 14 11 1
20 17 9 1
20 18 15 2
20 18 16 16
20 18 17 16
20 19 16 2
20 19 17 119
20 19 18 91
20 19 19 18
20 20 17 1
20 20 18 103
20 20 19 244
20 20 20 19
20 20 21 5
20 21 18 5
20 21 19 122
20 21 20 120
20 21 21 7
20 21 22 18
20 22 20 1
20 22 21 2
20 22 22 10
20 22 23 235
20 22 24 122
20 23 24 27
20 23 25 1
21 14 7 1
21 20 17 1
21 20 18 4
21 20 19 18
21 21 19 66
21 21 20 171
21 21 21 9
21 22 20 36
21 22 21 170
21 22 22 19
21 22 23 13
21 22 24 8
21 23 21 1
21 23 24 76
21 23 25 90
21 24 25 4
21 24 26 1
22 14 8 1
22 16 8 1
22 17 10 1
22 18 15 1
22 19 16 1
22 20 18 1
22 21 18 6
22 21 19 16
22 21 20 7
22 21 21 1
22 22 18 1
22 22 19 50
22 22 20 50
22 22 21 72
22 22 22 59
22 23 20 2
22 23 21 1
22 23 22 99
22 23 23 37
22 23 24 6
22 23 25 3
22 24 23 4
22 24 25 11
22 24 26 54
22 25 26 13
22 25 27 14
22 25 28 3
23 22 19 8
23 22 20 50
23 22 21 5
23 23 20 24
23 23 21 30
23 23 22 42
23 23 23 57
23 24 22 1
23 24 23 96
23 24 24 57
23 24 25 1
23 25 24 5
23 25 27 45
23 25 28 5
23 26 27 3
23 26 28 40
23 26 29 4
23 27 29 2
24 17 11 1
24 22 20 2
24 23 20 6
24 23 21 35
24 23 22 6
24 24 21 19
24 24 22 27
24 24 23 9
24 24 24 27
24 25 24 34
24 25 25 36
24 25 26 1
24 26 25 3
24 26 26 2
24 26 27 1
24 26 28 9
24 26 29 13
24 27 28 1
24 27 29 29
24 27 30 5
24 28 30 1
25 24 21 3
25 24 22 69
25 24 23 1
25 25 22 32
25 25 23 14
25 25 24 9
25 25 25 17
25 26 25 7
25 26 26 22
25 26 27 2
25 27 26 5
25 27 27 1
25 27 29 11
25 27 30 2
25 28 29 4
25 28 30 30
25 29 30 5
26 25 23 1
26 26 23 2
26 26 24 1
26 26 25 1
26 26 26 6
26 27 26 4
26 27 27 12
26 28 27 4
26 28 28 1
26 29 30 4
26 29 31 3
26 30 30 1
26 30 31 1
27 26 25 1
27 27 26 2
27 27 27 4
27 28 27 2
27 28 28 13
27 28 29 2
27 29 28 2
28 28 28 1
28 28 29 1
28 29 28 1
28 29 29 11
29 29 29 2
29 29 30 1
29 30 29 1
29 30 30 4
30 30 30 7
30 31 30 4
