32
0 1 0 1
1 1 0 8
1 1 1 2
1 2 1 11
2 2 1 9
2 2 2 4
2 3 2 13
2 3 4 1
2 5 10 1
2 8 12 1
2 8 13 1
2 9 13 2
2 9 14 1
2 10 15 4
2 10 16 1
2 11 15 1
2 11 16 2
3 3 2 7
3 3 3 12
3 4 3 18
3 4 4 1
3 6 11 1
3 6 12 1
3 7 3 1
3 7 4 1
3 8 4 3
3 8 5 1
3 10 13 1
3 10 14 2
3 11 14 1
3 11 15 2
3 11 16 1
3 12 16 2
4 4 2 1
4 4 3 19
4 4 4 11
4 5 4 16
4 5 6 1
4 5 7 2
4 6 10 2
4 7 11 1
4 8 4 3
4 8 5 2
4 9 5 3
4 9 11 1
4 9 14 1
4 10 7 2
4 10 8 2
4 10 9 1
4 10 11 1
4 10 13 1
4 10 15 1
4 10 16 1
4 10 17 1
4 11 15 2
4 11 19 1
4 12 20 1
5 4 3 1
5 5 4 10
5 5 5 8
5 6 4 2
5 6 5 5
5 8 6 1
5 9 6 1
5 9 15 1
5 10 9 1
5 11 14 1
5 13 20 2
6 5 3 3
6 5 4 2
6 6 4 1
6 6 5 7
6 6 6 3
6 7 5 5
6 7 6 1
6 10 7 1
6 10 14 1
6 11 9 1
6 11 15 1
6 13 20 1
7 6 4 3
7 6 5 1
7 7 6 5
7 7 7 4
7 8 6 2
7 9 8 1
7 11 14 2
7 11 15 1
7 11 16 1
8 6 3 11
8 6 4 45
8 7 4 1
8 7 5 4
8 8 6 2
8 8 7 8
8 8 8 3
8 8 9 2
8 9 7 1
8 9 8 8
8 10 13 1
8 11 8 1
8 11 11 1
8 12 15 1
8 13 16 1
9 6 3 2
9 6 4 14
9 7 4 4
9 7 5 9
9 7 6 1
9 8 5 1
9 8 6 3
9 9 7 2
9 9 8 14
9 10 9 6
9 10 10 1
9 12 9 1
9 12 14 1
9 12 15 1
9 12 16 1
10 8 6 1
10 9 7 2
10 10 8 5
10 10 9 8
10 10 10 2
10 11 9 3
10 11 10 4
10 14 16 1
10 14 17 1
11 9 7 1
11 10 8 1
11 10 9 2
11 11 8 1
11 11 9 2
11 11 10 14
11 11 11 5
11 12 10 1
11 12 11 4
11 12 12 1
11 13 11 1
11 13 15 1
11 14 14 1
11 14 18 1
11 15 17 1
12 11 9 1
12 11 10 1
12 12 9 1
12 12 10 2
12 12 11 55
12 12 12 15
12 13 12 9
12 14 16 1
12 15 12 1
13 12 9 1
13 12 10 2
13 12 11 74
13 12 12 13
13 13 11 7
13 13 12 181
13 13 13 28
13 14 12 3
13 14 13 15
13 15 13 4
13 16 18 1
14 12 10 2
14 12 11 2
14 13 10 1
14 13 11 2
14 13 12 13
14 13 13 30
14 14 11 1
14 14 12 6
14 14 13 141
14 14 14 22
14 15 13 21
14 15 14 79
14 15 15 1
14 15 16 1
14 16 14 5
15 13 13 2
15 14 13 7
15 14 14 7
15 15 13 44
15 15 14 248
15 15 15 58
15 16 13 5
15 16 14 77
15 16 15 181
15 16 16 2
15 17 15 4
15 17 16 1
16 15 12 1
16 15 14 6
16 15 15 6
16 16 13 1
16 16 14 57
16 16 15 140
16 16 16 34
16 16 17 1
16 17 15 53
16 17 16 251
16 17 17 2
16 18 16 3
16 18 17 1
17 15 14 1
17 16 15 1
17 16 16 4
17 17 15 4
17 17 16 165
17 17 17 84
17 18 16 33
17 18 17 380
17 18 18 11
17 19 17 9
17 19 18 2
18 11 8 1
18 17 15 1
18 17 16 2
18 17 17 2
18 18 16 1
18 18 17 152
18 18 18 34
18 19 17 50
18 19 18 326
18 19 19 3
18 20 18 3
19 13 7 1
19 17 14 1
19 17 16 1
19 18 11 1
19 18 17 3
19 19 18 92
19 19 19 19
19 20 18 33
19 20 19 246
19 20 20 1
19 21 19 7
20 19 18 2
20 20 10 1
20 20 19 32
20 20 20 20
20 21 19 16
20 21 20 199
20 22 20 5
20 22 21 1
21 16 10 1
21 16 13 1
21 17 14 1
21 20 17 1
21 20 19 2
21 21 20 25
21 21 21 20
21 22 20 11
21 22 21 182
21 22 22 3
22 14 8 1
22 17 9 1
22 19 16 1
22 21 21 1
22 22 21 17
22 22 22 49
22 23 22 122
22 23 23 16
23 15 9 1
23 17 13 1
23 22 21 1
23 22 22 2
23 23 22 9
23 23 23 35
23 24 23 119
23 24 24 13
24 17 10 1
24 24 23 3
24 24 24 55
24 24 25 1
24 25 24 108
24 25 25 27
25 18 12 1
25 25 24 6
25 25 25 30
25 25 26 1
25 26 25 74
25 26 26 26
25 27 25 1
26 26 25 4
26 26 26 94
26 27 26 174
26 27 27 45
26 28 26 2
27 27 26 11
27 27 27 93
27 28 27 145
27 28 28 68
28 28 27 3
28 28 28 70
28 29 28 64
28 29 29 69
29 29 29 37
29 29 30 1
29 30 29 27
29 30 30 45
30 30 29 1
30 30 30 151
30 30 31 3
30 31 30 38
30 31 31 4
