32
0 1 0 3
1 1 0 4
1 1 1 6
1 2 1 13
2 2 1 17
2 2 2 3
2 3 1 1
2 3 2 10
2 3 3 1
2 8 13 2
2 9 14 3
2 10 14 1
2 10 15 2
2 10 16 1
2 11 15 1
2 11 16 3
2 12 17 2
3 3 2 9
3 3 3 11
3 4 3 15
3 4 4 3
3 7 4 1
3 8 4 5
3 9 14 1
3 10 14 2
3 11 13 1
3 11 16 2
3 12 17 2
4 4 3 16
4 4 4 17
4 5 3 1
4 5 4 10
4 5 5 1
4 8 4 4
4 8 5 5
4 9 8 1
4 9 9 1
4 10 7 1
4 10 8 1
4 10 10 1
4 10 13 1
4 11 15 1
4 11 16 1
4 12 17 1
5 5 4 7
5 5 5 12
5 6 5 4
5 6 6 3
5 9 6 2
5 11 7 1
5 11 9 1
5 11 15 2
6 5 3 1
6 5 4 2
6 6 4 1
6 6 5 8
6 6 6 6
6 6 7 1
6 7 5 3
6 7 6 6
6 10 7 2
6 10 15 1
6 11 9 1
6 11 15 1
6 12 16 1
7 5 3 2
7 6 4 1
7 6 5 1
7 7 5 1
7 7 6 8
7 7 7 2
7 8 6 1
7 8 7 5
7 9 7 1
7 11 7 1
8 6 3 4
8 6 4 49
8 6 5 1
8 7 4 3
8 7 5 2
8 8 7 10
8 8 8 4
8 9 7 1
8 9 8 5
8 9 9 1
8 11 14 1
8 12 15 1
8 13 15 1
8 13 16 2
9 6 4 11
9 7 4 3
9 7 5 7
9 7 6 1
9 8 5 1
9 8 6 3
9 8 8 1
9 9 7 2
9 9 8 7
9 9 9 3
9 10 8 1
9 10 9 4
9 12 15 2
9 13 16 1
10 8 6 2
10 10 8 1
10 10 9 6
10 10 10 6
10 11 10 4
10 11 14 1
11 10 8 1
11 10 9 2
11 10 12 1
11 11 9 2
11 11 10 9
11 11 11 4
11 12 11 7
11 13 15 1
12 10 9 1
12 11 9 1
12 11 10 1
12 12 10 2
12 12 11 47
12 12 12 3
12 13 11 3
12 13 12 7
12 16 18 1
12 16 19 1
13 11 10 1
13 12 11 73
13 12 12 8
13 13 11 8
13 13 12 181
13 13 13 25
13 14 12 4
13 14 13 26
13 14 14 1
13 15 15 1
13 16 17 1
14 13 12 14
14 13 13 32
14 14 12 1
14 14 13 142
14 14 14 20
14 14 15 1
14 15 13 33
14 15 14 95
14 15 15 1
14 15 16 1
14 15 17 1
14 17 15 1
15 13 12 1
15 14 12 3
15 14 13 12
15 14 14 14
15 15 13 24
15 15 14 270
15 15 15 55
15 16 14 79
15 16 15 185
15 16 16 1
15 17 15 3
15 17 19 1
16 14 14 1
16 15 13 3
16 15 14 5
16 15 15 6
16 16 14 78
16 16 15 150
16 16 16 33
16 17 15 36
16 17 16 221
16 17 17 4
16 18 16 7
16 19 20 1
17 16 14 3
17 16 15 2
17 16 16 4
17 17 15 7
17 17 16 153
17 17 17 81
17 18 16 40
17 18 17 375
17 18 18 11
17 19 17 11
17 19 18 4
18 17 16 1
18 17 17 3
18 18 16 2
18 18 17 163
18 18 18 38
18 19 17 54
18 19 18 312
18 19 19 1
18 20 18 3
18 20 19 1
19 13 10 1
19 16 14 1
19 18 16 1
19 18 17 1
19 18 18 1
19 19 18 81
19 19 19 33
19 19 20 1
19 20 18 28
19 20 19 232
19 20 20 3
19 21 19 3
20 19 19 1
20 20 19 52
20 20 20 20
20 21 19 16
20 21 20 179
20 21 21 2
20 22 20 2
21 19 17 1
21 20 19 1
21 20 20 1
21 21 20 32
21 21 21 19
21 22 20 10
21 22 21 151
21 22 22 8
22 21 20 3
22 22 21 23
22 22 22 62
22 23 21 1
22 23 22 127
22 23 23 8
23 15 8 1
23 18 14 1
23 19 16 1
23 22 22 3
23 23 22 6
23 23 23 45
23 24 23 126
23 24 24 24
23 25 24 1
24 23 22 2
24 24 23 6
24 24 24 65
24 25 24 105
24 25 25 20
25 19 13 1
25 24 24 1
25 24 25 1
25 25 24 7
25 25 25 34
25 26 25 54
25 26 26 30
26 26 25 1
26 26 26 107
26 27 26 168
26 27 27 43
26 28 26 1
27 27 26 6
27 27 27 96
27 27 28 1
27 28 27 129
27 28 28 64
28 28 27 1
28 28 28 86
28 29 28 69
28 29 29 76
29 29 29 56
29 29 30 1
29 30 29 30
29 30 30 48
30 30 29 1
30 30 30 178
30 30 31 6
30 31 30 53
30 31 31 4
