32
0 0 0 1
0 1 0 1
1 1 0 8
1 1 1 5
1 2 1 12
2 2 1 10
2 2 2 5
2 3 2 13
2 8 12 1
2 8 13 3
2 9 14 3
2 9 15 2
2 10 14 1
2 10 15 1
2 10 16 1
2 11 15 2
2 11 16 2
2 12 17 2
3 3 2 13
3 3 3 12
3 4 2 3
3 4 3 13
3 6 11 2
3 7 3 1
3 8 4 3
3 9 13 1
3 9 17 1
3 10 13 1
3 10 14 1
3 10 15 1
3 11 15 1
3 12 16 1
3 12 17 3
4 4 2 2
4 4 3 13
4 4 4 18
4 5 3 1
4 5 4 10
4 5 8 1
4 8 4 5
4 8 5 3
4 9 5 2
4 9 6 1
4 9 7 1
4 9 8 2
4 9 9 1
4 10 7 1
4 10 8 1
4 10 12 1
4 10 13 1
4 10 18 1
4 11 15 4
4 12 16 1
5 4 3 2
5 5 4 12
5 5 5 11
5 6 4 2
5 6 5 4
5 6 7 1
5 8 5 1
5 9 5 1
5 11 8 1
5 11 12 1
5 11 15 3
5 12 16 2
5 13 21 1
6 5 3 1
6 5 4 2
6 6 4 3
6 6 5 7
6 7 6 3
6 10 7 1
6 10 15 1
6 11 15 1
6 12 16 1
7 5 3 2
7 6 4 3
7 6 5 1
7 7 5 1
7 7 6 6
7 7 7 3
7 8 7 3
7 9 7 1
7 10 11 1
7 10 13 1
7 11 7 1
7 13 16 1
8 6 3 25
8 6 4 45
8 6 5 1
8 7 5 5
8 7 6 1
8 8 6 1
8 8 7 8
8 8 8 2
8 9 8 4
8 9 9 1
8 11 10 2
8 11 15 1
9 7 4 2
9 7 5 6
9 7 6 1
9 8 6 2
9 9 7 2
9 9 8 15
9 10 8 1
9 10 9 3
9 10 13 1
9 12 15 3
9 13 15 1
10 8 7 1
10 9 7 1
10 10 8 6
10 10 9 7
10 10 10 5
10 11 10 6
10 11 11 1
10 11 12 1
10 12 11 1
11 9 8 1
11 10 9 4
11 11 9 3
11 11 10 20
11 11 11 8
11 12 11 3
11 14 15 1
11 14 17 1
12 10 9 1
12 11 9 1
12 11 10 7
12 11 11 1
12 12 10 32
12 12 11 81
12 12 12 1
12 13 11 2
12 13 12 11
12 14 12 1
12 14 16 1
12 14 17 1
13 12 9 1
13 12 10 3
13 12 11 66
13 12 12 18
13 13 10 1
13 13 11 8
13 13 12 152
13 13 13 15
13 14 12 3
13 14 13 19
13 14 16 1
13 15 15 1
13 17 18 1
14 13 10 1
14 13 12 22
14 13 13 25
14 14 11 1
14 14 12 2
14 14 13 131
14 14 14 16
14 15 13 29
14 15 14 104
14 15 15 1
14 15 16 1
14 16 14 2
14 16 19 1
15 14 12 1
15 14 13 7
15 14 14 10
15 15 13 47
15 15 14 269
15 15 15 37
15 16 13 4
15 16 14 75
15 16 15 185
15 17 15 1
15 17 19 1
15 18 19 1
16 14 12 1
16 14 13 1
16 15 13 3
16 15 14 6
16 15 15 13
16 16 13 8
16 16 14 70
16 16 15 144
16 16 16 29
16 17 15 51
16 17 16 232
16 17 17 3
17 15 15 1
17 16 15 1
17 16 16 1
17 17 15 5
17 17 16 173
17 17 17 90
17 18 16 30
17 18 17 373
17 18 18 14
17 19 17 5
17 19 18 1
18 17 16 5
18 17 17 2
18 18 17 150
18 18 18 37
18 18 19 1
18 19 17 43
18 19 18 327
18 19 19 2
19 11 6 1
19 14 11 1
19 18 17 2
19 19 11 1
19 19 17 1
19 19 18 74
19 19 19 29
19 19 20 2
19 20 18 30
19 20 19 228
19 20 20 2
19 21 19 6
20 11 6 1
20 17 14 1
20 19 18 3
20 20 19 54
20 20 20 17
20 20 21 1
20 21 19 14
20 21 20 176
20 21 21 2
20 22 20 3
21 13 7 1
21 14 8 1
21 19 17 1
21 20 19 1
21 21 11 1
21 21 20 38
21 21 21 15
21 22 13 1
21 22 20 16
21 22 21 163
21 22 22 4
22 16 11 1
22 19 17 1
22 21 20 1
22 21 21 1
22 22 21 19
22 22 22 50
22 23 22 121
22 23 23 14
23 15 8 1
23 16 9 1
23 18 15 1
23 23 22 11
23 23 23 39
23 24 23 122
23 24 24 19
24 18 11 1
24 24 23 6
24 24 24 65
24 25 24 94
24 25 25 14
25 18 13 1
25 24 24 1
25 25 24 8
25 25 25 38
25 25 26 1
25 26 25 67
25 26 26 26
26 26 25 3
26 26 26 95
26 27 26 157
26 27 27 52
26 28 26 1
27 27 26 10
27 27 27 108
27 27 28 1
27 28 27 123
27 28 28 73
28 28 27 4
28 28 28 78
28 28 29 1
28 29 28 67
28 29 29 78
29 29 29 42
29 29 30 1
29 30 29 23
29 30 30 52
30 30 29 1
30 30 30 180
30 31 30 64
30 31 31 3
