32
0 0 0 1
0 1 0 3
1 1 0 7
1 1 1 6
1 2 1 11
1 2 2 1
2 2 1 10
2 2 2 5
2 3 2 18
2 3 3 1
2 6 11 1
2 6 12 1
2 8 13 3
2 9 13 1
2 9 14 2
2 10 15 2
2 10 16 1
2 11 15 2
2 11 16 2
3 3 2 15
3 3 3 12
3 4 2 3
3 4 3 7
3 4 4 1
3 5 8 1
3 6 10 1
3 7 4 1
3 7 12 2
3 8 4 4
3 8 6 1
3 9 14 1
3 10 14 2
3 10 15 4
3 12 16 3
4 4 3 20
4 4 4 18
4 5 4 8
4 8 4 3
4 8 5 1
4 9 5 1
4 9 7 1
4 10 6 1
4 10 7 1
4 10 8 1
4 10 12 1
4 10 13 3
4 10 14 2
4 10 17 2
4 11 11 1
4 11 16 1
4 12 20 2
5 4 3 1
5 4 4 2
5 5 3 1
5 5 4 9
5 5 5 12
5 6 5 4
5 6 7 1
5 8 5 1
5 9 5 1
5 9 6 1
5 9 13 1
5 10 8 1
5 11 15 1
5 13 21 1
6 5 3 2
6 6 5 4
6 6 6 5
6 7 5 2
6 7 6 4
6 10 7 1
6 10 14 3
6 11 14 3
6 12 15 1
7 5 4 1
7 6 4 2
7 6 5 1
7 7 6 6
7 7 7 2
7 8 6 1
7 8 7 4
7 9 8 1
7 10 7 1
7 10 8 1
7 11 14 1
7 12 15 1
8 6 3 6
8 6 4 49
8 6 5 1
8 7 4 2
8 7 5 2
8 7 7 1
8 8 5 1
8 8 6 3
8 8 7 10
8 8 8 4
8 9 7 1
8 9 8 3
8 10 11 1
8 10 12 1
8 12 15 1
8 13 16 3
9 6 4 8
9 7 4 5
9 7 5 10
9 8 5 3
9 8 6 2
9 9 7 1
9 9 8 12
9 9 9 3
9 10 9 3
9 10 12 1
9 12 15 1
9 13 9 1
9 13 10 1
10 8 7 1
10 10 8 8
10 10 9 9
10 10 10 4
10 11 10 6
10 11 11 2
11 10 8 1
11 10 9 1
11 11 9 4
11 11 10 10
11 11 11 3
11 12 10 1
11 12 11 13
11 12 12 1
11 13 11 1
11 15 17 1
12 10 9 1
12 12 10 4
12 12 11 51
12 12 12 6
12 13 11 3
12 13 12 3
12 13 13 1
12 14 15 1
12 15 17 1
12 15 18 1
13 12 10 3
13 12 11 62
13 12 12 16
13 13 10 1
13 13 11 10
13 13 12 181
13 13 13 28
13 14 12 3
13 14 13 14
13 14 15 1
13 17 18 1
14 13 10 1
14 13 11 2
14 13 12 9
14 13 13 36
14 14 12 1
14 14 13 138
14 14 14 25
14 15 13 18
14 15 14 90
14 15 15 1
14 16 14 2
14 16 16 1
15 12 12 1
15 13 12 1
15 13 13 1
15 14 12 2
15 14 13 1
15 14 14 10
15 15 13 30
15 15 14 241
15 15 15 56
15 16 14 105
15 16 15 210
15 16 16 2
15 17 15 2
16 14 13 2
16 15 13 3
16 15 14 4
16 15 15 4
16 16 14 72
16 16 15 140
16 16 16 22
16 16 17 1
16 17 15 43
16 17 16 275
16 17 17 2
16 18 16 1
16 18 17 1
17 15 15 1
17 16 14 1
17 16 15 2
17 16 16 3
17 17 15 3
17 17 16 165
17 17 17 108
17 18 16 26
17 18 17 387
17 18 18 15
17 19 17 16
17 19 18 3
18 12 8 1
18 17 17 4
18 18 16 1
18 18 17 148
18 18 18 41
18 19 17 30
18 19 18 336
18 19 19 4
18 20 18 2
19 15 10 1
19 18 16 2
19 18 17 1
19 18 18 1
19 19 11 1
19 19 18 95
19 19 19 29
19 20 18 36
19 20 19 229
19 20 20 4
19 21 19 2
19 21 20 1
20 14 7 1
20 19 17 2
20 19 18 3
20 20 10 1
20 20 19 46
20 20 20 16
20 21 19 14
20 21 20 196
20 21 21 3
20 22 20 3
20 22 21 1
21 17 13 1
21 17 15 1
21 20 20 2
21 21 20 44
21 21 21 14
21 22 20 8
21 22 21 194
21 22 22 7
22 15 8 1
22 19 16 1
22 21 20 1
22 22 21 19
22 22 22 74
22 23 22 148
22 23 23 16
23 15 8 1
23 17 9 1
23 18 14 1
23 23 22 5
23 23 23 53
23 24 23 123
23 24 24 28
24 18 11 1
24 24 22 1
24 24 23 6
24 24 24 55
24 25 24 99
24 25 25 11
25 18 12 1
25 24 24 1
25 25 24 8
25 25 25 37
25 26 25 75
25 26 26 33
26 26 25 5
26 26 26 91
26 26 27 2
26 27 26 175
26 27 27 48
27 27 26 8
27 27 27 99
27 28 27 152
27 28 28 71
28 28 27 2
28 28 28 69
28 29 28 62
28 29 29 69
29 29 28 1
29 29 29 41
29 30 29 24
29 30 30 49
30 30 29 1
30 30 30 176
30 30 31 1
30 31 30 57
30 31 31 2
