32
0 1 0 1
1 1 0 4
1 1 1 5
1 2 1 7
2 2 1 8
2 2 2 2
2 2 3 1
2 3 1 1
2 3 2 15
2 5 11 1
2 8 12 1
2 8 13 1
2 9 14 4
2 10 15 3
2 10 16 1
2 11 16 2
2 12 17 2
3 3 2 13
3 3 3 6
3 4 2 2
3 4 3 16
3 5 9 1
3 6 11 1
3 7 3 1
3 7 12 1
3 8 4 2
3 8 5 1
3 10 13 1
3 10 14 1
3 10 15 1
3 11 15 2
3 11 16 2
3 12 16 1
3 12 17 2
4 4 3 14
4 4 4 8
4 5 3 1
4 5 4 9
4 5 7 1
4 5 8 2
4 6 10 1
4 7 12 1
4 8 4 5
4 8 5 2
4 9 8 1
4 10 8 2
4 10 12 1
4 10 15 1
4 10 18 1
4 11 8 1
4 11 15 1
4 11 16 2
4 11 18 1
4 12 16 1
5 4 3 2
5 5 3 1
5 5 4 10
5 5 5 10
5 6 5 6
5 6 6 1
5 8 6 1
5 8 14 1
5 9 5 2
5 10 13 1
5 10 16 1
5 11 9 1
5 11 10 1
5 11 12 1
5 12 16 1
5 13 20 1
5 13 21 2
6 5 3 3
6 5 4 2
6 6 4 1
6 6 5 6
6 6 6 1
6 7 6 6
6 9 6 1
6 10 7 1
6 10 14 1
6 11 15 1
7 5 3 2
7 5 4 1
7 6 4 2
7 7 5 2
7 7 6 8
7 7 7 2
7 8 6 1
7 8 7 4
7 9 8 1
7 10 13 1
7 10 14 1
7 11 16 1
7 12 15 1
7 13 16 1
7 13 20 1
8 6 3 4
8 6 4 46
8 6 5 1
8 7 4 2
8 7 5 5
8 8 6 1
8 8 7 12
8 8 8 1
8 9 7 3
8 9 8 6
8 9 9 2
8 10 9 1
8 11 14 1
8 13 16 2
8 14 17 1
9 6 4 19
9 7 4 6
9 7 5 4
9 7 6 1
9 8 5 1
9 8 6 3
9 8 7 2
9 9 7 2
9 9 8 9
9 9 9 3
9 10 8 2
9 10 9 2
9 13 16 2
9 14 17 1
10 9 7 1
10 9 8 1
10 9 9 1
10 10 8 4
10 10 9 9
10 10 10 2
10 11 10 8
10 11 11 1
10 13 16 1
11 10 8 2
11 10 9 2
11 11 8 1
11 11 9 4
11 11 10 9
11 11 11 5
11 11 12 1
11 12 10 1
11 12 11 9
11 12 12 2
11 13 15 1
11 14 12 1
12 11 9 1
12 11 10 2
12 11 11 1
12 12 10 3
12 12 11 51
12 12 12 4
12 13 11 3
12 13 12 6
12 13 13 2
12 13 15 1
12 14 12 1
12 14 15 1
13 12 10 1
13 12 11 70
13 12 12 18
13 13 10 1
13 13 11 6
13 13 12 162
13 13 13 31
13 14 12 2
13 14 13 18
13 14 14 1
13 14 16 1
14 13 10 1
14 13 11 3
14 13 12 16
14 13 13 28
14 14 12 5
14 14 13 126
14 14 14 25
14 15 13 16
14 15 14 78
14 15 15 2
14 15 17 1
14 16 14 2
14 16 15 1
15 14 12 1
15 14 13 8
15 14 14 11
15 15 13 27
15 15 14 231
15 15 15 57
15 15 17 1
15 16 13 1
15 16 14 45
15 16 15 163
15 17 15 2
15 17 19 1
16 14 12 1
16 15 13 1
16 15 14 4
16 15 15 2
16 16 13 3
16 16 14 106
16 16 15 135
16 16 16 42
16 17 15 34
16 17 16 226
16 17 17 4
16 18 17 3
16 18 19 1
17 16 14 1
17 16 15 2
17 16 16 1
17 17 15 7
17 17 16 187
17 17 17 96
17 18 16 39
17 18 17 363
17 18 18 10
17 19 17 8
17 19 18 3
17 20 17 1
18 17 17 3
18 18 16 1
18 18 17 152
18 18 18 41
18 19 17 46
18 19 18 326
18 19 19 2
18 20 18 5
19 10 5 1
19 13 10 1
19 18 16 1
19 18 17 2
19 19 17 2
19 19 18 67
19 19 19 29
19 19 20 1
19 20 18 28
19 20 19 229
19 20 20 3
19 21 19 8
19 21 20 1
20 19 17 1
20 19 18 1
20 19 19 1
20 20 19 45
20 20 20 16
20 21 19 20
20 21 20 184
20 21 21 4
20 22 20 1
21 14 7 1
21 16 10 1
21 17 14 1
21 19 10 1
21 19 11 1
21 20 18 1
21 20 19 2
21 21 12 1
21 21 20 26
21 21 21 26
21 22 20 21
21 22 21 172
21 22 22 4
22 13 7 2
22 21 20 1
22 22 21 25
22 22 22 71
22 23 21 1
22 23 22 144
22 23 23 26
23 15 9 1
23 22 22 4
23 23 22 9
23 23 23 69
23 24 23 119
23 24 24 46
23 25 23 1
24 17 10 1
24 18 11 1
24 19 16 1
24 23 24 1
24 24 23 8
24 24 24 62
24 25 24 105
24 25 25 18
25 18 13 1
25 24 24 2
25 25 24 2
25 25 25 36
25 26 25 79
25 26 26 42
26 25 24 1
26 26 25 1
26 26 26 119
26 27 26 161
26 27 27 54
26 28 26 1
27 27 26 10
27 27 27 94
27 28 27 123
27 28 28 62
28 28 27 2
28 28 28 90
28 29 28 55
28 29 29 85
29 29 29 38
29 29 30 2
29 30 29 17
29 30 30 49
30 30 29 1
30 30 30 147
30 30 31 3
30 31 30 54
30 31 31 4
31 31 31 1
