32
0 0 0 2
0 1 0 3
1 1 0 4
1 1 1 6
1 2 1 14
2 2 1 9
2 2 2 4
2 3 2 13
2 3 3 1
2 5 11 1
2 8 12 1
2 8 13 2
2 8 14 1
2 9 13 1
2 9 14 2
2 10 14 1
2 10 15 5
2 11 15 1
2 11 16 3
3 3 2 7
3 3 3 14
3 4 2 1
3 4 3 11
3 4 4 1
3 6 10 1
3 6 11 1
3 7 3 1
3 7 4 1
3 8 4 3
3 8 5 2
3 9 13 1
3 10 14 1
3 11 15 2
3 11 16 1
3 12 16 1
4 4 2 1
4 4 3 16
4 4 4 20
4 5 4 13
4 5 8 1
4 6 12 1
4 8 4 3
4 8 5 2
4 9 5 1
4 9 8 1
4 9 9 1
4 9 16 1
4 10 6 1
4 10 7 1
4 10 8 2
4 10 9 1
4 10 12 1
4 10 13 3
4 11 14 1
4 11 18 2
4 12 16 1
5 4 2 1
5 4 3 1
5 5 4 8
5 5 5 8
5 6 4 1
5 6 5 7
5 6 8 1
5 8 5 2
5 11 14 2
5 11 15 1
5 13 21 1
6 5 3 3
6 5 4 3
6 6 4 1
6 6 5 4
6 6 6 2
6 7 5 1
6 7 6 4
6 10 6 1
6 10 7 1
6 10 8 1
6 11 14 2
7 5 3 2
7 6 4 1
7 7 5 1
7 7 6 4
7 7 7 3
7 8 6 1
7 8 7 4
7 10 8 2
7 11 12 1
7 11 13 1
7 12 15 2
7 13 16 1
8 6 3 9
8 6 4 52
8 7 4 1
8 7 5 5
8 8 6 1
8 8 7 12
8 8 8 2
8 9 7 1
8 9 8 2
8 11 13 1
8 12 14 1
8 13 16 1
9 6 4 7
9 7 4 6
9 7 5 4
9 7 6 1
9 8 5 1
9 8 6 1
9 8 7 1
9 9 7 2
9 9 8 17
9 9 9 2
9 10 9 2
9 10 11 1
9 12 9 2
9 12 15 1
10 8 6 2
10 8 7 3
10 8 8 1
10 9 7 1
10 9 8 1
10 10 8 5
10 10 9 11
10 10 10 2
10 11 9 4
10 11 10 4
10 13 15 1
10 13 16 1
11 10 8 1
11 10 9 1
11 11 8 1
11 11 9 2
11 11 10 6
11 11 11 6
11 12 11 5
11 14 17 1
12 11 9 2
12 11 10 2
12 12 10 2
12 12 11 67
12 12 12 6
12 12 13 1
12 13 10 1
12 13 11 1
12 13 12 14
12 15 14 1
12 15 17 1
12 16 18 1
13 12 9 1
13 12 10 2
13 12 11 56
13 12 12 11
13 13 10 2
13 13 11 12
13 13 12 173
13 13 13 39
13 14 12 3
13 14 13 17
13 15 13 1
13 15 14 1
13 15 17 1
13 16 14 1
14 12 10 1
14 13 11 2
14 13 12 10
14 13 13 20
14 14 12 2
14 14 13 143
14 14 14 23
14 15 13 28
14 15 14 101
14 15 15 1
14 16 14 3
14 17 18 1
15 13 10 1
15 14 11 1
15 14 12 1
15 14 13 6
15 14 14 6
15 15 13 39
15 15 14 223
15 15 15 52
15 16 13 4
15 16 14 97
15 16 15 175
15 16 16 1
15 16 18 1
15 17 15 2
15 17 16 1
16 15 13 1
16 15 14 1
16 15 15 11
16 16 13 3
16 16 14 78
16 16 15 131
16 16 16 30
16 16 17 1
16 17 15 47
16 17 16 256
16 17 17 5
16 18 16 3
16 18 17 1
17 15 13 1
17 15 15 1
17 16 14 2
17 16 15 2
17 16 16 3
17 17 15 4
17 17 16 154
17 17 17 86
17 18 16 33
17 18 17 391
17 18 18 8
17 19 17 9
17 19 18 1
18 17 16 2
18 17 17 2
18 18 16 1
18 18 17 154
18 18 18 35
18 19 17 42
18 19 18 350
18 19 19 3
18 20 18 5
18 20 19 1
19 11 5 2
19 13 10 1
19 17 15 1
19 17 16 1
19 19 11 1
19 19 18 80
19 19 19 16
19 20 18 22
19 20 19 228
19 20 20 2
19 21 19 6
20 14 7 1
20 15 10 1
20 19 10 1
20 19 17 1
20 19 19 2
20 20 19 44
20 20 20 16
20 21 19 11
20 21 20 200
20 21 21 1
20 22 20 7
21 13 7 1
21 17 13 1
21 19 18 1
21 20 18 1
21 20 19 2
21 21 20 34
21 21 21 17
21 22 12 1
21 22 20 14
21 22 21 183
21 22 22 9
22 15 8 1
22 19 16 1
22 21 20 2
22 22 21 21
22 22 22 59
22 23 22 123
22 23 23 17
23 15 8 1
23 17 9 1
23 17 14 1
23 19 16 1
23 22 22 1
23 23 22 8
23 23 23 27
23 24 23 116
23 24 24 12
23 25 24 1
24 18 11 1
24 24 23 7
24 24 24 48
24 24 25 2
24 25 24 94
24 25 25 14
25 18 11 1
25 24 24 1
25 25 24 2
25 25 25 41
25 25 26 1
25 26 25 79
25 26 26 29
26 26 25 9
26 26 26 94
26 27 26 189
26 27 27 47
26 28 27 2
27 27 26 18
27 27 27 97
27 28 27 149
27 28 28 63
27 29 28 1
28 28 27 2
28 28 28 66
28 29 28 72
28 29 29 65
29 29 29 35
29 29 30 1
29 30 29 25
29 30 30 51
30 30 30 150
30 30 31 4
30 31 30 44
30 31 31 2
