32
0 1 0 3
1 1 0 5
1 1 1 7
1 2 1 15
2 2 1 7
2 2 2 3
2 3 1 1
2 3 2 11
2 3 3 5
2 8 12 1
2 8 13 2
2 8 14 1
2 9 13 1
2 10 14 1
2 10 15 3
2 11 16 3
2 11 17 1
2 12 16 1
3 3 2 7
3 3 3 14
3 4 2 1
3 4 3 8
3 7 3 1
3 7 4 1
3 7 12 1
3 8 4 3
3 8 5 1
3 10 13 3
3 10 14 2
3 10 15 1
3 10 16 1
3 12 16 1
4 4 3 20
4 4 4 18
4 5 3 1
4 5 4 6
4 8 4 5
4 8 5 3
4 9 5 2
4 9 8 2
4 9 12 1
4 10 8 2
4 10 10 1
4 10 14 1
4 11 15 1
4 11 16 2
4 12 16 1
5 4 3 1
5 5 3 1
5 5 4 14
5 5 5 14
5 5 6 1
5 6 4 2
5 6 5 8
5 6 6 3
5 10 7 1
5 10 12 2
5 11 7 1
5 11 14 1
5 11 15 1
6 5 3 1
6 5 4 1
6 6 4 2
6 6 5 6
6 6 6 2
6 7 5 2
6 7 6 5
6 10 7 1
6 10 14 1
6 11 9 1
7 6 4 3
7 6 5 1
7 7 6 9
7 8 6 1
7 8 7 3
7 9 7 1
7 10 13 1
7 11 8 1
7 13 16 1
8 6 3 2
8 6 4 47
8 6 5 1
8 7 4 1
8 7 5 2
8 8 6 1
8 8 7 7
8 8 8 5
8 9 8 4
8 11 11 1
8 11 14 2
9 6 4 14
9 7 4 2
9 7 5 7
9 8 5 1
9 8 6 1
9 8 8 1
9 9 8 16
9 9 9 1
9 10 9 2
9 10 10 1
9 10 11 1
9 13 15 2
10 8 5 1
10 8 6 1
10 8 7 1
10 9 7 1
10 9 8 1
10 10 9 10
10 10 10 4
10 11 9 2
10 11 10 7
10 12 14 1
10 13 10 1
10 13 11 1
10 13 15 3
10 14 17 1
11 9 7 1
11 10 8 1
11 10 9 3
11 10 12 1
11 11 9 2
11 11 10 20
11 11 11 6
11 12 10 1
11 12 11 9
11 14 17 1
11 15 17 1
12 12 10 5
12 12 11 47
12 12 12 8
12 13 10 1
12 13 11 3
12 13 12 6
12 13 14 1
13 11 9 1
13 11 10 1
13 12 10 1
13 12 11 77
13 12 12 11
13 13 11 10
13 13 12 188
13 13 13 19
13 14 12 6
13 14 13 13
13 16 17 1
14 12 10 1
14 13 11 2
14 13 12 21
14 13 13 20
14 14 12 1
14 14 13 158
14 14 14 20
14 15 13 44
14 15 14 117
14 15 15 2
14 16 16 1
14 16 17 1
15 13 12 1
15 14 12 2
15 14 13 9
15 14 14 12
15 15 13 45
15 15 14 277
15 15 15 54
15 15 16 1
15 16 13 4
15 16 14 101
15 16 15 167
15 16 16 1
15 17 15 1
16 14 14 1
16 15 13 2
16 15 14 2
16 15 15 8
16 16 13 3
16 16 14 66
16 16 15 137
16 16 16 28
16 17 15 49
16 17 16 265
16 17 17 1
16 18 16 2
16 18 17 2
16 19 17 1
17 16 15 2
17 17 15 2
17 17 16 156
17 17 17 82
17 17 18 1
17 18 16 31
17 18 17 365
17 18 18 4
17 19 17 9
17 19 18 1
18 17 15 1
18 17 16 1
18 17 17 1
18 18 16 1
18 18 17 152
18 18 18 33
18 19 17 46
18 19 18 299
18 19 19 3
18 20 18 5
19 11 7 1
19 16 14 1
19 19 17 1
19 19 18 97
19 19 19 20
19 20 18 29
19 20 19 221
19 20 20 2
19 21 19 4
19 21 20 1
20 19 18 1
20 20 18 1
20 20 19 42
20 20 20 14
20 21 19 15
20 21 20 168
20 22 20 5
21 17 14 2
21 19 17 1
21 20 19 1
21 21 20 28
21 21 21 22
21 22 20 9
21 22 21 170
21 22 22 8
22 21 20 1
22 21 21 1
22 22 21 15
22 22 22 59
22 23 22 127
22 23 23 22
23 15 8 1
23 17 13 1
23 22 21 1
23 22 22 1
23 23 22 10
23 23 23 49
23 24 23 127
23 24 24 29
24 24 22 1
24 24 23 6
24 24 24 60
24 24 25 1
24 25 24 97
24 25 25 15
25 19 12 1
25 19 14 1
25 24 24 2
25 25 24 5
25 25 25 30
25 26 25 79
25 26 26 24
26 26 25 11
26 26 26 99
26 26 27 2
26 27 26 198
26 27 27 34
27 26 26 1
27 27 26 21
27 27 27 92
27 27 28 1
27 28 27 134
27 28 28 55
27 29 27 1
27 29 28 1
28 28 27 3
28 28 28 70
28 28 29 2
28 29 28 68
28 29 29 64
29 29 29 56
29 30 29 16
29 30 30 36
30 29 30 1
30 30 30 149
30 30 31 2
30 31 30 45
30 31 31 1
