32
4 3 3 1
4 4 3 1
5 5 4 1
7 7 7 1
8 8 7 2
9 9 8 3
10 11 10 1
11 12 11 1
12 11 10 1
12 13 12 1
13 13 11 1
13 13 12 3
14 14 13 1
16 15 14 1
17 17 16 1
18 18 16 1
18 18 17 3
19 18 17 3
19 19 18 4
19 19 19 1
20 19 18 1
20 19 19 1
20 20 19 4
20 20 20 1
21 20 19 1
21 21 20 4
22 21 20 1
22 22 21 4
22 22 22 1
23 23 22 3
24 24 23 5
25 25 24 5
25 26 25 5
26 26 25 75
26 26 26 76
26 27 26 66
27 27 26 54
27 27 27 36
27 28 27 24
27 28 28 1
28 28 27 13
28 28 28 29
28 29 28 21
28 29 29 6
29 29 28 4
29 29 29 26
29 29 30 1
29 30 29 12
29 30 30 12
30 30 30 151
30 31 30 9
