32
1 2 1 1
4 6 4 1
5 4 4 1
5 6 5 1
8 8 7 2
9 7 5 1
9 8 8 1
9 9 8 1
9 9 9 1
10 10 9 2
12 11 10 1
12 13 12 2
13 13 11 1
13 13 12 2
14 13 13 1
14 14 13 2
15 15 14 1
16 15 14 1
17 17 16 2
17 18 16 1
18 18 17 1
19 18 17 2
19 19 18 3
20 19 18 1
20 20 19 5
21 21 20 3
21 21 21 1
22 21 20 1
22 22 21 5
22 22 22 1
23 22 22 1
23 23 22 3
23 23 23 2
24 24 23 4
25 24 23 1
25 25 24 5
25 25 25 1
25 26 25 1
26 26 25 68
26 26 26 82
26 27 26 72
26 27 27 2
27 27 26 53
27 27 27 34
27 28 27 23
27 28 28 3
28 28 27 14
28 28 28 26
28 29 28 24
28 29 29 5
29 29 28 3
29 29 29 29
29 30 29 6
29 30 30 15
30 30 29 1
30 30 30 173
30 31 30 10
