32
1 2 1 1
4 4 3 2
8 8 7 2
8 8 8 1
9 8 7 1
9 9 8 1
11 11 10 2
12 12 11 2
13 12 12 1
13 13 11 1
13 13 12 2
13 13 13 1
14 14 13 1
15 15 14 1
16 16 14 2
16 16 15 1
16 17 15 1
17 16 15 1
18 18 17 4
18 18 18 1
19 18 17 1
19 18 18 1
19 19 18 3
20 19 18 1
20 20 18 1
20 20 19 4
21 21 19 1
21 21 20 4
21 22 21 1
22 21 21 1
22 22 20 2
22 22 22 1
23 23 22 3
24 24 23 2
24 24 24 1
25 24 23 1
25 24 24 1
25 25 24 4
25 25 25 2
25 26 25 1
26 26 25 72
26 26 26 80
26 27 26 75
27 27 26 52
27 27 27 37
27 28 27 22
27 28 28 2
28 28 27 14
28 28 28 27
28 29 28 18
28 29 29 4
29 29 28 7
29 29 29 28
29 30 29 10
29 30 30 12
30 30 30 167
30 31 30 7
