32
1 1 1 1
7 6 5 1
8 8 7 2
9 9 8 3
10 10 10 1
12 11 10 1
12 12 11 1
12 13 12 1
13 13 11 1
13 13 12 3
14 13 12 1
14 14 13 3
16 15 14 1
16 15 15 1
17 16 15 1
17 17 16 2
18 17 16 1
18 18 17 2
18 18 18 1
19 18 17 3
19 19 17 1
19 19 18 1
19 19 19 1
20 19 18 1
20 20 19 3
21 20 19 2
21 21 20 3
22 21 20 1
22 22 21 2
23 22 21 2
23 23 22 4
24 24 23 4
25 25 24 7
25 25 25 3
26 26 25 81
26 26 26 76
26 27 26 67
27 27 26 56
27 27 27 32
27 28 27 24
28 28 27 12
28 28 28 29
28 29 28 22
28 29 29 3
29 29 28 5
29 29 29 25
29 30 29 14
29 30 30 11
30 30 29 2
30 30 30 161
30 31 30 12
