32
1 1 0 3
6 4 3 1
7 6 4 1
8 7 5 1
13 12 8 2
14 12 9 1
15 13 10 1
15 14 13 1
16 15 13 1
17 16 14 1
18 16 13 1
18 17 14 1
18 17 15 1
19 17 14 1
19 18 16 1
20 18 14 1
20 19 15 1
21 19 15 1
21 19 16 2
21 21 18 1
21 21 19 1
21 21 20 2
22 21 19 2
22 21 20 3
22 22 20 4
22 22 21 2
22 22 22 4
22 23 23 4
22 23 24 2
23 21 18 2
23 22 19 1
23 22 21 2
23 23 21 1
23 23 22 3
23 23 23 9
23 23 24 66
23 24 23 2
23 24 24 101
23 24 25 25
24 22 20 2
24 23 20 2
24 23 21 2
24 23 22 1
24 24 22 1
24 24 23 2
24 24 24 5
24 24 25 46
24 25 24 3
24 25 25 52
24 25 26 27
24 25 27 1
25 24 21 1
25 24 22 1
25 25 26 15
25 26 26 22
25 26 27 37
25 26 28 1
26 25 22 1
26 25 23 1
26 26 27 3
26 26 28 1
26 27 27 4
26 27 28 32
26 27 29 8
26 28 28 1
26 28 29 7
27 28 29 20
27 28 30 2
27 29 29 1
27 29 30 13
28 29 30 25
28 30 30 12
29 30 30 29
29 30 31 6
29 31 31 1
30 30 30 36
30 30 31 1
30 31 30 15
30 31 31 7
