32
2 2 1 1
7 7 5 1
7 7 6 1
8 6 5 1
8 7 6 2
8 8 7 3
9 9 8 4
10 10 9 1
11 10 10 1
11 12 10 1
12 12 11 1
13 12 11 1
13 13 12 3
15 14 14 1
15 15 14 1
16 15 14 1
17 16 15 1
17 17 16 1
17 18 16 1
18 17 16 1
18 17 17 1
18 18 16 1
18 18 17 1
19 18 17 2
19 18 18 1
19 19 18 3
19 19 19 1
20 19 18 3
20 20 19 2
20 21 20 1
21 20 19 2
21 21 19 1
21 21 20 2
22 21 20 2
22 21 21 1
22 22 21 4
22 22 22 1
23 22 22 1
23 23 22 1
24 24 23 5
25 25 24 6
25 26 25 4
26 26 25 93
26 26 26 69
26 27 26 62
27 27 26 63
27 27 27 28
27 28 27 18
28 28 27 19
28 28 28 29
28 29 28 18
28 29 29 3
29 29 28 6
29 29 29 24
29 29 30 1
29 30 29 12
29 30 30 11
30 30 29 2
30 30 30 175
30 31 30 10
30 31 31 1
