32
3 3 2 1
4 3 3 1
5 5 4 1
6 7 6 2
7 6 6 1
8 8 7 2
9 9 8 2
10 10 9 1
11 11 10 2
11 12 10 1
13 13 11 1
13 13 12 2
13 13 13 1
14 13 12 1
14 14 13 1
15 14 13 1
15 15 14 1
16 16 14 1
17 17 16 2
18 17 17 1
18 18 17 5
19 18 17 1
19 19 18 3
20 19 18 1
20 20 18 1
20 20 19 5
20 20 20 1
21 21 20 2
22 21 20 2
22 22 21 4
22 22 22 2
23 23 22 1
23 23 23 1
24 24 23 4
24 24 24 1
24 25 24 1
25 24 24 1
25 25 24 4
25 25 25 1
25 26 25 3
26 26 25 69
26 26 26 78
26 27 26 74
26 27 27 1
27 27 26 60
27 27 27 31
27 28 27 28
27 28 28 1
28 28 27 11
28 28 28 31
28 29 28 20
28 29 29 4
29 29 28 4
29 29 29 28
29 30 29 12
29 30 30 12
30 30 29 3
30 30 30 153
30 31 30 10
