32
1 1 1 1
2 2 1 1
3 3 2 2
4 4 3 1
4 6 4 1
6 6 5 1
6 7 6 1
7 6 5 1
7 7 6 1
7 8 7 1
8 8 7 2
9 9 7 1
9 9 8 3
9 10 9 1
11 10 9 1
11 11 10 2
12 12 11 1
12 12 12 1
12 13 12 1
13 13 12 2
14 14 13 2
15 14 13 1
16 16 15 2
17 18 16 1
18 17 16 1
18 17 17 1
18 18 17 2
19 18 17 1
19 18 18 1
19 19 18 3
20 19 18 2
20 20 18 1
20 20 19 4
20 20 20 1
21 20 19 1
21 21 20 3
22 21 20 1
22 22 21 3
22 22 22 2
23 22 21 1
23 23 22 2
23 23 23 1
24 24 23 4
24 24 24 1
25 25 24 5
25 25 25 2
25 26 25 2
26 26 25 79
26 26 26 75
26 27 26 69
26 27 27 1
27 27 26 50
27 27 27 27
27 28 27 31
27 28 28 1
28 28 27 9
28 28 28 28
28 29 28 25
28 29 29 6
29 29 28 2
29 29 29 23
29 30 29 13
29 30 30 13
30 30 29 1
30 30 30 168
30 31 30 11
