32
3 3 2 1
4 6 4 1
7 6 5 1
8 7 6 1
8 8 6 1
8 8 7 2
9 9 8 1
11 10 10 1
11 11 10 1
12 12 10 1
12 13 12 2
13 12 12 1
13 13 11 1
13 13 12 3
14 13 12 1
14 14 13 1
15 14 13 1
15 15 13 1
16 15 14 1
17 16 16 1
17 17 16 3
18 18 17 2
19 18 17 1
19 19 18 2
20 19 18 2
20 20 18 1
20 20 19 7
20 20 20 1
21 21 20 3
22 21 20 1
22 21 21 1
22 22 21 2
23 23 22 6
23 23 23 1
24 24 23 5
25 25 24 3
25 26 25 1
26 26 25 70
26 26 26 79
26 27 26 71
27 27 26 57
27 27 27 37
27 28 27 25
27 28 28 2
28 28 27 14
28 28 28 25
28 29 28 23
28 29 29 6
29 29 28 6
29 29 29 24
29 30 29 12
29 30 30 15
30 30 30 174
30 31 30 7
31 31 31 1
