32
1 1 0 1
1 2 1 1
2 2 1 1
3 3 1 1
9 13 6 1
11 11 9 1
12 11 7 1
12 11 8 1
12 11 9 1
13 11 8 1
13 12 8 1
13 12 10 1
14 13 10 1
15 13 10 1
16 15 14 1
17 16 13 1
17 16 14 2
18 17 13 1
18 17 14 2
19 18 16 1
20 19 15 1
20 19 16 1
20 21 19 1
21 19 16 1
21 19 17 1
21 20 16 1
21 20 19 1
21 21 19 1
21 21 20 3
22 20 18 1
22 21 19 1
22 21 20 1
22 22 19 1
22 22 20 2
22 22 21 5
22 23 23 1
22 23 24 1
23 22 19 1
23 22 20 1
23 22 21 1
23 23 20 1
23 23 21 4
23 23 22 5
23 23 23 3
23 23 24 31
23 24 23 3
23 24 24 119
23 24 25 16
24 23 20 2
24 23 22 1
24 24 22 1
24 24 23 2
24 24 24 5
24 24 25 68
24 25 24 1
24 25 25 64
24 25 26 32
25 24 22 1
25 25 26 8
25 25 27 1
25 26 26 25
25 26 27 34
25 26 28 3
26 25 23 1
26 26 27 5
26 27 27 7
26 27 28 32
26 27 29 7
26 28 28 2
26 28 29 4
27 27 28 1
27 28 28 1
27 28 29 23
27 28 30 3
27 29 30 14
28 29 30 16
28 30 30 20
29 30 30 21
29 30 31 5
29 31 31 2
30 30 30 30
30 30 31 1
30 31 30 13
30 31 31 4
