32
0 1 0 1
3 3 2 1
4 6 4 1
7 7 6 1
8 8 6 1
8 8 7 2
9 8 7 1
9 9 8 1
10 9 8 1
10 9 9 1
11 11 10 1
12 11 10 1
13 13 11 1
13 13 12 5
14 14 13 3
15 15 14 2
18 18 17 3
18 18 18 1
18 19 18 1
19 18 17 1
19 18 18 1
19 19 17 1
19 19 18 1
19 20 19 1
20 20 18 1
20 20 19 5
21 20 19 1
21 21 19 1
21 21 20 2
21 21 21 2
22 21 20 1
22 22 21 8
23 23 22 2
24 24 23 5
25 25 24 4
25 25 25 2
26 26 25 55
26 26 26 87
26 27 26 75
26 27 27 1
27 27 26 56
27 27 27 37
27 28 27 24
27 28 28 2
28 28 27 15
28 28 28 24
28 29 28 22
28 29 29 8
29 29 28 6
29 29 29 24
29 29 30 1
29 30 29 12
29 30 30 16
30 30 30 171
30 31 30 8
30 31 31 1
