32
1 1 0 2
4 4 3 1
6 5 3 1
7 6 4 1
9 7 5 1
10 9 7 1
12 10 6 1
12 11 9 1
13 11 8 1
13 12 8 1
14 13 9 1
14 13 12 1
17 16 14 3
18 16 13 1
18 16 14 1
19 17 15 2
19 18 16 1
20 18 15 1
20 19 16 1
20 20 19 1
20 21 20 1
21 21 18 2
21 21 19 2
21 21 20 2
22 21 19 2
22 21 20 1
22 22 19 1
22 22 20 1
22 22 21 1
22 22 22 2
22 23 22 1
22 23 23 2
22 23 24 1
23 22 20 3
23 22 21 2
23 22 22 1
23 23 21 1
23 23 22 4
23 23 23 6
23 23 24 42
23 24 23 1
23 24 24 101
23 24 25 21
24 23 20 1
24 23 21 1
24 24 22 1
24 24 23 1
24 24 24 7
24 24 25 64
24 25 24 2
24 25 25 64
24 25 26 31
25 24 22 1
25 25 26 10
25 25 27 1
25 26 26 23
25 26 27 37
25 26 28 1
26 24 22 1
26 25 22 1
26 26 27 4
26 26 28 1
26 27 27 7
26 27 28 30
26 27 29 7
26 28 28 2
26 28 29 7
27 28 29 23
27 28 30 3
27 29 30 11
28 29 30 20
28 30 30 18
28 30 31 1
29 30 30 24
29 30 31 7
29 31 31 3
30 30 30 43
30 30 31 1
30 31 30 17
30 31 31 4
