32
3 3 2 1
4 6 4 1
8 7 6 1
8 8 7 1
9 8 7 1
9 9 8 2
10 10 9 1
11 10 10 1
12 12 10 1
12 12 11 1
13 12 11 1
13 13 11 1
13 13 12 2
14 13 12 1
14 14 13 2
15 15 14 3
16 16 14 1
17 17 16 2
18 17 16 1
18 18 17 3
19 18 17 1
19 18 18 2
19 19 18 3
20 19 18 1
20 20 19 3
20 20 20 1
21 21 19 1
21 21 20 4
22 21 20 1
22 22 20 1
22 22 21 3
22 22 22 1
23 22 22 1
23 23 22 2
24 24 23 3
24 25 24 1
25 25 24 6
25 25 25 2
25 26 25 1
26 26 25 61
26 26 26 87
26 27 26 71
27 27 26 54
27 27 27 34
27 28 27 24
27 28 28 2
28 28 27 15
28 28 28 24
28 29 28 22
28 29 29 4
29 29 28 4
29 29 29 25
29 30 29 13
29 30 30 15
30 30 30 171
30 31 30 8
30 31 31 1
