32
1 1 0 2
3 3 1 1
13 12 9 2
14 12 9 2
14 13 11 1
16 16 14 1
17 15 11 1
17 16 14 1
18 17 14 2
19 18 15 1
20 19 15 1
20 19 17 1
21 19 17 1
21 20 16 1
21 20 19 1
21 21 20 1
21 22 19 1
22 20 17 1
22 21 19 1
22 21 20 1
22 22 20 2
22 22 21 4
22 22 22 2
22 23 22 1
22 23 23 1
22 23 24 1
23 22 19 3
23 22 20 2
23 22 21 1
23 23 21 1
23 23 22 6
23 23 23 3
23 23 24 35
23 24 24 90
23 24 25 75
23 24 26 3
23 25 26 1
24 22 20 1
24 23 21 3
24 23 22 2
24 24 23 3
24 24 24 1
24 24 25 33
24 24 26 1
24 25 25 60
24 25 26 47
24 25 27 6
25 24 21 1
25 24 23 1
25 25 26 2
25 26 26 15
25 26 27 42
25 26 28 9
25 27 28 3
26 25 23 1
26 27 27 2
26 27 28 27
26 27 29 15
26 28 28 1
26 28 29 13
27 28 29 11
27 28 30 7
27 29 30 20
28 29 30 9
28 30 30 24
29 30 30 25
29 30 31 4
29 31 30 1
29 31 31 3
30 30 30 32
30 30 31 2
30 31 30 17
30 31 31 4
