32
1 1 1 1
3 3 2 1
4 4 3 1
6 5 5 1
7 7 6 1
8 8 7 3
9 9 8 1
10 9 8 1
10 11 10 1
11 10 9 1
12 12 11 1
12 13 12 1
13 12 11 1
13 13 12 3
14 14 13 1
15 14 14 1
15 15 13 1
17 17 16 1
18 17 16 1
18 18 17 4
19 18 17 2
19 19 18 4
20 19 18 1
20 19 19 1
20 20 19 1
21 20 19 1
21 21 19 1
21 21 20 4
22 21 20 1
22 22 21 2
23 22 22 2
23 23 22 1
24 24 23 6
24 24 24 1
24 25 24 1
25 25 24 4
25 26 25 1
26 26 25 86
26 26 26 74
26 27 26 63
27 27 26 60
27 27 27 28
27 28 27 23
27 28 28 2
28 28 27 15
28 28 28 25
28 29 28 23
28 29 29 3
29 29 28 5
29 29 29 29
29 30 29 12
29 30 30 10
30 30 29 2
30 30 30 166
30 31 30 9
