32
6 5 3 1
6 6 3 1
9 8 5 1
13 11 8 1
13 12 8 1
14 12 9 1
15 14 12 1
17 16 13 1
17 16 14 2
18 16 13 1
18 17 14 1
19 18 14 1
19 18 16 1
20 18 15 2
20 19 15 1
20 20 19 1
21 19 16 2
21 20 19 1
21 21 18 1
21 21 20 1
22 21 19 4
22 21 20 3
22 22 20 3
22 22 21 2
22 22 22 1
22 22 23 1
22 23 22 1
22 23 23 3
22 23 24 1
23 22 19 1
23 22 20 2
23 22 21 1
23 22 22 1
23 23 21 2
23 23 22 5
23 23 23 9
23 23 24 72
23 24 23 2
23 24 24 101
23 24 25 18
24 23 20 1
24 23 22 1
24 24 22 1
24 24 23 1
24 24 24 12
24 24 25 39
24 25 24 2
24 25 25 52
24 25 26 27
24 25 27 1
25 23 21 1
25 24 21 1
25 24 23 1
25 25 26 14
25 25 27 1
25 26 26 20
25 26 27 35
25 26 28 1
26 25 22 1
26 26 27 6
26 26 28 1
26 27 27 5
26 27 28 31
26 27 29 6
26 28 28 1
26 28 29 6
27 28 29 17
27 28 30 2
27 29 29 2
27 29 30 15
28 29 30 23
28 30 30 11
29 30 30 26
29 30 31 3
29 31 31 1
30 30 30 38
30 30 31 3
30 31 30 17
30 31 31 4
