32
1 1 0 1
3 3 1 1
5 5 3 1
7 7 5 1
10 14 7 1
13 11 8 1
13 12 9 2
14 11 6 1
15 13 10 1
16 14 10 1
16 15 13 1
17 16 14 2
18 17 13 1
18 17 14 1
19 17 14 1
19 18 15 1
19 18 16 1
20 21 19 1
21 19 16 2
21 19 17 1
21 20 16 1
21 20 17 1
21 21 20 3
21 22 19 1
22 21 19 2
22 21 20 3
22 22 19 1
22 22 20 2
22 22 21 1
22 22 22 1
22 23 22 1
22 23 23 6
22 23 24 4
23 22 19 1
23 22 20 3
23 22 21 3
23 23 21 1
23 23 22 4
23 23 23 4
23 23 24 75
23 24 23 2
23 24 24 103
23 24 25 21
24 22 20 1
24 23 20 2
24 23 21 3
24 23 22 1
24 24 23 1
24 24 24 15
24 24 25 34
24 25 24 2
24 25 25 54
24 25 26 26
24 25 27 1
25 24 21 1
25 24 22 1
25 25 26 14
25 26 26 18
25 26 27 35
25 26 28 2
26 25 23 1
26 26 27 5
26 27 27 6
26 27 28 34
26 27 29 6
26 28 28 2
26 28 29 4
27 28 28 1
27 28 29 22
27 28 30 3
27 29 29 1
27 29 30 10
28 26 25 1
28 29 30 22
28 30 30 14
28 30 31 1
29 30 30 26
29 30 31 7
30 30 30 40
30 31 30 16
30 31 31 5
