32
0 1 0 1
3 3 2 1
7 7 6 2
8 8 7 1
9 8 7 1
9 9 8 2
10 10 9 1
11 10 9 1
11 11 10 1
11 11 11 1
12 11 10 1
13 13 11 1
13 13 12 3
14 14 13 1
14 15 13 1
17 16 15 1
17 17 15 1
18 17 16 1
18 18 17 3
19 18 17 3
19 19 18 1
20 19 18 1
20 20 19 3
20 20 20 1
21 20 19 4
21 21 20 2
21 21 21 1
22 22 21 3
22 22 22 1
23 22 22 1
23 23 22 3
23 23 23 1
24 24 23 4
24 25 24 1
25 24 23 1
25 25 24 4
25 25 25 1
25 26 25 3
26 26 25 83
26 26 26 71
26 27 26 60
27 27 26 60
27 27 27 30
27 28 27 22
27 28 28 1
28 28 27 16
28 28 28 28
28 29 28 20
28 29 29 3
29 29 28 5
29 29 29 26
29 30 29 15
29 30 30 11
30 30 29 1
30 30 30 136
30 31 30 6
