32
3 3 2 1
4 6 4 1
6 6 5 1
7 7 7 2
8 8 7 3
8 9 7 1
9 9 8 2
11 11 10 3
12 11 10 1
13 13 11 1
13 13 12 2
13 13 13 1
14 15 14 1
15 14 13 1
15 15 13 1
16 16 14 1
17 17 16 2
17 17 17 1
18 17 16 1
18 18 17 3
19 18 17 2
19 19 18 2
20 19 18 2
20 20 19 3
20 20 20 1
21 20 19 2
21 21 20 1
21 21 21 1
22 21 20 1
22 22 20 1
22 22 21 4
22 22 22 2
22 23 22 1
23 22 22 1
23 23 22 1
24 24 23 4
25 25 24 6
25 25 25 1
25 26 25 1
26 26 25 78
26 26 26 77
26 27 26 72
27 27 26 55
27 27 27 32
27 28 27 29
28 28 27 12
28 28 28 30
28 29 28 20
28 29 29 6
29 29 28 4
29 29 29 26
29 30 29 13
29 30 30 14
30 30 29 1
30 30 30 166
30 31 30 6
