32
0 0 0 1
3 3 2 1
3 3 3 1
6 6 6 2
7 6 5 2
8 7 5 1
8 7 6 1
8 8 7 4
9 9 8 1
11 10 9 1
11 11 10 1
11 12 10 1
12 12 11 2
13 12 11 1
13 13 12 2
13 13 13 1
14 14 13 2
15 15 14 1
16 15 14 1
16 16 16 1
17 17 16 2
17 18 17 1
18 17 16 1
18 18 16 1
18 18 17 2
19 18 17 2
19 19 17 1
19 19 18 3
20 20 19 6
21 20 19 1
21 21 20 5
22 21 20 1
22 22 21 3
22 22 22 2
23 23 22 5
24 24 23 2
25 25 24 6
25 25 25 2
25 26 25 6
26 26 25 78
26 26 26 73
26 27 26 81
27 27 26 47
27 27 27 30
27 28 27 26
27 28 28 2
28 28 27 11
28 28 28 26
28 29 28 25
28 29 29 6
29 29 28 3
29 29 29 23
29 29 30 1
29 30 29 13
29 30 30 12
30 30 29 1
30 30 30 184
30 31 30 11
