32
2 2 2 1
3 4 3 1
4 4 3 2
4 4 4 1
7 7 5 1
8 7 5 1
8 7 6 2
8 8 6 1
8 8 7 2
9 7 5 1
9 9 8 1
11 11 10 2
11 11 11 1
12 12 11 2
13 12 12 1
13 13 11 1
13 13 12 3
14 14 12 1
15 15 14 1
16 16 15 2
17 16 15 2
17 17 16 1
18 17 16 1
18 18 16 1
18 18 17 2
19 19 17 1
19 19 18 2
19 20 19 1
20 19 18 1
20 20 18 1
20 20 19 2
20 20 20 1
21 20 19 2
21 21 20 4
22 21 20 1
22 22 21 5
23 22 21 1
23 23 22 2
24 24 23 3
24 24 24 1
25 25 24 5
25 25 25 1
26 26 25 85
26 26 26 76
26 27 26 66
27 27 26 64
27 27 27 27
27 28 27 25
27 28 28 1
28 28 27 17
28 28 28 25
28 29 28 21
28 29 29 4
29 29 28 7
29 29 29 25
29 30 29 12
29 30 30 11
30 30 29 3
30 30 30 160
30 31 30 10
