32
0 1 0 1
2 2 1 1
3 3 2 1
4 4 2 1
6 7 6 1
8 7 6 1
8 8 7 2
9 9 7 1
10 10 9 2
11 11 10 1
12 11 10 1
12 12 12 1
13 13 11 1
13 13 12 4
14 13 12 1
14 14 13 1
15 14 13 1
16 15 14 1
17 17 16 1
18 17 16 1
18 18 17 2
19 18 17 2
19 18 18 1
19 19 17 1
19 19 18 5
20 20 18 1
20 20 19 6
21 20 19 1
21 21 20 6
22 22 21 4
23 22 21 1
23 23 22 5
24 24 23 3
24 24 24 1
25 24 24 1
25 25 24 6
25 26 25 1
26 26 25 95
26 26 26 70
26 27 26 57
27 27 26 63
27 27 27 30
27 28 27 20
27 28 28 2
28 28 27 13
28 28 28 30
28 29 28 19
28 29 29 2
29 29 28 4
29 29 29 27
29 30 29 14
29 30 30 13
30 30 29 1
30 30 30 152
30 31 30 8
