32
1 1 1 1
3 3 2 1
4 4 3 1
8 8 7 2
9 9 7 1
11 11 10 4
12 12 11 2
12 13 11 1
13 13 11 1
13 13 12 2
14 13 12 1
14 14 13 2
15 15 14 1
16 15 14 1
17 16 15 1
17 17 16 1
17 18 16 1
18 17 16 1
18 18 16 1
18 18 17 1
18 18 18 1
19 18 17 1
19 19 18 1
19 20 19 1
20 19 18 1
20 20 19 7
20 20 20 1
20 21 20 2
21 20 19 3
21 21 20 2
22 21 20 1
22 22 21 5
22 22 22 1
23 24 23 2
24 24 23 3
24 24 24 1
25 25 24 4
25 26 25 8
26 26 25 99
26 26 26 66
26 27 26 72
27 27 26 51
27 27 27 26
27 28 27 28
27 28 28 1
28 28 27 10
28 28 28 25
28 29 28 19
28 29 29 5
29 29 28 5
29 29 29 23
29 30 29 16
29 30 30 13
30 30 30 157
30 31 30 9
