32
2 2 1 1
5 5 4 1
8 7 6 1
8 7 7 1
8 8 7 2
9 9 7 1
9 9 8 2
10 11 10 1
11 10 9 1
12 12 11 1
12 13 12 1
13 13 11 1
13 13 12 2
14 14 13 1
15 14 13 1
15 15 14 1
16 16 14 1
17 17 15 1
17 17 16 3
18 17 17 1
18 18 17 3
19 18 17 1
19 19 17 1
19 19 18 3
20 19 18 1
20 20 19 6
20 21 20 1
21 21 20 4
21 22 21 1
22 22 21 2
22 23 22 1
23 22 22 1
23 23 22 2
23 23 23 1
24 24 23 4
24 24 24 1
25 24 23 1
25 25 24 4
25 25 25 2
25 26 25 2
26 26 25 75
26 26 26 81
26 27 26 68
27 27 26 55
27 27 27 33
27 28 27 19
27 28 28 2
28 28 27 14
28 28 28 30
28 29 28 18
28 29 29 4
29 29 28 7
29 29 29 25
29 29 30 1
29 30 29 13
29 30 30 11
30 30 29 1
30 30 30 165
30 31 30 8
30 31 31 1
