32
3 3 2 1
4 4 2 1
4 6 4 1
5 5 4 1
8 7 6 1
8 8 6 1
8 8 7 2
9 9 7 1
9 9 8 2
10 9 8 1
11 10 9 1
11 11 10 2
13 12 11 1
13 13 12 3
13 13 13 1
14 13 13 1
14 14 13 1
15 15 13 1
17 17 16 3
18 17 16 2
18 18 17 2
18 19 17 1
19 18 17 2
19 19 18 2
20 19 18 1
20 20 19 3
21 20 19 2
21 21 19 1
21 21 20 2
21 21 21 1
22 21 20 2
22 22 21 5
22 22 22 1
23 22 22 1
23 23 22 3
24 24 23 2
25 24 23 1
25 25 24 6
25 26 25 4
26 26 25 99
26 26 26 62
26 27 26 64
27 27 26 56
27 27 27 31
27 28 27 19
28 28 27 18
28 28 28 23
28 29 28 23
28 29 29 3
29 29 28 4
29 29 29 24
29 30 29 13
29 30 30 10
30 30 29 2
30 30 30 166
30 31 30 8
30 31 31 1
