32
0 1 0 1
2 2 1 1
2 3 2 1
3 3 2 2
6 6 5 1
7 7 6 1
8 7 6 2
8 8 7 2
9 9 8 4
9 9 9 1
11 10 9 1
12 11 10 1
12 12 11 2
13 12 11 2
13 13 12 1
14 14 13 2
14 14 14 1
17 17 16 2
18 17 16 1
18 18 17 5
19 18 18 1
19 19 18 2
19 20 19 1
20 19 18 3
20 20 19 2
21 20 19 1
21 21 20 4
21 22 21 1
22 22 21 3
22 22 22 1
22 23 22 1
23 22 22 2
24 24 23 5
25 25 24 5
25 25 25 1
25 26 25 6
26 26 25 88
26 26 26 69
26 27 26 62
27 27 26 60
27 27 27 27
27 28 27 22
27 28 28 1
28 28 27 13
28 28 28 26
28 29 28 22
28 29 29 4
29 29 28 3
29 29 29 27
29 30 29 10
29 30 30 14
30 30 29 1
30 30 30 165
30 31 30 11
30 31 31 1
