32
2 2 1 1
4 3 3 2
4 6 4 1
7 6 5 1
7 7 5 1
8 7 6 1
8 8 7 2
9 9 7 1
11 11 10 3
12 12 11 1
13 13 11 1
13 13 12 3
14 14 13 2
16 15 14 1
17 16 15 1
17 17 16 1
17 17 17 1
17 18 16 1
18 17 16 1
18 18 17 2
19 18 17 1
19 18 18 1
19 19 18 2
20 20 19 7
21 20 19 2
21 21 20 3
22 21 20 1
22 21 21 1
22 22 21 3
22 23 22 1
23 23 22 4
23 23 23 1
24 24 23 4
25 25 24 3
25 25 25 4
25 26 25 1
26 26 25 60
26 26 26 80
26 27 26 69
27 27 26 58
27 27 27 34
27 28 27 24
27 28 28 3
28 28 27 14
28 28 28 26
28 29 28 22
28 29 29 6
29 29 28 6
29 29 29 24
29 30 29 12
29 30 30 16
30 30 30 169
30 31 30 11
