32
2 2 1 1
3 3 2 1
4 4 4 1
8 7 6 1
8 8 7 2
9 9 7 1
10 10 10 1
11 11 10 1
12 12 11 1
13 12 11 1
13 13 12 2
14 14 13 3
15 15 14 2
17 16 15 1
17 17 15 1
17 17 16 1
18 17 16 2
18 18 17 3
19 18 18 1
19 19 18 3
19 20 19 1
20 19 18 3
20 20 19 2
20 21 20 2
21 20 19 2
21 21 20 3
22 21 20 1
22 22 21 5
23 22 21 1
23 23 22 2
23 23 23 1
24 24 23 4
24 25 24 2
25 25 24 5
25 26 25 5
26 26 25 94
26 26 26 69
26 27 26 58
27 27 26 58
27 27 27 27
27 28 27 19
27 28 28 2
28 28 27 18
28 28 28 25
28 29 28 20
28 29 29 6
29 29 28 7
29 29 29 23
29 30 29 12
29 30 30 12
30 30 29 2
30 30 30 186
30 31 30 8
