32
3 3 2 2
6 6 5 1
8 7 6 1
8 8 7 2
9 9 8 1
10 10 9 2
12 12 11 1
13 12 11 1
13 13 12 2
14 14 13 1
15 14 13 1
15 15 13 1
16 16 15 3
17 17 16 1
17 17 17 1
18 18 17 4
19 18 17 1
19 18 18 1
19 19 18 3
20 20 19 3
20 21 20 1
21 20 19 2
21 21 20 5
22 21 21 1
22 22 21 2
22 23 22 1
23 23 22 2
24 23 22 1
24 24 23 6
24 25 24 1
25 25 24 5
25 25 25 2
25 26 25 5
26 26 25 92
26 26 26 72
26 27 26 55
27 27 26 59
27 27 27 29
27 28 27 22
28 28 27 16
28 28 28 28
28 29 28 21
28 29 29 5
29 29 28 3
29 29 29 25
29 30 29 12
29 30 30 11
30 30 29 1
30 30 30 167
30 31 30 9
