32
0 1 0 2
2 2 1 1
5 5 4 1
6 5 5 1
6 7 6 1
8 7 5 1
8 8 7 2
9 9 7 1
9 9 8 2
9 9 9 1
10 10 9 3
11 11 10 1
12 12 11 1
13 12 11 1
13 12 12 1
13 13 11 1
13 13 12 3
14 14 12 1
14 14 13 1
17 18 16 1
18 17 16 2
18 18 17 2
18 18 18 1
19 18 18 1
19 19 17 1
19 19 18 7
19 20 18 1
20 19 18 1
20 20 19 2
21 20 19 2
21 21 19 1
21 21 20 4
22 22 21 4
23 22 22 1
23 23 22 2
24 23 23 1
24 24 23 4
24 24 24 2
25 25 24 3
25 25 25 3
25 26 25 6
26 26 25 97
26 26 26 63
26 27 26 67
27 27 26 60
27 27 27 32
27 28 27 20
27 28 28 2
28 28 27 17
28 28 28 28
28 29 28 17
28 29 29 4
29 29 28 7
29 29 29 28
29 30 29 12
29 30 30 12
30 30 29 1
30 30 30 162
30 31 30 9
