32
0 1 0 1
1 2 1 1
4 4 3 1
8 8 7 3
9 8 7 1
9 9 7 1
9 9 9 1
11 10 9 1
13 12 11 1
13 13 12 3
14 13 13 1
14 14 13 1
14 14 14 1
15 14 13 1
16 15 14 1
16 16 15 2
17 17 16 1
18 17 16 1
18 18 17 3
19 18 17 2
19 19 17 1
19 19 18 2
20 19 18 1
20 19 19 1
20 20 18 1
20 20 19 1
20 21 20 1
21 21 20 7
22 21 20 1
22 22 21 4
22 23 22 1
23 22 21 1
23 23 22 4
23 24 23 1
24 24 23 4
24 24 24 2
25 25 24 4
25 25 25 1
26 25 25 1
26 26 25 79
26 26 26 76
26 27 26 66
27 27 26 62
27 27 27 29
27 28 27 25
28 28 27 15
28 28 28 26
28 29 28 21
28 29 29 5
29 29 28 5
29 29 29 25
29 30 29 13
29 30 30 13
30 30 29 3
30 30 30 165
30 31 30 10
