32
2 1 1 1
3 3 2 1
5 4 3 1
8 7 6 1
8 8 7 3
9 9 8 2
10 9 8 1
11 11 10 3
12 12 11 1
12 12 12 1
12 13 12 1
13 13 11 1
13 13 12 2
14 13 12 1
14 14 13 3
15 15 14 1
16 16 14 1
17 17 16 2
18 17 16 2
18 18 17 1
19 18 18 1
19 19 18 4
20 20 19 3
20 20 20 1
21 20 19 1
21 21 19 2
21 21 20 3
22 21 20 2
22 22 21 3
23 22 22 1
23 23 22 4
23 23 23 1
24 24 23 5
25 25 24 4
25 25 25 1
25 26 25 5
26 26 25 96
26 26 26 66
26 27 26 68
27 27 26 55
27 27 27 28
27 28 27 23
27 28 28 1
28 28 27 15
28 28 28 25
28 29 28 19
28 29 29 5
29 29 28 5
29 29 29 25
29 30 29 11
29 30 30 14
30 30 29 1
30 30 30 164
30 31 30 9
