32
1 1 0 1
4 4 3 1
6 6 6 1
8 7 6 1
8 8 7 3
9 9 7 1
10 9 8 1
10 10 9 2
11 12 10 1
12 12 12 1
13 13 11 1
13 13 12 2
14 13 12 1
14 14 13 2
15 14 13 1
17 16 16 1
17 17 15 2
17 17 16 1
18 18 17 4
19 18 17 3
19 19 18 5
20 19 18 2
20 20 19 3
21 20 19 1
21 20 20 1
21 21 20 3
21 21 21 1
22 21 20 2
22 21 21 2
22 22 21 3
22 22 22 1
23 22 22 1
23 23 22 2
23 23 23 1
24 24 23 3
24 24 24 2
24 25 24 1
25 25 24 5
25 25 25 1
25 26 25 1
26 26 25 81
26 26 26 74
26 27 26 65
27 27 26 60
27 27 27 28
27 28 27 21
27 28 28 1
28 28 27 16
28 28 28 29
28 29 28 20
28 29 29 3
29 29 28 6
29 29 29 27
29 30 29 12
29 30 30 11
30 30 29 1
30 30 30 147
30 31 30 8
