32
2 2 1 1
4 4 3 1
5 5 4 1
7 6 5 2
9 9 7 2
11 10 8 1
11 11 9 1
11 11 10 3
12 12 10 1
14 13 11 1
14 14 12 1
15 14 12 3
16 16 15 1
19 18 17 1
19 19 17 1
20 20 18 2
20 20 19 3
21 19 18 1
21 20 18 2
21 20 19 2
21 21 20 1
22 21 19 3
22 21 20 1
22 22 20 1
22 22 21 2
23 23 21 2
23 23 22 4
23 23 23 1
24 23 21 1
24 23 22 3
24 24 23 3
24 25 24 2
25 25 24 6
25 25 25 15
25 26 25 79
26 26 25 81
26 26 26 69
26 27 26 53
26 27 27 7
27 27 26 13
27 27 27 22
27 28 27 27
27 28 28 8
28 28 27 2
28 28 28 27
28 28 29 2
28 29 28 12
28 29 29 14
29 29 29 20
29 29 30 7
29 30 29 5
29 30 30 16
30 30 30 110
30 30 31 3
30 31 30 8
30 31 31 1
