32
3 3 2 1
4 6 4 1
7 7 6 1
7 8 7 1
8 8 6 1
8 8 7 3
9 9 8 2
10 10 9 2
12 11 10 1
12 12 11 2
12 13 12 1
13 12 11 1
13 13 12 3
14 14 13 1
15 14 13 1
15 15 14 1
17 17 16 1
17 17 17 1
17 18 17 1
18 17 16 2
18 18 17 1
19 18 17 2
19 18 18 1
19 19 17 1
19 19 18 2
20 19 19 1
20 20 19 4
21 20 19 1
21 21 19 1
21 21 20 5
22 21 20 2
22 22 21 3
22 22 22 1
23 22 21 1
23 23 22 1
24 24 23 3
24 24 24 1
25 24 24 1
25 25 24 4
25 25 25 1
25 26 25 2
26 26 25 96
26 26 26 63
26 27 26 62
27 27 26 62
27 27 27 26
27 28 27 20
27 28 28 1
28 28 27 17
28 28 28 28
28 29 28 16
28 29 29 6
29 29 28 6
29 29 29 25
29 30 29 14
29 30 30 12
30 30 29 1
30 30 30 167
30 31 30 8
30 31 31 1
