32
0 1 0 1
1 1 1 1
4 3 3 1
6 5 5 1
8 8 6 1
8 8 7 2
9 8 8 1
9 9 8 2
11 11 10 2
12 13 12 1
13 12 11 2
13 12 12 1
13 13 12 1
13 13 13 1
14 14 13 2
15 14 13 1
16 16 15 2
16 17 15 1
17 17 16 1
17 17 17 1
18 18 17 3
19 18 17 1
19 19 18 1
19 19 19 2
20 19 19 1
20 20 18 1
20 20 19 5
21 20 19 1
21 21 19 1
21 21 20 2
21 21 21 1
22 22 21 2
22 23 22 1
23 22 21 1
23 23 22 2
24 24 23 5
25 25 24 3
25 25 25 2
25 26 25 6
26 26 25 70
26 26 26 74
26 27 26 73
27 27 26 49
27 27 27 29
27 28 27 31
27 28 28 2
28 28 27 10
28 28 28 23
28 29 28 23
28 29 29 8
29 29 28 5
29 29 29 21
29 30 29 13
29 30 30 15
30 30 29 2
30 30 30 163
30 31 30 11
