32
1 1 0 1
3 2 1 1
9 9 7 1
13 11 8 1
13 12 9 3
14 13 10 1
16 15 12 1
16 15 13 1
17 17 14 1
18 16 13 1
18 16 14 1
18 17 16 1
19 17 15 1
19 18 16 1
20 19 14 1
20 19 17 1
20 21 19 1
21 19 16 3
21 20 18 2
21 21 19 2
21 21 20 1
21 21 21 1
22 21 18 1
22 21 19 2
22 22 20 2
22 22 21 3
22 22 22 1
22 23 22 1
22 23 23 4
23 22 20 2
23 22 21 1
23 23 22 5
23 23 23 3
23 23 24 41
23 24 23 3
23 24 24 104
23 24 25 17
24 22 20 2
24 23 20 1
24 23 21 4
24 24 22 2
24 24 23 2
24 24 24 18
24 24 25 51
24 25 24 2
24 25 25 61
24 25 26 30
24 25 27 1
24 26 27 1
25 23 21 1
25 25 26 13
25 26 26 23
25 26 27 36
25 26 28 1
26 25 23 1
26 26 27 6
26 27 27 6
26 27 28 31
26 27 29 7
26 28 28 3
26 28 29 4
27 25 23 1
27 28 29 23
27 28 30 2
27 29 29 1
27 29 30 10
28 29 30 21
28 30 30 16
28 30 31 1
29 30 30 24
29 30 31 4
29 31 31 1
30 30 30 34
30 30 31 2
30 31 30 15
30 31 31 3
