32
0 1 0 2
3 3 2 1
4 4 3 1
6 6 5 1
8 8 7 2
9 9 7 1
10 9 8 1
10 10 9 1
11 10 9 1
12 11 10 1
12 12 11 2
13 13 11 1
13 13 12 2
13 13 13 1
14 13 12 1
14 14 13 1
15 14 13 1
16 15 14 1
16 16 14 1
17 17 15 1
17 17 16 2
17 18 17 1
18 17 16 1
18 18 17 3
18 19 18 1
19 19 18 3
20 20 18 1
20 20 19 4
21 20 19 1
21 20 20 1
21 21 19 1
21 21 20 4
21 21 21 1
22 21 20 3
22 22 21 2
23 23 22 3
23 24 23 1
24 24 23 3
24 25 24 1
25 24 24 1
25 25 24 2
25 25 25 2
25 26 25 3
26 26 25 77
26 26 26 75
26 27 26 73
27 27 26 55
27 27 27 31
27 28 27 21
27 28 28 2
28 28 27 15
28 28 28 27
28 29 28 23
28 29 29 6
29 29 28 4
29 29 29 25
29 30 29 10
29 30 30 14
30 30 29 1
30 30 30 163
30 31 30 9
