32
3 3 2 1
4 4 3 1
8 8 7 2
9 9 8 3
11 10 9 1
12 12 11 1
12 13 12 1
13 13 11 1
13 13 12 3
14 14 13 1
15 15 14 1
16 15 14 1
16 16 14 1
16 16 15 1
18 17 16 1
18 18 17 2
18 19 18 1
19 18 17 1
19 19 18 5
19 19 19 1
20 19 18 3
20 19 19 1
20 20 19 2
21 20 19 2
21 21 19 1
21 21 20 4
22 21 21 1
22 22 21 2
23 22 22 1
23 23 22 4
24 24 23 5
25 25 24 6
25 25 25 1
25 26 25 1
26 26 25 65
26 26 26 79
26 27 26 74
27 27 26 55
27 27 27 33
27 28 27 26
27 28 28 2
28 28 27 13
28 28 28 24
28 29 28 19
28 29 29 8
29 29 28 8
29 29 29 22
29 30 29 15
29 30 30 14
30 30 29 2
30 30 30 171
30 31 30 14
