32
3 3 1 1
5 5 3 1
11 10 7 1
12 10 6 1
12 11 8 2
13 11 7 1
13 11 8 3
13 12 9 2
14 13 10 1
14 13 12 1
16 15 13 1
17 16 14 2
18 16 13 1
18 17 14 1
18 18 15 1
19 18 16 1
20 18 15 1
20 19 16 1
20 21 19 1
21 19 16 1
21 21 20 3
21 22 19 1
22 21 19 2
22 21 21 1
22 22 20 2
22 22 21 5
22 22 22 2
23 22 19 1
23 22 20 1
23 22 21 1
23 23 21 3
23 23 22 4
23 23 23 4
23 23 24 31
23 24 23 2
23 24 24 113
23 24 25 16
24 22 20 1
24 23 20 1
24 23 21 3
24 23 22 1
24 24 22 2
24 24 23 2
24 24 24 7
24 24 25 67
24 25 24 2
24 25 25 58
24 25 26 31
25 24 23 1
25 25 23 1
25 25 26 14
25 25 27 1
25 26 26 23
25 26 27 33
25 26 28 4
26 26 27 5
26 26 28 1
26 27 27 8
26 27 28 30
26 27 29 7
26 28 28 2
26 28 29 6
27 28 28 2
27 28 29 20
27 28 30 3
27 29 29 1
27 29 30 13
28 28 28 1
28 29 30 18
28 30 30 22
29 30 30 29
29 30 31 5
29 31 31 5
30 30 30 49
30 30 31 1
30 31 30 20
30 31 31 6
