32
1 1 1 1
1 2 1 1
3 3 2 1
4 4 4 1
5 5 5 2
7 7 7 1
8 7 5 1
8 8 7 2
9 8 6 1
9 9 8 2
10 10 9 1
12 11 10 1
12 12 11 2
13 12 12 1
13 13 11 1
13 13 12 3
14 14 12 1
14 14 13 1
15 14 13 1
16 16 14 1
16 16 15 2
17 16 15 1
17 17 16 1
18 18 17 5
18 18 18 1
19 18 17 2
19 19 18 3
19 19 19 1
20 20 18 1
20 20 19 1
21 20 19 3
21 21 19 1
21 21 20 5
22 21 20 3
22 22 21 2
22 22 22 1
22 23 22 1
23 23 22 3
24 24 23 3
24 24 24 1
24 25 24 1
25 25 24 6
25 26 25 5
26 26 25 88
26 26 26 74
26 27 26 65
27 27 26 58
27 27 27 31
27 28 27 20
27 28 28 1
28 28 27 14
28 28 28 29
28 29 28 19
28 29 29 4
29 29 28 5
29 29 29 26
29 30 29 11
29 30 30 11
30 30 29 2
30 30 30 157
30 31 30 8
