32
1 1 0 1
2 2 0 1
5 5 4 1
6 5 3 1
7 6 4 1
8 7 6 1
11 10 8 1
13 12 8 2
13 12 9 1
14 13 9 1
14 13 11 2
16 14 10 1
18 16 14 1
18 17 13 1
18 17 14 1
18 17 15 1
19 18 15 1
19 19 16 1
19 19 18 1
20 18 15 1
20 20 18 1
20 21 19 1
21 19 16 1
21 21 18 1
21 21 19 1
21 21 20 1
21 22 19 1
22 21 18 1
22 21 19 1
22 21 20 3
22 22 20 3
22 22 21 4
22 22 22 1
22 23 22 1
22 23 23 7
22 23 24 2
23 21 18 1
23 22 18 1
23 22 21 3
23 23 22 4
23 23 23 5
23 23 24 71
23 24 23 1
23 24 24 106
23 24 25 19
24 22 20 2
24 23 20 2
24 23 21 4
24 24 22 2
24 24 23 1
24 24 24 12
24 24 25 40
24 25 24 1
24 25 25 55
24 25 26 25
24 25 27 1
25 25 25 1
25 25 26 17
25 26 26 19
25 26 27 37
25 26 28 2
26 26 27 4
26 27 27 7
26 27 28 32
26 27 29 4
26 28 29 6
27 28 28 1
27 28 29 22
27 28 30 3
27 29 30 14
28 29 30 20
28 30 30 16
29 30 30 27
29 30 31 7
29 31 31 1
30 30 30 36
30 30 31 1
30 31 30 13
30 31 31 5
