32
0 0 0 1
1 1 1 1
4 6 4 1
6 7 5 1
8 8 7 3
9 7 5 1
9 9 7 1
9 9 8 1
10 10 9 2
11 11 10 1
12 12 11 2
13 13 11 1
13 13 12 2
14 14 13 1
16 15 14 2
17 16 15 1
17 17 15 1
18 18 17 3
18 18 18 1
19 18 17 1
19 19 17 1
19 19 18 2
20 19 18 1
20 19 19 1
20 20 19 4
20 21 19 1
21 20 19 1
21 21 19 1
21 21 20 3
22 21 20 1
22 22 21 3
22 22 22 1
23 22 22 1
23 23 22 1
23 23 23 1
24 23 23 1
24 24 23 3
25 25 24 8
25 25 25 1
25 26 25 5
26 26 25 96
26 26 26 62
26 27 26 60
27 27 26 62
27 27 27 29
27 28 27 22
28 28 27 19
28 28 28 26
28 29 28 19
28 29 29 4
29 29 28 5
29 29 29 27
29 30 29 14
29 30 30 12
30 30 29 1
30 30 30 142
30 31 30 9
30 31 31 1
