32
0 1 0 1
2 2 1 1
3 3 2 1
4 4 3 1
8 8 6 1
8 8 7 2
9 8 7 1
9 9 8 1
11 11 10 1
11 11 11 1
12 12 11 2
12 12 12 1
13 12 11 1
13 13 12 2
14 13 12 1
14 14 13 1
16 15 14 1
16 16 15 1
17 16 15 1
18 17 16 2
18 18 17 3
19 18 17 1
19 18 18 1
19 19 17 1
19 19 18 2
20 19 19 1
20 20 18 2
20 20 19 3
20 21 20 1
21 21 20 6
22 21 20 1
22 22 21 1
23 22 22 1
23 23 22 2
24 23 23 1
24 24 23 3
24 24 24 1
25 25 24 5
25 25 25 1
25 26 25 5
26 26 25 89
26 26 26 74
26 27 26 62
27 27 26 59
27 27 27 29
27 28 27 18
27 28 28 1
28 28 27 16
28 28 28 27
28 29 28 21
28 29 29 5
29 29 28 4
29 29 29 28
29 30 29 8
29 30 30 15
30 30 29 1
30 30 30 153
30 31 30 10
