32
0 1 0 2
1 1 0 1
6 7 6 1
7 7 6 1
8 8 7 2
9 8 7 2
11 11 10 3
12 12 11 2
13 13 11 1
13 13 12 3
14 13 12 1
14 14 13 2
16 16 15 2
17 16 15 1
17 18 16 1
18 17 16 2
18 18 17 2
19 18 17 1
19 19 18 3
20 19 18 2
20 19 19 1
20 20 19 1
21 20 19 2
21 21 19 2
21 21 20 1
22 21 20 1
22 22 21 4
22 22 22 1
23 22 22 1
23 23 22 1
23 23 23 1
24 24 23 3
24 24 24 1
25 25 24 5
25 25 25 1
25 26 25 1
26 26 25 88
26 26 26 72
26 27 26 63
27 27 26 62
27 27 27 31
27 28 27 21
27 28 28 1
28 28 27 17
28 28 28 27
28 29 28 19
28 29 29 4
29 29 28 6
29 29 29 24
29 30 29 11
29 30 30 13
30 30 29 2
30 30 30 157
30 31 30 13
