32
0 1 0 1
1 1 0 1
3 3 2 1
5 5 4 1
6 7 6 1
7 6 5 1
7 7 6 1
8 8 7 2
9 8 7 1
9 9 8 1
10 10 9 1
12 11 10 1
12 12 10 1
12 13 12 1
13 13 11 1
13 13 12 2
14 14 13 1
14 14 14 1
16 15 14 2
16 16 14 1
17 16 15 1
17 17 16 2
18 17 16 1
18 18 17 2
19 18 17 1
19 19 18 3
20 19 18 4
20 20 19 2
20 21 20 1
21 21 20 4
22 22 21 4
22 22 22 2
22 23 22 1
23 23 22 4
24 24 23 2
25 24 23 1
25 25 24 2
25 25 25 3
25 26 25 5
26 26 25 60
26 26 26 84
26 27 26 72
27 27 26 60
27 27 27 36
27 28 27 28
27 28 28 3
28 28 27 10
28 28 28 25
28 29 28 22
28 29 29 6
29 29 28 5
29 29 29 26
29 30 29 10
29 30 30 15
30 30 30 170
30 31 30 7
30 31 31 1
