32
0 1 0 1
3 3 2 1
4 4 4 1
6 6 5 1
7 7 6 1
8 7 5 1
8 7 6 2
8 8 7 4
9 9 8 2
11 11 10 1
12 11 10 1
12 12 10 1
13 12 11 1
13 13 12 3
14 14 13 1
15 15 14 2
16 16 16 1
17 16 15 2
17 17 15 1
17 17 16 1
18 17 16 2
18 18 17 1
19 18 18 1
19 19 17 1
19 19 18 2
19 19 19 1
20 19 18 1
20 19 19 1
20 20 18 2
20 20 19 1
20 21 19 1
21 21 20 3
21 21 21 1
22 21 20 1
22 21 21 1
22 22 21 1
22 22 22 1
23 22 22 1
23 23 22 1
24 23 23 1
24 24 23 3
24 25 24 1
25 24 23 1
25 25 24 5
25 25 25 2
25 26 25 1
26 25 25 1
26 26 25 84
26 26 26 75
26 27 26 64
27 27 26 52
27 27 27 34
27 28 27 26
28 28 27 12
28 28 28 29
28 29 28 21
28 29 29 2
29 29 28 6
29 29 29 25
29 30 29 12
29 30 30 11
30 30 29 2
30 30 30 169
30 31 30 8
