32
4 3 2 1
11 9 7 1
12 12 10 1
13 11 8 1
13 12 8 1
14 12 9 1
15 14 13 1
17 16 14 2
18 16 13 1
18 17 15 1
18 17 16 1
19 18 15 1
19 18 16 1
20 18 15 2
20 19 16 1
20 20 17 1
20 20 18 2
20 21 19 1
21 19 17 1
21 21 20 1
21 21 21 1
22 21 18 1
22 21 19 2
22 21 20 2
22 22 19 1
22 22 20 1
22 22 21 4
22 22 22 1
22 23 23 3
22 23 24 1
23 22 20 4
23 22 21 1
23 23 21 2
23 23 22 3
23 23 23 9
23 23 24 56
23 24 23 2
23 24 24 103
23 24 25 20
24 22 20 1
24 23 20 1
24 23 22 1
24 24 22 1
24 24 23 1
24 24 24 7
24 24 25 56
24 25 24 2
24 25 25 55
24 25 26 29
24 25 27 1
25 23 21 1
25 25 26 15
25 25 27 1
25 26 26 19
25 26 27 37
25 26 28 1
26 25 23 1
26 26 27 3
26 26 28 2
26 27 27 8
26 27 28 28
26 27 29 8
26 28 28 2
26 28 29 4
27 28 29 22
27 28 30 3
27 29 30 15
28 29 30 18
28 30 30 16
29 30 30 27
29 30 31 6
29 31 31 1
30 30 30 36
30 30 31 1
30 31 30 16
30 31 31 7
