32
2 2 1 1
5 5 4 1
6 7 6 1
7 7 6 2
8 8 7 2
9 8 7 1
11 10 9 2
11 11 10 1
12 12 11 3
13 13 11 2
13 13 12 1
14 14 12 1
14 14 13 1
15 15 13 1
16 17 15 1
17 16 15 1
17 17 16 1
18 18 16 1
18 18 17 3
18 18 18 1
19 19 18 4
19 19 19 2
20 19 18 1
20 20 19 3
21 20 19 1
21 21 19 2
21 21 20 3
22 21 20 1
22 22 21 2
23 22 21 2
23 23 22 2
24 24 23 2
24 24 24 1
25 25 24 7
25 25 25 1
25 26 25 5
26 26 25 100
26 26 26 63
26 27 26 66
27 27 26 63
27 27 27 29
27 28 27 17
28 28 27 21
28 28 28 25
28 29 28 20
28 29 29 3
29 29 28 8
29 29 29 26
29 30 29 13
29 30 30 10
30 30 29 1
30 30 30 168
30 31 30 8
