32
0 0 0 2
2 2 1 1
4 4 4 1
6 6 6 1
6 7 6 1
7 7 7 1
8 7 5 1
8 7 6 1
8 8 7 3
9 9 8 2
10 10 9 1
11 10 9 1
12 11 10 1
12 12 11 1
13 13 11 3
13 13 12 1
13 13 13 1
14 14 13 1
15 14 13 1
15 15 14 1
16 16 14 1
17 17 16 2
18 17 16 1
18 18 17 3
19 18 17 2
19 19 18 4
19 20 19 1
20 19 18 2
20 20 19 4
21 20 19 1
21 21 19 1
21 21 20 2
21 21 21 1
22 21 20 3
22 22 21 4
22 22 22 2
23 22 21 1
23 23 23 1
24 24 23 3
25 24 24 1
25 25 24 6
25 25 25 1
25 26 25 4
26 26 25 86
26 26 26 75
26 27 26 59
27 27 26 59
27 27 27 31
27 28 27 20
27 28 28 1
28 28 27 14
28 28 28 27
28 29 28 20
28 29 29 3
29 29 28 6
29 29 29 27
29 30 29 12
29 30 30 12
30 30 29 1
30 30 30 164
30 31 30 10
