32
3 3 2 2
8 8 7 2
9 8 7 1
10 9 8 1
11 11 10 1
12 11 10 1
12 12 11 1
12 13 12 2
13 13 11 1
13 13 12 2
14 14 13 2
15 14 13 1
16 17 15 1
17 16 15 2
17 17 16 1
18 17 16 1
18 18 17 1
19 19 18 3
20 19 18 2
20 19 19 2
20 20 19 3
21 21 19 1
21 21 20 5
22 21 20 1
22 22 21 3
22 22 22 1
23 23 22 4
23 23 23 3
24 24 23 4
25 25 24 5
26 26 25 70
26 26 26 80
26 27 26 77
27 27 26 50
27 27 27 36
27 28 27 26
27 28 28 3
28 28 27 16
28 28 28 28
28 29 28 22
28 29 29 6
29 29 28 5
29 29 29 25
29 29 30 1
29 30 29 10
29 30 30 17
30 30 29 1
30 30 30 157
30 31 30 8
