32
5 5 4 1
8 7 6 1
8 8 7 2
9 8 6 1
9 9 8 2
10 10 10 1
11 10 9 1
12 12 11 3
12 13 12 1
13 13 11 1
13 13 12 2
13 14 13 1
14 13 12 1
14 14 13 2
16 15 14 1
16 16 15 1
17 16 15 1
17 17 16 1
18 18 17 4
18 18 18 2
19 18 17 2
19 19 18 3
20 19 18 2
20 20 18 1
20 20 19 2
20 20 20 2
21 21 20 5
22 21 20 2
22 22 21 2
23 22 22 1
23 23 22 1
23 23 23 2
24 24 23 4
25 25 24 6
25 25 25 1
25 26 25 2
26 26 25 83
26 26 26 76
26 27 26 69
27 27 26 64
27 27 27 28
27 28 27 22
27 28 28 2
28 28 27 12
28 28 28 31
28 29 28 22
28 29 29 6
29 29 28 4
29 29 29 23
29 29 30 1
29 30 29 13
29 30 30 12
30 30 30 162
30 31 30 10
