32
4 4 3 1
6 6 5 1
8 8 7 2
9 8 7 1
9 9 8 1
10 10 9 2
11 11 10 1
12 12 11 1
12 12 12 1
13 13 11 1
13 13 12 2
14 13 12 1
14 14 13 2
16 15 14 1
16 16 15 1
17 17 16 1
18 17 16 1
18 18 17 3
18 18 18 1
19 18 17 2
19 19 18 2
19 19 19 1
20 19 18 1
20 20 19 2
20 20 20 1
21 20 19 1
21 21 19 1
21 21 20 4
22 21 20 1
22 22 21 2
22 22 22 2
23 23 22 2
23 23 23 1
24 23 23 1
24 24 23 3
24 24 24 2
25 24 23 1
25 25 24 3
25 25 25 2
25 26 25 5
26 26 25 95
26 26 26 67
26 27 26 65
27 27 26 57
27 27 27 29
27 28 27 24
28 28 27 12
28 28 28 28
28 29 28 20
28 29 29 3
29 29 28 3
29 29 29 27
29 29 30 1
29 30 29 13
29 30 30 10
30 30 29 3
30 30 30 150
30 31 30 8
