32
1 1 1 1
8 7 5 2
8 7 6 1
8 8 7 4
9 9 8 1
11 10 9 1
11 11 10 1
12 12 11 1
13 12 11 1
13 13 12 3
14 14 13 1
14 15 14 1
15 14 13 1
15 15 14 1
16 15 14 2
17 16 15 1
17 17 16 1
18 18 17 2
19 18 17 2
19 18 18 1
19 19 18 3
20 19 18 1
20 20 19 2
21 21 19 2
21 21 20 6
22 21 20 1
22 22 21 3
22 22 22 1
23 22 22 1
23 23 22 1
24 24 23 4
24 24 24 1
24 25 24 1
25 25 24 5
25 25 25 3
25 26 25 4
26 26 25 83
26 26 26 77
26 27 26 58
27 27 26 60
27 27 27 30
27 28 27 19
27 28 28 1
28 28 27 18
28 28 28 25
28 29 28 21
28 29 29 2
29 29 28 8
29 29 29 27
29 30 29 12
29 30 30 11
30 30 29 1
30 30 30 161
30 31 30 7
30 31 31 1
