32
0 1 0 3
1 1 1 1
3 3 2 1
6 6 6 1
7 7 6 2
8 8 7 4
9 8 6 1
9 9 8 2
11 10 10 1
11 11 10 1
12 12 11 1
13 12 11 2
13 12 12 1
13 13 12 2
13 13 13 1
14 14 13 1
15 15 14 2
17 17 15 1
18 17 16 1
18 18 17 5
19 18 17 1
19 19 18 4
20 19 18 1
20 19 19 1
20 20 19 4
21 20 19 1
21 21 19 2
21 21 20 3
22 22 21 8
22 23 22 1
23 23 22 1
24 24 23 2
24 25 24 1
25 24 23 1
25 25 24 4
25 25 25 2
25 26 25 3
26 26 25 97
26 26 26 66
26 27 26 59
27 27 26 60
27 27 27 30
27 28 27 18
28 28 27 21
28 28 28 28
28 29 28 18
28 29 29 4
29 29 28 5
29 29 29 25
29 30 29 15
29 30 30 10
30 30 29 3
30 30 30 165
30 31 30 12
