32
0 1 0 1
4 4 3 1
4 6 4 1
7 7 6 1
8 8 7 2
9 9 7 1
9 9 8 2
11 11 10 1
12 12 11 4
13 12 11 1
13 13 12 1
14 14 13 1
15 15 13 1
15 15 14 1
16 15 14 1
16 16 15 1
17 17 15 1
17 17 16 2
18 18 17 2
19 18 17 2
19 19 18 2
19 20 19 1
20 19 18 1
20 20 18 1
20 20 19 5
20 20 20 1
20 21 20 1
21 21 20 2
22 21 20 1
22 22 20 1
22 22 21 4
22 22 22 1
23 22 22 1
23 23 23 2
24 24 23 2
24 24 24 1
24 25 24 1
25 25 24 6
25 25 25 1
25 26 25 8
26 26 25 95
26 26 26 68
26 27 26 75
26 27 27 1
27 27 26 45
27 27 27 30
27 28 27 24
27 28 28 2
28 28 27 13
28 28 28 25
28 29 28 22
28 29 29 6
29 29 28 3
29 29 29 22
29 29 30 1
29 30 29 14
29 30 30 13
30 30 30 143
30 31 30 12
