32
1 1 1 1
3 3 2 1
4 4 3 1
8 8 7 2
9 9 8 2
10 10 9 1
11 11 10 1
12 12 11 1
13 12 11 1
13 13 12 3
14 15 14 1
16 16 14 1
16 16 15 1
17 16 15 1
17 17 15 1
17 17 16 2
18 17 17 1
18 18 17 3
18 18 18 1
19 18 17 1
19 19 18 4
20 19 18 3
20 20 19 7
21 20 19 1
21 21 20 3
22 22 20 1
22 22 21 4
23 23 22 2
23 23 23 2
24 24 23 2
25 24 24 1
25 25 24 6
25 25 25 1
25 26 25 4
26 26 25 82
26 26 26 76
26 27 26 67
26 27 27 1
27 27 26 55
27 27 27 35
27 28 27 23
27 28 28 1
28 28 27 10
28 28 28 32
28 29 28 17
28 29 29 6
29 29 28 5
29 29 29 26
29 29 30 1
29 30 29 10
29 30 30 15
30 30 30 160
30 31 30 7
30 31 31 1
