32
3 3 2 1
4 3 2 1
4 5 4 1
4 6 4 1
6 6 5 1
7 6 5 1
8 8 7 2
9 7 6 1
9 8 6 1
9 9 7 1
10 10 9 2
11 11 10 2
12 11 10 1
13 12 11 1
13 13 12 2
14 13 13 1
14 15 14 1
15 15 14 2
16 15 14 1
16 16 14 1
17 17 15 1
18 18 17 3
19 18 17 2
19 19 18 4
20 19 18 2
20 20 19 2
20 20 20 1
21 21 19 1
21 21 20 4
22 21 20 1
22 22 21 3
22 22 22 1
22 23 22 1
23 22 22 1
23 23 22 1
23 23 23 1
23 24 23 1
24 23 23 1
24 24 23 3
24 24 24 1
25 24 23 1
25 25 24 4
25 26 25 2
26 26 25 74
26 26 26 74
26 27 26 71
27 27 26 59
27 27 27 32
27 28 27 20
27 28 28 2
28 28 27 16
28 28 28 28
28 29 28 23
28 29 29 4
29 29 28 3
29 29 29 26
29 30 29 12
29 30 30 13
30 30 30 158
30 31 30 9
