32
5 5 3 1
7 6 4 1
8 8 7 1
13 11 8 1
13 12 8 1
13 12 10 1
14 12 9 1
15 14 13 1
17 16 13 1
17 16 14 2
17 17 14 1
18 15 10 1
18 17 14 1
18 17 16 1
19 17 15 1
19 18 16 1
20 18 15 1
20 19 15 1
20 21 19 1
21 19 16 2
21 20 19 1
21 21 19 1
21 21 20 2
21 21 21 1
21 22 19 1
21 22 21 1
22 21 18 1
22 21 19 1
22 21 20 2
22 22 20 1
22 22 21 4
22 22 22 1
22 23 22 1
22 23 23 8
22 23 24 5
23 22 19 1
23 22 20 3
23 22 21 1
23 23 21 1
23 23 22 4
23 23 23 3
23 23 24 77
23 24 23 2
23 24 24 105
23 24 25 17
24 22 19 1
24 23 20 3
24 23 21 3
24 23 22 1
24 24 22 1
24 24 23 1
24 24 24 7
24 24 25 43
24 25 24 2
24 25 25 46
24 25 26 28
25 25 26 14
25 26 26 20
25 26 27 38
25 26 28 2
26 26 27 4
26 27 27 7
26 27 28 28
26 27 29 8
26 28 28 2
26 28 29 4
27 28 29 20
27 28 30 3
27 29 29 1
27 29 30 11
28 29 30 19
28 30 30 19
29 29 30 1
29 30 30 25
29 30 31 5
29 31 31 4
30 30 30 39
30 30 31 2
30 31 30 15
30 31 31 5
