32
3 3 2 2
4 6 4 1
5 6 5 1
6 7 6 1
7 7 6 1
8 8 7 2
9 9 7 1
9 9 8 2
10 9 9 1
12 11 10 2
12 11 11 1
12 12 11 3
13 13 11 1
13 13 12 1
13 13 13 1
14 13 12 2
14 14 13 1
15 14 14 1
15 15 14 1
16 16 15 1
17 16 15 1
17 17 16 1
18 17 16 1
18 18 17 4
19 18 17 1
19 19 18 4
20 19 18 2
20 20 19 2
21 20 19 1
21 21 20 6
22 21 20 1
22 22 21 4
22 22 22 1
23 22 22 1
23 23 22 2
23 23 23 1
23 24 23 1
24 24 23 4
25 24 23 1
25 25 24 2
25 25 25 1
25 26 25 5
26 26 25 96
26 26 26 66
26 27 26 62
27 27 26 61
27 27 27 29
27 28 27 22
28 28 27 16
28 28 28 26
28 29 28 20
28 29 29 5
29 29 28 5
29 29 29 24
29 29 30 1
29 30 29 12
29 30 30 12
30 30 30 165
30 31 30 6
