32
1 2 1 2
2 3 2 1
3 4 3 1
5 9 6 1
9 10 9 1
9 12 10 1
11 13 11 1
11 15 13 1
13 13 13 1
13 14 13 1
13 16 14 1
13 17 14 1
15 17 15 1
15 18 17 1
16 17 15 1
16 17 16 3
16 17 17 1
16 18 16 1
16 18 17 2
17 17 16 1
17 17 17 1
17 18 16 3
17 18 17 23
17 19 17 3
17 19 18 1
17 19 19 1
18 18 17 4
18 18 18 1
18 19 17 3
18 19 18 44
18 20 18 1
18 20 19 2
19 19 18 8
19 19 19 1
19 20 18 1
19 20 19 56
19 20 20 3
19 21 19 1
19 21 20 2
19 21 21 1
20 18 15 4
20 19 15 1
20 19 16 6
20 20 17 1
20 20 19 21
20 20 20 6
20 21 19 3
20 21 20 72
20 21 21 8
20 22 21 3
20 22 22 1
21 19 16 8
21 20 17 1
21 21 18 1
21 21 19 4
21 21 20 46
21 21 21 10
21 22 21 77
21 22 22 28
21 22 23 2
21 23 22 1
21 23 23 2
21 23 24 1
22 21 19 1
22 21 20 1
22 22 21 38
22 22 22 49
22 22 23 8
22 23 22 32
22 23 23 37
22 23 24 9
22 24 24 1
22 24 25 2
23 23 22 2
23 23 23 24
23 23 24 3
23 24 23 2
23 24 24 31
23 24 25 15
23 25 25 4
23 25 26 4
24 24 24 6
24 24 25 5
24 25 25 20
24 25 26 26
24 25 27 2
24 26 26 9
24 26 27 8
25 25 26 5
25 26 26 13
25 26 27 14
25 26 28 2
26 26 27 3
26 27 27 12
26 27 28 7
27 28 28 1
27 28 29 2
28 30 30 1
29 29 29 1
30 30 30 2
30 31 30 8
30 31 31 1
