32
0 1 0 1
2 2 1 1
3 4 3 1
4 5 4 1
9 9 8 1
9 12 10 1
11 11 11 1
12 16 13 1
14 15 14 1
15 16 14 1
15 17 16 2
16 16 15 1
16 17 15 1
16 17 17 1
16 18 16 1
16 18 17 2
17 18 16 3
17 18 17 14
17 19 19 1
18 18 17 5
18 19 17 7
18 19 18 28
18 20 18 2
19 19 18 9
19 20 18 5
19 20 19 46
19 21 20 1
20 19 15 2
20 19 16 6
20 20 19 25
20 20 20 1
20 21 19 3
20 21 20 58
20 21 21 4
20 22 21 3
21 19 15 1
21 19 16 7
21 20 16 2
21 20 17 2
21 21 19 3
21 21 20 51
21 21 21 12
21 22 20 3
21 22 21 64
21 22 22 21
21 23 22 3
21 23 23 3
21 23 24 1
22 21 19 1
22 22 20 3
22 22 21 62
22 22 22 53
22 22 23 2
22 23 22 54
22 23 23 31
22 23 24 2
22 24 24 1
23 22 21 1
23 23 22 6
23 23 23 38
23 23 24 11
23 24 23 7
23 24 24 23
23 24 25 14
24 24 23 1
24 24 24 15
24 24 25 4
24 25 24 2
24 25 25 21
24 25 26 29
24 26 26 6
24 26 27 3
25 25 25 3
25 25 26 5
25 26 26 17
25 26 27 23
25 26 28 2
25 27 27 1
26 26 26 1
26 26 27 4
26 27 27 10
26 27 28 6
27 27 28 3
27 28 28 2
27 28 29 1
28 30 30 1
29 29 29 1
29 30 30 1
30 30 30 1
30 31 30 7
