32
2 2 1 1
3 4 3 1
4 4 4 1
8 8 8 1
8 12 9 1
9 9 8 1
11 13 12 1
11 15 13 1
14 15 14 1
14 17 15 1
15 16 15 1
15 17 16 1
15 17 17 1
15 18 16 1
16 17 15 2
16 17 16 2
16 18 17 2
17 17 16 1
17 18 16 3
17 18 17 23
17 19 17 2
17 19 18 3
17 19 19 1
18 18 17 7
18 19 17 2
18 19 18 38
18 19 19 1
18 20 18 1
18 20 19 1
19 19 18 10
19 20 18 1
19 20 19 53
19 20 20 3
19 21 21 1
20 18 15 1
20 19 15 3
20 19 16 5
20 19 17 1
20 20 19 21
20 20 20 6
20 21 19 2
20 21 20 68
20 21 21 7
20 22 21 2
20 22 22 2
21 19 16 4
21 20 17 1
21 21 18 1
21 21 19 4
21 21 20 50
21 21 21 19
21 22 20 3
21 22 21 76
21 22 22 27
21 23 22 1
21 23 23 3
21 23 24 1
22 21 20 1
22 22 21 37
22 22 22 56
22 22 23 8
22 23 22 32
22 23 23 40
22 23 24 10
22 24 24 1
22 24 25 1
23 23 22 2
23 23 23 21
23 23 24 4
23 24 23 2
23 24 24 32
23 24 25 14
23 25 25 5
23 25 26 1
24 24 24 6
24 24 25 3
24 25 25 19
24 25 26 34
24 25 27 1
24 26 26 3
24 26 27 10
25 25 26 4
25 26 26 14
25 26 27 14
25 26 28 1
25 27 27 1
26 26 27 3
26 27 27 10
26 27 28 7
26 28 28 1
27 28 28 1
27 28 29 1
28 30 30 1
29 29 29 1
29 30 30 1
30 30 30 2
30 31 30 9
