32
2 2 1 1
4 4 4 1
5 7 6 1
6 10 6 1
9 9 9 1
11 11 9 1
11 14 11 1
12 12 12 1
12 17 14 1
13 13 12 13
13 14 13 2
14 14 13 4
14 15 14 1
15 15 14 2
15 16 15 1
15 18 16 1
17 18 17 9
17 19 17 1
18 17 15 1
18 19 17 5
18 19 18 16
18 20 18 4
19 19 17 1
19 19 18 3
19 20 17 2
19 20 18 11
19 20 19 43
19 21 19 8
20 20 18 1
20 20 19 12
20 21 19 13
20 21 20 77
20 22 20 4
21 21 20 18
21 21 21 1
21 22 20 17
21 22 21 71
22 22 21 45
22 22 22 30
22 23 21 3
22 23 22 67
23 23 22 36
23 23 23 14
23 24 22 2
23 24 23 57
23 24 24 1
23 25 24 2
24 24 23 19
24 24 24 12
24 25 23 2
24 25 24 44
24 25 25 2
25 25 24 6
25 25 25 12
25 26 25 26
25 26 26 11
26 26 25 1
26 26 26 20
26 27 26 18
26 27 27 23
26 28 27 1
27 27 26 6
27 27 27 13
27 28 27 18
27 28 28 11
28 28 27 1
28 28 28 20
28 29 28 11
28 29 29 4
29 29 29 8
29 30 29 1
29 30 30 1
30 30 30 16
30 31 30 3
