32
3 4 3 2
4 5 4 1
5 9 6 1
9 9 9 1
9 10 9 1
9 13 10 1
11 13 12 1
12 15 13 1
13 14 13 1
14 15 14 2
14 16 15 1
14 17 15 1
15 17 15 1
16 17 16 1
16 18 16 2
16 18 17 4
17 17 16 1
17 18 17 24
17 19 17 1
17 19 18 4
17 19 19 1
18 18 17 4
18 19 17 2
18 19 18 40
18 19 19 1
18 20 18 1
18 20 19 2
19 18 15 1
19 19 18 10
19 19 19 2
19 20 18 2
19 20 19 52
19 20 20 1
19 21 19 1
19 21 20 3
19 22 21 1
20 18 15 8
20 18 16 1
20 19 15 3
20 19 16 2
20 19 17 1
20 20 17 1
20 20 19 18
20 20 20 9
20 21 20 76
20 21 21 10
20 22 21 3
20 22 22 1
21 19 15 1
21 19 16 3
21 20 18 1
21 21 19 4
21 21 20 38
21 21 21 19
21 22 21 68
21 22 22 33
21 22 23 2
21 23 23 8
21 23 24 1
21 24 24 1
22 21 20 1
22 22 21 34
22 22 22 59
22 22 23 7
22 23 22 24
22 23 23 43
22 23 24 10
22 24 24 1
22 24 25 3
23 23 23 24
23 23 24 5
23 24 23 1
23 24 24 32
23 24 25 17
23 25 25 2
23 25 26 3
24 24 24 4
24 24 25 7
24 25 25 13
24 25 26 28
24 25 27 1
24 26 26 2
24 26 27 9
25 25 26 4
25 26 26 11
25 26 27 21
25 27 28 2
26 26 26 1
26 26 27 5
26 27 27 10
26 27 28 9
26 28 28 1
27 27 28 1
27 28 28 2
27 28 29 1
28 30 30 1
29 29 30 1
29 30 30 1
30 30 30 3
30 31 30 6
