32
2 2 1 1
3 3 2 1
3 4 3 1
10 14 11 1
12 12 10 1
13 13 12 13
13 14 12 1
13 14 13 2
13 17 14 1
14 14 13 3
14 15 13 1
14 15 14 1
15 15 14 2
15 16 15 1
15 17 15 1
16 16 15 1
16 17 16 1
16 18 16 1
17 18 17 8
18 19 17 9
18 19 18 17
18 20 18 3
19 19 17 1
19 20 18 22
19 20 19 48
19 21 19 4
20 20 19 9
20 21 18 1
20 21 19 35
20 21 20 53
20 22 20 5
21 21 20 19
21 21 21 1
21 22 20 25
21 22 21 63
22 22 21 46
22 22 22 24
22 23 21 1
22 23 22 61
22 24 23 1
23 23 22 40
23 23 23 17
23 24 22 1
23 24 23 53
23 24 24 2
24 24 23 15
24 24 24 12
24 25 23 1
24 25 24 42
24 25 25 1
25 25 24 12
25 25 25 12
25 26 25 27
25 26 26 3
25 27 26 1
26 26 25 4
26 26 26 19
26 27 26 18
26 27 27 21
27 27 26 2
27 27 27 12
27 28 27 19
27 28 28 7
28 28 27 1
28 28 28 20
28 29 28 15
28 29 29 5
29 29 28 2
29 29 29 4
29 30 29 2
29 30 30 2
30 30 30 8
30 31 30 2
