32
3 4 3 2
5 9 6 1
8 8 7 1
10 11 9 1
10 14 11 1
13 13 12 14
13 14 12 1
13 14 13 3
13 17 14 1
14 14 13 2
14 15 13 1
15 15 14 2
15 16 14 1
15 16 15 1
15 18 16 1
17 18 16 2
17 18 17 6
18 18 17 1
18 19 17 6
18 19 18 13
18 20 18 4
19 19 17 1
19 19 18 1
19 20 17 2
19 20 18 12
19 20 19 48
19 21 19 8
20 20 19 9
20 21 19 23
20 21 20 70
20 22 20 3
21 21 20 18
21 22 20 24
21 22 21 67
22 22 21 42
22 22 22 24
22 23 21 2
22 23 22 65
23 23 22 46
23 23 23 14
23 24 23 57
23 24 24 1
24 24 23 20
24 24 24 10
24 25 23 2
24 25 24 40
25 25 24 9
25 25 25 10
25 26 25 34
25 26 26 4
26 26 26 20
26 27 26 23
26 27 27 15
26 28 27 2
27 27 26 3
27 27 27 13
27 28 27 20
27 28 28 4
28 28 27 1
28 28 28 23
28 29 28 10
28 29 29 6
29 29 29 6
29 30 29 4
29 30 30 1
30 30 30 10
30 31 30 1
