32
2 2 2 1
3 3 2 1
3 4 3 2
6 10 7 1
10 14 11 1
12 12 10 1
13 13 12 15
13 14 13 1
13 17 14 1
14 14 13 5
15 15 15 1
15 16 15 1
15 18 16 1
16 16 15 1
16 18 16 1
17 18 17 8
17 19 17 1
18 19 17 5
18 19 18 12
18 20 18 4
19 19 17 1
19 20 17 1
19 20 18 16
19 20 19 48
19 21 19 6
20 20 19 8
20 21 19 22
20 21 20 69
20 22 20 3
21 21 20 21
21 22 20 20
21 22 21 70
22 22 21 44
22 22 22 20
22 23 21 2
22 23 22 69
23 23 22 41
23 23 23 18
23 24 22 1
23 24 23 54
23 24 24 1
24 24 23 21
24 24 24 9
24 25 23 2
24 25 24 40
25 25 24 10
25 25 25 11
25 26 25 31
25 26 26 6
26 26 25 1
26 26 26 21
26 27 26 22
26 27 27 17
26 28 27 3
27 27 26 8
27 27 27 11
27 28 27 17
27 28 28 5
28 28 27 2
28 28 28 20
28 29 28 14
28 29 29 6
29 29 29 7
29 30 29 3
29 30 30 1
30 30 30 14
30 31 30 2
