32
4 5 4 2
7 7 6 1
10 11 9 1
10 14 11 1
13 13 12 13
13 14 13 2
14 14 13 4
14 15 13 1
14 18 15 1
15 16 15 2
15 18 16 1
16 16 15 1
16 18 16 1
17 18 17 7
17 19 17 1
18 19 17 6
18 19 18 12
18 20 18 1
19 20 17 2
19 20 18 11
19 20 19 52
19 21 18 1
19 21 19 6
20 20 18 2
20 20 19 8
20 20 20 1
20 21 19 19
20 21 20 71
20 22 20 3
21 21 20 15
21 21 21 1
21 22 20 19
21 22 21 69
22 22 21 45
22 22 22 21
22 23 21 2
22 23 22 64
22 24 23 1
23 23 21 1
23 23 22 48
23 23 23 13
23 24 22 1
23 24 23 52
23 24 24 1
24 24 23 21
24 24 24 12
24 25 23 1
24 25 24 44
25 25 24 8
25 25 25 13
25 26 25 27
25 26 26 7
26 26 26 18
26 27 26 27
26 27 27 22
26 28 27 3
27 27 26 2
27 27 27 12
27 28 27 20
27 28 28 6
28 28 27 1
28 28 28 22
28 29 28 15
28 29 29 5
29 29 29 9
29 30 29 3
29 30 30 3
30 30 30 9
30 31 30 1
