32
3 4 3 1
4 4 3 1
4 5 4 1
5 5 4 1
5 10 6 1
10 11 9 1
10 14 11 1
13 13 12 14
14 14 13 5
14 15 13 1
14 17 15 1
15 15 14 2
15 16 15 2
15 18 16 1
17 18 16 1
17 18 17 8
17 19 17 2
18 19 17 8
18 19 18 12
18 20 18 3
19 19 17 1
19 19 18 5
19 20 17 2
19 20 18 8
19 20 19 47
19 21 18 1
19 21 19 6
20 20 19 9
20 20 20 3
20 21 19 18
20 21 20 71
20 22 20 5
21 21 20 19
21 22 20 19
21 22 21 70
21 23 21 1
22 22 21 44
22 22 22 22
22 23 21 2
22 23 22 65
23 23 22 44
23 23 23 19
23 24 23 51
23 24 24 1
23 25 24 1
24 24 23 16
24 24 24 14
24 25 23 3
24 25 24 44
25 25 24 8
25 25 25 13
25 26 25 30
25 26 26 8
26 26 25 1
26 26 26 21
26 27 26 25
26 27 27 13
27 27 26 5
27 27 27 12
27 28 27 22
27 28 28 11
28 28 27 1
28 28 28 26
28 29 28 11
28 29 29 8
29 29 29 4
29 30 29 3
29 30 30 2
30 30 30 11
30 31 30 3
