32
1 2 1 1
3 4 3 1
4 5 4 1
7 11 8 1
10 14 11 1
11 11 10 1
12 13 12 1
12 17 14 1
13 13 12 12
13 13 13 1
13 14 13 2
14 14 13 3
14 14 14 1
15 16 14 1
15 16 15 2
15 18 15 1
17 18 16 1
17 18 17 7
17 19 17 1
18 19 17 9
18 19 18 15
18 20 18 2
19 19 18 1
19 20 17 1
19 20 18 12
19 20 19 49
19 21 18 1
19 21 19 7
20 20 18 1
20 20 19 10
20 21 19 21
20 21 20 66
20 22 20 4
21 21 20 20
21 21 21 2
21 22 20 24
21 22 21 67
22 22 21 45
22 22 22 20
22 23 21 3
22 23 22 66
22 24 23 1
23 23 22 38
23 23 23 16
23 24 22 1
23 24 23 49
23 24 24 1
23 25 24 1
24 24 23 17
24 24 24 16
24 25 23 2
24 25 24 41
24 25 25 1
25 25 24 8
25 25 25 14
25 26 25 28
25 26 26 6
26 26 25 3
26 26 26 18
26 27 26 22
26 27 27 15
26 28 27 1
27 27 26 2
27 27 27 11
27 28 27 20
27 28 28 10
28 28 28 28
28 29 28 15
28 29 29 8
29 29 28 1
29 29 29 7
29 30 29 2
29 30 30 1
30 30 30 11
30 31 30 1
