32
3 4 3 1
4 5 4 1
6 7 6 1
10 13 10 1
11 11 9 1
12 12 11 1
13 13 12 10
14 14 13 5
14 15 14 1
14 18 15 1
15 16 14 1
15 18 16 1
16 16 15 1
16 16 16 1
16 18 16 1
17 18 17 9
17 19 18 1
18 18 17 1
18 19 17 7
18 19 18 14
18 20 18 2
19 19 18 2
19 20 17 1
19 20 18 11
19 20 19 48
19 21 19 6
20 20 19 10
20 20 20 1
20 21 19 18
20 21 20 74
20 22 20 5
21 21 20 19
21 22 20 16
21 22 21 74
22 22 21 44
22 22 22 23
22 23 21 3
22 23 22 64
22 24 23 1
23 23 22 38
23 23 23 16
23 24 22 1
23 24 23 55
23 24 24 2
24 24 23 18
24 24 24 13
24 25 23 1
24 25 24 46
24 25 25 1
25 25 24 6
25 25 25 15
25 26 25 27
25 26 26 9
26 26 25 3
26 26 26 16
26 27 26 19
26 27 27 21
26 28 27 1
27 27 26 2
27 27 27 16
27 28 27 15
27 28 28 12
28 28 27 1
28 28 28 23
28 29 28 12
28 29 29 11
29 29 29 4
29 30 29 1
30 30 30 12
30 31 30 2
