32
3 3 2 1
4 5 4 1
6 10 7 1
7 8 7 1
8 9 7 1
10 14 11 1
11 11 9 1
12 17 13 1
13 13 12 14
13 14 12 1
13 14 13 2
14 14 13 2
14 14 14 1
14 15 13 1
15 16 15 3
15 18 16 1
16 17 16 1
16 19 16 1
17 17 16 1
17 18 16 1
17 18 17 9
17 19 17 2
18 18 17 1
18 19 17 9
18 19 18 14
18 20 18 2
19 19 18 1
19 20 17 3
19 20 18 20
19 20 19 49
19 21 18 1
19 21 19 4
20 20 19 9
20 21 19 34
20 21 20 59
20 22 20 5
21 21 20 17
21 22 20 26
21 22 21 63
22 22 21 46
22 22 22 20
22 23 21 4
22 23 22 62
23 23 22 39
23 23 23 20
23 24 22 1
23 24 23 47
23 24 24 1
23 25 24 1
24 24 23 19
24 24 24 12
24 25 23 3
24 25 24 39
24 25 25 3
25 25 24 10
25 25 25 13
25 26 25 30
25 26 26 4
25 27 26 1
26 26 25 3
26 26 26 16
26 27 26 31
26 27 27 11
27 27 26 6
27 27 27 13
27 28 27 20
27 28 28 7
28 28 27 3
28 28 28 21
28 29 28 17
28 29 29 3
29 29 29 7
29 30 29 2
29 30 30 1
30 30 30 11
30 31 30 3
