32
2 3 2 2
4 4 4 1
4 5 4 1
5 5 4 1
6 10 6 1
9 13 10 1
11 12 10 1
12 12 11 1
12 17 13 1
13 13 12 14
13 14 13 1
14 14 13 4
14 15 13 1
14 18 15 1
15 15 14 1
15 16 15 1
16 16 15 2
16 19 16 1
17 18 17 7
17 19 17 2
18 18 17 1
18 19 17 7
18 19 18 12
18 20 18 2
19 19 17 1
19 19 19 1
19 20 18 12
19 20 19 54
19 21 18 1
19 21 19 5
20 20 18 1
20 20 19 10
20 21 19 22
20 21 20 72
20 22 20 4
21 21 20 14
21 21 21 1
21 22 20 21
21 22 21 71
22 22 21 46
22 22 22 21
22 23 21 2
22 23 22 67
23 23 22 42
23 23 23 13
23 24 22 1
23 24 23 53
23 25 24 2
24 24 23 20
24 24 24 13
24 25 23 3
24 25 24 37
24 25 25 1
25 25 24 8
25 25 25 14
25 26 25 31
25 26 26 8
25 27 26 1
26 26 25 1
26 26 26 22
26 27 26 20
26 27 27 20
26 28 27 4
27 27 26 5
27 27 27 14
27 28 27 19
27 28 28 6
28 28 27 2
28 28 28 22
28 29 28 14
28 29 29 6
29 29 29 9
29 30 29 2
29 30 30 1
30 30 30 11
30 31 30 3
