32
1 2 1 1
3 4 3 1
4 5 4 1
6 10 7 1
9 9 8 1
9 10 9 1
10 14 11 1
11 11 9 1
12 17 13 1
13 13 12 14
13 14 13 2
14 14 13 3
14 15 13 1
15 16 14 1
15 16 15 2
15 18 16 1
16 17 16 1
17 18 17 9
18 19 17 9
18 19 18 15
18 20 18 4
19 19 18 1
19 20 17 1
19 20 18 19
19 20 19 43
19 21 19 6
20 20 18 1
20 20 19 14
20 21 19 28
20 21 20 60
20 22 20 2
21 21 20 18
21 22 20 29
21 22 21 62
22 22 21 46
22 22 22 20
22 23 21 3
22 23 22 59
22 24 22 1
22 24 23 1
23 23 22 36
23 23 23 15
23 24 22 3
23 24 23 50
23 24 24 1
24 24 23 25
24 24 24 12
24 25 23 2
24 25 24 41
25 25 24 11
25 25 25 12
25 26 25 28
25 26 26 6
26 26 25 2
26 26 26 14
26 27 26 27
26 27 27 16
26 28 27 2
27 27 26 2
27 27 27 12
27 28 27 23
27 28 28 8
28 28 27 1
28 28 28 24
28 29 28 11
28 29 29 7
29 29 29 8
29 30 29 2
29 30 30 3
30 30 30 8
30 31 30 4
