32
2 2 2 1
3 4 3 1
4 4 4 1
6 10 7 1
7 7 6 1
10 11 9 1
10 14 11 1
13 13 12 14
13 14 13 1
14 14 13 5
14 18 15 1
15 15 14 3
15 16 15 1
15 18 16 1
16 16 15 1
16 18 16 1
17 18 16 1
17 18 17 9
18 19 17 5
18 19 18 16
18 20 18 3
19 19 17 1
19 19 18 2
19 20 18 7
19 20 19 47
19 21 19 7
20 20 18 1
20 20 19 9
20 21 19 12
20 21 20 80
20 22 20 5
21 21 20 15
21 21 21 2
21 22 20 17
21 22 21 76
22 22 21 40
22 22 22 23
22 23 21 3
22 23 22 70
23 23 22 39
23 23 23 15
23 24 22 2
23 24 23 56
23 24 24 1
23 25 24 1
24 24 23 17
24 24 24 13
24 25 23 2
24 25 24 44
24 25 25 1
25 25 24 5
25 25 25 13
25 26 25 31
25 26 26 4
25 27 27 1
26 26 25 2
26 26 26 20
26 27 26 19
26 27 27 22
27 27 26 2
27 27 27 14
27 28 27 20
27 28 28 8
28 28 27 1
28 28 28 25
28 29 28 12
28 29 29 8
29 29 29 5
29 30 29 3
29 30 30 1
30 30 30 12
30 31 30 2
