32
1 1 0 1
2 3 2 1
3 4 3 1
4 5 4 1
6 10 7 1
10 10 9 1
10 14 11 1
11 11 10 1
11 12 11 1
13 13 12 15
13 14 13 3
13 17 14 1
14 14 13 4
14 18 15 1
15 15 14 1
15 16 14 1
15 16 15 1
16 17 15 1
17 17 15 1
17 18 17 8
18 19 17 7
18 19 18 13
18 20 18 3
19 19 17 1
19 20 17 1
19 20 18 12
19 20 19 51
19 21 19 8
20 20 19 10
20 21 19 22
20 21 20 67
20 22 20 3
21 21 20 19
21 22 20 21
21 22 21 71
22 22 21 42
22 22 22 23
22 23 21 2
22 23 22 67
23 23 22 42
23 23 23 20
23 24 23 55
23 24 24 1
23 25 24 1
24 24 23 20
24 24 24 11
24 25 23 2
24 25 24 36
24 25 25 2
25 25 24 8
25 25 25 13
25 26 25 29
25 26 26 4
26 26 25 2
26 26 26 20
26 27 26 25
26 27 27 21
26 28 27 4
27 27 27 11
27 28 27 19
27 28 28 7
28 28 27 2
28 28 28 15
28 29 28 10
28 29 29 6
29 29 28 1
29 29 29 4
29 30 29 2
29 30 30 1
30 30 30 7
30 31 30 2
