32
1 2 1 1
2 4 3 1
3 4 3 1
5 9 6 1
6 7 6 1
8 12 9 1
9 9 9 1
9 10 8 1
9 15 12 1
12 13 12 1
13 16 14 1
13 17 14 1
14 14 14 1
15 17 15 1
15 17 16 1
16 17 16 2
16 18 17 4
17 17 16 1
17 18 16 1
17 18 17 23
17 19 17 1
17 19 18 4
18 18 17 7
18 19 17 1
18 19 18 39
18 19 19 1
18 20 19 4
19 19 18 10
19 19 19 1
19 20 18 1
19 20 19 56
19 20 20 2
19 21 20 4
20 18 15 10
20 19 15 3
20 19 16 3
20 19 17 2
20 20 19 16
20 20 20 10
20 21 19 1
20 21 20 77
20 21 21 8
20 22 21 3
20 22 22 2
21 19 16 3
21 20 18 1
21 20 19 1
21 21 19 2
21 21 20 36
21 21 21 19
21 22 20 1
21 22 21 75
21 22 22 32
21 22 23 1
21 23 23 6
21 24 24 1
22 22 21 28
22 22 22 59
22 22 23 8
22 23 22 29
22 23 23 45
22 23 24 12
22 24 24 1
22 24 25 1
22 25 25 1
23 23 23 20
23 23 24 2
23 24 23 1
23 24 24 36
23 24 25 15
23 25 25 2
23 25 26 3
24 24 24 2
24 24 25 6
24 25 24 1
24 25 25 21
24 25 26 27
24 25 27 2
24 26 26 10
24 26 27 8
25 25 26 4
25 26 26 13
25 26 27 25
25 27 27 1
25 27 28 2
26 26 26 1
26 26 27 6
26 27 27 9
26 27 28 7
26 28 28 1
27 27 28 1
27 28 28 1
27 29 29 1
28 28 29 1
28 29 29 1
28 30 30 1
29 30 30 2
30 30 30 4
30 31 30 5
