32
2 3 2 1
3 4 3 1
4 5 4 2
5 11 7 1
6 10 7 1
8 13 9 1
9 9 9 1
10 14 11 1
11 11 9 1
12 12 11 1
13 13 12 14
13 14 13 1
13 17 14 1
14 14 13 4
14 15 13 1
15 15 14 1
15 16 15 1
15 17 15 1
15 18 16 1
16 16 15 1
16 18 16 2
17 18 17 9
17 19 17 1
18 18 17 1
18 19 17 8
18 19 18 13
18 20 18 2
19 19 18 1
19 20 17 2
19 20 18 12
19 20 19 49
19 21 18 1
19 21 19 5
20 20 18 1
20 20 19 9
20 21 19 16
20 21 20 79
20 22 20 4
21 21 20 15
21 22 20 25
21 22 21 66
22 22 21 49
22 22 22 25
22 23 21 4
22 23 22 65
22 24 22 1
23 23 22 40
23 23 23 17
23 24 22 1
23 24 23 54
23 24 24 1
23 25 24 2
24 24 23 20
24 24 24 10
24 25 23 2
24 25 24 41
24 25 25 2
25 25 24 11
25 25 25 15
25 26 25 30
25 26 26 5
26 26 25 2
26 26 26 19
26 27 26 24
26 27 27 21
27 27 26 5
27 27 27 15
27 28 27 19
27 28 28 9
28 28 27 3
28 28 28 19
28 29 28 12
28 29 29 6
29 29 29 4
29 30 29 2
29 30 30 2
30 30 30 14
30 31 30 3
