32
3 4 3 1
4 5 4 2
6 6 6 1
7 11 8 1
10 14 11 1
11 11 9 1
11 11 11 1
13 13 12 13
13 14 13 2
13 17 14 1
14 14 13 4
14 15 14 1
15 16 14 1
15 16 15 1
15 18 16 1
16 16 15 1
16 17 16 1
16 18 16 1
17 18 17 8
17 19 17 1
18 18 17 1
18 19 17 7
18 19 18 14
18 20 18 4
19 19 17 1
19 20 18 21
19 20 19 39
19 21 19 6
20 20 19 8
20 21 18 1
20 21 19 26
20 21 20 68
20 22 20 4
21 21 20 20
21 22 20 28
21 22 21 64
22 22 21 46
22 22 22 23
22 23 22 63
23 23 22 41
23 23 23 13
23 24 23 54
23 25 24 1
24 24 23 21
24 24 24 15
24 25 23 2
24 25 24 38
24 25 25 1
25 25 24 7
25 25 25 13
25 26 25 29
25 26 26 6
25 27 26 1
26 26 25 1
26 26 26 18
26 27 26 28
26 27 27 20
27 27 26 5
27 27 27 12
27 28 27 22
27 28 28 5
28 28 27 2
28 28 28 22
28 29 28 13
28 29 29 7
29 29 28 1
29 29 29 5
29 30 29 2
29 30 30 1
30 30 30 12
30 31 30 1
