32
2 3 1 1
2 3 2 1
3 4 4 1
4 6 4 1
5 10 6 1
10 10 9 1
10 11 9 1
11 15 12 1
13 13 12 13
13 14 12 1
13 14 13 2
13 17 14 1
14 14 13 3
14 15 13 1
14 18 15 1
15 15 14 1
15 16 14 1
16 16 15 2
17 17 17 1
17 18 16 2
17 18 17 8
17 19 17 2
18 18 17 1
18 19 17 7
18 19 18 13
18 20 18 4
19 19 17 1
19 19 18 2
19 20 18 14
19 20 19 49
19 21 19 7
20 20 18 1
20 20 19 4
20 21 19 28
20 21 20 69
20 22 20 5
21 21 20 10
21 22 20 25
21 22 21 75
22 22 21 38
22 22 22 22
22 23 21 1
22 23 22 74
22 24 22 1
22 24 23 1
23 23 21 1
23 23 22 32
23 23 23 16
23 24 22 1
23 24 23 55
23 25 24 1
24 24 23 18
24 24 24 11
24 25 23 3
24 25 24 42
24 25 25 1
25 25 24 9
25 25 25 12
25 26 25 31
25 26 26 3
26 26 25 2
26 26 26 17
26 27 26 23
26 27 27 14
26 28 27 3
27 27 26 3
27 27 27 10
27 28 27 22
27 28 28 7
28 28 27 1
28 28 28 22
28 29 28 15
28 29 29 8
29 29 29 8
29 30 29 2
29 30 30 2
30 30 30 12
