32
3 4 3 1
4 5 4 2
6 6 4 1
6 10 7 1
10 14 11 1
11 11 10 2
12 17 14 1
13 13 12 15
13 14 13 1
14 14 13 4
14 15 14 1
15 16 14 1
15 16 15 2
15 17 15 1
15 18 16 1
17 18 17 9
18 19 17 9
18 19 18 13
18 20 18 2
19 19 17 1
19 19 18 4
19 20 18 17
19 20 19 46
19 21 19 5
20 20 19 9
20 21 19 28
20 21 20 63
20 22 20 5
21 21 20 20
21 22 20 28
21 22 21 56
22 22 21 51
22 22 22 20
22 23 21 4
22 23 22 59
22 24 23 1
23 23 21 1
23 23 22 44
23 23 23 17
23 24 22 1
23 24 23 49
23 25 24 1
24 24 23 21
24 24 24 12
24 25 23 2
24 25 24 39
24 25 25 1
25 25 24 11
25 25 25 14
25 26 25 28
25 26 26 4
26 26 25 2
26 26 26 21
26 27 26 25
26 27 27 10
27 27 26 2
27 27 27 12
27 28 27 21
27 28 28 8
28 28 27 2
28 28 28 21
28 29 28 13
28 29 29 6
29 29 28 1
29 29 29 9
29 30 29 2
29 30 30 3
30 30 30 9
30 31 30 2
