32
4 4 4 1
4 5 4 1
10 11 9 1
10 14 11 1
11 11 10 1
13 13 12 13
13 14 13 2
14 14 13 4
14 15 13 1
14 17 14 1
15 15 14 2
15 16 15 1
15 18 16 1
16 16 16 1
16 17 16 1
17 17 17 1
17 18 16 2
17 18 17 6
17 19 17 1
18 19 17 7
18 19 18 14
18 20 18 3
19 19 17 1
19 19 18 2
19 20 17 1
19 20 18 10
19 20 19 53
19 21 19 7
20 20 18 1
20 20 19 9
20 21 19 18
20 21 20 70
20 22 20 3
21 21 20 16
21 22 20 29
21 22 21 72
22 22 21 41
22 22 22 20
22 23 21 3
22 23 22 68
23 23 22 42
23 23 23 17
23 24 22 1
23 24 23 51
23 25 24 1
24 24 23 21
24 24 24 13
24 25 23 3
24 25 24 37
25 25 24 9
25 25 25 15
25 26 25 30
25 26 26 5
26 26 25 4
26 26 26 19
26 27 26 23
26 27 27 13
26 28 27 4
27 27 27 13
27 28 27 20
27 28 28 9
28 28 27 3
28 28 28 15
28 29 28 11
28 29 29 6
29 29 29 7
29 30 29 2
29 30 30 2
30 30 30 8
30 31 30 1
