32
2 2 2 1
4 5 4 2
6 10 7 1
10 11 9 1
11 11 11 1
11 14 11 1
13 13 11 1
13 13 12 12
13 14 12 1
13 14 13 1
13 17 14 1
14 14 13 4
14 15 14 1
15 16 14 1
15 16 15 1
15 18 16 1
16 17 16 1
16 18 16 1
17 18 17 8
17 19 17 1
18 18 16 1
18 18 17 1
18 19 17 10
18 19 18 15
18 20 18 2
18 21 18 1
19 19 17 2
19 20 18 22
19 20 19 42
19 21 18 1
19 21 19 6
20 20 18 1
20 20 19 14
20 20 20 1
20 21 19 31
20 21 20 59
20 22 20 5
21 21 20 20
21 22 20 28
21 22 21 64
22 22 21 42
22 22 22 20
22 23 21 3
22 23 22 64
22 23 23 1
23 23 22 39
23 23 23 16
23 24 22 2
23 24 23 51
23 25 24 2
24 24 23 21
24 24 24 11
24 25 23 3
24 25 24 37
24 25 25 1
25 25 24 13
25 25 25 12
25 26 25 32
25 26 26 3
26 26 25 3
26 26 26 18
26 27 26 22
26 27 27 10
27 27 26 6
27 27 27 13
27 28 27 20
27 28 28 6
28 28 27 1
28 28 28 24
28 29 28 17
28 29 29 5
29 29 29 6
29 30 29 2
29 30 30 2
30 30 30 9
30 31 30 2
