32
3 4 3 1
4 5 4 1
6 10 7 1
10 10 9 1
10 11 9 1
10 14 11 1
11 11 10 1
12 17 13 1
13 13 12 14
13 14 13 1
13 15 13 1
14 14 13 4
15 15 14 2
15 16 15 2
15 18 16 1
17 18 17 9
17 19 17 1
18 19 17 7
18 19 18 14
18 20 18 3
19 19 18 2
19 20 17 3
19 20 18 12
19 20 19 46
19 21 19 7
20 20 18 1
20 20 19 6
20 20 20 2
20 21 19 22
20 21 20 70
20 22 20 5
21 21 20 18
21 21 21 1
21 22 20 21
21 22 21 67
22 22 21 46
22 22 22 26
22 23 21 2
22 23 22 67
22 24 23 1
23 23 22 37
23 23 23 15
23 24 22 2
23 24 23 56
23 24 24 1
23 25 24 2
24 24 23 16
24 24 24 10
24 25 23 2
24 25 24 42
24 25 25 2
25 25 24 7
25 25 25 13
25 26 25 28
25 26 26 9
25 27 26 1
26 26 25 2
26 26 26 15
26 27 26 20
26 27 27 13
27 27 26 2
27 27 27 14
27 28 27 19
27 28 28 14
28 28 27 2
28 28 28 29
28 29 28 9
28 29 29 5
29 29 29 9
29 30 29 2
29 30 30 3
30 30 30 12
30 31 30 1
