32
3 4 3 1
4 5 4 1
10 10 9 1
10 11 9 1
11 15 12 1
12 12 11 1
12 17 13 1
13 13 12 13
13 14 13 4
14 14 13 2
15 16 14 1
15 16 15 1
15 18 15 1
16 16 15 1
16 17 15 1
17 18 17 8
17 19 17 1
18 19 17 9
18 19 18 14
18 20 18 3
19 19 17 1
19 20 18 18
19 20 19 46
19 21 19 6
20 20 18 1
20 20 19 6
20 21 19 33
20 21 20 60
20 22 20 4
21 21 20 17
21 21 21 1
21 22 20 30
21 22 21 57
22 22 21 54
22 22 22 19
22 23 21 1
22 23 22 64
23 23 22 46
23 23 23 14
23 24 22 1
23 24 23 54
24 24 23 18
24 24 24 13
24 25 23 2
24 25 24 42
25 25 24 11
25 25 25 9
25 26 25 30
25 26 26 3
26 26 25 2
26 26 26 20
26 27 26 25
26 27 27 34
26 28 27 2
27 27 26 2
27 27 27 11
27 28 27 19
27 28 28 7
28 28 27 2
28 28 28 25
28 29 28 13
28 29 29 5
29 29 28 1
29 29 29 5
29 30 29 2
29 30 30 3
30 30 30 5
30 31 30 3
