32
3 4 3 1
5 5 4 1
5 6 5 1
6 10 7 1
7 7 6 1
10 14 11 1
11 11 9 1
13 13 12 14
13 14 13 1
14 14 13 4
14 16 14 1
15 15 14 1
15 16 15 1
15 18 15 2
16 16 15 1
16 18 16 1
17 18 17 8
17 19 17 2
18 19 17 7
18 19 18 15
18 20 18 2
19 19 17 1
19 19 18 1
19 20 18 20
19 20 19 41
19 21 19 6
20 20 19 9
20 21 19 28
20 21 20 66
20 22 20 6
21 21 20 19
21 22 20 22
21 22 21 63
22 22 21 52
22 22 22 21
22 23 21 5
22 23 22 60
22 24 23 1
23 23 22 43
23 23 23 18
23 24 23 51
23 25 24 2
24 24 23 24
24 24 24 10
24 25 23 3
24 25 24 40
25 25 24 10
25 25 25 12
25 26 25 34
25 26 26 2
25 27 26 1
26 26 25 3
26 26 26 15
26 27 26 25
26 27 27 8
27 27 26 2
27 27 27 11
27 28 27 19
27 28 28 8
28 28 27 4
28 28 28 18
28 29 28 16
28 29 29 5
29 29 29 4
29 30 29 2
29 30 30 3
30 30 30 7
30 31 30 2
