32
0 1 0 1
4 5 4 1
4 6 4 1
5 10 6 1
10 14 11 1
10 16 13 1
11 12 10 1
13 13 11 1
13 13 12 16
13 14 13 2
14 14 13 2
15 15 13 1
15 15 14 1
15 16 14 1
15 16 15 1
15 18 16 1
17 18 16 2
17 18 17 8
18 18 17 1
18 19 17 9
18 19 18 15
18 20 18 3
19 19 17 1
19 19 18 1
19 20 18 14
19 20 19 47
19 21 18 1
19 21 19 6
20 20 18 1
20 20 19 8
20 21 19 25
20 21 20 68
20 22 20 6
21 21 20 21
21 21 21 2
21 22 20 16
21 22 21 63
22 22 21 53
22 22 22 18
22 23 21 2
22 23 22 69
22 24 22 1
22 24 23 1
23 23 22 40
23 23 23 14
23 24 22 1
23 24 23 50
23 24 24 1
23 25 24 2
24 24 23 23
24 24 24 10
24 25 23 2
24 25 24 40
24 25 25 1
25 25 24 7
25 25 25 17
25 26 25 25
25 26 26 5
26 26 25 2
26 26 26 18
26 27 26 21
26 27 27 17
27 27 26 2
27 27 27 12
27 28 27 21
27 28 28 10
28 28 28 21
28 29 28 15
28 29 29 7
29 29 29 4
29 30 29 2
29 30 30 1
30 30 29 1
30 30 30 9
30 31 30 3
