32
1 2 1 1
2 2 2 1
4 5 4 2
6 7 5 1
7 10 7 1
10 11 9 1
10 11 10 1
10 14 11 1
13 13 12 12
13 14 13 2
14 14 13 4
14 18 15 1
15 16 14 1
16 16 15 2
16 19 16 1
17 18 17 10
17 19 17 1
18 19 17 9
18 19 18 12
18 20 18 2
18 21 18 1
19 19 18 1
19 20 17 1
19 20 18 15
19 20 19 43
19 21 18 1
19 21 19 5
20 20 18 1
20 20 19 10
20 21 19 31
20 21 20 63
20 22 20 4
21 21 20 17
21 21 21 1
21 22 20 31
21 22 21 64
22 22 21 45
22 22 22 21
22 23 21 3
22 23 22 65
22 24 23 1
23 23 22 37
23 23 23 16
23 24 23 50
23 25 24 1
24 24 23 23
24 24 24 8
24 25 23 2
24 25 24 42
24 26 25 1
25 25 24 11
25 25 25 13
25 26 25 27
25 26 26 5
25 27 26 1
26 26 25 1
26 26 26 18
26 27 26 24
26 27 27 17
27 27 26 1
27 27 27 10
27 28 27 22
27 28 28 6
28 28 27 2
28 28 28 22
28 29 28 17
28 29 29 6
29 29 29 6
29 30 29 3
29 30 30 2
30 30 30 9
30 31 30 1
31 31 31 1
