32
2 2 1 1
2 3 2 1
4 5 4 2
7 10 7 1
10 10 8 1
10 14 11 1
11 12 10 1
12 17 13 1
13 13 12 16
13 14 12 1
13 14 13 2
14 14 13 2
14 14 14 1
14 16 14 1
15 16 14 1
15 16 15 1
16 16 15 1
16 19 16 1
17 18 16 1
17 18 17 7
17 19 17 1
17 20 17 1
18 18 17 1
18 19 17 9
18 19 18 14
18 20 18 1
19 19 18 2
19 20 17 2
19 20 18 19
19 20 19 44
19 21 18 3
19 21 19 6
20 20 19 8
20 21 18 1
20 21 19 25
20 21 20 67
20 22 20 5
21 21 20 13
21 22 20 28
21 22 21 71
22 22 21 39
22 22 22 20
22 23 21 2
22 23 22 72
22 24 22 1
22 24 23 1
23 23 22 35
23 23 23 15
23 24 22 1
23 24 23 52
23 24 24 2
24 24 23 20
24 24 24 11
24 25 23 2
24 25 24 41
25 25 24 9
25 25 25 11
25 26 25 30
25 26 26 4
25 27 26 1
26 26 25 2
26 26 26 19
26 27 26 28
26 27 27 18
26 28 27 7
27 27 26 4
27 27 27 12
27 28 27 22
27 28 28 6
28 28 27 2
28 28 28 26
28 29 28 17
28 29 29 5
29 29 29 9
29 30 29 2
29 30 30 2
30 30 29 1
30 30 30 10
30 31 30 2
