32
1 2 1 1
2 2 1 1
3 4 3 2
5 9 6 1
6 6 6 1
8 9 8 1
9 12 9 1
11 13 12 1
11 15 12 1
14 15 14 1
14 17 15 1
15 16 15 1
15 16 16 1
15 17 16 2
15 18 17 1
16 17 15 1
16 17 16 3
16 18 17 2
17 17 16 1
17 18 16 2
17 18 17 23
17 19 18 4
17 20 19 1
18 18 17 4
18 19 17 5
18 19 18 35
18 19 19 1
18 20 18 1
18 20 19 2
19 19 18 13
19 20 18 1
19 20 19 49
19 20 20 3
19 21 19 2
19 21 20 3
19 22 21 1
20 18 15 2
20 19 15 2
20 19 16 6
20 19 17 1
20 20 19 20
20 20 20 8
20 21 19 2
20 21 20 64
20 21 21 7
20 22 21 1
20 22 22 2
21 19 15 1
21 19 16 8
21 19 17 1
21 20 17 1
21 21 19 4
21 21 20 45
21 21 21 21
21 22 20 2
21 22 21 61
21 22 22 27
21 22 23 1
21 23 22 2
21 23 23 4
21 23 24 1
22 22 20 1
22 22 21 43
22 22 22 62
22 22 23 8
22 23 22 33
22 23 23 36
22 23 24 12
22 24 24 1
22 24 25 3
23 23 22 2
23 23 23 25
23 23 24 2
23 24 23 2
23 24 24 30
23 24 25 14
23 25 25 4
23 25 26 2
24 24 24 8
24 24 25 6
24 25 24 1
24 25 25 17
24 25 26 28
24 26 26 5
24 26 27 10
25 25 25 1
25 25 26 4
25 26 26 11
25 26 27 14
25 26 28 2
25 27 28 1
26 26 26 2
26 26 27 3
26 27 27 8
26 27 28 6
26 28 28 1
27 27 28 1
27 28 28 2
27 28 29 2
27 29 29 1
27 30 30 1
28 29 29 1
28 29 30 1
29 29 29 1
29 30 30 1
30 31 30 7
30 31 31 1
