32
1 1 0 1
3 7 4 1
4 4 4 1
4 5 4 1
5 6 5 1
6 12 8 1
8 12 9 1
9 13 9 1
10 10 9 1
11 14 11 1
12 12 10 1
13 13 12 14
13 14 12 1
13 14 13 1
13 17 14 1
14 14 13 3
15 15 14 1
15 16 14 1
15 18 16 1
16 16 15 4
16 18 16 1
17 18 16 1
17 18 17 8
17 19 17 2
18 19 17 9
18 19 18 15
18 20 18 2
19 19 17 1
19 19 18 2
19 20 17 2
19 20 18 18
19 20 19 42
19 21 19 5
20 20 19 6
20 21 19 33
20 21 20 63
20 22 20 5
21 21 20 20
21 22 20 28
21 22 21 59
22 22 21 48
22 22 22 22
22 23 21 4
22 23 22 60
23 23 22 41
23 23 23 16
23 24 22 1
23 24 23 53
23 24 24 1
23 25 24 1
24 24 23 22
24 24 24 13
24 25 23 3
24 25 24 40
25 25 24 11
25 25 25 13
25 26 25 31
25 26 26 7
26 26 25 1
26 26 26 18
26 27 26 31
26 27 27 25
27 27 26 6
27 27 27 12
27 28 27 19
27 28 28 5
28 28 27 4
28 28 28 14
28 29 28 3
28 29 29 4
29 29 29 5
29 30 29 2
29 30 30 1
30 30 30 8
30 31 30 3
