32
1 2 1 1
2 2 1 1
4 5 4 2
5 9 6 1
10 11 9 1
10 13 10 1
13 13 12 14
13 14 12 1
13 14 13 2
14 14 13 3
14 17 14 1
15 15 14 2
15 16 15 2
15 18 16 1
16 17 16 2
17 18 16 1
17 18 17 8
18 19 17 8
18 19 18 16
18 20 18 4
19 19 18 1
19 20 17 3
19 20 18 20
19 20 19 47
19 21 19 6
20 20 19 11
20 21 19 20
20 21 20 67
20 22 20 3
21 21 20 14
21 22 20 29
21 22 21 66
22 22 21 41
22 22 22 21
22 23 21 1
22 23 22 65
22 24 23 2
23 23 22 39
23 23 23 17
23 24 22 2
23 24 23 52
23 24 24 1
23 25 24 1
24 24 23 17
24 24 24 14
24 25 23 1
24 25 24 40
24 25 25 2
25 25 24 10
25 25 25 15
25 26 25 26
25 26 26 5
26 26 25 1
26 26 26 18
26 27 26 25
26 27 27 8
27 27 26 3
27 27 27 13
27 28 27 20
27 28 28 9
28 28 27 1
28 28 28 22
28 29 28 16
28 29 29 7
29 29 28 1
29 29 29 5
29 30 29 2
29 30 30 3
30 30 30 9
30 31 30 2
