32
3 4 3 1
4 5 4 1
5 6 5 1
6 6 5 1
6 10 7 1
8 8 7 1
10 11 9 1
10 14 11 1
13 13 12 13
13 14 12 1
13 14 13 3
13 17 14 1
14 14 13 2
15 15 13 1
15 15 14 1
15 16 14 1
15 16 15 1
15 18 16 1
16 16 15 1
17 18 17 7
17 19 17 3
18 19 17 9
18 19 18 12
18 20 18 4
19 19 19 1
19 20 17 1
19 20 18 14
19 20 19 49
19 21 19 5
20 20 19 11
20 20 20 1
20 21 19 20
20 21 20 68
20 22 20 3
21 21 20 19
21 22 20 29
21 22 21 60
22 22 21 42
22 22 22 22
22 23 21 2
22 23 22 68
23 23 22 40
23 23 23 17
23 24 22 2
23 24 23 52
23 25 24 1
24 24 23 22
24 24 24 9
24 25 23 3
24 25 24 38
25 25 24 7
25 25 25 16
25 26 25 32
25 26 26 3
26 26 25 2
26 26 26 21
26 27 26 25
26 27 27 14
26 28 27 2
27 27 26 4
27 27 27 12
27 28 27 20
27 28 28 7
28 28 27 3
28 28 28 21
28 29 28 13
28 29 29 6
29 29 28 1
29 29 29 6
29 30 29 3
29 30 30 1
30 30 30 11
30 31 30 1
