32
4 4 3 1
4 4 4 1
4 5 4 1
5 5 4 1
5 10 6 1
9 10 8 1
10 13 10 1
13 13 12 15
13 14 13 2
13 17 14 1
14 14 13 5
14 15 14 1
15 15 14 2
15 16 14 1
15 18 15 1
16 18 16 1
17 17 17 1
17 18 17 9
17 19 17 1
18 19 17 7
18 19 18 11
18 20 18 4
19 19 17 2
19 19 18 1
19 20 17 1
19 20 18 16
19 20 19 53
19 21 19 6
20 20 19 8
20 20 20 1
20 21 19 19
20 21 20 70
20 22 20 3
21 21 20 20
21 22 20 27
21 22 21 66
22 22 21 41
22 22 22 25
22 23 21 3
22 23 22 65
22 24 23 1
23 23 22 40
23 23 23 18
23 24 22 2
23 24 23 52
23 24 24 1
24 24 23 21
24 24 24 12
24 25 23 2
24 25 24 41
24 25 25 1
25 25 24 8
25 25 25 12
25 26 25 29
25 26 26 4
26 26 25 3
26 26 26 21
26 27 26 22
26 27 27 11
26 28 27 2
27 27 26 7
27 27 27 10
27 28 27 20
27 28 28 5
28 28 27 1
28 28 28 23
28 29 28 9
28 29 29 4
29 29 28 1
29 29 29 6
29 30 29 2
29 30 30 1
30 30 30 12
30 31 30 1
