32
3 4 3 1
4 5 4 2
5 11 7 1
6 10 7 1
8 8 6 1
9 9 8 1
10 11 9 1
10 14 11 1
13 13 12 14
13 14 13 1
13 17 14 1
14 14 13 4
14 15 13 1
14 16 14 1
15 15 13 1
15 15 14 2
15 18 16 1
16 16 15 1
17 18 17 7
17 19 17 1
18 19 17 8
18 19 18 13
18 20 18 4
19 19 17 1
19 19 18 1
19 20 18 12
19 20 19 54
19 21 19 5
20 20 19 8
20 21 19 22
20 21 20 69
20 22 20 5
21 21 20 17
21 22 20 23
21 22 21 70
22 22 21 42
22 22 22 24
22 23 21 2
22 23 22 67
22 24 23 1
23 23 21 1
23 23 22 41
23 23 23 16
23 24 22 1
23 24 23 53
23 24 24 1
24 24 23 20
24 24 24 12
24 25 23 3
24 25 24 37
25 25 24 9
25 25 25 14
25 26 25 28
25 26 26 6
26 26 25 2
26 26 26 24
26 27 26 19
26 27 27 11
26 28 27 1
27 27 26 7
27 27 27 13
27 28 27 19
27 28 28 6
28 28 27 1
28 28 28 26
28 29 28 12
28 29 29 6
29 29 29 7
29 30 29 3
29 30 30 2
30 30 30 14
30 31 30 2
