32
3 4 3 1
4 5 4 1
9 9 8 1
9 10 9 1
10 14 11 1
11 11 9 1
13 13 12 13
13 14 12 1
13 14 13 2
13 17 14 1
14 14 13 3
14 15 13 1
15 16 15 1
15 18 16 1
16 16 15 2
16 17 16 1
17 18 16 1
17 18 17 6
18 19 17 8
18 19 18 11
18 20 18 3
19 19 17 1
19 20 18 11
19 20 19 55
19 21 18 1
19 21 19 5
20 20 18 1
20 20 19 8
20 21 19 27
20 21 20 72
20 22 20 6
21 21 20 17
21 22 20 20
21 22 21 74
22 22 21 37
22 22 22 18
22 23 21 3
22 23 22 80
22 23 23 1
22 24 23 3
23 23 22 33
23 23 23 15
23 24 22 1
23 24 23 58
23 24 24 2
23 25 24 1
24 24 23 15
24 24 24 12
24 25 23 2
24 25 24 39
24 25 25 1
25 25 24 12
25 25 25 9
25 26 25 31
25 26 26 5
26 26 25 1
26 26 26 18
26 27 26 25
26 27 27 6
27 27 26 2
27 27 27 14
27 28 27 18
27 28 28 11
28 28 27 1
28 28 28 19
28 29 28 12
28 29 29 8
29 29 29 4
29 30 29 2
29 30 30 2
30 30 30 9
30 31 30 2
