32
3 4 3 1
3 5 4 1
5 9 6 1
9 10 8 1
9 13 10 1
10 11 10 1
11 11 11 1
11 13 12 1
12 16 13 1
14 15 14 1
14 17 15 2
15 16 15 1
15 17 15 1
15 17 16 1
16 17 16 2
16 17 17 1
16 18 17 4
17 17 16 1
17 18 16 3
17 18 17 23
17 19 18 4
17 19 19 1
18 18 17 6
18 19 17 5
18 19 18 38
18 19 19 1
18 20 19 3
19 19 18 8
19 19 19 2
19 20 18 1
19 20 19 49
19 20 20 2
19 21 19 2
19 21 20 2
19 22 21 1
20 18 15 3
20 18 16 1
20 19 15 1
20 19 16 4
20 20 17 1
20 20 19 21
20 20 20 9
20 21 19 1
20 21 20 67
20 21 21 6
20 22 21 3
20 22 22 1
21 19 15 2
21 19 16 7
21 20 16 1
21 20 17 1
21 21 19 5
21 21 20 42
21 21 21 22
21 22 21 66
21 22 22 24
21 22 23 1
21 23 23 7
21 24 24 1
22 21 19 1
22 22 20 1
22 22 21 37
22 22 22 62
22 22 23 9
22 23 22 29
22 23 23 39
22 23 24 10
22 24 24 2
22 24 25 3
23 23 22 1
23 23 23 26
23 23 24 5
23 24 23 3
23 24 24 30
23 24 25 15
23 25 25 4
23 25 26 2
24 24 24 7
24 24 25 6
24 25 24 1
24 25 25 18
24 25 26 29
24 26 26 8
24 26 27 9
25 25 25 1
25 25 26 5
25 26 26 10
25 26 27 17
25 26 28 1
25 27 27 1
25 27 28 1
26 26 26 1
26 26 27 5
26 27 27 7
26 27 28 7
26 28 28 1
27 27 28 1
27 28 28 2
27 28 29 1
28 29 29 1
29 29 30 1
29 30 30 1
30 30 30 2
30 31 30 6
