32
3 4 3 2
3 8 4 1
4 6 4 1
5 9 6 1
5 10 6 1
9 9 8 1
9 9 9 1
9 12 10 1
10 12 11 1
11 12 11 1
11 15 13 1
13 13 13 1
14 15 14 1
14 17 15 1
15 17 15 2
15 17 16 2
16 17 15 1
16 17 16 1
16 17 17 1
16 18 17 6
17 17 16 1
17 18 16 2
17 18 17 22
17 19 18 6
17 20 19 1
18 18 17 8
18 19 17 2
18 19 18 34
18 19 19 1
18 20 18 1
18 20 19 1
19 19 18 9
19 19 19 1
19 20 18 3
19 20 19 52
19 20 20 1
19 21 19 1
19 21 20 2
19 22 22 1
20 18 15 3
20 18 16 1
20 19 15 1
20 19 16 7
20 19 17 1
20 20 19 20
20 20 20 7
20 21 20 69
20 21 21 8
20 22 21 2
20 22 22 2
21 19 16 7
21 20 17 1
21 21 18 1
21 21 19 3
21 21 20 39
21 21 21 24
21 22 21 74
21 22 22 28
21 22 23 1
21 23 22 1
21 23 23 4
21 23 24 1
21 24 24 1
22 21 19 1
22 22 20 1
22 22 21 34
22 22 22 56
22 22 23 9
22 23 22 38
22 23 23 38
22 23 24 13
22 24 24 1
22 24 25 2
23 23 22 2
23 23 23 22
23 23 24 4
23 24 23 2
23 24 24 32
23 24 25 14
23 25 25 5
23 25 26 4
24 24 24 8
24 24 25 6
24 25 25 20
24 25 26 26
24 25 27 1
24 26 26 5
24 26 27 5
25 25 26 4
25 26 26 15
25 26 27 16
25 27 27 2
25 27 28 2
26 26 26 1
26 26 27 5
26 27 27 7
26 27 28 6
27 27 28 1
27 28 28 3
27 28 29 1
27 29 29 1
29 30 30 1
30 30 30 3
30 31 30 8
