32
2 2 1 1
3 4 3 1
4 5 4 1
5 5 4 1
6 10 7 1
10 11 9 1
10 11 10 2
10 14 11 1
13 13 12 16
13 14 12 2
13 14 13 2
13 17 14 1
14 14 13 2
15 15 14 2
15 16 14 1
15 18 15 1
16 17 16 1
17 18 16 1
17 18 17 10
17 19 17 2
18 19 17 7
18 19 18 17
18 20 18 3
19 19 17 1
19 20 18 17
19 20 19 52
19 21 19 5
20 20 18 1
20 20 19 10
20 20 20 1
20 21 19 27
20 21 20 59
20 22 20 3
21 21 20 20
21 22 20 26
21 22 21 62
21 23 21 1
22 22 21 43
22 22 22 22
22 23 21 3
22 23 22 61
22 24 22 1
22 24 23 3
23 23 22 39
23 23 23 16
23 24 22 1
23 24 23 50
23 25 24 1
24 24 23 19
24 24 24 15
24 25 23 3
24 25 24 39
24 25 25 1
25 25 24 11
25 25 25 14
25 26 24 1
25 26 25 28
25 26 26 4
26 26 25 2
26 26 26 15
26 27 26 25
26 27 27 14
27 27 26 6
27 27 27 10
27 28 27 20
27 28 28 8
28 28 27 2
28 28 28 20
28 29 28 18
28 29 29 6
29 29 29 7
29 30 29 2
29 30 30 2
30 30 30 11
30 31 30 2
