32
2 2 2 1
4 5 4 2
5 5 5 1
6 6 5 2
6 10 7 1
10 14 11 1
11 12 10 1
13 13 12 15
13 17 14 1
14 14 13 5
14 15 13 1
15 16 14 1
15 16 15 1
15 18 16 1
16 16 15 1
16 19 16 2
17 17 16 1
17 18 16 1
17 18 17 7
17 19 17 2
18 18 17 1
18 19 17 5
18 19 18 12
18 20 18 1
19 19 17 1
19 19 18 1
19 20 18 15
19 20 19 45
19 21 18 1
19 21 19 5
20 20 18 1
20 20 19 9
20 20 20 1
20 21 19 22
20 21 20 70
20 22 20 5
21 21 20 19
21 22 20 24
21 22 21 66
22 22 21 45
22 22 22 21
22 23 21 1
22 23 22 68
23 23 22 41
23 23 23 15
23 24 22 1
23 24 23 57
23 24 24 1
24 24 23 19
24 24 24 11
24 25 23 2
24 25 24 41
24 25 25 2
25 25 24 9
25 25 25 12
25 26 24 1
25 26 25 34
25 26 26 4
26 26 25 4
26 26 26 19
26 27 26 25
26 27 27 13
26 28 27 1
27 27 26 5
27 27 27 11
27 28 27 19
27 28 28 8
28 28 27 1
28 28 28 21
28 29 28 17
28 29 29 5
29 29 29 7
29 30 29 2
29 30 30 3
30 30 30 14
30 31 30 2
