32
1 1 1 1
3 4 3 2
4 5 4 1
5 9 6 1
9 10 8 1
9 12 10 1
10 10 10 1
11 12 11 1
11 15 13 1
13 16 14 2
14 14 14 1
15 17 15 1
15 17 16 2
15 18 16 1
16 17 16 2
16 18 16 1
16 18 17 2
17 17 16 1
17 18 16 3
17 18 17 26
17 19 18 4
17 19 19 1
18 18 17 5
18 19 17 4
18 19 18 37
18 19 19 1
18 20 18 1
18 20 19 2
19 19 18 9
19 19 19 2
19 20 19 55
19 20 20 1
19 21 20 3
19 21 21 1
20 18 15 5
20 18 16 2
20 19 15 3
20 19 16 3
20 19 17 2
20 20 17 1
20 20 19 17
20 20 20 12
20 21 20 72
20 21 21 7
20 22 21 2
20 22 22 2
21 19 16 7
21 21 18 1
21 21 19 5
21 21 20 38
21 21 21 22
21 22 21 73
21 22 22 30
21 22 23 2
21 23 23 5
21 23 24 1
21 24 24 1
22 22 20 1
22 22 21 32
22 22 22 62
22 22 23 9
22 23 22 24
22 23 23 48
22 23 24 10
22 24 25 3
23 23 22 2
23 23 23 17
23 23 24 5
23 24 23 4
23 24 24 29
23 24 25 17
23 25 25 3
23 25 26 4
24 24 24 3
24 24 25 7
24 25 25 20
24 25 26 29
24 26 26 4
24 26 27 13
25 25 26 5
25 26 26 12
25 26 27 17
25 26 28 1
25 27 28 1
26 26 26 1
26 26 27 4
26 27 27 8
26 27 28 8
27 28 28 2
27 28 29 2
27 29 29 1
28 30 30 1
29 29 30 1
29 30 30 1
30 30 30 2
30 31 30 5
30 31 31 1
