32
2 3 2 1
3 4 3 1
4 5 4 1
7 10 7 1
11 12 10 2
11 14 11 1
12 17 13 1
13 13 12 15
13 14 13 3
14 14 13 3
14 15 13 1
15 15 14 1
15 16 15 2
15 18 15 1
16 16 15 1
16 19 17 1
17 18 16 2
17 18 17 10
17 19 17 2
18 18 16 1
18 19 17 9
18 19 18 15
18 20 18 4
19 20 17 1
19 20 18 18
19 20 19 47
19 21 19 6
20 20 19 11
20 20 20 2
20 21 19 29
20 21 20 55
20 22 20 5
21 21 20 24
21 22 20 20
21 22 21 69
22 22 21 47
22 22 22 20
22 23 21 3
22 23 22 63
22 24 23 3
23 23 22 39
23 23 23 17
23 24 22 1
23 24 23 44
23 24 24 1
24 24 23 19
24 24 24 16
24 25 23 3
24 25 24 38
24 25 25 1
25 25 24 11
25 25 25 11
25 26 25 27
25 26 26 6
26 26 25 1
26 26 26 20
26 27 26 23
26 27 27 19
26 28 27 1
27 27 26 6
27 27 27 12
27 28 27 21
27 28 28 6
28 28 27 2
28 28 28 22
28 29 28 11
28 29 29 5
29 29 28 1
29 29 29 6
29 30 29 3
29 30 30 1
30 30 30 11
30 31 30 3
30 31 31 1
