32
1 2 1 1
2 3 2 1
3 4 3 1
4 4 3 1
6 9 6 1
7 9 7 1
8 9 8 1
9 13 10 1
10 15 12 1
11 13 12 1
13 14 13 1
14 16 15 1
14 17 15 2
15 15 15 1
15 17 15 1
15 17 16 2
16 17 16 2
16 18 16 2
16 18 17 3
17 17 16 1
17 17 17 1
17 18 16 3
17 18 17 24
17 19 17 1
17 19 18 4
17 20 19 1
18 18 17 7
18 19 17 3
18 19 18 41
18 20 19 3
19 19 18 7
19 19 19 3
19 20 18 2
19 20 19 47
19 20 20 2
19 21 19 1
19 21 20 1
19 21 21 1
20 18 15 1
20 19 15 4
20 19 16 5
20 19 17 1
20 20 19 22
20 20 20 11
20 21 19 1
20 21 20 69
20 21 21 6
20 22 21 3
20 22 22 2
21 19 16 10
21 20 17 1
21 21 19 4
21 21 20 45
21 21 21 19
21 22 21 70
21 22 22 28
21 23 23 3
21 23 24 1
22 22 20 1
22 22 21 37
22 22 22 54
22 22 23 9
22 23 22 33
22 23 23 38
22 23 24 9
22 24 24 3
22 24 25 3
23 23 22 3
23 23 23 22
23 23 24 4
23 24 23 3
23 24 24 30
23 24 25 16
23 25 25 6
23 25 26 1
24 24 24 7
24 24 25 6
24 25 24 2
24 25 25 20
24 25 26 27
24 26 26 6
24 26 27 12
25 25 26 5
25 26 26 9
25 26 27 14
25 26 28 2
25 27 28 2
26 26 26 2
26 26 27 4
26 27 27 8
26 27 28 6
27 27 28 1
27 28 28 3
27 28 29 1
27 29 29 1
28 30 30 1
30 30 30 3
30 31 30 8
