32
4 5 4 1
5 5 5 1
6 10 7 1
10 11 9 1
11 14 11 1
13 13 12 15
13 14 12 2
13 14 13 1
13 17 14 1
14 14 13 2
14 15 14 1
15 15 14 1
15 16 14 1
15 16 15 1
15 18 16 1
16 18 16 1
17 17 15 1
17 18 16 1
17 18 17 9
18 18 18 1
18 19 17 9
18 19 18 13
18 20 18 3
19 19 17 1
19 19 18 1
19 20 17 1
19 20 18 20
19 20 19 46
19 21 18 2
19 21 19 7
20 20 18 1
20 20 19 8
20 21 19 23
20 21 20 63
20 22 20 5
21 21 20 17
21 22 20 30
21 22 21 65
22 22 21 45
22 22 22 20
22 23 21 3
22 23 22 65
22 24 23 1
23 23 22 38
23 23 23 16
23 24 22 1
23 24 23 50
24 24 23 21
24 24 24 11
24 25 23 3
24 25 24 41
24 25 25 1
25 25 24 8
25 25 25 10
25 26 25 29
25 26 26 4
26 26 25 3
26 26 26 15
26 27 26 23
26 27 27 11
27 27 26 3
27 27 27 14
27 28 27 21
27 28 28 7
28 28 28 26
28 29 28 16
28 29 29 7
29 29 29 8
29 30 29 2
29 30 30 3
30 30 30 13
30 31 30 2
