32
3 4 3 1
4 5 4 1
6 6 4 1
10 11 9 1
10 14 11 1
12 17 13 1
13 13 12 13
13 14 13 3
14 14 13 2
15 15 14 2
15 16 15 2
16 17 16 1
16 19 16 1
17 18 16 3
17 18 17 5
17 19 17 2
18 19 17 9
18 19 18 14
18 20 18 4
19 19 18 1
19 20 17 1
19 20 18 15
19 20 19 51
19 21 19 6
20 20 18 1
20 20 19 8
20 20 20 1
20 21 19 28
20 21 20 66
20 22 20 4
21 21 20 19
21 22 20 20
21 22 21 69
22 22 21 44
22 22 22 22
22 23 21 2
22 23 22 65
22 24 23 1
23 23 22 38
23 23 23 18
23 24 22 1
23 24 23 51
23 24 24 1
23 25 24 1
24 24 23 15
24 24 24 14
24 25 23 2
24 25 24 38
24 25 25 1
25 25 24 9
25 25 25 14
25 26 25 25
25 26 26 7
26 26 25 1
26 26 26 19
26 27 26 20
26 27 27 17
26 28 27 2
27 27 26 2
27 27 27 11
27 28 27 21
27 28 28 9
28 28 27 2
28 28 28 25
28 29 28 16
28 29 29 8
29 29 29 6
29 30 29 3
29 30 30 1
30 30 30 11
30 31 30 2
