32
3 4 3 1
3 5 4 1
6 9 6 1
9 10 8 1
9 12 10 1
10 12 11 1
11 15 13 1
12 12 12 1
13 13 12 1
13 14 13 1
13 16 14 1
15 16 15 2
15 16 16 1
15 17 16 1
15 18 16 2
16 17 16 2
16 17 17 1
16 18 17 2
17 17 16 1
17 17 17 1
17 18 16 3
17 18 17 25
17 19 18 4
17 20 19 1
18 18 17 5
18 19 17 5
18 19 18 33
18 19 19 1
18 20 19 4
19 19 18 12
19 19 19 3
19 20 18 1
19 20 19 50
19 20 20 3
19 21 20 1
19 22 21 1
20 18 15 1
20 19 15 4
20 19 16 4
20 19 17 1
20 20 19 23
20 20 20 7
20 21 19 1
20 21 20 70
20 21 21 7
20 22 21 3
20 22 22 1
21 19 15 3
21 19 16 5
21 20 16 1
21 20 17 1
21 21 19 3
21 21 20 49
21 21 21 18
21 22 21 65
21 22 22 30
21 23 22 1
21 23 23 4
21 23 24 1
22 20 16 1
22 21 19 1
22 22 19 1
22 22 20 1
22 22 21 41
22 22 22 58
22 22 23 10
22 23 22 32
22 23 23 37
22 23 24 10
22 24 24 1
22 24 25 2
23 23 22 3
23 23 23 25
23 23 24 7
23 24 23 3
23 24 24 28
23 24 25 15
23 25 25 4
23 25 26 5
24 24 24 6
24 24 25 6
24 25 25 18
24 25 26 30
24 25 27 2
24 26 26 5
24 26 27 9
25 25 25 1
25 25 26 5
25 26 26 12
25 26 27 14
25 26 28 2
25 27 28 1
26 26 26 1
26 26 27 4
26 27 27 8
26 27 28 8
27 27 28 1
27 28 28 1
27 28 29 1
28 28 29 1
28 30 30 1
29 29 29 1
30 30 30 2
30 31 30 7
