32
2 3 2 2
4 5 4 1
6 6 4 1
6 10 7 1
7 8 7 1
10 14 11 1
11 11 10 1
13 13 12 14
13 14 13 3
13 17 14 1
14 14 13 3
14 16 14 1
15 15 14 1
15 18 16 1
16 16 15 3
17 18 17 8
17 19 17 3
18 18 17 1
18 19 17 5
18 19 18 15
18 20 18 3
19 19 17 1
19 19 18 1
19 20 18 16
19 20 19 44
19 21 18 1
19 21 19 6
20 20 18 1
20 20 19 8
20 20 20 1
20 21 19 23
20 21 20 69
20 22 20 6
21 21 20 21
21 22 20 16
21 22 21 70
22 22 21 47
22 22 22 22
22 23 21 3
22 23 22 68
23 23 22 41
23 23 23 16
23 24 23 54
23 25 24 2
24 24 23 23
24 24 24 8
24 25 23 2
24 25 24 46
24 25 25 1
25 25 24 7
25 25 25 13
25 26 25 29
25 26 26 5
26 26 25 2
26 26 26 18
26 27 26 27
26 27 27 5
26 28 27 2
27 27 26 6
27 27 27 14
27 28 27 16
27 28 28 6
28 28 27 3
28 28 28 22
28 29 28 16
28 29 29 7
29 29 29 7
29 30 29 3
29 30 30 1
30 30 30 13
30 31 30 1
