32
2 3 2 1
4 5 4 1
5 6 5 2
6 10 7 1
10 11 9 1
10 14 11 1
12 12 12 1
13 13 12 13
13 14 12 1
13 14 13 2
13 17 14 1
14 14 13 2
14 15 13 1
15 15 14 1
15 18 16 1
16 16 15 1
16 17 16 1
16 18 16 1
17 18 16 1
17 18 17 9
17 19 17 1
18 19 17 10
18 19 18 15
18 20 18 3
19 19 17 1
19 19 18 1
19 20 17 2
19 20 18 20
19 20 19 47
19 21 18 2
19 21 19 5
20 20 19 8
20 21 19 34
20 21 20 58
20 22 20 4
21 21 20 19
21 21 21 1
21 22 20 27
21 22 21 66
22 22 21 45
22 22 22 22
22 23 21 3
22 23 22 61
23 23 22 42
23 23 23 16
23 24 22 4
23 24 23 52
23 24 24 1
24 24 23 18
24 24 24 13
24 25 23 3
24 25 24 37
25 25 24 13
25 25 25 12
25 26 25 25
25 26 26 6
26 26 25 3
26 26 26 20
26 27 26 27
26 27 27 23
26 28 27 1
27 27 26 4
27 27 27 10
27 28 27 23
27 28 28 7
28 28 27 1
28 28 28 26
28 29 28 11
28 29 29 5
29 29 28 1
29 29 29 6
29 30 29 2
29 30 30 2
30 30 30 8
30 31 30 3
