32
3 4 3 1
4 5 4 1
6 10 7 1
8 8 7 1
11 11 9 1
11 12 10 1
11 14 11 1
12 17 13 1
13 13 12 13
13 14 13 1
13 15 13 1
14 14 13 4
15 15 14 1
15 16 14 1
15 16 15 2
15 18 15 1
16 16 15 1
16 17 16 1
16 18 16 1
17 18 17 8
17 19 17 1
18 19 17 7
18 19 18 12
18 20 18 4
19 19 17 1
19 19 18 1
19 20 18 10
19 20 19 51
19 21 19 6
20 20 19 11
20 21 19 23
20 21 20 69
20 22 20 4
21 21 20 15
21 21 21 1
21 22 20 22
21 22 21 70
22 22 21 43
22 22 22 22
22 23 21 3
22 23 22 71
23 23 22 37
23 23 23 20
23 24 22 2
23 24 23 51
23 25 24 1
24 24 23 22
24 24 24 12
24 25 23 2
24 25 24 37
24 25 25 1
25 25 24 11
25 25 25 11
25 26 25 32
25 26 26 4
26 26 25 2
26 26 26 22
26 27 26 22
26 27 27 10
26 28 27 2
27 27 26 5
27 27 27 13
27 28 27 22
27 28 28 9
28 28 27 1
28 28 28 18
28 29 28 15
28 29 29 4
29 29 29 7
29 30 29 3
29 30 30 3
30 30 30 9
30 31 30 4
