32
1 2 1 1
3 3 3 1
4 5 4 2
10 14 11 1
11 11 9 1
13 13 12 13
13 14 12 1
13 14 13 2
14 14 13 2
14 15 13 1
14 17 14 1
15 14 14 1
15 16 14 1
15 16 15 1
15 17 15 1
15 18 15 1
16 16 15 1
17 18 17 10
18 19 17 8
18 19 18 14
18 20 18 1
18 21 18 1
19 19 19 1
19 20 17 2
19 20 18 19
19 20 19 48
19 21 19 7
20 20 19 9
20 21 19 21
20 21 20 72
20 22 20 4
21 21 20 10
21 22 20 28
21 22 21 68
22 22 21 43
22 22 22 19
22 23 21 4
22 23 22 69
22 24 23 2
23 23 22 36
23 23 23 15
23 24 22 1
23 24 23 55
23 25 24 1
24 24 23 17
24 24 24 9
24 25 23 2
24 25 24 44
25 25 24 10
25 25 25 13
25 26 25 31
25 26 26 3
25 27 26 1
26 26 26 15
26 27 26 26
26 27 27 15
26 28 27 2
26 28 28 1
27 27 26 1
27 27 27 12
27 28 27 21
27 28 28 6
28 28 27 1
28 28 28 27
28 29 28 14
28 29 29 6
29 29 29 10
29 30 29 2
29 30 30 3
30 30 29 1
30 30 30 12
30 31 30 2
