32
2 2 2 1
4 5 4 2
7 11 8 1
9 9 9 1
10 14 11 1
11 11 9 1
11 12 10 1
13 13 12 13
13 14 13 2
14 14 13 3
14 15 13 1
14 18 15 1
15 15 14 1
15 16 15 1
16 16 15 2
16 17 16 1
17 18 17 8
17 19 17 1
18 18 17 1
18 19 17 10
18 19 18 13
18 20 18 2
19 19 17 1
19 19 18 2
19 20 18 15
19 20 19 42
19 21 18 2
19 21 19 6
20 20 19 10
20 21 18 1
20 21 19 32
20 21 20 65
20 22 20 4
21 21 20 16
21 22 20 27
21 22 21 58
22 22 21 54
22 22 22 21
22 23 21 3
22 23 22 62
22 24 22 1
23 23 22 40
23 23 23 16
23 24 22 2
23 24 23 52
23 24 24 1
23 25 24 1
24 24 23 20
24 24 24 13
24 25 23 2
24 25 24 36
24 25 25 1
25 25 24 12
25 25 25 12
25 26 25 30
25 26 26 1
25 27 26 1
26 26 25 4
26 26 26 17
26 27 26 26
26 27 27 17
27 27 26 4
27 27 27 13
27 28 27 20
27 28 28 8
28 28 27 2
28 28 28 19
28 29 28 15
28 29 29 6
29 29 28 1
29 29 29 4
29 30 29 2
29 30 30 3
30 30 30 10
30 31 30 3
