32
1 2 1 1
3 4 3 1
4 5 4 3
5 6 4 1
5 12 8 1
6 10 7 1
8 9 8 1
9 13 9 1
10 11 9 1
11 12 11 1
11 14 11 1
13 13 12 14
13 14 13 3
13 15 13 1
13 17 14 1
14 14 13 2
15 16 14 1
15 16 15 1
16 17 16 1
16 18 16 2
16 19 16 2
17 18 16 1
17 18 17 8
17 19 17 1
17 20 17 1
18 19 17 11
18 19 18 15
18 20 18 2
19 20 17 2
19 20 18 13
19 20 19 49
19 21 18 1
19 21 19 8
20 20 19 6
20 21 19 29
20 21 20 68
20 22 20 6
21 21 20 15
21 22 20 28
21 22 21 62
22 22 21 47
22 22 22 23
22 23 21 5
22 23 22 67
22 24 23 1
23 23 22 39
23 23 23 14
23 24 22 1
23 24 23 53
23 25 24 1
24 24 23 15
24 24 24 11
24 25 23 3
24 25 24 46
24 25 25 1
24 26 25 1
25 25 24 7
25 25 25 13
25 26 25 32
25 26 26 6
25 27 26 1
26 26 25 2
26 26 26 17
26 27 26 26
26 27 27 10
26 28 27 3
26 28 28 1
27 27 26 3
27 27 27 14
27 28 27 19
27 28 28 6
28 28 27 2
28 28 28 23
28 29 28 16
28 29 29 7
29 29 29 10
29 30 29 2
29 30 30 2
30 30 30 13
30 31 30 3
