32
4 5 4 3
4 5 5 1
5 5 4 1
5 6 4 1
6 7 6 1
6 10 7 1
6 12 8 1
10 14 11 1
11 12 10 1
13 13 12 14
13 14 12 1
13 14 13 2
13 18 15 1
14 14 13 2
14 15 14 1
15 15 15 1
15 16 14 1
15 16 15 1
15 18 15 1
16 17 15 1
16 17 16 1
16 18 16 1
17 18 16 1
17 18 17 8
17 19 17 1
18 18 17 1
18 19 17 9
18 19 18 15
18 20 18 3
19 19 18 1
19 20 17 3
19 20 18 16
19 20 19 47
19 21 19 9
19 22 19 1
20 20 18 1
20 20 19 8
20 21 19 34
20 21 20 54
20 22 20 7
21 21 20 21
21 22 20 28
21 22 21 62
22 22 21 44
22 22 22 22
22 23 21 4
22 23 22 61
22 24 22 1
23 23 22 42
23 23 23 16
23 24 22 3
23 24 23 49
23 25 24 2
24 24 23 19
24 24 24 13
24 25 23 4
24 25 24 39
25 25 24 10
25 25 25 10
25 26 25 32
25 26 26 6
26 26 25 1
26 26 26 17
26 27 26 26
26 27 27 15
26 28 27 2
27 27 26 6
27 27 27 12
27 28 27 19
27 28 28 7
28 28 27 1
28 28 28 21
28 29 28 17
28 29 29 6
29 29 29 6
29 30 29 4
29 30 30 2
30 30 30 12
30 31 30 3
