32
2 3 1 1
3 4 3 1
4 5 4 1
6 10 7 1
9 9 8 1
9 13 10 1
10 10 10 1
11 13 12 1
12 13 13 1
13 16 14 1
14 15 14 1
14 16 15 1
14 17 15 1
16 17 15 1
16 17 16 2
16 17 17 1
16 18 16 1
16 18 17 5
17 17 16 1
17 18 17 21
17 19 17 2
17 19 18 4
17 20 19 1
18 18 17 6
18 19 17 1
18 19 18 40
18 20 18 2
18 20 19 2
19 18 16 1
19 19 18 11
19 20 19 53
19 20 20 2
19 21 20 2
20 18 15 7
20 18 16 1
20 19 15 4
20 19 16 2
20 20 17 1
20 20 19 18
20 20 20 10
20 21 19 2
20 21 20 72
20 21 21 6
20 22 21 2
20 22 22 2
21 19 16 6
21 20 19 1
21 21 19 2
21 21 20 39
21 21 21 24
21 22 21 72
21 22 22 32
21 22 23 1
21 23 23 5
21 24 24 1
22 22 21 27
22 22 22 60
22 22 23 7
22 23 22 29
22 23 23 44
22 23 24 9
22 24 24 1
22 24 25 2
22 25 25 1
23 23 22 2
23 23 23 22
23 23 24 7
23 24 23 1
23 24 24 37
23 24 25 13
23 25 25 7
23 25 26 3
24 24 24 1
24 24 25 8
24 25 25 16
24 25 26 32
24 26 26 17
24 26 27 5
25 25 25 1
25 25 26 5
25 26 26 11
25 26 27 12
25 27 27 1
25 27 28 1
26 26 27 5
26 27 27 4
26 27 28 7
26 28 29 1
27 27 28 1
27 28 28 1
27 28 29 3
27 29 29 1
28 30 30 1
29 29 30 1
30 30 30 3
30 31 30 2
