32
3 4 3 2
6 10 7 1
10 11 9 1
11 14 11 1
12 14 12 1
13 13 12 15
13 14 13 2
14 14 13 4
14 18 15 1
15 15 14 1
15 16 14 1
15 16 15 2
15 18 16 1
17 17 17 1
17 18 17 10
17 19 17 1
18 19 17 6
18 19 18 14
18 20 18 3
19 19 17 1
19 19 18 2
19 20 17 2
19 20 18 6
19 20 19 48
19 21 18 2
19 21 19 6
20 20 18 1
20 20 19 7
20 21 19 19
20 21 20 79
20 22 20 3
21 21 20 16
21 22 20 18
21 22 21 79
22 22 21 35
22 22 22 30
22 23 21 3
22 23 22 69
22 24 23 1
23 23 22 37
23 23 23 18
23 24 22 2
23 24 23 54
23 24 24 1
23 25 24 3
24 24 23 17
24 24 24 11
24 25 23 1
24 25 24 39
24 25 25 1
25 25 24 9
25 25 25 14
25 26 25 27
25 26 26 8
25 27 26 1
26 26 25 1
26 26 26 18
26 27 26 20
26 27 27 13
27 27 26 4
27 27 27 14
27 28 27 16
27 28 28 10
28 28 27 4
28 28 28 19
28 29 28 13
28 29 29 6
29 29 29 6
29 30 29 2
29 30 30 1
30 30 30 13
30 31 30 2
