32
2 2 1 1
4 5 4 1
5 6 5 1
6 10 7 1
10 14 11 1
11 11 9 1
12 17 13 1
13 13 12 13
13 14 12 1
13 14 13 5
14 14 13 1
15 15 14 1
15 16 15 1
15 17 15 1
15 18 16 1
16 17 16 1
17 18 16 1
17 18 17 8
18 18 17 2
18 19 17 9
18 19 18 16
18 20 18 2
18 21 18 1
19 19 17 1
19 20 18 13
19 20 19 52
19 21 19 5
20 20 18 1
20 20 19 6
20 20 20 1
20 21 19 22
20 21 20 70
20 22 20 5
21 21 20 11
21 22 20 30
21 22 21 65
22 22 21 42
22 22 22 22
22 23 21 2
22 23 22 71
22 24 23 3
23 23 21 1
23 23 22 40
23 23 23 11
23 24 22 1
23 24 23 55
23 24 24 1
23 25 24 2
24 24 23 20
24 24 24 9
24 25 23 3
24 25 24 41
24 25 25 1
25 25 24 9
25 25 25 13
25 26 25 31
25 26 26 3
25 27 26 1
26 26 25 2
26 26 26 18
26 27 26 23
26 27 27 14
26 28 27 3
27 27 26 2
27 27 27 10
27 28 27 24
27 28 28 6
28 28 27 1
28 28 28 22
28 29 28 12
28 29 29 6
29 29 28 1
29 29 29 6
29 30 29 2
29 30 30 3
30 30 30 10
30 31 30 2
