32
4 5 4 1
7 11 7 1
9 9 8 1
11 12 10 1
11 14 11 1
13 13 12 13
14 14 13 5
14 15 13 1
14 18 15 1
15 16 14 1
15 16 15 3
15 18 16 1
17 18 16 1
17 18 17 8
18 19 17 7
18 19 18 14
18 20 18 3
19 19 18 1
19 20 17 1
19 20 18 12
19 20 19 45
19 21 19 6
20 20 19 7
20 21 19 21
20 21 20 73
20 22 20 5
21 21 20 15
21 22 20 24
21 22 21 67
22 22 21 45
22 22 22 24
22 23 21 2
22 23 22 68
22 24 22 2
23 23 22 37
23 23 23 17
23 24 23 52
23 24 24 2
24 24 23 18
24 24 24 12
24 25 23 2
24 25 24 39
25 25 24 11
25 25 25 15
25 26 25 27
25 26 26 5
26 26 25 2
26 26 26 18
26 27 26 26
26 27 27 10
26 28 27 1
27 27 26 2
27 27 27 13
27 28 27 17
27 28 28 8
28 28 27 1
28 28 28 25
28 29 28 13
28 29 29 5
29 29 29 6
29 30 29 2
29 30 30 3
30 30 30 7
30 31 30 2
