32
1 2 1 1
4 4 4 1
5 6 5 1
6 10 7 1
8 8 7 1
11 11 10 1
11 14 12 1
12 17 14 1
13 13 12 13
13 14 12 1
13 14 13 1
14 14 13 3
14 15 13 1
15 15 14 1
15 16 14 1
15 16 15 1
15 18 16 1
16 16 15 1
17 18 17 11
18 18 17 1
18 19 17 8
18 19 18 16
18 20 18 3
19 19 18 1
19 20 17 1
19 20 18 17
19 20 19 46
19 21 19 9
20 20 18 1
20 20 19 8
20 20 20 1
20 21 19 30
20 21 20 65
20 22 20 5
21 21 20 20
21 22 20 28
21 22 21 63
22 22 21 46
22 22 22 23
22 23 21 3
22 23 22 65
22 23 23 1
22 24 23 1
23 23 22 37
23 23 23 16
23 24 22 1
23 24 23 51
23 25 24 2
24 24 23 23
24 24 24 9
24 25 23 2
24 25 24 39
25 25 24 17
25 25 25 10
25 26 25 29
25 26 26 3
26 26 25 4
26 26 26 18
26 27 26 25
26 27 27 6
27 27 26 1
27 27 27 15
27 28 27 19
27 28 28 8
28 28 27 4
28 28 28 24
28 29 28 16
28 29 29 6
29 29 29 6
29 30 29 3
29 30 30 1
30 30 30 10
30 31 30 4
