32
1 2 1 1
2 3 2 1
3 4 3 1
3 9 5 1
4 5 4 3
5 6 5 1
5 10 7 1
6 6 5 1
6 12 8 1
8 8 7 1
8 12 9 1
10 10 9 1
11 14 11 1
11 17 13 1
12 12 11 1
13 13 12 16
13 14 13 1
13 15 13 1
14 14 13 4
14 16 14 1
15 15 14 1
15 16 15 1
16 16 15 1
16 17 16 1
16 18 16 2
17 18 17 7
17 19 17 4
18 18 17 1
18 19 17 6
18 19 18 12
18 20 18 3
19 19 17 1
19 20 17 2
19 20 18 11
19 20 19 49
19 21 18 1
19 21 19 6
20 20 18 1
20 20 19 9
20 21 19 25
20 21 20 70
20 22 20 5
21 21 20 19
21 22 20 21
21 22 21 68
22 22 21 47
22 22 22 20
22 23 21 3
22 23 22 61
22 24 23 1
23 23 22 42
23 23 23 15
23 24 22 2
23 24 23 60
23 24 24 1
24 24 23 22
24 24 24 9
24 25 23 1
24 25 24 41
24 25 25 2
25 25 24 6
25 25 25 14
25 26 25 31
25 26 26 5
26 26 26 22
26 27 26 22
26 27 27 7
27 27 26 7
27 27 27 12
27 28 27 20
27 28 28 5
28 28 27 2
28 28 28 16
28 29 28 12
28 29 29 3
29 29 29 7
29 30 29 3
29 30 30 1
30 30 30 14
30 31 30 2
