32
3 4 3 2
5 9 6 1
8 9 8 1
9 13 10 1
11 11 10 1
11 12 11 1
12 14 13 1
12 16 13 1
14 15 14 1
14 16 15 1
14 17 15 1
15 16 16 1
15 17 15 1
15 17 16 1
15 18 16 1
16 16 15 1
16 17 16 3
16 18 17 3
17 17 16 1
17 18 17 21
17 19 17 1
17 19 18 5
18 18 17 6
18 19 17 2
18 19 18 36
18 19 19 1
18 20 18 3
18 20 19 2
18 20 20 1
19 19 18 11
19 19 19 2
19 20 18 1
19 20 19 53
19 20 20 2
19 21 19 3
19 21 20 3
19 22 22 1
20 18 15 6
20 18 16 2
20 19 15 1
20 19 16 5
20 19 17 1
20 20 17 1
20 20 19 17
20 20 20 9
20 21 20 73
20 21 21 6
20 22 21 2
20 22 22 1
21 19 16 6
21 21 18 1
21 21 19 4
21 21 20 34
21 21 21 25
21 22 20 1
21 22 21 74
21 22 22 32
21 22 23 1
21 23 22 1
21 23 23 6
21 24 24 1
22 22 21 31
22 22 22 59
22 22 23 9
22 23 22 28
22 23 23 43
22 23 24 10
22 24 24 3
22 24 25 2
22 25 25 1
23 23 22 2
23 23 23 22
23 23 24 5
23 24 23 1
23 24 24 32
23 24 25 13
23 25 25 7
23 25 26 3
24 24 24 4
24 24 25 6
24 25 25 14
24 25 26 24
24 26 26 1
24 26 27 1
25 25 25 1
25 25 26 5
25 26 26 14
25 26 27 11
25 27 27 1
26 26 27 5
26 27 27 5
26 27 28 3
27 29 29 1
27 30 30 1
28 29 29 1
28 30 30 1
29 30 30 1
30 30 30 3
30 31 30 6
