32
3 4 3 1
3 4 4 1
9 10 10 1
10 11 10 1
10 14 12 1
12 13 12 3
13 13 12 10
13 13 13 1
13 14 13 3
13 17 15 1
14 14 13 1
15 15 14 1
15 16 15 1
15 16 16 1
15 18 17 1
17 18 17 10
17 19 17 2
17 19 18 6
17 20 18 2
18 19 18 13
18 19 19 4
18 20 18 1
18 20 19 18
18 21 19 2
19 20 19 39
19 20 20 19
19 21 19 2
19 21 20 19
20 20 20 5
20 21 20 50
20 21 21 31
20 22 20 1
20 22 21 14
21 21 21 9
21 22 21 54
21 22 22 46
21 23 22 2
22 22 22 42
22 23 22 39
22 23 23 58
22 23 24 1
22 24 22 1
22 24 24 9
23 23 23 25
23 23 24 1
23 24 23 17
23 24 24 46
23 25 24 3
23 25 25 5
24 24 24 10
24 24 25 6
24 25 24 5
24 25 25 39
24 25 26 5
25 25 25 4
25 25 26 6
25 26 26 31
25 26 27 8
25 27 27 2
25 27 28 4
26 26 26 2
26 26 27 7
26 27 26 3
26 27 27 25
26 27 28 16
27 27 27 2
27 27 28 1
27 28 27 1
27 28 28 29
27 28 29 21
28 28 29 4
28 29 29 19
28 29 30 2
29 29 29 1
29 29 30 2
29 30 30 5
30 30 30 11
