32
3 4 3 1
5 6 5 1
5 10 6 1
5 11 7 1
10 14 11 1
11 11 11 1
11 12 10 1
13 13 12 14
13 14 12 2
13 17 14 1
14 14 13 3
14 15 13 1
15 15 14 3
15 16 15 1
16 19 17 1
17 18 17 10
17 19 17 1
18 19 17 10
18 19 18 15
18 20 18 4
19 19 17 1
19 20 18 15
19 20 19 45
19 21 18 1
19 21 19 5
20 20 19 9
20 20 20 1
20 21 19 20
20 21 20 72
20 22 20 5
21 21 20 18
21 22 20 25
21 22 21 64
22 22 21 46
22 22 22 21
22 23 21 2
22 23 22 67
22 24 23 2
23 23 22 38
23 23 23 17
23 24 22 1
23 24 23 47
23 24 24 1
23 25 24 1
24 24 23 16
24 24 24 16
24 25 23 2
24 25 24 38
24 25 25 2
25 25 24 9
25 25 25 13
25 26 25 29
25 26 26 9
26 26 25 1
26 26 26 18
26 27 26 21
26 27 27 23
27 27 26 6
27 27 27 14
27 28 27 17
27 28 28 11
28 28 27 2
28 28 28 27
28 29 28 11
28 29 29 7
29 29 29 9
29 30 29 1
29 30 30 3
30 30 30 13
30 31 30 1
