32
3 4 3 1
4 5 4 1
6 6 5 1
6 7 6 1
6 10 7 1
10 11 9 1
11 14 11 1
11 17 13 1
13 13 12 14
13 14 13 1
13 15 13 1
14 14 12 1
14 14 13 4
15 16 15 3
15 18 16 1
16 16 15 1
16 17 16 1
16 18 16 2
17 18 16 1
17 18 17 8
17 19 17 1
18 19 17 6
18 19 18 14
18 20 18 4
19 19 18 3
19 20 17 1
19 20 18 9
19 20 19 45
19 21 19 6
20 20 18 1
20 20 19 7
20 21 19 21
20 21 20 75
20 22 20 1
21 21 20 16
21 21 21 2
21 22 20 22
21 22 21 67
22 22 21 48
22 22 22 20
22 23 21 2
22 23 22 65
23 23 21 1
23 23 22 43
23 23 23 20
23 24 22 1
23 24 23 56
23 24 24 1
23 25 24 1
24 24 23 17
24 24 24 14
24 25 23 2
24 25 24 38
24 25 25 1
25 25 24 10
25 25 25 13
25 26 25 27
25 26 26 4
26 26 25 1
26 26 26 21
26 27 26 21
26 27 27 10
27 27 26 4
27 27 27 14
27 28 27 18
27 28 28 10
28 28 27 2
28 28 28 14
28 29 28 9
28 29 29 5
29 29 28 1
29 29 29 5
29 30 29 1
29 30 30 2
30 30 30 13
30 31 30 2
