32
3 4 3 1
4 5 4 2
5 5 5 1
6 10 7 1
6 12 8 1
8 12 9 1
10 14 11 1
11 11 10 1
12 12 11 1
13 13 12 14
13 14 13 3
13 17 14 1
14 14 13 3
15 15 14 1
15 16 15 1
15 18 16 1
16 16 15 2
16 18 16 2
17 17 16 1
17 18 17 8
17 19 17 2
18 18 17 1
18 19 16 1
18 19 17 7
18 19 18 13
18 20 18 3
19 19 17 2
19 19 18 3
19 20 17 2
19 20 18 10
19 20 19 50
19 21 18 1
19 21 19 5
20 20 18 1
20 20 19 8
20 21 19 16
20 21 20 76
20 22 20 5
21 21 20 20
21 21 21 1
21 22 20 18
21 22 21 71
22 22 21 44
22 22 22 29
22 23 21 2
22 23 22 65
23 23 22 35
23 23 23 20
23 24 23 51
23 24 24 1
23 25 24 1
24 24 23 20
24 24 24 11
24 25 23 1
24 25 24 40
25 25 24 14
25 25 25 13
25 26 25 24
25 26 26 8
26 26 25 2
26 26 26 18
26 27 26 22
26 27 27 14
27 27 26 6
27 27 27 13
27 28 27 21
27 28 28 12
28 28 27 3
28 28 28 24
28 29 28 12
28 29 29 9
29 29 29 5
29 30 29 2
29 30 30 2
30 30 30 21
30 31 30 3
