32
3 4 3 1
4 5 4 2
5 11 7 1
6 10 7 1
8 9 8 1
11 11 9 1
11 11 11 1
11 14 11 1
12 17 14 1
13 13 11 1
13 13 12 14
13 14 12 1
13 14 13 2
14 14 13 2
14 16 14 1
15 15 14 1
15 16 14 1
15 16 15 1
16 17 14 1
16 17 16 1
16 18 16 1
16 19 16 1
17 18 17 8
17 19 17 3
18 19 17 7
18 19 18 17
18 20 18 1
19 19 17 1
19 19 18 1
19 20 17 1
19 20 18 11
19 20 19 41
19 21 18 1
19 21 19 9
20 20 19 13
20 21 18 1
20 21 19 21
20 21 20 67
20 22 20 4
21 21 20 22
21 22 20 23
21 22 21 68
22 22 21 44
22 22 22 24
22 23 21 2
22 23 22 68
22 24 23 1
23 23 22 41
23 23 23 16
23 24 22 2
23 24 23 52
23 25 24 2
24 24 23 21
24 24 24 9
24 25 23 2
24 25 24 43
24 25 25 1
25 25 24 5
25 25 25 13
25 26 25 26
25 26 26 8
26 26 25 1
26 26 26 19
26 27 26 21
26 27 27 14
27 27 26 6
27 27 27 14
27 28 27 17
27 28 28 10
28 28 27 3
28 28 28 23
28 29 28 13
28 29 29 7
29 29 28 1
29 29 29 4
29 30 29 5
29 30 30 1
30 30 30 15
30 31 30 2
