32
1 2 1 1
3 4 3 1
3 4 4 1
5 9 6 1
6 7 5 1
8 9 8 1
9 13 10 1
12 12 12 1
12 13 13 1
13 16 14 1
14 15 14 1
14 16 15 1
15 16 16 1
15 17 15 1
15 17 16 1
16 17 15 1
16 17 17 1
16 18 16 2
16 18 17 4
17 17 16 1
17 17 17 1
17 18 16 1
17 18 17 21
17 19 18 2
17 19 19 1
18 18 17 7
18 19 17 3
18 19 18 36
18 20 18 2
18 20 19 4
19 19 18 10
19 20 18 1
19 20 19 52
19 20 20 2
19 21 19 2
19 21 20 1
19 22 22 1
20 18 15 5
20 19 15 1
20 19 16 8
20 19 17 2
20 20 19 16
20 20 20 9
20 21 20 70
20 21 21 5
20 22 21 2
20 22 22 2
21 19 15 1
21 19 16 5
21 20 17 1
21 21 19 4
21 21 20 40
21 21 21 19
21 22 21 78
21 22 22 30
21 23 22 2
21 23 23 4
21 24 24 1
22 22 20 1
22 22 21 27
22 22 22 59
22 22 23 8
22 23 22 30
22 23 23 42
22 23 24 9
22 24 24 2
22 24 25 2
22 25 25 1
23 23 23 26
23 23 24 6
23 24 24 33
23 24 25 17
23 25 25 4
23 25 26 3
24 24 24 5
24 24 25 5
24 25 24 1
24 25 25 17
24 25 26 27
24 26 26 9
24 26 27 10
25 25 26 5
25 26 26 13
25 26 27 24
25 26 28 1
25 27 28 1
26 26 27 5
26 27 27 8
26 27 28 9
26 28 28 1
27 27 28 3
27 28 28 1
27 28 29 3
27 29 29 1
28 30 30 1
29 29 30 1
30 30 30 5
30 31 30 7
