32
1 2 1 1
3 4 3 2
7 8 7 1
9 12 10 1
10 11 10 1
11 12 11 1
12 16 13 1
13 17 14 1
14 15 14 1
15 17 15 1
15 17 16 1
15 17 17 1
16 17 15 2
16 17 16 1
16 18 16 1
16 18 17 3
17 17 16 1
17 18 16 2
17 18 17 25
17 19 18 5
17 20 19 1
18 18 17 4
18 19 17 3
18 19 18 38
18 19 19 1
18 20 19 1
19 19 18 11
19 20 19 58
19 20 20 2
19 21 19 2
19 21 20 2
19 22 21 1
20 18 15 5
20 18 16 1
20 19 15 2
20 19 16 6
20 19 17 1
20 20 17 2
20 20 19 20
20 20 20 6
20 21 20 77
20 21 21 8
20 22 21 2
20 22 22 1
21 19 16 2
21 21 18 1
21 21 19 4
21 21 20 35
21 21 21 18
21 22 21 73
21 22 22 33
21 22 23 1
21 23 22 1
21 23 23 5
21 24 24 1
22 22 20 1
22 22 21 31
22 22 22 55
22 22 23 9
22 23 22 36
22 23 23 38
22 23 24 12
22 24 24 1
22 24 25 3
23 23 22 2
23 23 23 23
23 23 24 5
23 24 23 3
23 24 24 30
23 24 25 14
23 25 25 4
23 25 26 2
24 24 24 5
24 24 25 5
24 25 24 1
24 25 25 17
24 25 26 26
24 26 26 4
24 26 27 7
25 25 26 5
25 26 26 13
25 26 27 21
25 27 27 1
25 27 28 2
26 26 26 1
26 26 27 3
26 27 27 10
26 27 28 7
26 28 28 1
27 28 28 2
27 28 29 2
29 29 29 1
29 30 30 1
30 30 30 1
30 31 30 7
