32
4 5 4 1
6 6 5 1
6 8 6 1
6 10 6 1
7 8 7 1
10 10 9 1
10 14 11 1
12 17 13 1
13 13 12 14
13 14 12 1
13 14 13 1
14 14 13 3
14 15 13 1
15 16 15 2
15 19 16 1
16 16 15 1
16 18 16 1
17 16 14 1
17 18 17 9
17 19 17 4
18 19 17 10
18 19 18 14
18 20 18 3
19 19 18 1
19 20 17 1
19 20 18 19
19 20 19 47
19 21 19 6
20 20 18 1
20 20 19 12
20 21 19 32
20 21 20 55
20 22 20 5
21 21 20 23
21 22 20 26
21 22 21 62
22 22 21 47
22 22 22 22
22 23 21 4
22 23 22 65
23 23 22 43
23 23 23 16
23 24 22 2
23 24 23 47
23 24 24 1
24 24 23 16
24 24 24 14
24 25 23 1
24 25 24 40
24 25 25 2
25 25 24 9
25 25 25 14
25 26 25 27
25 26 26 10
26 26 25 3
26 26 26 19
26 27 26 26
26 27 27 27
27 27 26 4
27 27 27 13
27 28 27 17
27 28 28 9
28 28 27 3
28 28 28 20
28 29 28 15
28 29 29 7
29 29 29 3
29 30 29 3
29 30 30 4
30 30 30 8
30 31 30 3
