32
1 2 1 1
2 2 1 1
4 4 4 1
4 5 4 1
6 10 7 1
10 14 11 1
11 11 9 1
12 12 11 1
12 13 12 1
13 13 12 15
13 14 13 1
14 14 12 2
14 14 13 2
14 18 15 1
15 15 13 1
15 15 14 1
15 16 15 2
15 18 16 1
17 18 17 9
17 19 17 1
18 19 17 8
18 19 18 14
18 20 18 4
19 19 17 1
19 20 17 1
19 20 18 10
19 20 19 56
19 21 19 5
20 20 19 5
20 21 19 24
20 21 20 76
20 22 20 5
21 21 20 13
21 22 20 20
21 22 21 78
22 22 21 35
22 22 22 19
22 23 21 1
22 23 22 74
22 24 23 2
23 23 22 34
23 23 23 14
23 24 22 1
23 24 23 56
23 24 24 1
23 25 24 2
24 24 23 17
24 24 24 11
24 25 23 1
24 25 24 40
24 25 25 1
25 25 24 11
25 25 25 14
25 26 25 29
25 26 26 4
26 26 25 3
26 26 26 17
26 27 26 22
26 27 27 9
27 27 26 4
27 27 27 14
27 28 27 17
27 28 28 10
28 28 27 2
28 28 28 15
28 29 28 7
28 29 29 4
29 29 29 6
29 30 30 4
30 30 30 7
30 31 30 5
