32
1 2 1 1
3 4 3 1
8 9 8 1
9 12 9 1
13 17 14 1
14 15 14 2
14 17 15 1
15 16 15 1
15 17 15 1
15 17 17 1
15 18 16 1
16 17 16 1
16 18 16 1
16 18 17 2
17 17 16 1
17 18 16 2
17 18 17 22
17 19 17 1
17 19 18 4
17 20 19 1
18 18 17 5
18 19 17 5
18 19 18 34
18 20 19 3
19 19 18 14
19 20 19 53
19 21 20 6
19 21 21 1
20 18 15 4
20 19 15 2
20 19 16 3
20 19 17 1
20 20 17 1
20 20 19 18
20 20 20 7
20 21 19 1
20 21 20 75
20 21 21 5
20 22 21 3
20 22 22 1
21 19 16 1
21 21 19 4
21 21 20 41
21 21 21 18
21 22 21 71
21 22 22 27
21 23 22 1
21 23 23 6
21 24 24 1
22 22 20 1
22 22 21 34
22 22 22 58
22 22 23 6
22 23 22 34
22 23 23 40
22 23 24 11
22 24 25 1
23 23 22 1
23 23 23 21
23 23 24 4
23 24 23 2
23 24 24 32
23 24 25 15
23 25 25 3
24 24 24 6
24 24 25 4
24 25 25 18
24 25 26 21
24 25 27 2
24 26 26 4
24 26 27 9
25 25 26 5
25 26 26 12
25 26 27 17
25 27 27 3
25 27 28 2
26 26 27 6
26 27 27 8
26 27 28 8
27 27 28 2
27 28 28 1
27 29 29 1
28 29 29 1
28 30 30 1
29 30 30 1
30 30 30 3
30 31 30 6
