32
1 1 1 1
2 3 2 1
2 4 3 1
5 9 6 1
8 9 7 1
9 12 10 1
10 11 10 1
11 16 13 1
12 13 12 1
13 14 13 1
13 15 14 1
13 17 14 1
14 15 14 1
15 17 15 1
15 17 16 2
16 17 16 2
16 18 16 2
16 18 17 2
17 17 16 1
17 18 16 3
17 18 17 23
17 19 17 1
17 19 18 3
17 19 19 1
18 18 17 5
18 19 17 5
18 19 18 35
18 19 19 1
18 20 19 2
19 19 18 13
19 19 19 1
19 20 18 1
19 20 19 48
19 21 19 3
19 21 20 2
19 21 21 1
20 18 15 1
20 19 15 2
20 19 16 4
20 19 17 1
20 20 19 23
20 20 20 7
20 21 20 63
20 21 21 6
20 22 21 4
21 19 15 1
21 19 16 9
21 20 16 1
21 20 17 1
21 21 19 4
21 21 20 44
21 21 21 17
21 22 20 4
21 22 21 72
21 22 22 26
21 22 23 2
21 23 22 1
21 23 23 4
21 24 24 1
22 21 19 1
22 22 20 1
22 22 21 41
22 22 22 55
22 22 23 7
22 23 22 36
22 23 23 33
22 23 24 10
22 24 25 3
23 23 22 4
23 23 23 29
23 23 24 2
23 24 23 2
23 24 24 34
23 24 25 16
23 25 25 2
23 25 26 1
24 24 24 8
24 24 25 6
24 25 24 2
24 25 25 19
24 25 26 22
24 26 26 3
24 26 27 6
25 25 26 4
25 26 26 14
25 26 27 15
25 26 28 1
25 27 27 1
25 27 28 2
26 26 26 1
26 26 27 6
26 27 27 9
26 27 28 4
27 27 28 2
27 28 28 2
27 28 29 2
28 30 30 2
30 30 30 5
30 31 30 10
