32
4 5 4 1
9 13 10 1
10 9 9 1
11 11 9 1
13 13 12 10
13 14 13 1
13 17 14 1
14 14 13 4
15 15 14 2
15 16 14 1
15 16 15 1
15 18 15 1
16 16 15 1
17 18 17 8
17 19 17 1
18 19 17 8
18 19 18 10
18 20 18 4
19 19 17 1
19 20 17 1
19 20 18 13
19 20 19 51
19 21 19 5
20 20 18 1
20 20 19 9
20 21 19 23
20 21 20 69
20 22 20 3
21 21 20 18
21 22 20 24
21 22 21 65
22 22 21 44
22 22 22 23
22 23 21 2
22 23 22 67
23 23 22 46
23 23 23 17
23 24 22 1
23 24 23 55
24 24 23 19
24 24 24 9
24 25 23 2
24 25 24 40
25 25 24 9
25 25 25 12
25 26 25 28
25 26 26 6
26 26 25 4
26 26 26 19
26 27 26 21
26 27 27 16
26 28 27 5
27 27 26 1
27 27 27 11
27 28 27 16
27 28 28 9
28 28 27 3
28 28 28 18
28 29 28 15
28 29 29 7
29 29 29 5
29 30 29 3
29 30 30 1
30 30 30 12
30 31 30 3
