32
4 4 4 1
4 5 4 2
6 11 7 1
10 13 10 1
11 11 10 1
13 13 12 14
13 17 14 1
14 14 13 5
14 15 14 1
15 16 15 3
15 18 16 1
16 16 15 1
17 17 16 1
17 18 17 8
17 19 17 2
18 18 17 1
18 19 17 9
18 19 18 14
18 20 18 2
19 20 17 1
19 20 18 10
19 20 19 48
19 21 19 7
20 20 19 9
20 20 20 1
20 21 19 19
20 21 20 73
20 22 20 5
21 21 20 19
21 22 20 18
21 22 21 68
22 22 21 46
22 22 22 23
22 23 21 2
22 23 22 68
22 24 23 1
23 23 22 37
23 23 23 18
23 24 22 3
23 24 23 52
23 24 24 1
23 25 24 3
24 24 23 18
24 24 24 13
24 25 23 2
24 25 24 42
25 25 24 9
25 25 25 11
25 26 25 31
25 26 26 10
26 26 25 3
26 26 26 16
26 27 26 18
26 27 27 24
27 27 26 5
27 27 27 14
27 28 27 22
27 28 28 6
28 28 27 1
28 28 28 27
28 29 28 11
28 29 29 9
29 29 29 6
29 30 29 3
29 30 30 2
30 30 30 10
30 31 30 3
