32
4 5 4 2
5 6 5 1
6 10 6 1
8 8 8 1
10 14 11 1
11 16 13 1
12 12 10 1
13 13 12 14
13 14 13 1
14 14 13 5
14 15 14 1
14 16 14 1
15 15 14 2
15 18 16 1
16 16 15 2
17 17 16 1
17 18 17 7
18 19 17 8
18 19 18 11
18 20 18 3
19 19 17 1
19 19 18 3
19 20 18 13
19 20 19 50
19 21 19 7
20 20 18 1
20 20 19 9
20 20 20 1
20 21 19 23
20 21 20 69
20 22 20 3
21 21 20 18
21 21 21 1
21 22 20 25
21 22 21 58
22 22 21 50
22 22 22 23
22 23 21 2
22 23 22 61
22 24 22 1
23 23 22 39
23 23 23 17
23 24 22 3
23 24 23 56
23 25 24 1
24 24 23 19
24 24 24 14
24 25 23 2
24 25 24 36
24 25 25 2
25 25 24 11
25 25 25 11
25 26 25 34
25 26 26 4
26 26 25 2
26 26 26 19
26 27 26 20
26 27 27 14
26 28 27 2
27 27 26 2
27 27 27 16
27 28 27 18
27 28 28 8
28 28 27 1
28 28 28 23
28 29 28 15
28 29 29 6
29 29 29 7
29 30 29 3
29 30 30 1
30 30 30 12
30 31 30 2
