32
0 1 0 3
1 1 0 2
6 5 3 1
7 6 4 1
8 6 4 1
13 12 8 1
14 12 9 1
14 13 9 1
15 14 12 1
16 12 8 1
16 15 13 1
17 16 14 1
18 16 13 1
18 17 14 2
18 17 15 1
19 18 16 1
20 19 18 1
20 20 19 1
20 20 20 1
20 21 19 1
20 21 20 5
20 21 21 4
21 19 16 3
21 21 19 6
21 21 20 3
21 21 21 2
21 22 19 1
21 22 21 1
21 22 22 7
22 21 19 3
22 21 20 4
22 22 19 1
22 22 20 4
22 22 21 7
22 22 22 10
22 22 23 2
22 23 22 1
22 23 23 13
22 23 24 7
23 22 20 1
23 22 21 1
23 23 21 1
23 23 22 5
23 23 23 3
23 23 24 86
23 24 23 2
23 24 24 106
23 24 25 21
24 22 20 2
24 23 20 3
24 23 21 3
24 23 22 1
24 24 22 1
24 24 23 1
24 24 24 9
24 24 25 42
24 24 26 1
24 25 24 3
24 25 25 53
24 25 26 33
25 25 23 1
25 25 26 11
25 25 27 1
25 26 26 19
25 26 27 43
25 26 28 3
26 26 27 3
26 26 28 1
26 27 27 4
26 27 28 33
26 27 29 6
26 28 29 10
27 28 29 18
27 28 30 6
27 29 30 12
28 29 30 21
28 30 30 17
29 30 30 26
29 30 31 3
30 30 30 30
30 30 31 2
30 31 30 16
30 31 31 4
