32
2 2 1 1
2 3 2 1
3 4 3 1
3 5 4 1
4 5 4 1
6 6 5 1
6 10 7 1
9 9 9 1
11 14 11 1
12 12 10 1
12 17 13 1
13 13 12 14
13 14 12 2
14 14 13 3
15 15 14 1
15 16 14 1
15 16 15 1
15 17 15 1
15 19 16 1
16 16 15 1
17 18 16 1
17 18 17 9
18 18 17 1
18 19 17 8
18 19 18 15
18 20 18 2
18 21 18 1
19 19 18 1
19 20 17 1
19 20 18 17
19 20 19 49
19 21 19 5
20 20 18 1
20 20 19 5
20 21 19 32
20 21 20 63
20 22 20 7
21 21 20 15
21 22 20 24
21 22 21 67
22 22 21 44
22 22 22 20
22 23 21 4
22 23 22 68
22 24 23 2
23 23 22 33
23 23 23 16
23 24 22 2
23 24 23 51
23 24 24 1
23 25 23 1
24 24 23 18
24 24 24 8
24 25 23 1
24 25 24 44
24 25 25 1
25 25 24 9
25 25 25 12
25 26 25 28
25 26 26 5
25 27 26 1
26 26 25 2
26 26 26 18
26 27 26 23
26 27 27 18
26 28 27 6
26 28 28 2
27 27 26 2
27 27 27 11
27 28 27 22
27 28 28 6
28 28 27 2
28 28 28 15
28 29 28 6
28 29 29 6
29 29 28 1
29 29 29 5
29 30 29 2
29 30 30 3
30 30 30 5
30 31 30 4
