32
3 4 3 1
4 5 4 1
6 12 8 1
7 11 7 1
8 9 8 1
10 10 9 1
10 11 9 1
10 14 11 1
12 12 11 1
13 13 12 15
13 13 13 1
13 14 12 1
13 14 13 1
13 17 14 1
14 14 13 2
15 15 14 2
15 16 14 1
15 16 15 1
16 19 17 1
17 17 17 1
17 18 16 2
17 18 17 8
17 19 17 1
18 19 17 9
18 19 18 16
18 20 18 3
19 19 17 1
19 19 18 4
19 20 17 1
19 20 18 22
19 20 19 41
19 21 18 2
19 21 19 3
20 20 19 10
20 21 19 37
20 21 20 52
20 22 20 6
21 21 20 22
21 22 20 27
21 22 21 61
22 22 21 49
22 22 22 19
22 23 21 4
22 23 22 59
22 24 22 1
23 23 22 40
23 23 23 17
23 24 22 2
23 24 23 51
24 24 23 21
24 24 24 11
24 25 23 2
24 25 24 37
24 25 25 2
25 25 24 15
25 25 25 11
25 26 25 29
25 26 26 5
26 26 25 4
26 26 26 14
26 27 26 28
26 27 27 5
27 27 26 6
27 27 27 15
27 28 27 15
27 28 28 7
28 28 27 3
28 28 28 14
28 29 28 12
28 29 29 4
29 29 29 4
29 30 29 2
29 30 30 1
30 30 30 9
30 31 30 4
