32
2 2 1 2
4 4 3 1
4 5 4 1
5 6 5 1
5 10 6 1
10 14 11 1
11 11 10 1
13 13 12 15
13 14 13 1
13 17 14 1
14 14 13 4
14 15 13 1
15 15 14 2
15 16 15 1
15 18 16 1
16 17 15 1
17 18 17 8
17 19 17 3
18 19 16 1
18 19 17 6
18 19 18 13
18 20 18 3
19 19 17 1
19 19 18 1
19 20 18 14
19 20 19 51
19 21 18 1
19 21 19 4
20 20 19 13
20 21 19 20
20 21 20 64
20 22 20 4
21 21 20 18
21 21 21 2
21 22 20 22
21 22 21 66
22 22 21 45
22 22 22 22
22 23 21 1
22 23 22 69
23 23 21 1
23 23 22 43
23 23 23 16
23 24 23 56
23 25 24 1
24 24 23 19
24 24 24 12
24 25 23 2
24 25 24 39
25 25 24 9
25 25 25 11
25 26 25 32
25 26 26 7
26 26 25 1
26 26 26 23
26 27 26 26
26 27 27 22
26 28 27 3
27 27 26 5
27 27 27 14
27 28 27 18
27 28 28 7
28 28 27 2
28 28 28 27
28 29 28 11
28 29 29 10
29 29 29 6
29 30 29 3
29 30 30 1
30 30 29 1
30 30 30 15
30 31 30 4
