32
2 2 1 1
2 2 2 1
3 4 3 1
4 5 4 1
6 6 4 1
10 11 9 1
10 14 11 1
11 11 10 1
13 13 12 12
13 14 13 2
14 14 13 3
14 15 13 1
14 18 15 1
15 16 14 1
15 18 16 1
16 16 15 2
16 18 16 1
17 17 17 1
17 18 16 1
17 18 17 7
17 19 17 1
18 18 17 1
18 19 17 8
18 19 18 14
18 20 18 1
19 19 18 1
19 20 17 1
19 20 18 19
19 20 19 42
19 21 18 1
19 21 19 6
20 20 19 10
20 21 19 31
20 21 20 62
20 22 20 6
21 21 20 15
21 21 21 1
21 22 20 28
21 22 21 58
22 22 21 51
22 22 22 22
22 23 21 5
22 23 22 62
22 24 22 1
23 23 22 41
23 23 23 18
23 24 23 52
24 24 23 22
24 24 24 14
24 25 23 2
24 25 24 40
25 25 24 9
25 25 25 15
25 26 25 29
25 26 26 7
26 26 25 2
26 26 26 16
26 27 26 27
26 27 27 31
27 27 26 1
27 27 27 15
27 28 27 17
27 28 28 7
28 28 27 3
28 28 28 24
28 29 28 18
28 29 29 5
29 29 28 1
29 29 29 5
29 30 29 2
29 30 30 2
30 30 30 7
30 31 30 3
