32
2 2 1 1
3 4 3 1
4 5 4 1
6 7 6 1
6 10 7 1
10 14 11 1
11 11 10 1
13 13 12 14
13 13 13 1
13 14 13 3
14 14 13 3
14 18 15 1
15 15 14 2
16 16 15 2
16 19 16 1
17 18 17 9
17 19 17 1
18 18 17 1
18 19 17 9
18 19 18 12
18 20 18 2
19 19 17 1
19 19 18 1
19 20 18 19
19 20 19 41
19 21 18 1
19 21 19 6
20 20 19 10
20 21 18 1
20 21 19 28
20 21 20 69
20 22 20 3
21 21 20 16
21 22 20 29
21 22 21 55
22 22 21 52
22 22 22 18
22 23 21 4
22 23 22 66
22 24 23 1
23 23 22 42
23 23 23 12
23 24 22 1
23 24 23 54
23 25 24 2
24 24 23 19
24 24 24 14
24 25 23 2
24 25 24 39
24 25 25 1
25 25 24 9
25 25 25 11
25 26 25 33
25 26 26 4
26 26 26 18
26 27 26 24
26 27 27 15
27 27 26 3
27 27 27 10
27 28 27 20
27 28 28 7
28 28 27 4
28 28 28 19
28 29 28 14
28 29 29 6
29 29 28 1
29 29 29 3
29 30 29 2
29 30 30 3
30 30 30 6
30 31 30 3
