32
1 2 1 1
2 3 2 1
4 5 4 1
5 6 5 1
5 11 7 1
6 6 5 1
6 10 7 1
9 8 8 1
10 14 11 1
11 11 10 1
12 17 14 1
13 13 12 15
14 14 13 5
14 15 13 1
15 15 14 1
15 15 15 1
15 16 14 1
15 18 16 1
16 16 15 1
16 18 16 2
17 18 17 7
17 19 17 1
18 18 17 3
18 19 17 8
18 19 18 14
18 20 18 4
19 19 18 2
19 20 17 2
19 20 18 10
19 20 19 41
19 21 19 7
20 20 18 1
20 20 19 7
20 20 20 1
20 21 19 18
20 21 20 76
20 22 20 5
21 21 20 19
21 22 20 16
21 22 21 73
22 22 21 46
22 22 22 25
22 23 21 2
22 23 22 66
22 24 23 1
23 23 22 42
23 23 23 18
23 24 22 1
23 24 23 54
23 25 24 2
24 24 23 19
24 24 24 10
24 25 23 2
24 25 24 41
25 25 24 9
25 25 25 16
25 26 25 30
25 26 26 9
26 26 25 2
26 26 26 18
26 27 26 19
26 27 27 14
27 27 26 5
27 27 27 13
27 28 27 18
27 28 28 8
28 28 27 3
28 28 28 26
28 29 28 14
28 29 29 9
29 29 29 4
29 30 29 2
29 30 30 1
30 30 30 12
30 31 30 2
30 31 31 1
