32
1 2 1 1
3 9 5 1
4 4 4 1
4 5 4 2
5 10 6 1
5 11 7 1
9 9 8 1
9 13 10 1
10 14 11 1
11 11 10 1
12 17 13 1
13 13 11 1
13 13 12 15
13 14 12 2
13 14 13 1
14 14 13 3
14 18 15 1
15 15 14 1
15 16 14 1
15 16 15 2
16 16 15 1
16 18 16 1
16 19 16 1
17 18 16 3
17 18 17 7
17 19 17 2
18 19 17 9
18 19 18 15
18 20 18 3
19 19 17 1
19 19 18 1
19 20 17 2
19 20 18 15
19 20 19 54
19 21 18 1
19 21 19 6
20 20 18 1
20 20 19 8
20 20 20 1
20 21 19 21
20 21 20 62
20 22 20 5
21 21 20 20
21 22 20 26
21 22 21 66
22 22 21 46
22 22 22 26
22 23 21 2
22 23 22 65
23 23 22 37
23 23 23 16
23 24 22 1
23 24 23 52
23 24 24 1
23 25 24 2
24 24 23 23
24 24 24 10
24 25 23 1
24 25 24 40
24 25 25 1
25 25 24 11
25 25 25 12
25 26 25 29
25 26 26 10
26 26 25 4
26 26 26 17
26 27 26 26
26 27 27 15
26 28 27 5
27 27 26 5
27 27 27 15
27 28 27 22
27 28 28 7
28 28 27 2
28 28 28 21
28 29 28 16
28 29 29 6
29 29 29 5
29 30 29 2
29 30 30 1
30 30 30 13
30 31 30 3
