32
2 2 1 1
3 4 3 1
4 5 3 1
4 5 4 1
7 11 7 1
10 10 9 1
10 14 11 1
13 13 12 12
13 14 13 3
13 17 14 1
14 14 13 3
14 15 13 1
15 14 14 1
15 15 14 1
15 16 15 1
16 16 15 1
16 18 16 1
16 19 16 1
17 18 16 1
17 18 17 7
18 19 17 9
18 19 18 11
18 20 18 4
19 19 17 1
19 19 18 1
19 20 17 1
19 20 18 15
19 20 19 55
19 21 18 1
19 21 19 3
20 20 19 5
20 21 19 25
20 21 20 72
20 22 20 5
21 21 20 14
21 22 20 23
21 22 21 73
22 22 21 35
22 22 22 24
22 23 21 1
22 23 22 66
23 23 22 38
23 23 23 17
23 24 22 1
23 24 23 59
23 24 24 1
23 25 24 2
24 24 23 20
24 24 24 12
24 25 23 2
24 25 24 37
24 25 25 2
25 25 24 10
25 25 25 12
25 26 25 30
25 26 26 7
26 26 25 1
26 26 26 19
26 27 26 24
26 27 27 21
26 28 27 1
27 27 27 11
27 28 27 21
27 28 28 11
28 28 27 1
28 28 28 22
28 29 28 16
28 29 29 7
29 29 29 7
29 30 29 2
29 30 30 2
30 30 30 11
30 31 30 2
