32
2 2 1 1
4 5 4 3
6 10 6 1
7 7 6 1
10 10 8 1
10 14 11 1
13 17 14 1
14 14 12 10
14 14 13 1
14 15 13 1
15 14 12 2
15 14 13 2
15 15 13 5
15 16 15 1
15 18 15 1
16 16 14 1
17 17 15 1
17 18 16 1
17 18 17 7
17 19 17 3
18 18 17 2
18 19 17 11
18 19 18 18
18 20 18 6
19 19 17 2
19 19 18 4
19 20 18 21
19 20 19 53
19 21 19 1
20 20 19 17
20 21 19 23
20 21 20 70
20 22 20 2
21 21 19 1
21 21 20 22
21 21 21 1
21 22 20 13
21 22 21 79
22 22 21 40
22 22 22 24
22 23 21 1
22 23 22 77
22 24 23 1
23 23 22 25
23 23 23 21
23 24 22 1
23 24 23 51
23 24 24 2
23 25 24 1
24 24 23 7
24 24 24 17
24 25 23 1
24 25 24 34
24 25 25 5
24 26 25 1
25 25 24 2
25 25 25 15
25 26 25 19
25 26 26 12
25 27 26 1
26 26 25 3
26 26 26 19
26 27 26 17
26 27 27 11
27 27 26 1
27 27 27 14
27 28 27 5
27 28 28 7
28 28 28 5
28 29 28 1
28 29 29 5
29 29 29 1
29 30 29 1
29 30 30 3
30 30 30 8
30 31 30 1
