32
8 9 8 1
10 14 11 1
11 12 10 1
13 13 12 13
14 14 13 5
14 15 13 1
14 18 15 1
15 16 15 1
15 18 16 1
16 16 15 1
16 16 16 1
17 18 16 1
17 18 17 9
17 19 17 1
18 19 17 7
18 19 18 15
18 20 18 3
19 20 17 1
19 20 18 11
19 20 19 48
19 21 19 6
20 20 19 5
20 21 19 15
20 21 20 74
20 22 20 3
21 21 20 18
21 21 21 1
21 22 20 21
21 22 21 71
22 22 21 39
22 22 22 31
22 23 21 1
22 23 22 69
22 23 23 1
22 24 23 1
23 23 22 38
23 23 23 16
23 24 22 2
23 24 23 59
23 25 24 2
24 24 23 17
24 24 24 13
24 25 23 3
24 25 24 43
25 25 24 10
25 25 25 14
25 26 25 25
25 26 26 8
25 27 26 1
26 26 25 2
26 26 26 17
26 27 26 19
26 27 27 13
27 27 26 1
27 27 27 13
27 28 27 18
27 28 28 9
28 28 27 2
28 28 28 26
28 29 28 11
28 29 29 8
29 29 28 1
29 29 29 5
29 30 29 2
29 30 30 2
30 30 30 14
30 31 30 2
