32
3 4 3 1
10 10 8 1
10 14 11 1
11 16 13 1
13 13 12 8
13 14 12 1
13 14 13 3
14 14 13 2
14 14 14 1
15 15 14 1
15 16 14 1
15 16 15 1
15 18 16 1
16 16 15 1
17 18 17 9
17 19 17 2
18 18 17 1
18 19 17 9
18 19 18 14
18 20 18 3
19 19 17 2
19 19 18 1
19 20 18 14
19 20 19 39
19 21 18 1
19 21 19 8
20 20 18 1
20 20 19 9
20 20 20 1
20 21 19 20
20 21 20 70
20 22 20 3
21 21 20 19
21 22 20 17
21 22 21 72
22 22 21 45
22 22 22 20
22 23 21 1
22 23 22 69
22 24 23 4
23 23 22 39
23 23 23 16
23 24 22 1
23 24 23 51
23 24 24 1
23 25 24 3
24 24 23 16
24 24 24 11
24 25 23 3
24 25 24 43
24 25 25 2
25 25 24 7
25 25 25 14
25 26 25 26
25 26 26 8
26 26 26 20
26 27 26 17
26 27 27 21
27 27 26 2
27 27 27 13
27 28 27 17
27 28 28 8
28 28 27 1
28 28 28 19
28 29 28 9
28 29 29 8
29 29 29 3
29 30 29 2
29 30 30 2
30 30 30 9
30 31 30 1
