32
3 4 3 2
4 4 4 1
5 5 4 1
6 10 7 1
10 11 9 1
10 14 11 1
13 13 12 12
13 13 13 1
13 14 12 1
13 15 13 1
13 17 14 1
14 14 13 5
15 16 15 2
15 18 15 1
16 16 15 1
16 17 16 1
16 18 16 1
17 18 17 6
17 19 17 2
18 18 17 1
18 19 17 5
18 19 18 13
18 20 18 3
19 19 18 2
19 20 17 3
19 20 18 12
19 20 19 49
19 21 19 5
20 20 18 1
20 20 19 5
20 20 20 1
20 21 19 22
20 21 20 68
20 22 20 3
21 21 20 19
21 22 20 25
21 22 21 65
22 22 21 43
22 22 22 22
22 23 21 2
22 23 22 67
23 23 22 40
23 23 23 15
23 24 22 2
23 24 23 56
23 25 24 1
24 24 23 22
24 24 24 11
24 25 23 3
24 25 24 38
24 25 25 1
25 25 24 10
25 25 25 13
25 26 25 31
25 26 26 4
26 26 25 1
26 26 26 18
26 27 26 27
26 27 27 16
26 28 27 4
27 27 26 4
27 27 27 12
27 28 27 18
27 28 28 6
28 28 27 3
28 28 28 26
28 29 28 12
28 29 29 5
29 29 29 5
29 30 29 3
29 30 30 2
30 30 30 12
