32
3 4 3 2
5 9 6 1
8 9 8 1
9 10 9 1
9 11 8 1
9 12 10 1
11 11 11 1
11 13 12 1
12 16 13 1
13 16 14 1
14 15 14 1
14 17 16 1
15 17 15 2
15 17 16 1
15 17 17 1
16 18 16 1
16 18 17 5
17 17 16 1
17 18 17 21
17 19 17 2
17 19 18 6
17 20 19 1
18 18 17 6
18 19 17 1
18 19 18 36
18 19 19 1
18 20 19 2
19 19 18 13
19 20 19 52
19 20 20 2
19 21 19 1
19 21 20 5
19 22 22 1
20 18 15 8
20 18 16 2
20 19 15 1
20 19 16 4
20 19 17 3
20 20 19 19
20 20 20 7
20 21 20 76
20 21 21 9
20 22 21 2
20 22 22 1
21 19 16 5
21 21 18 1
21 21 19 2
21 21 20 36
21 21 21 17
21 22 20 1
21 22 21 80
21 22 22 28
21 22 23 1
21 23 22 3
21 23 23 5
22 21 19 1
22 22 21 32
22 22 22 62
22 22 23 8
22 23 22 27
22 23 23 43
22 23 24 9
22 24 24 3
22 25 25 2
23 23 22 1
23 23 23 24
23 23 24 8
23 24 23 1
23 24 24 35
23 24 25 13
23 25 25 3
23 25 26 4
24 24 24 4
24 24 25 7
24 25 25 17
24 25 26 22
24 26 26 5
24 26 27 9
25 25 25 1
25 25 26 4
25 26 26 14
25 26 27 24
25 27 28 2
26 26 27 7
26 27 27 9
26 27 28 11
26 28 28 1
27 28 28 1
27 29 29 1
28 29 29 1
28 30 30 1
29 29 30 1
29 30 30 2
30 30 30 4
30 31 30 5
