32
1 2 1 2
3 4 3 2
6 9 7 1
8 9 8 1
9 12 10 1
11 13 12 1
12 12 11 1
12 14 13 1
12 16 13 1
13 16 14 1
14 14 14 1
15 17 15 1
15 17 16 2
16 17 15 1
16 17 16 2
16 17 17 1
16 18 17 3
17 17 16 1
17 18 16 3
17 18 17 21
17 19 17 1
17 19 18 4
18 18 17 5
18 19 17 5
18 19 18 33
18 19 19 1
18 20 18 1
18 20 19 2
19 19 17 1
19 19 18 13
19 19 19 2
19 20 18 1
19 20 19 48
19 21 20 3
19 21 21 1
20 19 15 2
20 19 16 6
20 20 19 22
20 20 20 9
20 21 19 1
20 21 20 62
20 21 21 9
20 22 21 2
20 22 22 2
21 19 15 1
21 19 16 7
21 20 16 2
21 20 17 2
21 21 19 5
21 21 20 46
21 21 21 22
21 22 21 61
21 22 22 27
21 22 23 1
21 23 23 5
21 23 24 1
22 21 19 1
22 22 20 1
22 22 21 46
22 22 22 57
22 22 23 7
22 23 22 36
22 23 23 34
22 23 24 10
22 24 24 2
22 24 25 2
23 23 22 4
23 23 23 28
23 23 24 10
23 24 23 2
23 24 24 27
23 24 25 16
23 25 25 4
23 25 26 4
24 24 24 7
24 24 25 6
24 25 25 18
24 25 26 31
24 25 27 3
24 26 26 7
24 26 27 9
25 25 25 2
25 25 26 5
25 26 26 13
25 26 27 16
25 26 28 1
25 27 28 1
26 26 26 2
26 26 27 2
26 27 27 8
26 27 28 5
27 27 28 1
27 28 28 2
27 29 29 1
29 29 29 1
29 30 30 2
30 30 30 1
30 31 30 8
30 31 31 1
