32
4 5 4 1
6 10 7 1
7 7 6 1
8 10 8 1
10 11 9 1
10 14 11 1
11 11 11 1
13 13 12 13
13 14 13 1
13 17 14 1
14 14 13 4
14 15 13 1
15 15 14 1
15 18 16 1
16 16 15 3
16 17 16 1
17 17 15 1
17 18 17 9
17 19 17 1
18 19 17 7
18 19 18 16
18 20 18 3
19 19 18 2
19 20 17 2
19 20 18 9
19 20 19 47
19 21 18 1
19 21 19 7
20 20 18 1
20 20 19 13
20 20 20 1
20 21 19 19
20 21 20 72
20 22 20 4
21 21 20 17
21 21 21 1
21 22 20 21
21 22 21 69
22 22 21 43
22 22 22 22
22 23 21 3
22 23 22 64
22 24 23 1
23 23 22 38
23 23 23 17
23 24 22 1
23 24 23 55
23 24 24 1
23 25 24 1
24 24 23 19
24 24 24 12
24 25 23 2
24 25 24 41
24 25 25 3
25 25 24 9
25 25 25 9
25 26 25 30
25 26 26 6
26 26 25 1
26 26 26 20
26 27 26 21
26 27 27 12
27 27 26 1
27 27 27 12
27 28 27 20
27 28 28 8
28 28 27 1
28 28 28 17
28 29 28 11
28 29 29 5
29 29 29 4
29 30 29 2
30 30 30 13
30 31 30 2
