32
4 4 4 1
5 5 5 1
6 7 5 1
7 11 8 1
10 14 11 1
11 11 9 1
11 17 13 1
12 12 12 1
13 13 12 14
13 14 12 1
13 14 13 3
14 14 13 2
15 15 14 2
15 16 15 1
15 18 16 1
16 17 16 1
16 17 17 1
16 18 16 1
17 18 16 1
17 18 17 6
17 19 17 4
18 18 17 1
18 19 17 10
18 19 18 14
18 20 18 4
19 19 17 1
19 19 18 1
19 20 18 13
19 20 19 50
19 21 19 6
20 20 19 9
20 21 19 19
20 21 20 69
20 22 20 5
21 21 20 16
21 21 21 1
21 22 20 20
21 22 21 73
22 22 21 40
22 22 22 24
22 23 21 2
22 23 22 70
22 23 23 1
23 23 22 38
23 23 23 17
23 24 22 2
23 24 23 55
23 24 24 2
23 25 24 1
24 24 23 19
24 24 24 9
24 25 23 2
24 25 24 43
24 25 25 2
25 25 24 7
25 25 25 13
25 26 25 30
25 26 26 9
26 26 26 17
26 27 26 21
26 27 27 18
27 27 26 5
27 27 27 12
27 28 27 18
27 28 28 9
28 28 28 25
28 29 28 12
28 29 29 4
29 29 28 1
29 29 29 4
29 30 29 2
29 30 30 2
30 30 30 10
30 31 30 4
