32
5 5 4 1
5 6 4 2
5 6 5 1
5 7 6 1
6 6 4 4
6 6 5 2
6 7 5 1
6 7 6 6
6 10 8 1
7 6 4 4
7 7 4 4
7 7 5 14
7 7 6 4
7 8 6 3
7 8 7 4
7 9 7 1
7 9 8 2
7 9 11 1
8 6 4 49
8 7 4 786
8 7 5 211
8 7 6 1
8 8 4 3
8 8 5 19
8 8 6 16
8 8 7 7
8 9 7 4
8 9 11 1
8 10 8 1
8 10 12 1
8 11 10 1
9 7 4 45
9 7 5 79
9 8 4 9
9 8 5 91
9 8 6 1
9 8 7 2
9 9 7 3
9 9 8 11
9 10 8 4
9 10 9 4
9 11 9 3
9 11 10 1
10 10 8 1
10 10 9 4
10 11 9 2
10 11 10 11
10 12 10 2
10 12 11 1
10 12 14 1
10 14 13 1
11 11 10 2
11 12 10 3
11 12 11 3
11 13 12 3
12 13 12 1
12 14 13 1
13 14 13 2
13 14 14 1
13 15 13 1
13 15 14 5
14 16 15 3
14 17 16 1
15 16 15 1
15 16 18 1
15 17 15 1
15 17 16 2
16 17 16 2
16 17 17 1
16 18 17 7
16 18 18 2
17 18 18 3
17 19 18 4
17 19 19 5
17 21 20 1
18 19 19 1
18 20 19 1
18 20 20 2
18 22 21 1
19 21 20 1
19 21 21 1
19 22 22 1
20 19 18 1
20 22 22 8
20 23 22 1
20 23 23 3
20 24 23 2
21 20 19 1
21 22 22 1
21 22 24 1
21 23 23 9
21 23 24 2
21 24 23 1
21 24 24 2
21 24 25 1
21 25 24 3
21 25 25 6
22 21 20 2
22 23 23 1
22 24 24 6
22 24 25 2
22 25 25 17
22 25 26 1
22 26 25 1
23 24 24 3
23 25 25 3
23 26 26 8
24 26 25 1
24 26 26 6
24 26 27 1
25 26 26 1
25 26 27 1
25 27 27 4
26 27 26 2
26 27 27 3
26 28 27 1
26 28 28 3
26 29 29 1
27 28 28 1
27 29 29 6
28 29 29 2
28 29 30 1
28 30 30 4
28 31 31 1
29 30 29 1
29 30 30 9
30 30 30 32
30 30 31 1
30 31 30 33
30 31 31 14
