32
4 4 2 1
5 5 3 4
5 5 4 1
5 6 4 1
6 4 3 1
6 5 4 2
6 6 4 3
6 6 5 2
6 8 6 1
7 5 3 1
7 5 4 2
7 6 4 10
7 7 5 2
7 7 6 2
7 8 6 2
8 5 3 6
8 6 3 266
8 6 4 662
8 6 5 2
8 7 4 17
8 7 5 19
8 7 6 1
8 8 5 1
8 8 6 5
8 8 8 1
8 9 7 2
8 10 7 1
9 6 3 10
9 6 4 169
9 7 4 180
9 7 5 5
9 8 5 2
9 8 6 15
9 8 7 3
9 9 6 2
9 9 7 9
9 10 8 2
10 9 6 1
10 9 7 9
10 9 8 2
10 10 8 10
10 10 9 1
10 11 9 2
11 10 9 2
11 11 9 4
11 11 11 1
11 12 10 2
12 12 10 5
12 12 11 2
12 13 11 1
13 13 11 3
13 13 12 1
13 14 12 2
14 14 12 3
14 16 14 1
15 15 13 3
15 15 14 2
15 16 14 2
16 14 13 2
16 15 14 1
16 16 13 1
16 16 14 3
16 16 15 5
16 17 15 2
17 17 15 1
17 17 16 3
17 18 16 5
17 18 17 2
18 17 15 1
18 18 17 2
18 19 17 3
18 19 18 1
19 19 18 1
19 19 19 1
19 20 18 2
19 20 19 1
20 20 19 1
20 21 19 3
20 21 20 7
20 22 20 2
21 21 20 5
21 21 21 1
21 22 20 5
21 22 21 3
21 23 22 2
22 21 20 1
22 22 21 3
22 22 22 1
22 23 21 1
22 23 22 25
22 23 23 3
22 24 22 3
22 24 23 4
23 23 22 3
23 23 23 1
23 24 23 10
23 24 24 3
23 25 24 2
24 24 23 1
24 25 24 9
25 24 23 1
25 25 24 4
25 26 25 2
26 26 25 5
26 27 26 2
26 27 27 2
27 28 27 4
27 28 28 1
28 28 28 1
28 29 28 3
28 29 29 4
29 30 29 3
29 30 30 3
30 30 30 47
30 31 30 36
30 31 31 9
