32
5 4 3 2
5 5 3 1
5 5 4 1
6 5 3 3
6 5 4 1
6 6 4 5
6 6 5 2
7 5 3 2
7 5 4 2
7 6 3 1
7 6 4 10
7 7 5 3
7 7 6 1
8 5 3 14
8 6 3 429
8 6 4 549
8 7 4 12
8 7 5 18
8 8 6 9
9 6 3 11
9 6 4 145
9 7 4 153
9 7 5 2
9 8 5 4
9 8 6 14
9 8 7 3
9 9 7 11
9 9 8 1
9 10 8 1
9 11 9 1
10 9 6 1
10 9 7 6
10 9 8 2
10 10 8 10
10 10 9 1
10 10 10 1
10 11 8 1
11 9 7 1
11 10 8 1
11 10 9 2
11 11 9 5
11 12 9 1
12 11 9 2
12 12 10 2
12 12 11 2
12 12 12 1
12 13 11 2
13 12 10 1
13 13 11 5
13 13 12 2
13 14 12 1
13 14 14 1
13 15 13 1
14 12 10 1
14 12 11 1
14 13 12 1
14 14 12 1
14 14 13 1
14 15 13 1
14 16 14 1
15 14 13 2
15 15 16 1
16 16 14 2
16 16 15 4
16 17 15 6
16 17 16 1
17 16 14 1
17 17 15 2
17 17 16 4
17 18 16 3
17 18 17 1
18 18 17 2
18 19 17 3
19 18 17 2
19 19 18 1
19 20 18 1
19 20 19 2
20 21 19 4
20 21 20 4
20 22 20 2
21 21 19 1
21 21 20 4
21 22 20 1
21 22 21 7
21 22 22 1
21 23 22 1
22 21 20 1
22 22 21 3
22 22 22 3
22 23 21 1
22 23 22 19
22 23 23 6
22 24 22 2
22 24 23 2
23 23 22 4
23 23 23 1
23 24 22 1
23 24 23 13
23 24 24 2
23 25 24 1
24 24 22 1
24 24 23 3
24 25 24 6
25 24 24 1
25 25 24 4
25 26 25 1
26 26 25 1
26 26 26 1
26 27 26 5
26 27 27 1
27 26 24 1
27 27 25 1
27 28 27 6
27 28 28 3
28 28 27 1
28 28 28 1
28 29 28 1
28 29 29 3
29 29 28 1
29 30 29 1
29 30 30 1
30 30 30 35
30 31 30 6
