32
3 3 2 1
3 4 3 1
5 4 3 1
5 5 3 3
5 5 4 1
5 6 4 1
6 5 4 4
6 6 5 3
7 6 3 1
7 6 4 11
7 6 5 1
7 7 4 1
7 7 5 2
7 7 6 2
7 7 8 1
7 8 6 2
8 5 3 4
8 6 3 325
8 6 4 573
8 7 4 18
8 7 5 21
8 8 6 6
8 9 7 2
9 6 3 7
9 6 4 199
9 7 4 187
9 7 5 4
9 8 5 4
9 8 6 15
9 8 7 1
9 8 9 2
9 9 7 3
9 10 8 1
10 7 4 2
10 8 7 1
10 9 7 9
10 9 8 4
10 10 8 12
10 10 9 1
10 10 10 1
10 11 8 1
10 11 9 1
10 12 10 1
11 10 8 1
11 10 9 1
11 11 8 2
11 11 9 7
11 11 10 1
11 12 10 2
12 11 9 1
12 11 10 2
12 12 9 1
12 12 10 2
12 12 11 1
12 13 10 1
12 13 11 4
13 11 9 1
13 12 11 1
13 13 11 3
13 13 12 3
13 13 13 1
14 13 11 1
14 14 12 1
14 14 13 1
14 15 13 1
15 14 13 2
15 15 14 1
15 17 15 1
16 16 14 4
16 16 15 4
16 17 15 3
16 17 16 3
17 16 15 1
17 17 15 4
17 17 16 3
17 18 16 3
17 19 17 1
18 16 15 1
18 18 16 1
18 18 17 1
18 18 18 1
18 19 18 2
19 19 17 1
19 19 18 4
19 20 18 1
19 20 19 1
19 20 20 1
19 21 18 1
20 19 18 1
20 20 19 1
20 21 19 5
20 21 20 4
21 20 19 1
21 21 20 4
21 21 21 1
21 22 20 4
21 22 21 7
21 23 22 2
22 22 20 1
22 22 21 2
22 22 22 3
22 23 21 2
22 23 22 21
22 23 23 3
22 24 22 1
22 24 23 2
23 23 22 3
23 23 23 1
23 24 22 1
23 24 23 12
23 24 24 1
23 25 24 2
24 24 23 3
24 25 23 1
24 26 25 1
25 24 21 1
25 24 24 1
25 25 24 4
25 26 25 2
25 26 26 1
26 26 25 2
26 27 26 1
26 27 27 1
27 26 23 1
27 26 24 1
27 26 25 2
27 27 26 1
27 27 27 1
27 28 27 5
28 28 28 1
28 29 28 4
28 29 29 1
29 29 28 1
29 29 29 2
29 30 29 1
29 30 30 5
30 30 29 1
30 30 30 49
30 31 30 28
30 31 31 6
