32
5 5 3 2
6 5 4 1
6 6 4 4
6 6 5 1
7 5 4 1
7 6 3 1
7 6 4 15
7 6 5 2
7 7 5 4
8 5 3 2
8 6 3 343
8 6 4 570
8 7 3 1
8 7 4 26
8 7 5 16
8 8 5 2
8 8 6 8
8 8 8 2
8 9 7 2
8 10 8 1
9 6 3 8
9 6 4 148
9 7 4 213
9 7 5 3
9 8 6 16
9 8 7 3
9 9 7 13
10 8 6 1
10 9 6 1
10 9 7 7
10 9 8 5
10 10 8 6
10 10 9 1
10 10 11 2
10 11 9 1
11 10 8 3
11 10 9 2
11 11 9 3
11 11 10 1
12 11 10 2
12 12 10 6
13 12 11 1
13 13 11 4
13 13 12 2
13 14 12 3
14 12 10 1
14 13 12 1
14 14 12 1
14 14 13 1
14 14 14 1
15 14 13 1
15 15 13 1
15 15 14 1
15 16 14 2
16 16 14 2
16 16 15 4
16 17 15 7
16 17 16 2
17 16 14 1
17 16 15 1
17 17 15 2
17 17 16 2
17 18 16 1
17 18 17 3
18 18 16 1
18 18 17 1
18 19 17 1
18 19 18 3
19 18 17 1
19 19 17 1
19 19 18 1
19 20 18 1
19 20 19 1
19 21 19 1
20 18 17 2
20 20 19 5
20 21 19 4
20 21 20 3
21 21 20 1
21 21 21 2
21 22 20 5
21 22 21 5
21 22 22 2
22 22 21 4
22 22 22 2
22 23 22 27
22 23 23 2
22 24 22 1
22 24 23 4
23 22 21 1
23 23 22 1
23 24 22 3
23 24 23 6
23 24 24 2
23 25 24 2
24 24 23 5
24 25 24 9
24 25 25 2
25 25 24 2
25 26 25 2
25 26 26 1
26 25 23 1
26 25 24 2
26 26 25 2
26 27 26 3
27 25 24 1
27 27 25 1
27 27 26 1
27 28 27 5
28 28 27 2
28 29 28 4
28 29 29 1
29 29 29 1
29 30 29 7
29 30 30 5
29 31 30 1
30 30 30 43
30 31 30 30
30 31 31 3
