32
5 5 3 2
5 5 4 1
6 5 3 2
6 5 4 2
6 6 4 3
6 6 5 1
6 7 4 2
6 8 5 1
7 5 4 2
7 6 4 13
7 6 5 2
7 7 4 1
7 7 5 2
7 7 6 1
7 8 6 2
8 5 3 3
8 5 4 1
8 6 3 268
8 6 4 647
8 6 5 2
8 7 4 26
8 7 5 24
8 7 6 2
8 8 5 1
8 8 6 5
8 8 8 1
8 9 7 1
9 6 3 8
9 6 4 163
9 7 4 192
9 7 5 7
9 8 5 2
9 8 6 9
9 8 7 2
9 9 6 2
9 9 7 9
9 10 8 1
9 10 10 1
9 11 8 1
10 9 7 8
10 9 8 1
10 10 8 16
10 10 10 1
11 10 8 1
11 11 9 6
11 12 10 2
11 13 10 1
12 12 10 3
12 13 11 1
13 13 11 3
13 13 12 6
13 14 12 2
14 14 14 1
15 15 13 4
15 15 14 1
16 14 13 1
16 16 14 3
16 16 15 2
16 17 15 4
16 17 16 1
16 18 16 1
17 16 15 1
17 17 15 2
17 17 16 3
17 17 17 1
17 18 16 5
17 18 17 3
18 18 17 2
18 19 17 1
18 19 18 3
18 20 18 2
19 19 17 2
19 19 18 1
19 20 18 1
19 20 19 1
19 21 19 2
20 19 18 1
20 20 20 1
20 21 19 2
20 21 20 5
20 22 20 3
21 20 19 2
21 21 20 1
21 21 21 1
21 22 20 1
21 22 21 5
22 22 21 5
22 22 22 2
22 23 22 25
22 23 23 3
22 24 23 2
23 21 19 1
23 23 21 1
23 23 22 3
23 24 23 5
23 24 24 4
24 22 20 1
24 24 23 4
24 25 24 6
24 25 25 2
25 25 23 2
25 25 24 2
25 26 25 4
25 26 26 2
26 26 24 1
26 26 25 1
26 26 26 1
26 27 27 2
27 27 26 1
27 28 27 5
27 28 28 4
27 29 28 2
28 28 28 2
28 29 28 5
28 29 29 5
29 29 29 3
29 30 29 7
29 30 30 9
30 30 30 48
30 31 30 45
30 31 31 12
