32
4 4 3 1
5 5 3 3
5 5 4 1
6 5 4 2
6 6 4 2
6 6 5 3
6 7 5 1
7 5 3 1
7 5 4 1
7 6 3 2
7 6 4 17
7 7 4 3
7 7 5 4
8 5 3 10
8 6 3 357
8 6 4 654
8 7 4 21
8 7 5 19
8 8 5 2
8 8 6 9
8 8 8 1
8 9 6 1
8 9 7 2
9 6 3 1
9 6 4 116
9 7 4 165
9 7 5 3
9 7 6 1
9 8 5 2
9 8 6 12
9 8 7 2
9 9 7 9
9 10 8 2
9 11 9 1
10 9 6 1
10 9 7 6
10 9 8 1
10 10 8 12
10 10 9 1
10 10 11 1
10 11 9 1
10 12 9 1
11 11 9 8
11 13 10 1
11 13 11 1
12 12 10 1
12 12 11 4
13 12 11 1
13 13 11 2
13 13 12 2
14 14 12 1
14 14 13 1
14 14 14 1
15 15 13 6
15 15 14 2
15 16 14 3
15 16 15 1
16 15 13 1
16 16 14 4
16 16 15 2
16 17 15 7
16 17 16 2
16 18 16 1
16 18 17 1
17 16 14 1
17 17 16 3
17 18 17 4
18 17 18 1
18 18 16 1
18 18 17 2
18 19 17 2
18 19 18 2
19 18 17 1
19 19 18 1
19 20 18 1
19 20 19 1
20 20 19 4
20 21 19 4
20 21 20 4
20 21 21 1
20 22 20 2
21 21 20 3
21 21 21 1
21 22 20 2
21 22 21 6
21 23 22 1
22 21 20 1
22 22 21 6
22 22 22 3
22 23 21 3
22 23 22 18
22 23 23 6
22 24 22 1
22 24 23 2
23 22 21 1
23 22 22 2
23 23 22 2
23 23 23 1
23 24 22 1
23 24 23 6
23 24 24 3
23 25 23 1
23 25 24 1
24 24 23 2
24 25 23 1
24 25 24 5
24 25 25 1
25 25 23 1
25 25 24 5
25 26 25 1
26 24 22 1
26 26 25 1
26 26 26 1
26 27 26 3
26 27 27 2
27 26 24 1
27 28 27 3
27 28 28 1
28 28 28 1
28 29 28 6
28 29 29 3
29 29 29 1
29 30 29 1
29 30 30 5
29 31 31 1
30 29 27 1
30 30 30 36
30 31 30 9
30 31 31 4
