32
3 3 2 1
5 4 3 1
5 5 3 1
5 5 4 1
6 5 3 2
6 5 4 4
6 6 4 4
6 6 5 1
7 5 3 4
7 5 4 1
7 6 3 1
7 6 4 9
7 6 5 2
7 7 4 2
7 7 5 3
7 7 6 1
7 8 6 1
8 5 3 6
8 6 3 281
8 6 4 661
8 6 5 3
8 7 4 23
8 7 5 20
8 7 6 2
8 8 6 11
8 8 8 1
8 8 9 1
8 9 9 2
9 6 3 5
9 6 4 159
9 7 4 178
9 7 5 4
9 8 5 2
9 8 6 14
9 9 7 11
9 10 8 1
10 7 4 1
10 9 6 1
10 9 7 6
10 9 8 2
10 10 8 6
10 10 10 2
10 11 9 3
10 12 10 1
11 10 8 2
11 10 9 3
11 11 9 4
11 12 10 3
12 11 12 1
12 12 10 4
12 12 11 1
12 13 11 1
13 11 9 1
13 12 11 1
13 13 11 1
13 13 12 3
13 14 12 1
14 13 11 1
14 14 12 1
15 15 13 5
15 15 14 1
15 16 14 2
16 14 13 1
16 16 14 4
16 16 15 4
16 17 15 5
16 17 16 3
16 17 17 1
17 17 16 3
17 18 16 3
17 18 17 2
18 16 15 1
18 17 15 1
18 18 16 1
18 18 17 2
18 19 17 1
18 19 18 3
19 18 17 1
19 19 18 1
19 20 19 3
20 20 19 2
20 20 20 1
20 21 19 6
20 21 20 3
20 22 20 2
21 21 20 4
21 22 20 1
21 22 21 5
21 23 22 3
22 21 20 1
22 22 21 5
22 22 22 5
22 23 21 2
22 23 22 20
22 23 23 3
22 24 22 1
22 24 23 3
23 22 21 1
23 23 22 2
23 24 23 7
23 24 24 4
23 25 24 4
24 24 22 1
24 24 23 2
24 25 23 2
24 25 24 8
24 26 25 1
25 23 21 1
25 24 23 1
25 25 24 1
26 24 22 1
26 24 23 1
26 26 24 1
26 26 25 4
26 27 26 3
27 26 25 1
27 27 25 1
27 28 27 7
27 28 28 2
27 29 28 1
28 28 27 2
28 29 28 13
28 29 29 7
28 30 29 1
29 29 28 1
29 29 29 1
29 30 29 5
29 30 30 12
30 30 30 55
30 31 30 45
30 31 31 14
