32
3 4 3 1
5 4 3 1
5 5 3 3
5 5 4 2
6 5 3 1
6 5 4 2
6 6 4 2
6 6 5 3
6 7 5 1
7 5 3 1
7 5 4 1
7 6 4 18
7 6 5 2
7 7 4 1
7 7 5 5
7 8 5 1
7 8 6 3
7 9 7 2
8 5 3 2
8 6 3 288
8 6 4 694
8 6 5 1
8 7 4 18
8 7 5 28
8 7 6 1
8 8 5 1
8 8 6 3
9 6 3 5
9 6 4 156
9 7 4 151
9 7 5 3
9 8 5 2
9 8 6 20
9 8 7 2
9 9 7 7
9 9 8 1
9 10 8 1
10 7 4 2
10 8 7 1
10 9 7 4
10 9 8 3
10 10 8 7
10 10 9 1
10 11 10 1
10 12 10 1
11 10 8 1
11 10 9 1
11 11 8 2
11 11 9 6
11 12 10 1
11 13 10 1
12 11 9 1
12 11 12 1
12 12 10 3
12 12 11 2
12 14 12 1
13 11 9 1
13 13 11 1
13 13 12 1
13 14 14 1
14 13 12 1
14 14 12 1
14 14 13 4
14 16 14 1
15 15 13 7
15 15 14 2
15 16 14 3
15 17 15 1
16 14 13 1
16 16 14 1
16 16 15 3
16 17 15 3
17 17 15 2
17 17 16 2
17 17 18 1
17 18 16 3
17 18 17 3
18 18 16 1
18 18 17 3
18 19 17 1
18 19 18 1
18 20 17 1
18 20 18 1
18 21 18 1
18 21 19 1
19 19 18 2
19 20 18 3
19 20 19 3
19 21 19 1
20 20 19 1
20 20 20 1
20 21 19 6
20 21 20 6
21 20 19 2
21 21 20 2
21 21 21 1
21 22 20 1
21 22 21 6
22 22 21 3
22 22 22 2
22 23 22 22
22 23 23 4
22 24 22 4
22 24 23 1
23 23 22 1
23 23 23 2
23 24 22 2
23 24 23 7
23 24 24 2
23 25 24 2
24 22 20 1
24 24 23 1
24 24 24 1
24 25 23 1
24 25 24 4
24 25 25 3
25 24 22 1
25 24 23 1
25 25 24 2
25 26 25 6
25 26 26 1
26 24 23 1
26 25 23 1
26 25 24 1
26 26 24 1
26 26 25 1
26 26 26 2
26 27 26 6
26 27 27 2
27 27 26 1
27 28 27 4
27 28 28 2
28 28 28 1
28 29 28 2
28 29 29 4
29 29 28 1
29 30 29 5
29 30 30 6
30 30 30 37
30 31 30 29
30 31 31 8
