32
4 4 3 1
4 5 4 1
4 7 4 1
5 4 2 1
5 4 3 1
5 5 3 1
6 5 3 1
6 5 4 2
6 6 4 2
6 6 5 4
7 5 3 2
7 5 4 3
7 6 4 12
7 6 5 2
7 7 4 2
7 7 5 5
7 7 6 2
7 8 5 1
7 8 6 1
8 5 3 3
8 6 3 347
8 6 4 635
8 6 5 1
8 7 4 16
8 7 5 22
8 8 5 3
8 8 6 7
8 9 7 4
9 6 3 9
9 6 4 125
9 7 4 187
9 7 5 2
9 8 5 1
9 8 6 15
9 8 7 3
9 9 7 5
9 10 8 1
9 11 9 1
10 7 4 1
10 9 7 8
10 9 8 7
10 10 8 6
10 10 9 1
10 11 9 4
10 12 10 1
11 10 8 1
11 11 9 3
11 11 10 2
11 11 12 1
12 12 10 4
13 12 10 1
13 13 11 3
13 13 12 2
13 14 12 1
14 14 12 2
14 14 13 2
14 15 13 1
15 15 13 4
15 15 16 1
15 16 14 1
15 18 15 1
16 14 13 1
16 16 14 1
16 16 15 5
16 17 15 2
16 17 16 1
17 16 15 2
17 17 15 3
17 17 16 4
17 18 16 5
17 18 17 4
17 19 17 1
18 18 17 1
18 19 17 3
18 20 18 1
19 19 18 1
19 20 18 3
19 20 19 4
19 21 19 2
19 21 20 1
20 18 17 2
20 19 17 1
20 20 19 4
20 21 19 4
20 21 20 4
20 22 20 2
21 21 20 5
21 21 21 2
21 22 21 6
21 23 21 1
22 22 21 2
22 22 22 1
22 23 22 18
22 23 23 4
22 24 23 5
23 20 17 1
23 22 21 1
23 23 21 1
23 23 22 2
23 24 22 1
23 24 23 11
23 24 24 2
23 25 24 2
24 24 23 1
24 25 24 6
25 24 24 1
25 25 24 6
25 26 24 1
25 26 25 4
25 26 26 2
26 25 24 1
26 26 25 4
26 26 26 1
26 27 26 1
26 27 27 1
27 27 26 2
27 28 27 3
27 28 28 1
28 28 27 2
28 28 28 1
28 29 28 7
28 29 29 3
29 28 27 1
29 29 29 1
29 30 29 5
29 30 30 14
30 30 30 44
30 31 30 34
30 31 31 15
