32
4 4 3 2
5 4 3 1
5 5 3 2
5 5 4 1
6 5 3 4
6 5 4 2
6 6 4 9
6 6 5 2
6 7 5 1
7 5 3 221
7 5 4 4
7 6 3 39
7 6 4 43
7 6 5 1
7 7 4 2
7 7 5 4
7 7 7 1
7 8 6 1
8 5 3 214
8 5 4 1
8 6 3 546
8 6 4 284
8 7 4 5
8 7 5 16
8 8 5 2
8 8 6 14
8 8 9 1
8 9 7 1
9 6 4 5
9 7 4 3
9 8 6 10
9 8 7 4
9 9 7 10
9 9 10 1
9 10 8 3
10 9 7 2
10 9 8 1
10 10 8 7
10 11 9 1
11 11 9 1
11 11 10 1
11 13 11 1
12 11 9 1
12 11 10 1
12 12 10 1
12 12 11 2
12 13 11 1
13 12 10 1
13 13 11 2
13 13 12 2
13 13 14 1
13 15 13 3
14 14 13 3
14 15 13 4
14 15 15 1
15 14 12 1
15 14 13 2
15 15 13 2
15 15 14 2
15 16 14 4
15 16 15 1
16 16 14 2
16 16 15 3
16 17 15 3
16 18 16 2
17 16 15 1
17 17 16 3
17 18 16 1
17 18 17 1
18 18 17 1
18 18 18 1
18 19 17 1
18 19 18 4
18 20 18 1
19 19 17 1
19 19 18 3
19 20 18 6
19 20 19 5
19 21 19 1
20 20 18 1
20 20 19 3
20 21 19 1
20 21 20 7
20 22 20 1
21 20 19 2
21 21 20 2
21 21 21 2
21 22 20 1
21 22 21 17
21 22 22 3
21 23 21 1
21 23 22 2
22 21 20 2
22 22 21 2
22 23 21 1
22 23 22 14
22 23 23 4
22 24 23 2
23 21 20 1
23 22 21 1
23 23 22 3
23 24 23 7
23 24 24 2
24 24 23 1
24 24 24 2
24 25 24 4
24 25 25 1
25 25 23 1
25 25 24 6
25 26 25 3
25 26 26 2
25 27 27 1
26 25 23 2
26 25 25 1
26 26 25 2
26 26 26 1
26 27 27 1
27 27 27 3
27 28 27 5
27 28 28 1
27 29 28 1
28 28 28 2
28 29 28 3
28 29 29 3
29 29 29 1
29 30 29 6
29 30 30 9
30 30 30 34
30 31 30 34
30 31 31 16
