32
3 3 4 1
3 4 4 1
8 6 3 1
8 6 4 1
9 7 4 1
9 9 10 1
10 8 4 1
10 8 6 1
11 9 6 2
11 10 7 1
12 9 4 1
12 9 5 1
12 10 5 1
12 10 6 2
12 11 6 1
12 11 8 1
13 9 4 18
13 9 5 1
13 10 4 21
13 10 5 64
13 10 6 10
13 11 5 6
13 11 6 8
13 11 7 6
13 11 8 1
13 12 9 3
13 12 10 1
13 12 11 1
14 9 4 7
14 10 4 476
14 10 5 526
14 10 6 2
14 11 5 73
14 11 6 9
14 11 7 5
14 12 7 3
14 12 8 14
14 13 9 4
14 13 10 2
14 14 10 1
14 14 11 1
15 10 5 5
15 11 5 91
15 11 6 32
15 13 7 1
15 13 8 2
15 13 9 6
15 13 10 4
15 14 11 4
15 14 12 1
15 14 13 1
15 15 12 2
16 14 9 1
16 14 10 2
16 14 11 5
16 15 11 1
16 15 12 1
16 15 15 1
16 16 13 1
16 16 17 1
17 15 11 3
17 15 12 3
17 16 12 3
17 16 13 4
17 16 18 1
17 17 15 1
18 17 13 1
18 17 14 2
18 17 15 1
18 17 17 1
18 18 19 3
18 19 20 1
18 20 21 1
19 18 15 4
19 20 18 1
19 20 19 1
19 20 20 16
19 20 21 7
19 20 22 1
19 21 20 1
19 21 21 10
19 21 22 3
19 22 23 1
20 17 14 1
20 18 15 1
20 19 16 1
20 19 17 1
20 19 19 2
20 20 17 2
20 20 18 1
20 20 19 3
20 21 19 1
20 21 20 1
20 21 21 1
20 21 22 3
20 22 22 2
21 18 15 1
21 19 16 1
21 19 17 1
21 20 17 2
21 20 18 1
21 20 19 1
21 21 18 1
21 22 22 1
21 22 23 2
21 23 26 1
22 20 17 1
22 21 18 2
22 22 19 1
22 22 21 1
22 22 22 1
22 23 24 6
22 24 25 4
22 24 26 2
23 22 18 2
23 22 20 1
23 23 20 1
23 23 21 1
23 23 22 2
23 24 24 1
23 25 26 1
23 25 27 2
23 26 28 1
24 22 20 1
24 23 20 3
24 23 21 5
24 23 23 1
24 24 21 2
24 24 22 1
24 24 23 4
24 24 24 5
24 25 24 1
25 24 22 2
25 24 23 3
25 24 24 1
25 25 22 1
25 25 23 4
25 25 24 10
25 25 25 4
26 25 23 3
26 25 24 5
26 25 25 2
26 26 24 5
26 26 25 3
27 26 24 1
28 29 29 2
28 30 30 2
29 30 30 13
29 30 31 1
29 31 30 3
29 31 31 3
30 31 30 15
30 31 31 14
