32
3 4 3 1
4 4 2 1
5 4 3 1
5 5 3 4
6 5 3 1
6 5 4 3
6 6 4 4
6 6 5 2
7 5 3 1
7 6 3 1
7 6 4 11
7 7 5 4
7 7 6 3
7 8 5 2
7 8 6 1
8 5 3 2
8 6 3 303
8 6 4 648
8 7 4 17
8 7 5 16
8 7 6 3
8 8 5 2
8 8 6 9
8 8 8 1
9 6 3 7
9 6 4 187
9 7 4 187
9 7 5 7
9 8 5 1
9 8 6 12
9 8 7 4
9 9 6 2
9 9 7 9
9 10 8 2
10 7 4 1
10 9 7 10
10 9 8 4
10 10 7 1
10 10 8 10
10 10 10 1
10 11 8 1
11 10 8 3
11 11 9 2
12 11 9 1
12 11 10 1
12 12 10 4
12 12 11 1
12 13 11 3
12 13 12 1
12 14 12 1
13 12 10 1
13 13 11 1
13 13 12 1
13 13 14 1
14 14 12 2
15 14 13 1
15 15 13 4
15 15 14 3
15 16 14 4
15 18 15 1
16 16 14 5
16 16 15 2
16 17 15 1
16 18 16 1
17 17 16 7
17 18 16 1
18 18 17 3
18 19 17 2
18 21 18 1
19 18 17 2
19 19 18 3
19 20 18 2
19 20 19 2
19 21 19 1
20 18 17 1
20 20 19 3
20 20 20 1
20 21 19 4
20 21 20 4
21 20 19 1
21 21 19 1
21 21 20 2
21 22 20 1
21 22 21 1
21 23 21 1
21 23 22 1
22 22 21 7
22 22 22 2
22 23 21 2
22 23 22 17
22 23 23 5
22 24 22 2
22 24 23 5
23 22 22 1
23 23 22 2
23 23 23 1
23 24 23 18
23 24 24 1
23 25 24 1
24 24 23 1
24 25 24 3
24 25 25 1
25 25 24 3
25 26 25 4
25 26 26 2
26 25 23 1
26 26 24 1
26 26 25 4
26 26 26 2
26 27 26 3
26 27 27 1
27 26 24 1
27 26 25 1
27 28 27 2
27 28 28 1
28 28 27 1
28 28 28 1
28 29 28 5
28 29 29 3
29 29 29 1
29 30 29 5
29 30 30 7
30 30 30 50
30 31 30 28
30 31 31 6
