32
3 3 3 1
5 5 3 2
5 5 4 2
6 5 3 2
6 5 4 3
6 6 4 3
6 7 5 1
7 5 3 10
7 5 4 4
7 6 3 6
7 6 4 23
7 6 5 3
7 7 4 1
7 7 5 6
7 7 6 1
7 8 5 1
8 5 3 21
8 5 4 3
8 6 3 521
8 6 4 601
8 6 5 1
8 7 4 35
8 7 5 16
8 8 5 1
8 8 6 9
8 8 7 2
8 8 9 1
9 6 4 21
9 7 4 72
9 7 5 1
9 8 5 1
9 8 6 10
9 8 7 5
9 9 7 14
9 9 8 3
9 10 7 1
9 11 8 1
9 11 9 2
10 9 7 3
10 9 8 2
10 10 8 9
10 10 9 1
10 10 11 2
10 11 9 2
11 11 9 5
11 11 10 2
11 14 11 1
12 12 10 5
12 12 11 2
12 13 13 1
13 13 12 5
13 14 12 2
13 14 13 1
13 15 13 1
14 12 11 1
14 14 12 1
14 14 13 3
15 16 14 3
15 17 15 1
16 15 14 1
16 16 15 7
16 17 15 4
16 17 16 2
17 16 14 1
17 17 16 5
17 18 16 1
17 18 17 5
17 20 17 1
18 18 17 2
18 19 17 2
19 18 17 1
19 19 18 1
19 19 20 1
19 20 19 4
20 20 19 1
20 20 21 1
20 21 19 2
20 21 20 6
20 22 20 1
20 22 21 2
21 21 20 2
21 21 21 1
21 22 20 1
21 22 21 8
21 22 22 4
21 23 21 1
21 23 22 5
22 22 21 1
22 22 22 3
22 23 22 17
22 23 23 7
22 24 22 2
22 24 23 4
23 21 19 1
23 23 22 6
23 24 23 10
23 24 24 2
23 25 24 3
24 23 20 1
24 23 22 1
24 24 23 3
24 25 24 1
24 25 25 2
25 24 22 1
25 25 24 1
25 26 24 1
25 26 25 1
26 24 22 1
26 24 23 1
26 25 23 2
26 26 24 2
26 26 26 1
26 27 26 1
27 28 27 9
27 28 28 3
27 29 28 2
28 27 26 1
28 28 28 1
28 29 28 10
28 29 29 5
28 30 29 1
29 29 29 2
29 30 29 4
29 30 30 15
29 31 30 2
30 30 30 43
30 31 30 38
30 31 31 8
