32
5 5 3 3
6 5 4 1
6 6 4 5
6 6 5 2
6 7 5 1
7 5 3 1
7 5 4 1
7 6 4 8
7 7 4 2
7 7 5 2
7 7 6 1
7 9 7 1
8 5 3 2
8 6 3 247
8 6 4 652
8 7 4 21
8 7 5 24
8 8 5 3
8 8 6 4
8 8 7 1
8 9 7 2
9 6 3 4
9 6 4 184
9 7 4 217
9 7 5 7
9 8 5 1
9 8 6 16
9 8 7 2
9 9 6 2
9 9 7 5
10 8 6 1
10 9 6 1
10 9 7 7
10 9 8 5
10 10 8 7
10 12 9 1
11 10 8 1
11 10 9 2
11 11 9 4
11 11 11 1
12 11 9 1
12 12 10 3
12 12 11 2
12 13 11 4
13 13 11 6
13 13 12 1
13 14 12 1
13 15 13 2
14 12 11 1
14 14 12 1
14 14 13 1
14 15 13 1
15 14 13 1
15 15 13 3
15 15 14 1
15 16 15 1
15 17 15 1
16 14 13 1
16 16 14 3
16 16 15 8
16 17 15 4
16 17 16 1
16 18 16 2
17 17 15 1
17 17 16 4
17 17 17 1
17 17 18 1
17 18 16 3
17 18 17 1
18 18 16 1
18 19 17 2
18 19 18 1
19 19 17 1
19 19 18 1
19 20 18 4
19 20 19 1
20 18 17 1
20 20 19 1
20 21 19 4
20 21 20 4
20 22 20 1
21 21 19 1
21 21 20 1
21 21 21 1
21 22 21 4
21 23 21 1
22 21 20 3
22 22 21 7
22 22 22 2
22 23 21 1
22 23 22 27
22 23 23 1
22 24 22 3
22 24 23 4
23 22 22 2
23 23 22 1
23 23 23 1
23 24 22 3
23 24 23 12
23 24 24 3
23 25 23 2
23 25 24 1
24 22 20 1
24 24 23 5
24 25 24 5
24 25 25 1
25 23 21 1
25 25 24 3
25 26 25 2
25 26 26 1
26 26 25 2
26 26 26 1
26 27 26 2
27 26 24 4
27 26 25 1
27 27 27 1
27 28 27 7
27 28 28 3
28 28 28 2
28 29 28 5
28 29 29 2
29 28 26 1
29 29 29 1
29 30 29 4
29 30 30 7
30 30 30 49
30 31 30 33
30 31 31 4
