32
5 4 3 2
5 5 4 1
6 5 3 1
6 5 4 3
6 6 4 1
7 5 3 3
7 6 4 12
7 6 5 2
7 7 5 4
7 7 6 1
8 5 3 4
8 6 3 300
8 6 4 583
8 7 4 22
8 7 5 20
8 7 6 1
8 8 6 2
8 8 7 1
8 8 8 1
8 9 7 2
9 6 3 16
9 6 4 183
9 7 4 201
9 7 5 3
9 8 5 1
9 8 6 10
9 8 7 7
9 9 6 1
9 9 7 6
9 9 9 1
9 10 8 1
10 7 5 1
10 8 7 1
10 9 6 1
10 9 7 6
10 9 8 3
10 10 8 13
10 11 9 1
10 12 9 1
11 10 8 3
11 10 9 2
11 11 9 6
12 11 9 1
12 11 10 1
12 12 10 4
12 12 12 1
12 13 11 2
13 11 9 1
13 13 11 1
13 13 12 4
13 14 12 1
13 15 12 1
13 15 13 1
14 14 12 1
14 14 13 1
14 15 13 1
15 15 13 3
15 16 14 3
16 16 14 3
16 16 15 3
16 17 15 5
16 17 16 2
17 17 15 2
17 17 16 2
17 18 16 5
17 18 17 3
17 19 17 1
18 18 16 1
18 18 17 2
18 19 17 5
18 19 18 1
19 20 18 1
20 18 17 1
20 20 20 1
20 21 19 5
20 21 20 4
21 21 20 2
21 21 21 1
21 22 20 5
21 22 21 6
21 23 21 1
21 23 22 1
22 22 20 1
22 22 21 3
22 22 22 2
22 23 22 21
22 23 23 2
22 24 23 2
23 23 22 7
23 24 22 2
23 24 23 11
23 24 24 3
23 25 24 1
24 22 20 1
24 23 20 1
24 23 22 1
24 24 23 2
24 24 24 1
24 25 24 5
24 25 25 2
25 25 23 1
25 25 24 2
25 26 25 1
25 26 26 1
26 24 22 1
26 24 23 1
26 25 23 1
26 25 24 1
26 26 24 1
26 26 25 2
26 27 26 2
27 27 26 1
27 27 27 1
27 28 27 7
28 28 27 2
28 28 28 1
28 29 28 3
28 29 29 2
29 29 29 1
29 30 29 2
29 30 30 5
30 30 30 41
30 31 30 9
30 31 31 1
