32
3 3 4 2
4 4 5 1
4 5 5 1
5 5 7 1
8 7 4 2
8 8 10 1
9 7 5 1
9 9 10 1
10 8 4 1
10 8 5 2
10 9 5 1
10 10 6 1
11 9 5 1
11 10 7 1
12 9 4 1
12 10 5 1
12 10 6 2
12 11 6 1
13 9 4 6
13 10 4 5
13 10 5 26
13 10 6 6
13 11 5 3
13 11 6 13
13 12 7 2
13 12 8 1
13 13 14 1
13 14 15 1
14 9 4 4
14 10 4 293
14 10 5 478
14 10 6 2
14 11 5 74
14 11 6 15
14 11 7 5
14 12 7 4
14 12 8 6
14 12 9 2
14 13 8 1
14 13 9 3
14 13 10 1
14 13 11 1
14 14 10 1
15 10 4 2
15 10 5 54
15 11 5 279
15 11 6 59
15 12 6 8
15 12 8 3
15 13 7 1
15 13 9 10
15 13 10 1
15 13 11 1
15 14 9 1
15 14 10 7
15 14 11 1
15 14 13 1
15 14 14 1
16 11 6 2
16 12 6 10
16 12 7 1
16 13 8 1
16 13 9 1
16 14 10 5
16 14 11 4
16 15 11 1
16 15 12 3
16 16 11 1
16 16 13 1
17 13 8 1
17 15 11 1
17 15 12 1
17 16 11 1
17 16 12 4
17 16 13 3
17 16 16 1
17 16 17 1
17 17 14 1
17 18 16 1
17 18 18 1
18 15 11 1
18 17 13 1
18 17 14 3
18 18 18 1
18 19 17 1
18 19 19 2
18 20 20 2
18 20 21 2
19 18 15 1
19 18 16 1
19 18 18 1
19 19 20 2
19 20 18 2
19 20 19 6
19 20 20 12
19 20 21 9
19 21 21 2
19 21 22 2
20 18 15 1
20 19 16 1
20 19 19 1
20 20 16 1
20 20 19 2
20 20 20 1
20 21 22 3
20 21 23 1
20 22 22 1
20 22 23 4
20 23 24 1
21 19 16 1
21 20 17 3
21 20 18 2
21 21 17 1
21 21 20 1
21 21 21 1
21 21 22 1
21 22 19 1
21 22 23 2
21 23 23 2
21 23 24 1
21 24 26 1
22 20 17 1
22 21 18 7
22 21 19 1
22 22 19 3
22 23 23 1
22 23 24 2
22 23 25 1
22 24 24 1
22 24 25 2
22 24 26 1
23 22 19 1
23 22 20 1
23 22 21 1
23 22 22 2
23 23 19 1
23 23 20 2
23 23 22 2
23 24 25 2
23 24 26 2
23 25 27 2
23 26 28 1
24 23 20 2
24 23 21 1
24 23 22 1
24 23 23 1
24 24 21 1
24 24 23 2
24 24 24 7
24 26 28 1
25 24 21 1
25 24 22 6
25 24 23 1
25 25 23 5
25 25 24 7
25 25 25 3
26 25 23 5
26 25 24 7
26 25 25 1
26 26 23 1
26 26 24 8
26 26 25 4
26 28 27 2
27 26 24 2
27 26 25 1
27 26 26 1
27 28 28 3
27 29 28 2
27 29 29 2
28 29 29 8
28 30 30 7
29 30 30 26
29 30 31 5
29 31 30 1
29 31 31 18
30 30 30 3
30 30 31 1
30 31 30 17
30 31 31 21
31 30 30 1
