32
3 3 2 1
5 4 3 2
5 5 4 1
5 6 4 1
5 6 5 1
6 5 3 4
6 5 4 4
6 6 4 1
6 6 5 3
7 5 3 1
7 6 3 2
7 6 4 20
7 7 4 2
7 7 5 5
7 7 6 3
8 5 3 4
8 6 3 382
8 6 4 639
8 7 4 21
8 7 5 32
8 8 5 4
8 8 6 5
9 6 3 7
9 6 4 122
9 7 4 165
9 7 5 3
9 8 5 2
9 8 6 11
9 8 7 1
9 9 7 8
9 10 8 1
10 8 6 1
10 9 7 5
10 9 8 1
10 10 8 13
10 11 9 1
10 12 10 2
11 10 9 1
11 11 9 5
11 11 10 1
11 13 11 2
12 12 10 2
12 12 11 2
12 13 11 1
13 11 9 1
13 13 11 2
13 13 12 3
13 14 13 1
14 12 11 1
14 14 12 2
14 15 13 2
15 14 13 1
15 15 13 3
15 15 14 1
15 16 14 4
15 16 15 1
15 17 15 1
16 16 14 5
16 16 15 2
16 17 15 5
17 17 15 1
17 17 16 5
17 18 16 2
17 18 17 1
17 18 18 1
18 17 15 1
18 18 17 2
18 18 18 1
18 19 17 3
18 19 18 1
19 19 18 2
19 20 18 4
19 20 19 1
20 18 17 1
20 19 17 1
20 20 19 2
20 20 20 1
20 21 19 4
20 21 20 2
20 22 20 1
21 21 20 1
21 21 21 2
21 22 20 5
21 22 21 8
21 23 21 2
21 23 22 2
22 21 21 1
22 22 21 6
22 22 22 1
22 23 22 20
22 23 23 3
22 24 22 1
22 24 23 6
23 24 23 7
23 24 24 2
23 25 23 1
23 25 24 2
24 24 24 2
24 25 23 1
24 25 24 6
24 25 25 1
25 23 21 1
25 24 21 1
25 24 24 1
25 25 23 1
25 25 24 2
25 26 25 4
26 25 23 1
26 25 24 4
26 26 24 1
26 26 25 1
26 26 26 1
26 27 26 4
26 27 27 1
27 26 24 1
27 27 25 1
27 27 27 1
27 28 27 4
28 28 28 1
28 29 28 6
28 29 29 1
29 29 28 1
29 29 29 2
29 30 29 4
29 30 30 5
29 31 30 1
30 30 30 41
30 31 30 11
30 31 31 7
