32
3 3 2 1
5 4 3 1
5 5 3 3
5 5 4 3
6 5 3 1
6 5 4 3
6 6 4 2
6 6 5 2
7 5 3 1
7 5 4 2
7 6 4 11
7 6 5 2
7 7 4 1
7 7 5 4
7 7 6 2
7 8 5 1
8 5 3 3
8 6 3 342
8 6 4 607
8 7 4 22
8 7 5 16
8 8 6 5
8 8 8 1
8 9 6 1
8 9 7 3
8 10 8 1
9 6 3 7
9 6 4 145
9 7 4 189
9 7 5 5
9 8 5 2
9 8 6 19
9 8 7 3
9 9 6 1
9 9 7 6
9 11 9 1
10 8 6 1
10 9 6 1
10 9 7 6
10 9 8 5
10 10 8 8
10 10 11 2
10 11 9 1
11 10 8 1
11 10 9 3
11 11 9 3
11 12 9 1
11 13 11 1
12 11 10 1
12 12 9 1
12 12 10 4
12 12 11 2
12 13 11 1
13 12 11 1
13 14 12 2
14 14 12 1
14 14 13 1
14 15 14 1
15 14 12 1
15 15 13 6
15 15 14 1
15 16 13 1
16 14 13 1
16 16 13 1
16 16 14 2
16 16 15 4
16 16 17 1
16 17 15 5
16 18 16 1
17 17 16 3
17 18 16 6
17 18 17 3
17 19 16 1
18 18 17 1
18 19 17 2
18 20 18 1
18 21 18 1
19 19 18 1
19 20 18 3
19 20 19 1
19 21 19 1
20 18 17 2
20 20 18 1
20 20 20 1
20 21 19 6
20 21 20 7
21 20 19 1
21 21 20 3
21 21 21 1
21 22 20 4
21 22 21 5
21 23 22 1
22 21 20 1
22 22 21 2
22 22 22 2
22 23 21 2
22 23 22 25
22 23 23 3
22 24 22 1
22 24 23 4
23 23 22 3
23 24 22 2
23 24 23 9
23 24 24 2
23 25 24 1
24 24 23 1
24 25 24 8
25 23 20 1
25 25 23 1
25 25 24 2
25 26 24 1
25 26 25 1
25 26 26 1
26 24 23 1
26 25 23 4
26 26 25 2
26 26 26 2
26 27 26 2
27 25 23 1
27 28 27 6
28 27 25 1
28 28 27 1
28 29 28 1
28 29 29 2
29 29 29 1
29 30 29 3
29 30 30 5
30 30 30 42
30 30 31 1
30 31 30 18
30 31 31 7
