32
5 4 3 3
5 5 3 3
5 5 4 1
6 5 3 1
6 5 4 3
6 6 4 3
6 6 5 1
6 7 5 1
7 5 3 1
7 5 4 1
7 6 4 11
7 6 5 2
7 7 4 1
7 7 5 4
7 7 6 1
7 8 5 1
7 8 6 1
8 5 3 3
8 6 3 313
8 6 4 566
8 7 4 22
8 7 5 17
8 8 5 2
8 8 6 6
8 8 8 1
8 8 9 1
8 9 6 1
8 9 7 1
9 6 3 24
9 6 4 173
9 7 4 213
9 7 5 3
9 8 5 6
9 8 6 11
9 8 7 2
9 9 6 1
9 9 7 6
9 11 9 1
10 7 4 1
10 9 7 8
10 9 8 1
10 10 7 1
10 10 8 14
10 10 9 2
10 11 9 1
10 12 9 1
11 10 8 2
11 10 9 2
11 11 8 1
11 11 9 6
11 11 10 1
12 12 10 5
13 12 11 1
13 13 11 4
13 13 12 1
13 14 12 4
14 13 11 1
14 14 12 1
14 14 13 2
14 15 15 1
14 16 14 1
15 15 13 1
15 15 14 2
16 14 13 1
16 16 13 1
16 16 14 3
16 16 15 3
16 17 15 6
16 17 16 3
17 16 14 1
17 17 15 1
17 17 16 5
17 18 16 1
17 18 17 1
18 17 18 1
18 18 17 4
18 19 17 4
18 19 18 1
18 20 18 1
19 19 18 1
19 20 18 2
19 20 19 2
19 21 19 1
20 19 17 1
20 20 19 2
20 21 19 1
20 21 20 4
20 21 21 1
21 20 19 1
21 21 20 5
21 21 21 2
21 22 20 4
21 22 21 3
21 23 22 1
22 21 20 1
22 22 21 5
22 22 22 2
22 23 22 22
22 23 23 7
22 24 22 1
22 24 23 3
23 23 22 3
23 24 23 14
23 25 24 1
24 23 22 1
24 24 22 1
24 24 23 2
24 25 24 5
25 24 24 1
25 25 23 1
25 25 24 3
25 26 26 3
26 23 22 1
26 24 22 1
26 25 23 1
26 26 24 1
26 27 26 2
26 27 27 1
27 28 27 4
27 28 28 1
28 26 25 1
28 28 28 2
28 29 28 6
29 30 29 7
29 30 30 5
29 31 31 1
30 30 30 31
30 31 30 5
