32
4 4 5 1
4 5 6 1
5 5 7 1
7 6 3 1
7 6 4 1
7 7 8 1
8 6 3 1
8 7 3 1
8 7 4 1
9 7 2 1
9 8 4 1
9 9 6 1
10 8 5 1
10 10 11 1
11 9 4 1
11 9 5 1
11 10 8 1
12 9 4 1
12 9 5 2
12 10 5 2
12 10 6 1
12 10 7 1
12 11 7 1
13 9 4 3
13 10 4 5
13 10 5 25
13 10 6 8
13 11 5 1
13 11 6 11
13 11 7 5
13 11 8 1
14 9 4 3
14 10 4 248
14 10 5 563
14 10 6 1
14 11 5 85
14 11 6 9
14 11 7 4
14 12 7 3
14 12 8 11
14 12 9 1
14 12 10 1
14 13 8 2
14 13 9 3
14 13 10 1
14 13 11 1
14 13 12 1
14 14 12 1
15 10 5 31
15 11 4 2
15 11 5 279
15 11 6 43
15 12 6 7
15 12 7 1
15 12 8 1
15 13 8 2
15 13 9 6
15 13 10 7
15 13 11 1
15 14 9 1
15 14 10 2
15 14 11 1
15 14 12 1
15 15 11 1
15 15 13 1
16 11 6 1
16 12 6 9
16 13 8 1
16 13 9 1
16 14 9 1
16 14 10 6
16 15 12 4
16 15 15 1
16 16 13 2
16 16 17 1
16 17 14 1
17 15 10 1
17 15 12 7
17 15 13 1
17 16 12 2
17 16 13 4
17 17 14 1
17 17 18 1
17 18 18 1
18 16 13 3
18 17 13 3
18 17 14 1
18 18 16 2
18 18 17 1
18 18 18 2
18 19 19 1
18 19 20 1
18 20 21 3
19 17 14 2
19 18 15 1
19 19 15 1
19 19 17 1
19 19 19 4
19 20 19 3
19 20 20 14
19 20 21 6
19 20 22 1
19 21 21 5
19 21 22 5
19 21 23 2
20 17 13 1
20 19 15 1
20 21 18 1
20 21 22 3
20 22 22 1
20 22 23 1
20 22 24 3
20 23 24 1
21 19 16 1
21 20 16 2
21 20 17 2
21 20 18 1
21 21 18 1
21 21 20 1
21 22 23 1
21 22 24 2
21 23 24 1
21 23 25 2
22 21 18 5
22 21 19 2
22 22 19 1
22 22 21 1
22 22 22 1
22 23 23 1
22 23 24 5
22 23 25 1
22 23 26 1
22 24 26 1
23 21 19 1
23 22 19 2
23 22 20 1
23 22 22 1
23 23 20 1
23 23 22 2
23 23 23 1
23 25 26 1
23 25 27 2
24 23 21 3
24 23 23 2
24 24 22 1
24 24 23 4
24 24 24 4
24 25 24 3
24 25 25 2
25 24 22 10
25 24 23 4
25 25 22 1
25 25 23 4
25 25 24 7
25 25 25 3
26 25 23 4
26 25 24 8
26 25 25 2
26 26 24 1
26 26 25 6
27 26 24 2
27 27 25 1
27 29 29 1
28 30 30 1
29 30 30 6
29 30 31 2
29 31 31 4
30 30 30 1
30 30 31 1
30 31 30 16
30 31 31 16
