32
4 4 2 1
5 4 3 2
5 5 3 3
5 5 4 1
6 5 3 1
6 5 4 1
6 6 4 4
6 6 5 3
7 5 4 3
7 6 4 9
7 7 5 5
7 7 6 1
7 7 8 1
7 8 6 3
7 9 6 1
8 5 3 3
8 6 3 348
8 6 4 648
8 7 4 20
8 7 5 18
8 8 5 3
8 8 6 3
8 10 8 1
9 6 3 6
9 6 4 139
9 7 4 178
9 7 5 3
9 8 5 2
9 8 6 19
9 8 7 2
9 9 7 7
10 8 7 1
10 9 6 1
10 9 7 7
10 9 8 6
10 10 7 1
10 10 8 11
10 10 9 1
11 10 9 1
11 11 9 1
11 11 12 1
11 12 10 2
12 11 10 1
12 12 10 3
12 12 11 1
12 13 11 2
13 11 9 1
13 13 11 2
13 13 12 4
13 14 12 2
13 15 13 1
14 12 10 1
14 12 11 1
14 14 12 1
14 14 13 1
15 14 15 1
15 15 13 6
15 15 14 3
15 16 14 1
15 16 15 1
15 16 16 1
16 16 14 2
16 16 15 4
16 17 15 5
17 16 15 1
17 17 15 1
17 17 16 3
17 18 17 6
18 18 17 2
18 19 17 1
18 19 18 3
18 20 18 1
19 19 18 2
19 20 18 1
19 20 19 2
20 19 18 1
20 20 18 1
20 20 19 2
20 21 19 4
20 21 20 7
20 22 20 1
21 21 20 1
21 21 21 1
21 22 20 5
21 22 21 5
21 23 21 1
22 22 21 5
22 22 22 3
22 23 22 18
22 24 22 3
22 24 23 6
23 23 21 1
23 23 22 1
23 23 23 1
23 24 23 7
23 24 24 1
24 21 19 1
24 24 23 3
24 25 23 1
24 25 24 6
24 26 25 1
25 24 21 1
25 24 22 1
25 25 23 2
25 25 24 3
25 26 24 1
25 26 25 2
25 26 26 1
26 24 23 1
26 25 23 2
26 25 24 1
26 26 25 6
26 27 26 3
27 26 24 1
27 26 25 1
27 28 27 8
27 28 28 2
28 28 27 2
28 29 28 11
28 29 29 6
28 30 29 1
29 29 29 3
29 30 29 8
29 30 30 14
30 30 30 56
30 31 30 42
30 31 31 13
