32
5 5 3 3
6 5 3 1
6 5 4 3
6 6 4 3
6 6 5 3
6 7 5 1
7 5 3 1
7 5 4 2
7 6 4 7
7 6 5 1
7 7 5 4
7 7 6 1
7 8 5 1
7 8 6 1
8 5 3 1
8 6 3 338
8 6 4 549
8 7 4 22
8 7 5 18
8 8 6 8
8 8 9 1
8 9 6 1
8 10 7 1
9 6 3 15
9 6 4 182
9 7 4 224
9 7 5 5
9 8 6 13
9 8 7 2
9 9 6 1
9 9 7 4
9 9 10 1
9 10 8 1
10 7 4 3
10 8 6 1
10 9 6 2
10 9 7 7
10 9 8 2
10 10 7 1
10 10 8 16
11 10 8 3
11 10 9 2
11 11 9 3
11 11 10 3
11 12 10 1
11 13 11 2
12 11 10 1
12 11 12 1
12 12 10 3
12 12 11 1
12 12 12 1
12 13 11 2
12 14 11 1
13 13 11 4
13 13 12 2
13 14 13 1
14 12 11 1
14 14 12 2
14 15 13 2
15 14 13 1
15 15 13 4
15 15 14 1
15 15 16 1
15 16 14 2
15 17 15 1
16 16 14 4
16 16 15 2
16 17 15 5
16 17 16 2
17 16 15 1
17 17 15 4
17 17 16 1
17 17 17 1
17 18 16 3
17 18 17 3
18 17 15 1
18 18 16 1
18 18 17 1
18 19 17 3
18 20 18 1
19 18 17 1
19 19 18 3
19 19 19 1
19 20 18 1
19 20 19 3
20 20 19 3
20 21 19 4
20 21 20 4
20 22 20 3
21 20 19 1
21 21 20 2
21 21 21 2
21 22 20 2
21 22 21 6
22 21 20 1
22 21 21 1
22 22 21 5
22 22 22 2
22 23 21 1
22 23 22 22
22 23 23 6
22 24 23 3
23 23 22 4
23 24 22 1
23 24 23 14
23 24 24 2
24 23 23 1
24 24 23 1
24 25 23 1
24 25 24 3
24 26 25 1
25 25 24 1
25 26 26 1
26 25 23 2
26 26 25 3
26 27 26 3
26 27 27 1
27 26 24 1
27 28 27 7
28 27 26 2
28 28 27 1
28 29 28 4
29 30 29 6
30 30 30 32
30 31 30 10
30 31 31 2
