32
3 3 4 1
5 5 6 1
8 6 3 1
8 9 11 1
9 7 4 1
9 8 5 3
10 8 4 2
11 10 6 1
12 9 5 3
12 10 5 1
12 10 6 1
13 9 4 3
13 10 4 3
13 10 5 32
13 10 6 2
13 11 5 2
13 11 6 14
13 11 7 6
13 12 8 3
13 13 9 1
13 13 10 1
14 9 4 1
14 10 4 246
14 10 5 525
14 10 6 1
14 11 5 68
14 11 6 16
14 11 7 7
14 12 6 1
14 12 7 3
14 12 8 7
14 13 8 1
14 13 9 5
14 13 10 1
14 14 11 1
14 14 14 1
15 10 4 2
15 10 5 51
15 11 5 289
15 11 6 56
15 12 6 4
15 12 7 1
15 13 8 4
15 13 9 2
15 13 10 1
15 13 11 1
15 14 10 2
15 14 11 1
15 15 11 1
15 15 14 1
16 12 6 14
16 14 10 4
16 14 11 1
16 15 11 4
16 15 12 3
16 15 13 1
16 15 15 1
16 16 13 2
16 17 15 1
17 14 10 3
17 15 11 4
17 15 12 3
17 16 12 1
17 16 13 2
17 17 17 1
17 17 18 1
17 18 18 1
18 15 11 1
18 16 13 2
18 17 13 1
18 17 14 3
18 18 19 1
18 19 18 1
18 19 19 3
18 20 20 1
18 20 21 1
19 16 12 2
19 17 13 1
19 17 15 1
19 18 14 2
19 18 15 5
19 19 15 1
19 19 18 1
19 20 18 2
19 20 19 4
19 20 20 12
19 20 21 12
19 20 22 1
19 21 21 3
19 21 22 3
20 18 15 1
20 19 16 2
20 19 17 3
20 20 19 2
20 21 20 1
20 21 21 2
20 21 22 1
20 21 23 2
20 22 22 2
20 22 23 2
20 22 24 2
21 18 15 1
21 20 17 1
21 20 18 1
21 21 18 2
21 22 24 3
21 23 25 3
22 20 17 1
22 20 18 1
22 21 18 3
22 21 21 1
22 22 19 1
22 22 21 1
22 23 23 1
22 23 25 1
22 24 25 3
22 24 26 2
23 21 19 1
23 22 19 3
23 22 20 1
23 22 23 1
23 23 22 1
23 24 24 1
23 25 25 1
23 26 28 2
24 23 20 3
24 23 21 4
24 24 23 3
24 24 24 6
24 24 25 1
24 25 24 2
24 25 25 3
24 27 29 1
25 24 22 10
25 24 23 1
25 24 24 1
25 25 23 4
25 25 24 6
25 25 25 1
26 25 23 4
26 25 24 10
26 25 25 2
26 26 23 1
26 26 24 5
26 26 25 1
27 26 24 2
27 26 25 1
27 27 26 1
28 29 29 1
28 30 30 1
29 30 30 8
29 30 31 2
30 30 30 2
30 30 31 1
30 31 30 19
30 31 31 11
