32
5 4 3 1
5 5 3 3
5 5 4 1
6 5 4 3
6 6 4 6
6 6 5 2
6 7 5 1
7 5 3 1
7 5 4 1
7 6 4 13
7 7 4 1
7 7 5 1
7 7 6 1
7 8 6 1
8 5 3 3
8 6 3 292
8 6 4 616
8 7 4 20
8 7 5 24
8 7 6 1
8 8 5 1
8 8 6 6
8 8 7 1
8 9 7 2
8 9 9 2
9 6 3 4
9 6 4 152
9 7 4 209
9 7 5 1
9 8 5 3
9 8 6 14
9 8 7 4
9 9 7 7
9 10 8 1
10 8 7 1
10 9 7 8
10 9 8 2
10 10 7 1
10 10 8 7
10 10 9 1
10 11 9 2
11 10 8 3
11 11 9 5
11 11 10 2
11 11 11 1
11 12 10 1
12 11 10 1
12 12 9 1
12 12 10 6
12 12 11 1
12 13 11 1
12 13 12 1
13 12 10 1
13 13 11 3
13 13 12 1
13 14 12 1
14 13 12 2
14 15 14 1
15 15 13 3
15 15 14 1
15 16 14 1
16 15 13 2
16 16 14 2
16 16 15 3
16 17 15 2
16 17 16 2
16 18 16 1
17 16 14 1
17 16 15 1
17 17 15 2
17 17 16 5
17 17 17 1
17 18 16 2
17 18 17 3
18 18 17 4
18 19 17 2
18 19 18 2
18 20 18 1
19 20 18 2
19 20 19 4
20 18 17 1
20 19 18 1
20 20 19 1
20 21 19 5
20 21 20 6
20 21 21 1
21 21 20 2
21 22 20 2
21 22 21 8
21 22 22 1
22 22 21 1
22 22 22 4
22 23 21 1
22 23 22 24
22 23 23 6
23 20 17 1
23 23 21 1
23 23 22 4
23 24 23 7
23 24 24 3
23 25 24 1
24 25 23 1
24 25 24 7
24 25 25 2
25 24 22 1
25 24 24 1
25 25 24 4
25 26 25 1
25 26 26 2
26 25 23 1
26 26 25 1
26 26 26 2
26 27 27 1
27 26 24 1
27 27 26 1
27 28 27 8
27 28 28 1
28 28 26 2
28 29 28 5
28 29 29 1
29 30 29 3
29 30 30 6
30 30 30 38
30 31 30 25
30 31 31 6
