32
4 4 3 1
5 5 3 1
5 5 4 1
6 4 3 1
6 5 4 2
6 6 4 2
6 6 5 2
6 7 5 3
7 5 3 2
7 5 4 1
7 6 4 13
7 6 5 1
7 7 4 1
7 7 5 3
7 7 6 1
8 5 3 7
8 6 3 376
8 6 4 539
8 7 4 25
8 7 5 19
8 8 5 4
8 8 6 9
8 8 7 1
8 10 7 1
8 11 8 1
9 6 3 22
9 6 4 168
9 7 4 178
9 7 5 2
9 7 6 1
9 8 5 3
9 8 6 10
9 9 6 1
9 9 7 12
9 9 8 1
10 7 5 1
10 8 6 1
10 9 7 7
10 9 8 2
10 10 8 9
10 10 9 1
10 11 8 1
10 11 9 1
10 11 10 1
11 10 8 6
11 11 9 5
11 12 10 2
12 11 9 1
12 11 10 2
12 12 10 2
12 12 12 1
13 12 13 1
13 13 11 2
13 13 12 1
13 14 12 2
14 14 12 2
14 14 13 2
14 15 13 1
14 16 14 2
15 14 12 1
15 15 13 2
15 15 14 1
15 16 14 1
16 14 13 1
16 16 14 2
16 16 15 7
16 17 15 5
17 16 15 1
17 17 16 4
17 17 17 1
17 18 16 2
17 18 17 3
18 18 16 1
18 18 17 2
18 18 18 1
18 19 17 2
18 19 18 1
18 20 17 1
19 18 17 1
19 19 17 1
19 19 18 2
19 20 18 1
19 20 19 3
19 21 19 1
20 18 17 1
20 20 19 1
20 21 19 6
20 21 20 6
21 21 20 1
21 22 20 1
21 22 21 6
21 22 22 1
21 23 21 1
21 23 22 2
22 22 21 4
22 22 22 2
22 23 21 2
22 23 22 20
22 23 23 3
22 24 22 2
22 24 23 1
23 23 22 3
23 23 23 2
23 24 22 3
23 24 23 12
23 24 24 2
23 25 24 1
24 24 23 5
24 25 23 1
24 25 24 6
24 25 25 2
25 23 21 1
25 23 22 1
25 25 24 2
25 26 25 1
25 26 26 1
26 25 23 1
26 26 25 3
26 27 26 4
26 27 27 2
26 28 27 1
27 26 24 2
27 26 25 2
27 27 26 3
27 28 27 5
28 28 27 2
28 28 28 1
28 29 28 5
28 29 29 6
29 28 27 1
29 29 29 4
29 30 29 3
29 30 30 8
29 31 30 1
30 30 30 48
30 31 30 43
30 31 31 19
