32
5 4 3 1
5 5 3 3
6 5 4 5
6 6 4 3
6 6 5 3
7 5 3 1
7 6 4 7
7 7 5 4
7 7 6 1
7 8 6 1
8 5 3 5
8 5 4 1
8 6 3 300
8 6 4 633
8 6 5 1
8 7 4 14
8 7 5 21
8 7 6 1
8 8 6 5
8 8 7 1
8 8 9 1
8 9 7 1
9 6 3 5
9 6 4 190
9 7 4 160
9 7 5 4
9 8 5 4
9 8 6 12
9 8 7 4
9 9 6 1
9 9 7 10
9 10 8 1
10 8 6 1
10 9 7 4
10 9 8 5
10 10 8 12
11 10 8 2
11 10 9 1
11 11 8 1
11 11 9 7
11 13 10 1
12 11 10 1
12 12 10 2
12 12 11 2
12 13 11 1
13 13 11 3
13 13 12 1
13 13 13 2
13 13 14 1
13 15 13 1
14 13 11 1
14 14 12 3
15 15 13 3
15 15 14 1
15 16 14 2
15 16 15 1
16 14 13 1
16 16 14 4
16 16 15 4
16 17 15 5
16 18 15 1
16 18 16 1
17 17 16 3
17 18 16 3
17 18 17 4
18 18 17 2
18 18 19 1
18 19 17 2
18 19 18 3
19 18 17 1
19 19 17 1
19 19 18 2
19 20 19 5
20 20 19 1
20 21 19 3
20 21 20 4
20 22 20 2
21 21 20 2
21 21 21 4
21 22 20 3
21 22 21 7
21 23 21 1
21 23 22 1
22 21 20 1
22 22 21 2
22 23 21 2
22 23 22 24
22 24 23 3
23 23 21 1
23 23 23 3
23 24 22 1
23 24 23 8
23 24 24 3
24 22 20 1
24 24 23 4
24 25 23 3
24 25 24 8
24 25 25 1
25 24 22 1
25 25 24 3
25 26 24 1
25 26 25 2
25 26 26 1
26 23 23 1
26 25 23 1
26 26 25 1
26 27 26 2
27 27 26 3
27 27 27 1
27 28 27 8
28 28 28 1
28 29 28 3
28 29 29 2
29 29 29 1
29 30 29 4
29 30 30 3
30 30 30 43
30 31 30 26
30 31 31 10
