32
4 4 2 1
4 4 3 1
5 5 3 2
5 5 4 2
5 6 4 1
6 5 3 1
6 5 4 3
6 6 4 3
6 6 5 3
6 7 5 2
7 5 3 2
7 6 4 11
7 6 5 2
7 7 5 4
7 7 6 1
7 7 8 1
8 5 3 4
8 6 3 395
8 6 4 540
8 6 5 1
8 7 4 19
8 7 5 19
8 8 5 1
8 8 6 6
8 8 8 1
8 9 7 1
8 10 8 1
9 6 3 8
9 6 4 170
9 7 4 177
9 7 5 4
9 8 5 4
9 8 6 14
9 8 7 2
9 9 7 8
9 10 8 1
9 11 8 1
10 7 4 2
10 9 7 6
10 9 8 1
10 10 7 4
10 10 8 13
11 10 9 2
11 11 9 2
11 12 10 1
12 11 9 1
12 11 10 1
12 12 10 6
12 12 11 2
12 13 10 1
12 14 12 1
13 11 9 1
13 12 10 1
13 13 11 5
13 13 12 1
13 13 14 1
13 14 12 2
13 14 13 1
14 12 10 1
14 13 14 1
14 14 13 1
15 15 13 2
15 15 14 1
15 15 15 1
15 16 14 1
16 16 14 7
16 16 15 2
16 17 15 3
16 17 16 2
17 17 15 1
17 17 16 5
17 18 16 1
18 17 15 1
18 18 17 3
18 19 17 2
18 19 18 1
19 18 17 2
19 19 17 1
19 20 19 1
19 21 19 1
20 20 19 2
20 21 19 4
20 21 20 5
20 22 20 1
21 20 19 1
21 20 21 1
21 21 19 1
21 21 20 4
21 21 21 1
21 22 20 6
21 22 21 4
21 22 22 1
21 23 22 1
22 22 21 2
22 22 22 1
22 23 21 1
22 23 22 24
22 23 23 1
22 24 22 1
22 24 23 4
23 21 18 1
23 22 21 1
23 23 21 1
23 23 22 7
23 24 22 1
23 24 23 10
23 25 23 1
23 25 24 2
24 24 23 4
24 25 23 4
24 25 24 3
24 26 25 1
25 23 21 2
25 24 23 1
25 25 24 3
25 26 25 1
25 26 26 2
26 25 23 2
26 26 24 1
26 27 26 2
27 27 27 2
27 28 27 7
28 28 28 1
28 29 28 7
28 29 29 4
29 29 28 1
29 29 29 2
29 30 29 5
29 30 30 7
30 29 28 1
30 30 30 52
30 30 31 1
30 31 30 33
30 31 31 10
