32
4 4 3 2
5 4 3 1
5 5 3 2
5 7 5 1
6 5 4 2
6 6 4 3
6 6 5 3
7 5 3 1
7 6 4 14
7 6 5 1
7 7 4 1
7 7 5 8
7 8 5 1
8 5 3 2
8 6 3 281
8 6 4 689
8 6 5 2
8 7 4 24
8 7 5 32
8 8 6 6
8 8 8 1
8 9 7 2
8 10 7 1
9 6 3 5
9 6 4 147
9 7 4 168
9 7 5 3
9 8 5 4
9 8 6 8
9 9 7 10
9 9 10 1
9 10 8 2
10 7 4 2
10 9 7 12
10 9 8 3
10 10 8 9
10 11 9 1
11 10 9 1
11 11 9 4
11 11 11 1
11 12 10 2
12 12 10 3
12 12 13 1
12 13 11 1
12 14 12 1
13 11 9 1
13 12 11 1
13 13 11 3
13 13 12 1
13 14 12 2
14 14 13 1
14 15 13 1
15 14 12 1
15 15 13 2
15 15 14 2
15 16 14 5
16 14 13 1
16 16 14 4
16 16 15 1
16 17 15 1
16 17 16 2
16 18 16 1
17 16 15 1
17 17 15 1
17 17 16 2
17 18 16 1
17 18 17 3
18 16 15 1
18 18 17 4
18 19 18 1
18 19 19 1
19 18 17 2
19 19 18 3
19 20 18 4
19 20 19 4
20 18 17 1
20 20 19 1
20 21 19 5
20 21 20 6
20 22 20 1
21 21 20 4
21 21 21 2
21 22 20 2
21 22 21 4
21 23 22 1
22 22 20 1
22 22 21 5
22 22 22 1
22 23 22 18
22 23 23 5
22 24 22 1
22 24 23 6
23 22 22 2
23 23 22 2
23 24 22 2
23 24 23 10
23 24 24 1
24 24 22 1
24 24 23 4
24 25 24 7
24 25 25 1
25 23 21 1
25 25 24 3
25 25 25 1
25 26 25 3
25 26 26 1
26 25 24 2
26 26 25 4
26 26 26 2
26 27 26 3
27 26 25 1
27 27 26 1
27 28 27 3
27 28 28 3
28 28 27 2
28 28 28 1
28 29 28 3
28 29 29 2
29 29 29 1
29 30 29 3
29 30 30 1
30 30 30 37
30 31 30 9
30 31 31 3
