32
4 4 3 1
5 5 3 1
5 5 4 1
5 6 5 1
6 5 3 1
6 5 4 4
6 6 4 4
6 6 5 4
6 7 6 1
6 8 5 1
7 5 3 1
7 6 3 1
7 6 4 9
7 7 4 1
7 7 5 1
7 8 8 1
8 5 3 8
8 5 4 1
8 6 3 343
8 6 4 565
8 7 4 20
8 7 5 23
8 8 5 1
8 8 6 1
8 9 6 1
8 9 7 1
9 6 3 14
9 6 4 184
9 7 4 177
9 7 5 1
9 8 5 3
9 8 6 18
9 8 7 2
9 9 6 1
9 9 7 6
9 9 8 1
9 10 8 2
10 7 4 1
10 9 7 7
10 9 8 1
10 10 8 15
10 10 9 1
10 11 9 1
11 10 8 1
11 10 9 2
11 11 9 5
11 12 10 3
12 11 10 1
12 12 9 1
12 12 10 4
12 12 11 4
13 12 11 1
13 13 11 4
13 13 12 2
14 14 12 3
14 14 13 2
14 15 13 1
15 15 13 3
15 16 14 1
16 14 13 1
16 16 13 1
16 16 14 1
16 16 15 4
16 17 15 9
16 17 16 1
16 18 16 1
17 17 16 2
17 18 16 5
17 18 17 1
18 18 17 3
18 19 17 2
18 19 18 3
19 20 18 1
19 20 19 3
20 20 19 5
20 21 19 3
20 21 20 2
21 21 20 2
21 22 20 2
21 22 21 5
21 23 21 1
22 22 21 4
22 22 22 1
22 23 21 3
22 23 22 23
22 23 23 1
22 24 22 1
22 24 23 8
23 23 21 1
23 23 22 4
23 24 23 10
23 24 24 1
23 25 24 1
24 22 20 1
24 24 23 1
24 24 24 1
24 25 23 1
24 25 24 2
24 25 25 2
25 25 23 1
25 25 24 4
25 25 25 1
25 26 24 1
25 26 25 1
26 25 24 1
26 26 26 3
26 27 26 3
27 26 26 1
27 28 27 10
27 28 28 2
27 29 28 2
28 28 27 3
28 28 28 3
28 29 28 8
28 29 29 3
29 28 28 1
29 29 29 2
29 30 29 4
29 30 30 10
30 30 30 47
30 31 30 39
30 31 31 6
