32
5 4 2 1
5 4 3 2
5 5 3 2
5 5 4 2
5 6 5 1
6 5 3 1
6 5 4 3
6 8 5 1
7 5 3 5
7 6 4 14
7 6 5 3
7 7 4 1
7 7 5 6
7 8 6 2
8 5 3 15
8 5 4 1
8 6 3 494
8 6 4 548
8 7 4 20
8 7 5 25
8 8 5 1
8 8 6 5
8 9 7 3
9 6 3 14
9 6 4 117
9 7 4 109
9 7 5 2
9 8 6 18
9 8 7 2
9 9 7 6
9 10 8 1
10 7 4 1
10 9 6 1
10 9 7 3
10 9 8 5
10 10 8 9
10 11 9 1
10 12 10 1
11 11 8 1
11 11 9 3
11 12 10 1
12 11 9 1
12 12 10 5
12 13 11 2
13 12 13 1
13 13 11 5
13 13 12 1
14 14 12 1
14 14 13 3
14 14 15 1
14 15 13 1
15 15 13 3
15 15 14 1
15 15 15 1
15 16 14 2
16 14 13 1
16 16 14 6
16 16 15 5
16 17 15 1
16 17 16 2
17 16 14 1
17 17 16 5
17 18 16 1
17 18 17 2
18 18 16 1
18 18 17 1
18 19 18 2
19 18 17 2
19 19 17 1
19 19 18 1
19 20 18 2
19 20 19 1
20 20 19 5
20 21 19 4
20 21 20 2
20 22 20 1
20 22 21 1
21 20 19 1
21 21 20 6
21 22 20 3
21 22 21 7
21 23 22 2
22 22 21 3
22 22 22 3
22 23 21 3
22 23 22 13
22 23 23 3
22 24 22 3
22 24 23 5
23 23 22 2
23 24 23 13
23 24 24 1
23 25 23 2
24 24 23 4
24 25 23 2
24 25 24 8
25 25 24 1
25 26 24 1
25 26 25 2
26 26 24 1
26 26 25 1
26 26 26 1
26 27 26 5
26 27 27 1
27 26 24 1
27 27 26 1
27 27 27 1
27 28 27 6
27 28 28 2
27 29 28 2
28 28 27 1
28 29 28 3
28 29 29 6
29 29 29 4
29 30 29 2
29 30 30 7
30 30 30 41
30 31 30 36
30 31 31 9
