32
5 4 2 1
5 5 3 2
5 5 4 3
6 5 3 1
6 5 4 2
6 6 5 2
7 5 4 1
7 6 4 13
7 6 5 1
7 7 5 2
7 7 6 1
7 8 6 1
8 5 3 16
8 6 3 423
8 6 4 569
8 7 4 15
8 7 5 18
8 7 6 1
8 7 8 1
8 8 5 2
8 8 6 4
8 9 7 1
8 9 8 1
9 6 3 4
9 6 4 129
9 7 4 159
9 7 5 4
9 8 5 1
9 8 6 18
9 8 7 1
9 9 7 9
9 9 8 1
9 9 10 1
9 10 7 1
9 10 8 1
10 8 6 1
10 9 6 1
10 9 7 8
10 10 7 1
10 10 8 9
10 10 9 1
10 12 9 1
11 10 8 3
11 10 9 2
11 11 9 1
11 12 10 4
12 11 10 1
12 12 10 2
12 13 11 3
12 14 12 1
13 12 11 1
13 13 11 3
13 14 12 5
13 14 13 1
14 12 10 1
14 13 10 1
14 13 11 1
14 14 12 2
14 15 13 1
15 15 13 4
15 16 15 1
16 15 13 2
16 16 13 1
16 16 14 1
16 16 15 1
16 17 15 9
16 17 16 1
17 16 14 1
17 17 15 3
17 17 16 3
17 17 17 1
17 18 16 3
17 18 17 1
18 17 15 2
18 18 17 1
18 19 17 1
18 19 18 1
19 18 17 1
19 18 19 1
19 19 17 1
19 19 18 1
19 20 18 2
19 20 19 3
20 18 17 1
20 19 17 1
20 19 18 1
20 20 19 1
20 21 19 4
20 21 20 4
21 21 19 1
21 21 20 3
21 21 21 2
21 22 20 6
21 22 21 8
21 23 22 1
22 22 21 2
22 22 22 1
22 23 21 1
22 23 22 19
22 23 23 3
22 24 22 1
22 24 23 4
23 23 22 2
23 24 22 1
23 24 23 11
23 24 24 1
23 25 24 1
24 24 23 7
24 25 23 1
24 25 24 6
24 25 25 2
25 24 24 1
25 25 24 1
25 26 26 1
25 27 26 1
26 26 25 3
26 26 26 1
26 27 26 3
26 27 27 1
27 26 24 1
27 27 26 1
27 28 27 5
27 28 28 2
28 27 26 1
28 28 27 1
28 28 28 3
28 29 28 5
28 29 29 4
29 29 29 5
29 30 29 7
29 30 30 8
30 30 30 40
30 31 30 37
30 31 31 17
