32
4 6 5 1
5 5 3 2
5 5 4 2
6 5 3 1
6 5 4 2
6 6 4 1
6 6 5 3
7 5 3 2
7 5 4 1
7 6 4 14
7 7 4 1
7 7 5 3
7 7 6 1
7 8 5 1
8 5 3 9
8 5 4 2
8 6 3 450
8 6 4 591
8 7 4 19
8 7 5 13
8 8 5 2
8 8 6 4
8 9 7 4
9 6 3 8
9 6 4 129
9 7 4 116
9 7 5 2
9 8 5 1
9 8 6 15
9 8 7 1
9 9 6 4
9 9 7 10
9 11 8 1
9 11 9 1
10 9 7 7
10 9 8 3
10 10 8 8
10 10 9 1
10 10 11 1
10 11 8 1
10 11 9 1
11 10 8 2
11 11 9 5
11 13 11 1
12 11 10 1
12 12 10 5
12 13 10 1
12 13 11 1
12 14 12 1
13 13 11 2
13 13 12 3
13 14 12 2
13 15 12 1
14 12 10 1
14 14 12 3
14 14 13 1
15 14 13 1
15 15 13 2
15 15 14 1
15 16 14 2
15 16 15 1
16 16 13 1
16 16 14 3
16 16 15 3
16 17 15 2
16 17 16 1
16 18 15 1
17 16 15 1
17 17 15 3
17 17 16 3
17 18 16 3
17 18 17 2
18 17 15 2
18 18 16 1
18 18 17 1
18 19 18 1
18 20 18 1
19 19 18 1
19 20 18 2
19 20 19 1
20 19 20 1
20 20 18 1
20 20 19 4
20 20 20 1
20 21 19 3
20 21 20 4
21 21 20 2
21 22 21 9
21 23 22 1
22 21 20 1
22 22 20 1
22 22 21 6
22 22 22 2
22 23 21 2
22 23 22 19
22 23 23 4
22 24 23 3
23 23 21 1
23 23 22 6
23 24 22 1
23 24 23 10
23 25 24 1
24 24 22 1
24 24 23 3
24 24 24 2
24 25 24 7
24 25 25 2
25 25 23 1
25 25 24 3
25 26 25 3
25 26 26 1
26 24 23 1
26 25 23 1
26 26 25 3
26 26 26 2
26 27 26 2
27 26 23 1
27 27 26 1
27 28 27 5
27 28 28 1
28 27 25 2
28 28 27 1
28 29 28 6
28 29 29 1
29 29 29 6
29 29 30 1
29 30 29 7
29 30 30 6
30 30 30 45
30 31 30 29
30 31 31 11
