32
4 4 5 2
4 4 6 1
8 6 3 1
8 7 3 1
8 8 9 1
9 7 3 1
9 7 4 1
9 8 4 1
11 8 4 1
11 9 6 1
11 9 7 1
11 10 7 2
12 9 4 2
12 9 5 1
12 10 5 2
12 10 6 3
12 12 8 1
13 9 4 21
13 10 4 24
13 10 5 44
13 10 6 11
13 11 5 3
13 11 6 11
13 11 7 3
13 12 8 4
13 13 12 1
14 9 4 5
14 10 4 451
14 10 5 548
14 10 6 1
14 11 5 55
14 11 6 6
14 11 7 5
14 12 7 3
14 12 8 11
14 12 9 2
14 13 8 1
14 13 9 3
14 13 10 3
14 14 12 1
14 14 15 1
15 10 5 6
15 11 5 108
15 11 6 41
15 12 6 1
15 13 8 5
15 13 9 8
15 13 10 4
15 14 10 4
15 15 12 2
15 15 16 1
16 14 11 2
16 15 11 1
16 15 12 1
16 16 12 1
16 16 13 1
16 17 19 1
17 15 11 2
17 15 12 4
17 16 12 1
17 16 13 5
17 17 14 2
17 17 15 1
17 18 18 1
18 15 11 1
18 16 12 1
18 16 13 1
18 17 13 3
18 18 19 2
18 18 20 1
18 19 19 2
18 20 21 1
18 20 22 1
19 16 13 1
19 17 15 1
19 18 14 1
19 18 15 1
19 18 16 1
19 19 17 1
19 20 19 6
19 20 20 13
19 20 21 4
19 21 21 7
19 21 22 6
19 21 23 1
20 17 13 2
20 19 16 2
20 20 17 1
20 20 19 2
20 21 19 2
20 21 21 1
20 21 22 1
20 22 22 2
20 22 23 4
21 18 15 1
21 19 17 1
21 20 17 6
21 20 18 1
21 21 18 1
21 21 21 1
21 22 22 1
21 22 23 1
21 23 25 1
22 20 17 1
22 20 18 1
22 21 18 1
22 21 20 1
22 22 19 2
22 25 27 2
23 22 19 3
23 22 20 1
23 23 21 1
23 23 22 1
23 23 23 1
23 24 24 4
23 24 25 5
23 24 26 2
23 25 26 2
23 26 28 1
24 23 20 3
24 23 21 4
24 24 22 1
24 24 23 3
24 24 24 3
24 24 25 1
24 25 24 1
25 24 21 3
25 24 22 6
25 24 23 3
25 24 24 1
25 25 22 1
25 25 23 8
25 25 24 9
25 25 25 2
26 25 24 6
26 25 25 1
26 26 24 10
26 26 25 5
27 26 23 1
27 26 24 1
27 28 28 1
28 29 29 5
28 30 30 4
29 30 30 15
29 30 31 3
29 31 30 1
29 31 31 11
30 30 30 3
30 31 30 14
30 31 31 16
