32
5 5 3 3
5 5 4 1
6 5 3 1
6 5 4 1
6 6 4 4
6 6 6 1
7 5 4 3
7 6 4 12
7 6 5 2
7 7 4 1
7 7 6 1
7 8 5 1
7 8 6 1
8 5 3 4
8 6 3 272
8 6 4 624
8 6 5 1
8 7 4 17
8 7 5 26
8 7 8 1
8 8 5 2
8 8 6 5
8 8 8 1
8 9 6 1
8 11 8 1
9 6 3 10
9 6 4 185
9 7 4 204
9 7 5 5
9 8 5 1
9 8 6 13
9 8 7 7
9 9 6 1
9 9 7 5
9 10 8 1
10 7 4 2
10 9 7 8
10 9 8 3
10 10 8 10
10 10 10 1
10 11 9 1
11 10 9 1
11 11 8 1
11 11 9 5
11 11 10 1
11 12 10 1
12 11 10 2
12 12 10 4
12 12 11 1
12 14 11 1
13 13 11 3
13 13 12 4
13 14 12 1
14 12 11 1
14 13 12 1
14 14 12 1
14 14 13 2
15 14 13 1
15 15 13 4
15 15 14 2
16 15 13 1
16 16 14 3
16 16 15 2
16 17 15 4
16 17 16 1
16 18 16 1
17 17 16 4
17 18 16 1
17 18 17 5
17 19 17 1
18 17 15 1
18 18 16 1
18 18 17 3
18 19 17 3
18 19 18 1
19 18 17 1
19 19 17 1
19 20 18 1
19 20 19 2
20 19 19 1
20 20 19 1
20 21 19 3
20 21 20 5
20 22 19 1
21 20 19 1
21 21 20 4
21 21 21 2
21 22 20 2
21 22 21 4
21 23 21 1
22 22 20 1
22 22 21 2
22 22 22 3
22 23 21 2
22 23 22 23
22 23 23 3
22 24 23 3
23 23 21 1
23 24 22 2
23 24 23 10
23 24 24 1
24 22 20 1
24 23 21 1
24 23 22 1
24 24 22 1
24 24 23 3
24 25 23 1
24 25 24 9
24 26 25 1
25 25 23 1
25 25 25 1
25 26 24 1
25 26 25 2
26 25 23 1
26 26 24 1
26 26 25 1
26 26 26 1
26 27 26 4
26 27 27 2
27 25 23 1
27 27 27 1
27 28 27 3
28 28 27 3
28 28 28 1
28 29 28 4
28 29 29 1
29 30 29 1
29 30 30 2
30 30 30 39
30 31 30 9
30 31 31 2
