32
5 5 3 2
5 5 4 1
6 5 4 2
6 6 4 5
6 6 5 3
6 7 4 1
6 7 5 1
6 8 5 1
7 5 3 1
7 6 3 3
7 6 4 13
7 7 5 2
7 8 6 2
8 5 3 5
8 6 3 286
8 6 4 625
8 6 5 1
8 7 4 26
8 7 5 20
8 7 6 1
8 8 6 3
8 8 7 1
9 6 3 2
9 6 4 145
9 7 4 227
9 7 5 5
9 8 5 2
9 8 6 13
9 8 7 3
9 9 6 1
9 9 7 3
9 10 7 1
9 10 8 3
10 9 7 13
10 9 8 2
10 10 7 1
10 10 8 8
11 10 8 2
11 10 9 2
11 11 9 4
11 11 10 1
11 12 10 2
12 11 10 2
12 12 10 4
12 12 11 2
12 12 12 1
12 13 10 1
12 13 11 2
13 11 9 1
13 12 11 3
13 13 11 2
13 13 12 3
14 13 12 1
14 14 12 2
14 14 13 1
14 15 13 2
15 15 13 1
15 15 14 1
15 16 13 1
15 16 14 1
16 15 13 1
16 16 14 1
16 16 15 2
16 17 15 8
17 17 15 1
17 17 16 4
17 18 16 1
17 18 17 2
18 18 17 5
18 19 17 2
18 19 18 2
18 20 18 1
18 21 18 1
19 19 18 1
19 20 18 1
19 20 19 4
19 21 19 1
20 18 17 2
20 20 19 2
20 21 19 3
20 21 20 3
20 21 21 1
21 21 21 2
21 22 20 1
21 22 21 7
22 22 21 3
22 22 22 3
22 23 21 1
22 23 22 29
22 23 23 5
22 24 22 1
22 24 23 2
23 22 21 1
23 23 22 5
23 23 23 1
23 24 22 3
23 24 23 5
23 24 24 1
24 21 19 1
24 24 22 1
24 24 23 2
24 25 24 6
24 25 25 2
25 23 20 1
25 24 22 2
25 25 23 1
25 25 24 1
25 26 25 2
25 26 26 1
26 25 24 2
26 26 26 1
26 27 26 3
26 27 27 3
27 27 26 2
27 28 27 9
28 26 26 1
28 29 28 2
28 29 29 1
29 28 28 1
29 30 29 1
29 30 30 2
29 31 31 1
30 30 30 18
30 31 30 4
30 31 31 1
