32
5 4 3 3
5 5 3 1
5 5 4 1
6 5 3 1
6 5 4 5
6 6 4 1
6 6 5 4
6 7 4 1
7 5 3 2
7 5 4 2
7 6 3 1
7 6 4 9
7 6 5 2
7 7 4 3
7 7 5 7
7 7 6 1
7 8 6 1
8 5 3 3
8 6 3 319
8 6 4 701
8 7 4 18
8 7 5 26
8 7 6 1
8 8 5 1
8 8 6 4
8 8 8 1
8 9 7 2
9 6 3 4
9 6 4 129
9 7 4 178
9 7 5 3
9 8 5 1
9 8 6 13
9 8 7 5
9 9 6 2
9 9 7 9
9 9 8 1
9 11 8 1
9 11 9 1
10 8 6 1
10 9 7 6
10 9 8 3
10 10 7 1
10 10 8 7
10 10 9 1
11 10 8 1
11 10 9 1
11 11 9 3
11 11 10 1
12 12 10 3
12 12 11 2
12 13 11 2
13 11 9 1
14 13 12 1
14 14 12 2
14 15 13 2
14 15 14 1
15 15 13 4
15 15 14 2
15 16 14 2
15 16 15 2
16 14 13 1
16 16 14 3
16 16 15 4
16 17 15 3
16 17 16 1
17 16 15 1
17 17 15 1
17 17 16 5
17 18 16 4
18 18 16 1
18 18 17 2
18 19 17 2
18 20 18 1
19 19 17 1
19 19 20 1
19 20 18 3
19 20 19 4
19 20 20 1
20 21 19 6
20 21 20 7
20 22 20 2
21 20 19 1
21 21 19 1
21 21 20 3
21 21 21 2
21 22 20 3
21 23 21 2
21 23 22 1
22 21 20 1
22 21 22 1
22 22 21 2
22 22 22 4
22 23 22 22
22 23 23 3
22 24 23 3
23 22 22 3
23 23 23 1
23 24 22 2
23 24 23 11
23 25 24 1
24 24 22 1
24 25 23 1
24 25 24 7
24 25 25 3
25 23 20 1
25 25 23 1
25 25 24 2
25 25 25 2
25 26 24 1
25 26 25 8
25 26 26 1
25 27 26 1
26 24 22 1
26 25 23 2
26 26 24 2
26 26 25 2
26 26 26 2
26 27 26 1
26 27 27 1
27 26 24 1
27 27 27 1
27 28 27 4
28 29 28 6
28 29 29 3
29 29 29 1
29 30 29 8
29 30 30 3
30 30 30 46
30 30 31 1
30 31 30 19
30 31 31 10
