32
5 5 3 3
5 5 4 2
6 5 3 2
6 5 4 2
6 6 4 1
6 6 5 4
6 7 5 1
7 5 3 6
7 5 4 1
7 6 4 11
7 6 5 2
7 7 4 1
7 7 5 3
7 9 6 1
8 5 3 9
8 6 3 381
8 6 4 522
8 7 4 26
8 7 5 16
8 8 5 2
8 8 6 5
9 6 3 19
9 6 4 167
9 7 4 186
9 7 5 5
9 8 5 2
9 8 6 14
9 8 7 3
9 9 7 11
9 9 9 1
10 9 6 1
10 9 7 11
10 9 8 4
10 10 8 6
10 10 11 1
11 10 8 2
11 10 9 1
11 11 9 7
11 11 12 1
11 13 11 1
12 11 9 1
12 11 10 2
12 12 9 1
12 12 11 1
12 14 12 1
13 12 11 1
13 13 11 2
13 13 12 2
13 13 13 1
13 14 12 2
13 15 13 1
14 14 12 4
14 14 13 2
14 15 13 1
15 15 13 2
15 15 14 2
16 16 14 4
16 16 15 2
16 17 15 5
16 17 16 3
16 18 16 1
17 17 16 1
17 18 16 3
17 18 17 3
17 19 17 1
18 18 17 3
18 19 17 2
18 20 17 1
18 20 18 1
19 18 17 1
19 19 18 3
19 20 18 2
19 20 19 2
19 21 19 1
20 19 17 1
20 20 19 1
20 21 19 5
20 21 20 4
20 22 20 1
21 21 20 2
21 21 21 4
21 22 20 5
21 22 21 3
21 23 22 1
22 22 20 1
22 22 21 2
22 22 22 2
22 23 22 19
22 23 23 7
22 24 22 2
22 24 23 2
23 23 21 1
23 23 22 3
23 24 22 2
23 24 23 11
24 21 19 1
24 24 23 4
24 25 24 10
24 26 25 1
25 23 22 1
25 24 22 1
25 24 24 1
25 25 24 2
25 27 26 2
26 25 24 1
26 26 25 1
26 27 26 5
26 27 27 1
27 26 24 1
27 28 27 6
28 28 28 1
28 29 28 6
29 30 29 3
29 30 30 2
30 30 29 1
30 30 30 27
30 31 30 8
30 31 31 2
