32
3 3 4 1
4 4 5 3
4 5 6 1
5 5 6 1
6 6 8 1
8 6 3 1
8 8 10 1
9 7 4 2
9 8 5 1
10 10 11 1
11 8 4 2
11 8 5 1
11 10 7 1
12 9 4 1
12 9 5 3
12 10 5 3
12 10 6 2
12 10 7 1
12 11 6 1
12 11 8 1
12 12 11 1
13 9 4 16
13 9 5 2
13 10 4 29
13 10 5 60
13 10 6 9
13 11 5 2
13 11 6 4
13 11 7 5
13 12 7 2
13 12 8 4
13 12 9 1
13 13 9 1
14 9 4 5
14 10 4 449
14 10 5 548
14 10 6 1
14 11 5 76
14 11 6 5
14 11 7 3
14 12 7 4
14 12 8 3
14 12 9 2
14 13 8 2
14 13 9 1
14 13 11 1
14 14 12 1
15 10 5 6
15 11 5 91
15 11 6 38
15 12 8 1
15 13 8 4
15 13 9 15
15 13 10 5
15 13 11 1
15 14 10 4
15 14 11 3
15 14 12 1
15 15 11 1
15 15 13 1
16 13 10 1
16 14 10 1
16 14 11 3
16 15 11 4
16 15 12 2
16 16 12 1
17 15 11 1
17 15 12 2
17 16 11 1
17 16 13 4
18 17 13 2
18 17 17 1
18 18 14 1
18 18 16 1
18 18 18 1
18 20 21 1
18 20 22 1
19 16 12 1
19 17 14 4
19 18 15 1
19 18 16 1
19 18 17 1
19 19 20 1
19 20 19 5
19 20 20 15
19 20 21 11
19 21 21 4
19 21 22 7
19 22 23 1
20 19 16 2
20 19 17 2
20 21 19 1
20 21 21 2
20 22 23 1
20 22 24 1
21 18 16 1
21 19 15 1
21 20 17 5
21 20 18 2
21 20 19 1
21 22 22 1
21 22 23 2
21 23 25 1
22 20 17 1
22 21 18 1
22 21 19 1
22 22 19 2
22 22 23 1
22 24 24 1
22 24 25 3
23 22 19 1
23 22 20 3
23 22 21 1
23 22 22 1
23 23 20 2
23 23 23 2
23 24 24 3
23 24 25 5
23 25 26 1
23 26 28 1
24 22 20 1
24 23 20 1
24 23 21 4
24 23 23 2
24 24 21 4
24 24 22 2
24 24 23 2
24 24 24 6
24 24 25 1
24 25 24 1
25 24 22 6
25 24 23 3
25 24 24 2
25 25 22 1
25 25 23 3
25 25 24 9
25 25 25 2
26 25 23 5
26 25 24 5
26 25 25 1
26 26 24 3
26 26 25 5
26 27 27 2
27 26 24 1
27 26 25 1
27 28 28 4
27 29 29 4
28 29 29 6
28 30 30 9
29 30 30 22
29 30 31 6
29 31 30 2
29 31 31 15
30 29 28 1
30 30 30 4
30 30 31 1
30 31 30 10
30 31 31 20
