32
4 4 2 1
5 4 3 3
5 5 3 1
5 5 4 1
6 5 3 1
6 5 4 3
6 6 4 4
6 6 5 1
7 5 3 1
7 6 4 12
7 7 5 3
7 7 6 1
7 7 8 1
8 5 3 2
8 6 3 298
8 6 4 637
8 7 4 25
8 7 5 21
8 7 6 1
8 8 5 4
8 8 6 6
8 8 9 1
8 9 6 1
9 6 3 13
9 6 4 142
9 7 4 192
9 7 5 4
9 8 5 1
9 8 6 11
9 8 7 2
9 9 6 1
9 9 7 6
9 9 8 1
9 10 8 1
9 11 9 1
10 7 4 1
10 9 6 2
10 9 7 10
10 9 8 2
10 10 8 6
10 10 10 2
10 11 9 1
11 10 8 2
11 10 9 2
11 11 9 7
11 11 10 1
11 13 10 1
11 13 11 1
12 10 8 1
12 11 9 1
12 12 10 1
12 12 11 1
12 13 11 1
13 13 11 4
13 13 12 3
13 14 12 2
13 15 13 1
14 13 11 1
14 14 12 3
14 14 13 1
14 15 13 2
15 15 13 2
15 16 14 1
16 15 14 1
16 16 14 1
16 16 15 3
16 17 15 5
16 17 16 2
17 16 14 1
17 16 15 1
17 17 15 5
17 17 16 2
17 18 16 1
17 18 17 2
18 18 17 5
18 19 17 4
19 18 17 1
19 19 18 1
19 20 18 4
19 20 19 4
19 22 20 1
20 20 19 1
20 21 19 3
20 21 20 5
21 21 20 3
21 21 21 1
21 22 20 3
21 22 21 5
21 23 22 3
22 22 20 1
22 22 21 2
22 22 22 4
22 23 22 21
22 23 23 5
22 24 23 1
23 22 22 1
23 23 22 2
23 24 22 1
23 24 23 11
23 24 24 2
23 25 23 1
23 25 24 1
24 23 22 2
24 23 23 1
24 24 23 4
24 25 23 2
24 25 24 7
25 25 25 1
25 26 25 3
26 25 24 1
26 26 24 1
26 26 25 1
26 27 26 2
27 26 24 1
27 27 26 2
27 27 27 1
27 28 27 7
27 28 28 1
28 29 28 3
29 27 26 1
29 30 29 5
29 30 30 2
30 30 30 47
30 31 30 12
30 31 31 4
