32
4 4 2 1
4 4 3 3
5 4 2 1
5 4 3 1
5 5 3 3
5 5 4 1
6 5 3 1
6 5 4 4
6 6 5 3
6 7 4 1
6 7 5 1
7 5 3 1
7 5 4 2
7 6 3 1
7 6 4 17
7 6 5 3
7 7 4 3
7 7 5 3
7 7 6 1
8 5 3 2
8 6 3 315
8 6 4 689
8 7 4 16
8 7 5 26
8 8 5 4
8 8 6 8
8 9 7 1
9 6 3 7
9 6 4 140
9 7 4 178
9 7 5 3
9 8 5 2
9 8 6 13
9 8 7 1
9 9 6 1
9 9 7 11
9 10 7 1
9 10 8 2
9 11 9 1
10 8 6 2
10 9 7 7
10 9 8 1
10 10 8 2
10 10 10 1
10 11 9 1
11 10 8 2
11 11 8 1
11 11 9 4
11 11 12 1
12 11 9 1
12 12 10 3
12 12 11 1
12 13 11 1
13 12 10 1
13 13 11 4
13 14 12 3
13 15 13 1
14 14 12 2
14 14 13 1
14 14 14 1
14 15 13 3
15 15 13 2
15 15 14 2
15 16 14 6
16 16 14 2
16 16 16 1
16 17 15 5
16 17 16 2
16 18 16 1
17 16 15 1
17 17 15 2
17 17 16 6
17 18 16 3
17 18 17 2
17 19 17 2
18 16 15 1
18 18 17 1
18 19 17 1
18 20 18 2
19 19 18 1
19 20 18 1
19 20 19 5
20 20 19 7
20 20 20 1
20 21 19 3
20 21 20 5
20 22 20 2
21 20 19 1
21 21 20 3
21 21 21 1
21 22 20 4
21 22 21 2
22 21 20 1
22 22 21 2
22 22 22 2
22 23 22 22
22 23 23 2
22 24 22 1
22 24 23 3
23 21 19 1
23 22 22 1
23 23 22 2
23 24 22 1
23 24 23 6
23 24 24 5
23 25 24 1
24 23 21 1
24 23 22 1
24 24 23 2
24 25 23 1
24 25 24 4
24 25 25 3
25 25 24 5
25 26 25 6
26 25 23 2
26 26 25 3
26 26 26 2
26 27 26 5
26 27 27 1
27 25 23 1
27 26 24 1
27 26 25 1
27 27 26 2
27 27 27 1
27 28 27 3
28 28 28 1
28 29 28 1
28 29 29 1
29 29 29 2
29 30 29 3
29 30 30 3
30 30 30 35
30 31 30 10
30 31 31 4
