32
5 5 3 3
5 5 4 2
6 5 3 1
6 5 4 2
6 6 4 4
6 6 5 1
6 8 5 1
7 5 3 1
7 5 4 1
7 6 4 11
7 6 5 2
7 7 4 2
7 7 5 4
7 7 6 2
7 8 6 1
8 5 3 6
8 6 3 341
8 6 4 640
8 7 4 24
8 7 5 23
8 7 6 4
8 8 5 2
8 8 6 6
8 8 8 1
9 6 3 4
9 6 4 118
9 7 4 189
9 7 5 2
9 8 5 2
9 8 6 17
9 8 7 5
9 9 7 6
9 9 8 1
9 9 10 2
9 10 7 1
9 10 8 1
10 7 4 1
10 8 6 1
10 9 7 5
10 10 7 1
10 10 8 11
10 10 9 1
10 11 9 1
10 12 9 1
10 12 10 1
11 10 8 1
11 10 9 1
11 11 9 6
11 11 10 1
11 12 10 1
12 11 9 1
12 12 10 1
12 13 11 3
12 15 13 1
13 12 11 1
13 13 12 4
13 13 13 1
14 12 11 1
14 14 12 1
14 14 13 1
14 15 13 1
14 16 13 1
15 15 13 2
15 15 14 5
15 16 14 3
15 16 15 1
16 14 13 2
16 15 13 1
16 16 14 3
16 16 15 1
16 17 15 5
16 17 16 1
17 16 14 1
17 17 15 3
17 17 16 2
17 18 16 4
17 18 17 2
17 19 17 1
18 18 17 3
18 19 18 2
19 18 17 1
19 19 17 1
19 19 18 1
19 20 18 4
19 20 19 5
19 21 19 1
19 21 20 1
20 19 17 1
20 19 19 1
20 20 19 1
20 20 20 1
20 21 19 2
20 21 20 3
20 22 20 1
21 21 20 3
21 22 20 5
21 22 21 5
22 22 21 3
22 22 22 3
22 23 21 1
22 23 22 18
22 23 23 1
22 24 22 1
22 24 23 4
23 24 22 1
23 24 23 9
23 24 24 3
23 25 24 1
24 22 20 1
24 24 23 4
24 25 24 7
24 25 25 2
25 23 21 1
25 24 21 1
25 24 23 1
25 25 23 2
25 25 24 2
25 26 24 3
25 26 25 3
26 25 23 3
26 26 24 1
26 26 25 4
26 27 26 2
27 28 27 3
27 28 28 1
28 28 27 2
28 28 28 2
28 29 28 4
28 29 29 3
29 29 29 1
29 30 29 1
30 30 29 1
30 30 30 32
30 31 30 9
30 31 31 2
