32
5 4 3 1
5 5 3 2
5 5 4 1
6 5 4 2
6 6 4 3
6 6 5 2
6 7 5 2
7 5 3 2
7 5 4 2
7 6 4 17
7 6 5 3
7 7 4 1
7 7 5 4
7 7 6 1
7 8 6 2
7 9 6 1
8 5 3 3
8 5 4 1
8 6 3 323
8 6 4 665
8 7 4 22
8 7 5 34
8 7 6 1
8 8 5 1
8 8 6 5
8 9 7 1
9 6 3 4
9 6 4 132
9 7 4 172
9 7 5 3
9 8 6 8
9 8 7 4
9 9 6 1
9 9 7 9
9 10 8 2
10 8 6 1
10 9 7 5
10 9 8 2
10 10 8 6
10 10 11 1
10 11 9 2
11 10 8 1
11 10 9 2
11 11 9 4
11 11 10 1
11 12 10 1
12 11 9 1
12 12 10 1
12 13 10 1
13 13 10 1
13 13 11 3
13 13 12 1
13 14 12 2
13 14 13 1
14 13 12 1
14 14 13 1
14 14 14 1
14 15 13 2
15 15 13 6
15 15 14 2
15 16 14 3
16 16 14 4
16 16 15 2
16 17 15 2
17 17 16 5
17 18 16 2
17 20 17 1
18 17 15 1
18 18 17 2
18 19 17 1
18 19 18 1
18 19 19 1
18 20 18 1
19 18 17 1
19 19 18 2
19 20 18 1
19 20 19 8
19 21 19 1
20 20 19 4
20 20 20 1
20 21 19 4
20 21 20 8
20 22 20 1
21 20 19 1
21 21 20 3
21 21 21 3
21 22 20 1
21 22 21 7
21 23 22 1
22 22 20 1
22 22 21 1
22 22 22 2
22 23 22 14
22 23 23 1
22 24 22 4
22 24 23 4
23 22 22 1
23 23 22 1
23 24 22 1
23 24 23 11
23 24 24 1
23 25 24 3
24 23 20 1
24 24 23 2
24 25 24 7
24 25 25 1
24 26 25 2
25 24 22 1
25 25 24 3
25 26 25 7
25 26 26 1
26 25 23 2
26 25 24 1
26 26 24 2
26 26 25 6
26 27 26 2
27 28 27 6
27 28 28 1
28 29 28 5
28 29 29 7
28 30 29 1
29 29 29 2
29 30 29 9
29 30 30 14
29 31 30 1
30 30 30 40
30 31 30 33
30 31 31 9
