32
5 5 3 1
5 5 4 2
6 5 3 1
6 5 4 3
6 6 4 3
6 6 5 2
6 7 4 1
7 5 3 3
7 5 4 1
7 6 3 1
7 6 4 9
7 6 5 3
7 7 4 1
7 7 5 1
7 7 6 1
7 7 8 1
7 8 6 1
8 6 3 313
8 6 4 693
8 6 5 1
8 7 4 26
8 7 5 15
8 8 5 2
8 8 6 8
8 8 8 2
8 9 7 3
9 6 3 2
9 6 4 107
9 7 4 177
9 7 5 4
9 8 5 3
9 8 6 13
9 8 7 2
9 9 6 1
9 9 7 8
9 10 8 2
10 7 4 1
10 9 6 1
10 9 7 5
10 9 8 2
10 10 8 7
10 11 8 1
10 11 9 3
10 11 11 1
11 10 8 2
11 10 9 2
11 11 8 1
11 11 9 6
11 11 10 1
11 13 10 1
12 11 10 1
12 12 10 3
12 12 11 1
12 13 11 2
13 12 10 1
13 13 11 2
13 13 12 1
13 14 12 2
13 15 13 1
14 14 12 1
14 14 15 1
14 15 13 1
15 14 13 1
15 15 13 3
15 15 14 3
15 16 14 3
16 14 13 1
16 16 14 2
16 16 15 5
16 17 15 2
16 17 16 2
17 16 15 1
17 17 15 1
17 17 16 2
17 18 16 3
17 18 17 2
17 19 17 1
18 18 16 1
18 18 17 3
18 19 17 1
18 19 18 1
19 19 17 1
19 19 18 1
19 20 19 3
19 21 19 1
20 20 19 1
20 21 19 3
20 21 20 4
20 22 20 2
21 20 19 1
21 21 20 1
21 22 20 5
21 22 21 8
21 23 21 1
21 23 22 1
22 22 21 3
22 22 22 4
22 23 21 4
22 23 22 22
22 23 23 1
22 24 22 1
22 24 23 4
23 23 22 1
23 24 22 2
23 24 23 5
23 24 24 2
23 25 24 3
24 24 23 3
24 24 24 2
24 25 23 1
24 25 24 9
25 23 21 1
25 25 24 4
25 26 25 4
25 26 26 1
26 26 24 1
26 26 25 1
26 27 26 2
26 28 28 1
27 26 25 2
27 28 27 3
28 28 28 1
28 29 28 6
28 29 29 3
29 29 29 1
29 30 29 2
29 30 30 3
30 30 30 39
30 31 30 15
30 31 31 1
