32
4 4 3 2
5 4 3 1
5 5 3 2
5 5 4 2
6 5 3 2
6 5 4 1
6 6 4 1
6 6 5 3
6 7 5 1
7 5 3 1
7 5 4 2
7 6 4 11
7 6 5 1
7 7 5 4
7 7 6 2
7 8 6 2
8 5 3 7
8 6 3 319
8 6 4 640
8 7 4 20
8 7 5 24
8 7 8 1
8 8 5 1
8 8 6 8
8 8 8 1
8 8 9 1
8 9 6 1
8 10 7 1
9 6 3 5
9 6 4 149
9 7 4 181
9 7 5 3
9 8 5 2
9 8 6 11
9 8 7 3
9 9 6 1
9 9 7 8
9 9 9 1
9 10 8 1
10 9 7 6
10 9 8 6
10 10 8 10
10 10 9 2
10 11 9 1
10 12 9 1
11 10 8 2
11 11 9 2
11 12 10 2
12 11 9 1
12 11 10 2
12 12 10 3
12 12 11 1
12 12 13 1
13 13 11 4
13 13 12 2
13 13 13 1
13 13 14 1
14 13 12 1
14 14 12 1
14 14 13 1
15 15 13 4
15 15 14 3
15 16 15 1
16 14 13 1
16 16 14 5
16 16 15 2
16 17 15 2
16 19 16 1
17 17 15 3
17 17 16 4
17 18 16 1
17 18 17 4
18 17 16 1
18 18 17 1
18 19 17 2
18 19 18 1
19 18 17 1
19 20 18 5
19 20 19 1
19 21 19 1
19 21 20 1
20 19 18 1
20 20 18 1
20 20 19 2
20 21 19 3
20 21 20 7
21 21 20 1
21 22 20 1
21 22 21 4
21 23 21 1
21 23 22 2
22 22 21 3
22 23 21 3
22 23 22 21
22 23 23 2
22 24 22 2
22 24 23 5
23 22 20 1
23 23 22 2
23 23 23 1
23 24 23 7
23 25 24 2
24 21 20 1
24 23 22 1
24 24 23 2
24 25 23 1
24 25 24 8
24 25 25 3
24 26 25 1
25 22 20 1
25 23 21 1
25 25 24 4
25 26 24 1
25 26 25 2
25 26 26 1
26 26 24 2
26 26 25 4
26 27 26 1
26 27 27 1
27 26 24 2
27 27 26 1
27 27 27 1
27 28 27 4
27 28 28 1
28 28 27 2
28 29 28 6
28 29 29 1
29 29 29 3
29 30 29 5
29 30 30 1
30 29 28 1
30 30 30 33
30 31 30 18
30 31 31 2
