32
4 4 5 2
4 5 4 1
6 6 6 1
8 7 3 1
8 8 5 1
9 7 4 1
9 8 6 1
9 8 7 1
9 9 10 1
10 8 4 1
10 8 6 2
10 10 8 1
11 9 5 1
11 9 6 1
11 11 8 1
12 9 4 1
12 9 5 3
12 9 6 1
12 10 5 1
12 11 7 1
12 11 13 1
13 9 4 9
13 9 5 3
13 10 4 9
13 10 5 41
13 10 6 5
13 10 7 1
13 11 5 1
13 11 6 10
13 11 7 7
13 11 8 3
13 12 8 2
13 12 9 1
14 9 4 2
14 10 4 322
14 10 5 580
14 10 6 4
14 11 5 87
14 11 6 8
14 11 7 3
14 12 6 2
14 12 7 4
14 12 8 4
14 12 9 1
14 13 8 2
14 13 9 6
14 13 10 1
15 10 4 2
15 10 5 14
15 11 5 177
15 11 6 60
15 12 6 4
15 12 8 1
15 13 8 1
15 13 9 8
15 13 10 3
15 14 9 1
15 14 10 2
15 14 11 4
15 15 11 1
15 15 13 1
15 16 14 1
16 11 6 1
16 12 6 2
16 13 8 1
16 14 10 5
16 15 11 3
16 15 12 3
16 15 15 1
16 16 12 1
17 15 11 3
17 16 11 1
17 16 12 4
17 16 13 4
17 17 14 2
17 17 15 1
17 18 16 1
18 15 10 1
18 16 12 1
18 16 13 1
18 16 14 1
18 17 13 1
18 17 16 1
18 18 16 1
18 18 19 2
18 19 19 2
18 19 21 2
18 20 20 1
18 20 21 1
19 16 12 1
19 18 15 3
19 18 17 1
19 19 18 1
19 19 20 1
19 20 19 5
19 20 20 15
19 20 21 9
19 21 21 6
19 21 22 1
20 18 14 2
20 18 16 1
20 19 19 1
20 20 17 2
20 20 19 1
20 20 20 2
20 21 22 1
20 21 23 1
20 22 22 2
20 22 23 2
21 20 17 2
21 20 18 1
21 20 19 2
21 21 22 1
21 22 22 1
22 21 18 4
22 21 19 3
22 21 21 1
22 22 22 1
22 22 23 1
22 23 24 2
22 23 25 1
22 24 24 1
22 24 26 1
22 25 26 2
23 22 19 2
23 22 20 2
23 22 21 1
23 23 20 4
23 23 23 1
23 23 24 1
23 24 24 3
23 24 25 5
23 24 26 1
23 25 26 1
23 26 27 1
24 22 20 1
24 23 20 2
24 23 21 2
24 24 21 1
24 24 24 5
24 24 25 1
24 25 24 1
24 26 28 2
25 24 21 1
25 24 22 8
25 24 23 1
25 24 24 1
25 25 22 1
25 25 23 6
25 25 24 6
25 26 25 1
26 25 22 1
26 25 23 1
26 25 24 9
26 25 25 1
26 26 24 6
26 26 25 5
27 26 24 2
27 26 25 1
27 26 26 2
27 27 25 1
28 30 30 2
29 30 30 10
29 30 31 1
29 31 30 2
30 30 30 2
30 31 30 5
30 31 31 15
31 30 30 1
