32
5 4 3 1
5 5 3 1
5 5 4 1
6 5 3 1
6 6 4 2
6 6 5 2
7 5 3 4
7 5 4 3
7 6 4 15
7 6 5 2
7 7 4 3
7 7 5 4
7 7 6 2
7 8 7 1
8 5 3 1
8 6 3 377
8 6 4 570
8 7 4 16
8 7 5 21
8 8 5 1
8 8 6 4
8 8 9 1
8 9 7 1
9 6 3 8
9 6 4 118
9 7 4 196
9 7 5 2
9 8 5 3
9 8 6 14
9 8 7 3
9 9 6 1
9 9 7 5
9 9 10 1
9 10 8 2
10 8 6 1
10 9 7 6
10 9 8 5
10 10 8 5
10 10 9 1
10 10 11 3
10 11 8 2
11 10 8 3
11 10 9 2
11 11 9 7
11 12 10 2
12 10 8 1
12 11 10 1
12 12 10 3
12 12 11 1
12 13 11 4
13 12 10 1
13 13 11 8
13 13 12 1
13 13 13 1
13 14 12 1
14 14 12 2
14 14 13 2
14 16 14 1
15 15 13 1
15 15 14 2
15 16 14 1
16 14 13 2
16 16 14 2
16 16 15 3
16 17 15 7
16 17 16 2
17 15 14 1
17 16 14 1
17 16 15 1
17 17 15 2
17 17 16 4
17 18 17 5
18 18 16 1
18 18 17 1
18 19 17 2
18 19 18 2
19 19 18 1
19 19 20 1
19 20 18 3
19 20 19 1
19 21 19 1
20 20 18 2
20 21 19 3
20 22 20 1
21 21 20 2
21 22 20 2
21 22 21 9
21 22 22 1
21 23 22 2
22 21 20 1
22 22 21 3
22 22 22 3
22 23 21 1
22 23 22 27
22 23 23 3
22 24 22 2
22 24 23 1
23 22 22 1
23 23 22 1
23 24 22 1
23 24 23 12
23 24 24 3
23 25 24 2
24 23 22 1
24 24 23 4
24 25 24 5
24 25 25 2
24 26 25 1
25 24 23 1
25 25 24 1
25 25 25 1
25 26 25 3
26 26 25 1
26 26 26 1
26 27 26 4
26 27 27 1
27 26 25 1
27 27 25 1
27 27 26 2
27 27 27 1
27 28 27 6
27 28 28 2
28 29 28 5
28 29 29 1
29 29 29 1
29 30 29 3
29 30 30 5
30 30 30 51
30 31 30 27
30 31 31 6
