32
5 4 3 2
5 5 3 1
5 5 4 1
6 5 3 1
6 6 4 6
6 6 5 2
6 7 5 1
7 5 4 1
7 6 4 21
7 6 5 2
7 7 5 1
7 8 5 1
8 5 3 2
8 6 3 334
8 6 4 651
8 7 4 25
8 7 5 23
8 8 5 5
8 8 6 9
8 9 7 2
8 10 8 1
9 6 3 9
9 6 4 116
9 7 4 182
9 7 5 7
9 8 5 3
9 8 6 8
9 8 7 2
9 9 7 9
9 10 8 1
9 11 8 1
10 8 6 1
10 9 7 5
10 9 8 2
10 9 10 1
10 10 8 9
10 12 9 1
11 10 8 2
11 10 9 1
11 11 9 7
12 12 10 2
12 12 11 1
12 12 12 1
12 13 11 3
13 13 11 1
13 13 12 3
14 13 11 1
14 14 13 2
15 15 13 4
15 15 14 3
15 16 14 3
16 14 13 2
16 16 14 3
16 16 15 5
16 17 15 2
16 17 16 1
17 17 15 3
17 17 16 5
17 18 16 1
17 18 17 1
17 19 18 1
18 16 15 1
18 18 17 1
18 19 17 2
18 20 18 2
19 18 17 2
19 19 18 4
19 20 18 1
19 20 19 1
19 21 19 1
20 20 19 2
20 20 20 1
20 21 19 6
20 21 20 4
21 20 19 2
21 20 21 1
21 21 20 2
21 22 20 2
21 22 21 5
21 23 21 1
22 21 20 1
22 22 21 1
22 22 22 1
22 23 22 25
22 23 23 1
22 24 22 1
22 24 23 7
22 24 24 1
23 23 22 5
23 23 23 1
23 24 22 1
23 24 23 7
23 24 24 3
23 25 24 1
24 21 19 1
24 23 22 1
24 24 23 5
24 25 24 8
24 26 25 1
25 25 24 2
25 25 25 1
25 26 24 1
25 26 25 1
26 25 23 1
26 25 24 1
26 26 25 3
26 26 26 1
26 27 26 3
26 27 27 2
27 26 25 1
27 27 26 1
27 27 27 1
27 28 27 5
27 28 28 2
28 28 28 3
28 29 28 7
28 29 29 6
28 30 29 1
29 29 29 2
29 30 29 8
29 30 30 14
29 31 30 3
30 30 30 48
30 31 30 43
30 31 31 9
