32
7 6 3 1
7 7 8 1
8 6 4 2
8 7 5 1
8 8 9 1
9 7 4 1
9 8 6 1
11 8 5 2
11 9 5 1
11 9 6 1
11 9 7 1
11 10 7 1
11 11 12 1
12 9 5 3
12 9 6 4
13 8 4 16
13 8 5 1
13 9 4 57
13 9 5 235
13 9 6 3
13 10 5 10
13 10 6 9
13 10 7 5
13 11 7 1
13 12 10 1
14 9 4 43
14 9 5 295
14 10 4 1
14 10 5 457
14 10 6 36
14 11 6 9
14 11 7 7
14 11 8 1
14 12 7 2
14 12 8 7
14 12 9 4
14 12 10 1
14 13 9 2
14 13 10 1
14 15 15 1
15 10 5 120
15 10 6 13
15 11 6 4
15 11 7 3
15 12 7 1
15 12 8 7
15 13 8 1
15 13 9 6
15 13 10 1
15 14 10 1
15 14 11 1
15 15 12 3
15 16 13 1
16 12 8 1
16 13 8 1
16 13 9 4
16 14 10 7
17 13 9 2
17 14 10 4
17 14 11 1
17 15 11 4
17 15 12 1
17 16 13 1
17 17 17 1
18 16 12 4
18 16 13 1
18 17 13 1
19 16 12 3
19 17 13 3
20 17 13 1
20 18 14 2
20 18 15 2
20 19 16 1
20 19 20 1
20 21 20 1
21 19 15 4
21 19 16 1
21 20 18 1
21 21 21 2
21 22 20 2
21 22 21 2
21 22 22 4
21 23 22 3
22 19 15 1
22 20 17 1
22 20 18 1
22 21 17 1
22 22 21 3
22 22 22 4
22 23 21 2
22 23 22 20
22 23 23 9
22 24 23 2
23 21 17 3
23 21 18 2
23 21 19 2
23 22 18 1
23 22 19 1
23 23 22 1
23 24 22 1
23 24 23 3
23 24 24 5
24 22 19 3
24 22 21 1
24 23 19 4
24 23 20 1
24 24 23 2
24 25 24 2
24 25 25 2
25 23 20 5
25 24 20 1
25 24 21 1
25 25 23 1
26 24 21 2
26 25 21 1
26 25 22 2
26 25 23 2
26 26 22 2
26 26 23 1
26 26 24 1
27 25 22 3
27 26 22 4
27 26 23 2
27 26 24 3
27 26 25 1
27 27 25 4
27 27 26 1
27 28 28 2
28 26 24 1
28 26 25 1
28 27 24 8
28 27 25 2
28 27 26 3
28 28 26 4
28 28 27 6
28 28 28 2
28 29 28 2
28 29 29 2
29 27 24 1
29 27 25 4
29 28 26 5
29 28 27 1
29 29 28 3
29 29 29 3
29 30 30 6
30 29 27 1
30 30 29 5
30 30 30 37
30 31 30 11
30 31 31 4
