32
3 4 3 1
4 5 3 1
5 5 3 4
5 5 4 1
6 4 3 1
6 5 4 2
6 6 4 2
6 6 5 3
7 5 3 3
7 5 4 1
7 6 3 1
7 6 4 12
7 6 5 1
7 7 4 1
7 7 5 3
7 8 6 1
7 8 7 1
7 9 7 1
8 5 3 11
8 6 3 433
8 6 4 597
8 6 5 1
8 7 4 25
8 7 5 17
8 8 5 3
8 8 6 4
8 8 8 1
9 6 3 12
9 6 4 119
9 7 4 123
9 7 5 1
9 8 5 2
9 8 6 17
9 8 7 2
9 9 7 11
9 9 9 1
9 10 8 2
10 8 6 1
10 9 7 9
10 9 8 4
10 10 8 9
10 10 11 1
10 11 8 1
10 11 9 1
10 11 10 1
11 10 8 1
11 10 9 3
11 11 9 6
11 11 11 1
11 12 10 2
12 11 9 2
12 12 10 5
12 12 11 1
12 13 11 2
12 13 12 1
12 14 12 1
13 11 9 1
13 12 11 1
13 13 11 1
13 13 12 3
14 12 11 1
14 14 12 1
14 14 13 3
14 14 14 1
14 15 13 1
14 16 14 1
15 14 13 1
15 15 13 1
15 15 15 1
15 16 14 2
16 14 13 1
16 16 14 2
16 16 15 4
16 17 15 6
16 17 16 2
17 17 15 2
17 17 16 1
17 18 16 3
17 18 17 5
18 18 16 1
18 18 17 3
18 19 17 1
18 19 18 1
19 19 18 2
19 20 18 4
19 20 19 1
19 21 19 1
20 20 19 2
20 21 19 3
20 21 20 2
21 21 20 2
21 22 20 2
21 22 21 3
21 22 22 1
22 21 20 1
22 22 21 5
22 22 22 4
22 23 21 2
22 23 22 22
22 23 23 6
22 24 22 2
22 24 23 2
23 23 22 5
23 24 22 2
23 24 23 10
23 24 24 2
23 25 24 1
24 23 22 1
24 24 23 3
24 25 24 4
24 25 25 2
25 23 21 1
25 25 23 2
25 25 24 1
25 26 25 4
26 25 24 1
26 26 24 2
26 26 25 2
26 27 26 4
26 27 27 3
27 28 27 9
27 28 28 3
28 28 27 1
28 29 28 9
28 29 29 4
29 28 26 1
29 29 29 2
29 30 29 7
29 30 30 6
30 30 30 51
30 31 30 32
30 31 31 10
