32
4 4 3 1
8 8 7 2
9 9 8 1
11 10 9 1
11 11 10 1
12 13 12 1
13 12 11 1
13 13 12 3
14 14 13 1
14 14 14 1
15 14 13 2
15 15 13 1
16 16 14 1
17 17 16 2
18 18 16 1
18 18 17 3
19 18 17 1
19 19 18 2
19 19 19 1
20 19 19 1
20 20 19 4
21 20 19 2
21 21 20 4
21 21 21 1
22 21 20 1
22 22 20 1
22 22 21 2
23 22 22 1
23 23 22 1
24 24 23 5
24 24 24 1
25 25 24 7
25 25 25 1
25 26 25 2
26 26 25 86
26 26 26 70
26 27 26 72
27 27 26 53
27 27 27 32
27 28 27 20
27 28 28 1
28 28 27 11
28 28 28 29
28 29 28 20
28 29 29 6
29 29 28 3
29 29 29 25
29 30 29 12
29 30 30 12
30 30 30 152
30 31 30 10
