32
0 1 0 2
1 1 0 1
2 2 1 1
7 7 6 1
7 7 7 1
8 7 6 1
8 8 7 1
9 8 6 1
9 8 7 1
9 9 8 3
10 10 9 1
11 11 10 1
12 12 11 1
12 12 12 1
12 13 12 1
13 12 11 1
13 13 12 2
14 13 12 1
14 15 14 1
15 14 14 1
15 15 14 1
17 17 16 1
17 18 16 1
18 18 17 3
19 18 17 1
19 19 18 3
20 19 18 1
20 19 19 1
20 20 19 2
21 20 19 4
21 21 20 2
21 21 21 2
22 22 21 4
22 22 22 1
23 22 21 1
23 23 22 2
24 24 23 4
24 25 24 1
25 25 24 6
25 26 25 5
26 26 25 85
26 26 26 70
26 27 26 59
27 27 26 64
27 27 27 26
27 28 27 22
28 28 27 18
28 28 28 24
28 29 28 23
28 29 29 3
29 29 28 4
29 29 29 26
29 30 29 13
29 30 30 13
30 30 29 2
30 30 30 162
30 31 30 4
30 31 31 1
