32
0 1 0 1
1 1 0 1
1 1 1 1
7 7 6 1
8 8 7 2
9 9 8 1
10 10 9 1
11 11 10 2
12 12 11 3
13 13 11 1
13 13 12 3
14 14 13 3
16 16 15 1
17 16 15 1
17 17 16 2
17 18 16 1
18 18 17 3
19 18 17 1
19 19 17 1
19 19 18 4
20 19 18 2
20 20 19 3
20 20 20 1
21 21 20 5
21 21 21 1
22 21 20 1
22 22 21 3
23 23 22 3
23 23 23 1
24 24 23 5
24 24 24 1
24 25 24 1
25 25 24 3
25 25 25 1
25 26 25 2
26 26 25 86
26 26 26 74
26 27 26 66
27 27 26 57
27 27 27 30
27 28 27 21
28 28 27 16
28 28 28 30
28 29 28 18
28 29 29 2
29 29 28 6
29 29 29 27
29 30 29 13
29 30 30 13
30 30 29 1
30 30 30 158
30 31 30 3
