32
0 1 0 1
1 1 1 1
3 3 2 1
3 3 3 1
6 5 4 1
6 7 6 1
7 7 6 1
7 7 7 1
8 6 5 1
8 7 6 2
8 8 7 2
9 7 5 1
9 8 7 1
10 10 9 1
11 10 10 1
12 11 10 1
12 12 11 1
13 12 11 1
13 13 11 1
13 13 12 2
14 13 12 1
14 14 13 3
17 17 15 1
17 17 16 2
18 17 16 1
18 18 17 4
19 18 17 1
19 19 18 3
20 19 18 2
20 20 19 5
20 20 20 1
21 21 19 2
21 21 20 3
22 21 20 1
22 22 21 2
22 22 22 1
22 23 22 2
23 23 22 1
24 24 23 5
24 24 24 1
24 25 24 2
25 24 23 1
25 25 24 2
25 25 25 1
25 26 25 2
26 26 25 99
26 26 26 65
26 27 26 62
27 27 26 56
27 27 27 32
27 28 27 19
28 28 27 17
28 28 28 26
28 29 28 18
28 29 29 4
29 29 28 6
29 29 29 26
29 30 29 11
29 30 30 12
30 30 29 2
30 30 30 177
30 30 31 1
30 31 30 9
30 31 31 1
