32
0 1 0 1
1 1 1 1
1 2 1 1
4 4 4 1
8 7 6 1
8 8 7 3
9 7 5 1
9 9 8 2
11 10 9 1
11 12 11 1
12 13 12 1
13 13 11 1
13 13 12 2
14 14 13 1
16 15 14 1
16 17 15 1
17 17 15 1
17 17 16 1
18 17 16 1
18 18 17 4
19 18 17 1
19 19 17 1
19 19 18 2
20 20 18 1
20 20 19 1
20 21 20 1
21 20 19 2
21 21 19 3
21 21 21 1
22 22 21 2
23 22 22 2
23 23 22 2
24 23 23 1
24 24 23 5
24 25 24 1
25 25 24 4
25 25 25 1
25 26 25 7
26 26 25 97
26 26 26 70
26 27 26 71
27 27 26 44
27 27 27 30
27 28 27 28
28 28 27 11
28 28 28 22
28 29 28 25
28 29 29 6
29 29 28 3
29 29 29 21
29 30 29 17
29 30 30 12
30 30 30 157
30 31 30 13
30 31 31 1
