32
3 3 2 1
6 6 5 1
8 7 6 2
8 8 7 2
9 8 7 1
11 10 9 1
11 12 11 1
12 12 11 2
13 13 12 4
14 14 13 2
15 14 13 1
15 15 14 1
16 15 15 1
17 17 15 1
17 18 16 1
18 17 16 2
18 18 17 4
18 18 18 1
19 18 17 1
19 19 18 2
20 20 18 1
20 20 19 2
20 20 20 1
21 20 19 2
21 21 19 2
21 21 20 2
22 21 20 1
22 22 21 4
22 22 22 1
23 22 22 1
23 23 22 1
23 23 23 1
24 24 23 4
25 25 24 6
25 25 25 2
25 26 25 4
26 26 25 89
26 26 26 66
26 27 26 64
27 27 26 60
27 27 27 32
27 28 27 21
27 28 28 2
28 28 27 16
28 28 28 26
28 29 28 20
28 29 29 3
29 29 28 5
29 29 29 28
29 30 29 12
29 30 30 13
30 30 29 2
30 30 30 158
30 31 30 8
