32
1 1 0 1
3 3 1 1
9 8 6 1
11 10 8 1
12 11 8 1
12 12 10 1
13 11 7 1
13 11 8 1
13 12 9 1
14 13 10 1
16 14 10 1
16 15 13 1
18 16 13 1
18 17 14 1
19 18 15 1
19 18 16 1
19 19 18 1
20 18 14 3
20 20 19 1
20 21 19 1
21 19 16 1
21 19 17 1
21 20 18 1
21 20 19 1
21 21 19 2
21 21 20 1
21 22 19 1
22 21 19 3
22 21 20 3
22 22 20 1
22 22 21 5
22 22 22 1
22 23 23 2
22 23 24 1
23 21 19 1
23 22 20 3
23 22 21 1
23 23 21 2
23 23 22 4
23 23 23 2
23 23 24 50
23 24 23 2
23 24 24 114
23 24 25 17
24 23 21 2
24 23 22 2
24 24 22 1
24 24 23 2
24 24 24 13
24 24 25 50
24 25 24 2
24 25 25 69
24 25 26 33
24 26 27 1
25 24 22 1
25 25 23 1
25 25 26 8
25 26 26 28
25 26 27 32
25 26 28 3
26 26 27 5
26 27 27 7
26 27 28 35
26 27 29 5
26 28 28 3
26 28 29 4
27 28 29 25
27 28 30 2
27 29 30 12
28 29 30 16
28 30 30 21
29 30 30 26
29 30 31 6
29 31 31 1
30 30 30 41
30 31 30 17
30 31 31 4
