32
7 6 4 1
9 8 6 1
10 9 7 1
13 11 8 2
13 12 8 1
14 12 9 1
15 14 10 2
17 16 14 1
17 17 14 1
18 16 13 1
18 17 14 1
19 18 14 1
19 18 16 1
20 18 14 1
20 19 15 1
20 21 19 1
21 19 16 2
21 20 19 2
21 20 20 1
21 21 19 1
21 21 20 2
21 22 19 1
22 20 17 1
22 21 19 3
22 22 20 1
22 22 21 4
22 23 23 5
23 22 19 2
23 22 20 1
23 23 20 1
23 23 21 3
23 23 22 3
23 23 23 5
23 23 24 46
23 24 23 3
23 24 24 108
23 24 25 16
24 22 20 1
24 23 20 1
24 23 21 1
24 23 22 2
24 24 22 1
24 24 23 2
24 24 24 17
24 24 25 48
24 25 24 2
24 25 25 67
24 25 26 29
24 25 27 1
25 25 26 10
25 26 26 24
25 26 27 36
25 26 28 1
25 27 28 1
26 25 22 1
26 25 23 1
26 26 27 5
26 27 27 8
26 27 28 32
26 27 29 4
26 28 28 3
26 28 29 5
27 28 29 23
27 28 30 4
27 29 29 1
27 29 30 12
28 26 24 1
28 29 29 1
28 29 30 16
28 30 30 19
28 30 31 1
29 30 30 27
29 30 31 4
29 31 31 1
30 30 30 44
30 30 31 1
30 31 30 11
30 31 31 4
