32
2 2 1 1
3 3 2 1
4 3 2 1
4 4 3 1
4 6 4 1
5 4 3 1
5 5 4 1
7 7 5 1
7 7 6 2
8 8 6 1
8 8 7 1
9 8 6 1
9 9 7 1
9 9 8 2
11 11 10 1
12 11 11 1
12 12 11 1
13 13 11 1
13 13 12 2
14 14 13 1
15 14 13 1
16 16 15 2
17 17 16 2
18 18 16 1
18 18 17 4
19 18 17 1
19 18 18 1
19 19 18 3
20 19 18 2
20 20 19 6
21 21 19 1
21 21 20 1
22 21 20 2
22 22 21 3
23 24 23 1
24 23 23 1
24 24 23 4
25 24 23 1
25 25 24 7
25 25 25 1
25 26 25 3
26 26 25 99
26 26 26 63
26 27 26 60
27 27 26 56
27 27 27 31
27 28 27 19
28 28 27 13
28 28 28 27
28 29 28 21
28 29 29 4
29 29 28 7
29 29 29 25
29 29 30 1
29 30 29 10
29 30 30 12
30 30 29 3
30 30 30 181
30 31 30 9
