32
1 1 0 1
1 2 1 1
6 6 5 1
7 7 6 1
8 7 6 1
8 8 7 2
9 9 7 1
9 9 8 3
11 10 9 1
11 11 10 2
12 12 12 1
13 12 12 1
13 13 11 1
13 13 12 1
14 13 12 1
14 14 13 1
15 14 13 1
16 16 15 2
17 16 15 1
17 17 16 1
18 17 16 2
18 18 17 2
18 18 18 1
19 18 17 2
19 19 18 2
20 19 18 2
20 20 18 1
20 20 19 4
20 20 20 1
21 20 20 1
21 21 19 1
21 21 20 2
22 21 20 1
22 21 21 1
22 22 21 5
23 23 22 2
24 24 23 3
25 25 24 6
25 26 25 2
26 26 25 98
26 26 26 65
26 27 26 63
27 27 26 61
27 27 27 26
27 28 27 19
27 28 28 1
28 28 27 16
28 28 28 26
28 29 28 21
28 29 29 5
29 29 28 5
29 29 29 24
29 30 29 14
29 30 30 11
30 30 30 173
30 31 30 6
