32
0 1 0 1
4 6 4 1
5 5 4 1
6 6 5 1
7 7 5 1
8 7 6 1
8 8 6 1
8 8 7 2
9 9 7 1
9 9 8 2
9 9 9 1
11 11 10 1
12 12 11 2
12 13 12 1
13 13 11 1
13 13 12 3
14 14 12 1
14 14 13 3
15 15 14 2
17 16 15 1
17 17 16 3
18 18 16 1
18 18 17 1
19 18 18 1
19 19 18 3
20 19 18 3
20 20 18 1
20 20 19 4
21 21 20 5
22 21 20 2
22 22 21 3
22 22 22 1
23 23 22 3
24 24 23 3
24 25 24 1
25 25 24 6
26 26 25 86
26 26 26 76
26 27 26 66
27 27 26 61
27 27 27 28
27 28 27 23
27 28 28 2
28 28 27 12
28 28 28 27
28 28 29 2
28 29 28 19
28 29 29 5
29 29 28 6
29 29 29 25
29 30 29 9
29 30 30 14
30 30 30 168
30 31 30 9
