32
9 14 7 1
10 9 6 1
12 11 7 1
13 11 8 1
13 12 8 1
13 12 10 1
14 11 8 1
15 13 10 1
16 14 11 1
17 16 13 1
17 16 14 1
17 16 15 1
17 17 14 1
18 16 14 1
18 17 16 1
19 17 14 1
19 18 14 1
19 18 16 1
20 18 14 1
20 18 16 1
20 19 16 2
20 21 19 1
21 19 17 1
21 21 18 1
21 21 19 2
21 21 20 3
22 21 20 2
22 21 21 1
22 22 20 3
22 22 21 5
22 22 22 1
22 23 23 1
23 21 19 1
23 22 20 2
23 23 21 3
23 23 22 4
23 23 23 6
23 23 24 28
23 24 23 2
23 24 24 112
23 24 25 20
24 22 20 1
24 23 20 1
24 23 21 2
24 23 22 2
24 24 22 1
24 24 23 2
24 24 24 6
24 24 25 63
24 25 24 1
24 25 25 67
24 25 26 32
25 25 26 9
25 26 26 21
25 26 27 41
25 26 28 1
26 25 22 1
26 25 23 1
26 26 27 3
26 27 27 8
26 27 28 31
26 27 29 8
26 28 28 3
26 28 29 4
27 28 28 1
27 28 29 24
27 28 30 3
27 29 30 10
28 29 30 20
28 30 30 20
28 30 31 1
29 30 30 26
29 30 31 5
29 31 31 5
30 30 30 44
30 30 31 1
30 31 30 19
30 31 31 6
