32
3 2 1 1
7 7 5 1
8 6 4 1
13 11 8 1
13 12 8 1
14 11 7 1
14 12 9 1
14 13 12 1
14 14 13 1
17 16 13 1
17 16 14 3
18 16 13 1
18 17 14 1
19 18 16 1
20 18 14 1
20 18 15 1
21 19 16 2
21 20 19 1
21 21 18 1
21 21 19 1
21 21 20 3
22 20 17 1
22 21 20 1
22 22 20 2
22 22 21 3
22 22 22 1
22 23 22 1
22 23 23 1
23 22 19 1
23 22 20 4
23 22 21 1
23 23 21 2
23 23 22 3
23 23 23 3
23 23 24 28
23 24 23 2
23 24 24 111
23 24 25 21
24 22 20 1
24 23 21 2
24 23 22 1
24 24 22 1
24 24 23 2
24 24 24 6
24 24 25 70
24 25 25 68
24 25 26 28
25 24 21 1
25 25 26 14
25 26 26 24
25 26 27 33
25 26 28 2
26 25 22 1
26 25 23 1
26 26 27 4
26 26 28 1
26 27 27 9
26 27 28 31
26 27 29 8
26 28 28 1
26 28 29 5
27 28 28 1
27 28 29 22
27 28 30 6
27 29 29 1
27 29 30 11
28 29 29 1
28 29 30 20
28 30 30 20
29 30 30 24
29 30 31 5
29 31 30 1
29 31 31 4
30 30 30 48
30 30 31 1
30 31 30 19
30 31 31 4
