32
3 3 2 1
4 4 3 1
5 5 4 1
7 7 6 1
8 8 7 3
9 7 5 1
9 9 8 2
10 10 9 2
11 10 10 1
12 12 12 1
12 13 12 2
13 12 11 1
13 13 12 1
13 13 13 1
14 14 13 2
15 15 14 2
16 16 14 1
16 17 15 1
17 17 16 1
18 17 17 1
18 18 17 3
19 18 18 1
19 19 17 1
19 19 18 3
20 19 18 1
20 19 19 1
20 20 19 4
20 21 20 1
21 20 19 2
21 21 20 2
22 21 20 1
22 22 21 5
23 23 22 2
23 24 23 1
24 24 23 3
24 24 24 1
24 25 24 1
25 24 23 1
25 25 24 5
25 26 25 3
26 26 25 72
26 26 26 84
26 27 26 68
26 27 27 1
27 27 26 48
27 27 27 35
27 28 27 23
27 28 28 1
28 28 27 15
28 28 28 27
28 28 29 1
28 29 28 18
28 29 29 6
29 29 28 5
29 29 29 27
29 29 30 1
29 30 29 13
29 30 30 13
30 30 30 154
30 31 30 10
