32
2 2 1 1
3 3 2 1
6 6 4 1
7 6 5 1
7 7 5 1
8 6 5 1
8 7 5 1
8 7 6 1
8 8 6 1
8 8 7 2
9 9 7 1
9 9 8 2
10 9 9 1
11 11 10 2
12 12 11 2
13 13 12 3
14 14 13 4
15 14 13 1
16 16 16 1
17 16 15 1
17 16 16 1
17 17 16 3
18 17 16 1
18 18 17 4
18 18 18 1
19 18 18 1
19 19 18 3
19 20 19 2
20 19 18 1
20 20 18 1
20 20 19 1
21 20 19 4
21 21 20 2
22 21 20 1
22 22 21 3
22 22 22 1
23 23 22 2
24 24 23 4
25 25 24 6
25 25 25 4
25 26 25 3
26 26 25 97
26 26 26 64
26 27 26 67
27 27 26 58
27 27 27 29
27 28 27 19
28 28 27 17
28 28 28 29
28 29 28 22
28 29 29 3
29 29 28 4
29 29 29 28
29 30 29 10
29 30 30 12
30 30 29 4
30 30 30 184
30 31 30 9
