32
3 3 1 1
6 5 3 1
8 7 5 1
12 11 8 1
13 11 8 1
13 12 8 1
14 11 7 1
14 12 9 1
15 15 13 1
17 16 14 2
17 17 14 1
18 16 13 1
18 17 14 1
19 17 13 1
19 18 16 1
20 18 14 1
20 18 15 1
20 19 18 1
20 20 18 1
20 21 19 1
21 19 16 1
21 21 19 1
21 21 20 2
21 21 21 1
21 22 19 1
22 21 19 2
22 21 20 1
22 22 20 3
22 22 21 4
22 23 23 2
23 22 19 2
23 22 20 3
23 22 21 1
23 22 22 1
23 23 21 3
23 23 22 4
23 23 23 6
23 23 24 40
23 24 23 3
23 24 24 111
23 24 25 16
24 23 20 1
24 23 21 1
24 23 22 1
24 24 22 1
24 24 23 1
24 24 24 5
24 24 25 65
24 25 24 1
24 25 25 63
24 25 26 29
25 23 22 1
25 24 22 1
25 25 26 10
25 25 27 1
25 26 26 26
25 26 27 34
25 26 28 3
26 25 23 1
26 26 27 5
26 27 27 6
26 27 28 32
26 27 29 9
26 28 28 3
26 28 29 4
27 28 29 25
27 28 30 2
27 29 29 2
27 29 30 11
28 29 30 17
28 30 30 20
29 30 30 26
29 30 31 6
29 31 31 4
30 30 30 48
30 30 31 1
30 31 30 15
30 31 31 5
