32
0 0 0 2
0 1 0 1
2 2 1 1
4 4 3 1
4 4 4 1
6 6 5 1
7 7 6 1
8 7 6 1
8 8 7 2
9 8 7 1
9 9 7 1
9 9 8 1
10 9 9 1
11 10 9 1
11 11 11 1
12 11 11 1
12 12 11 1
12 13 12 1
13 13 11 1
13 13 12 2
13 13 13 1
14 14 13 1
14 14 14 1
16 16 15 2
17 16 15 1
17 17 16 4
18 17 16 1
18 18 17 4
19 19 18 5
20 20 18 1
20 20 19 4
20 20 20 2
20 21 20 1
21 20 19 2
21 21 20 6
22 21 20 2
22 22 21 1
23 23 22 4
23 23 23 2
24 24 23 4
25 25 24 1
25 25 25 3
25 26 25 6
26 26 25 90
26 26 26 73
26 27 26 70
26 27 27 1
27 27 26 57
27 27 27 31
27 28 27 22
27 28 28 1
28 28 27 16
28 28 28 26
28 29 28 22
28 29 29 5
29 29 28 3
29 29 29 27
29 30 29 10
29 30 30 13
30 30 29 2
30 30 30 177
30 31 30 6
