32
0 0 0 1
0 1 0 2
2 2 1 1
4 4 3 1
6 6 5 1
8 7 6 1
8 8 6 1
8 8 7 2
9 9 7 1
9 9 8 3
10 10 9 1
12 12 11 4
12 12 12 1
13 13 11 1
13 13 12 2
13 13 13 1
14 14 13 3
15 14 13 1
17 17 16 2
18 18 17 4
19 18 18 2
19 19 18 2
19 19 19 2
19 20 19 1
20 19 18 1
20 19 19 1
20 20 19 4
21 20 19 1
21 21 20 4
22 21 20 1
22 22 21 3
22 23 22 1
23 23 22 2
23 23 23 1
24 24 23 4
24 25 24 2
25 25 24 5
25 26 25 8
26 26 25 95
26 26 26 69
26 27 26 61
27 27 26 54
27 27 27 31
27 28 27 20
28 28 27 16
28 28 28 25
28 29 28 23
28 29 29 4
29 29 28 3
29 29 29 25
29 30 29 14
29 30 30 12
30 30 30 147
30 31 30 5
30 31 31 2
