32
2 2 1 1
3 3 3 1
4 4 3 1
5 5 4 1
7 6 5 1
8 8 7 2
9 8 7 1
9 9 7 1
10 10 9 1
11 11 10 2
12 12 11 3
13 13 11 1
13 13 12 2
14 14 13 1
15 14 13 1
16 16 15 1
17 16 15 1
17 17 16 1
18 17 16 1
18 18 17 4
19 19 18 2
20 19 18 3
20 20 18 1
20 20 19 3
21 20 19 1
21 21 20 5
21 21 21 1
22 22 21 4
22 22 22 1
23 22 22 1
23 23 22 1
23 24 23 1
24 24 23 5
24 25 24 1
25 25 24 5
25 25 25 2
25 26 25 8
26 26 25 95
26 26 26 68
26 27 26 73
27 27 26 51
27 27 27 29
27 28 27 28
27 28 28 1
28 28 27 14
28 28 28 24
28 29 28 21
28 29 29 5
29 29 28 3
29 29 29 26
29 30 29 13
29 30 30 12
30 30 30 178
30 31 30 9
30 31 31 1
