32
1 1 0 1
1 1 1 1
6 5 3 1
10 13 6 1
13 11 8 1
13 12 9 1
13 12 10 1
13 12 11 1
14 13 10 1
16 14 11 1
17 16 13 2
18 17 13 1
18 17 14 1
19 17 15 1
19 18 16 1
19 18 17 1
19 19 17 1
20 19 15 1
20 21 19 1
21 19 15 1
21 19 16 1
21 20 18 1
21 20 19 1
21 21 20 2
21 22 18 1
22 21 17 1
22 21 19 2
22 21 20 3
22 22 20 2
22 22 21 2
22 22 22 3
22 23 23 7
22 23 24 3
23 22 20 2
23 22 21 1
23 23 21 3
23 23 22 8
23 23 23 4
23 23 24 77
23 24 23 2
23 24 24 110
23 24 25 17
24 22 20 1
24 23 20 2
24 23 21 3
24 23 22 1
24 24 22 1
24 24 23 1
24 24 24 12
24 24 25 40
24 25 24 5
24 25 25 53
24 25 26 21
25 25 26 18
25 26 26 21
25 26 27 36
25 26 28 3
26 25 23 1
26 26 27 5
26 26 28 1
26 27 27 7
26 27 28 29
26 27 29 4
26 28 28 3
26 28 29 9
27 28 29 19
27 28 30 4
27 29 29 1
27 29 30 12
28 29 30 21
28 30 30 17
29 30 30 26
29 30 31 5
29 31 31 2
30 30 30 31
30 30 31 3
30 31 30 17
30 31 31 8
