32
3 3 2 1
4 4 3 1
7 7 6 1
8 7 6 1
8 8 7 3
9 7 5 1
9 9 8 3
11 10 10 1
12 12 11 4
13 13 11 1
13 13 12 2
14 13 12 1
16 15 14 1
17 17 16 2
18 17 16 1
18 18 17 4
18 18 18 1
19 18 17 2
19 19 18 2
20 19 18 2
20 19 19 1
20 20 19 1
20 20 20 1
20 21 19 1
21 20 19 1
21 21 20 4
22 21 20 1
22 22 21 5
23 23 22 5
23 23 23 1
24 24 23 5
24 24 24 1
25 25 24 3
25 25 25 1
25 26 25 5
26 26 25 92
26 26 26 72
26 27 26 69
27 27 26 58
27 27 27 31
27 28 27 20
28 28 27 13
28 28 28 28
28 29 28 22
28 29 29 5
29 29 28 5
29 29 29 28
29 30 29 9
29 30 30 12
30 30 29 1
30 30 30 175
30 31 30 11
