32
0 1 0 1
2 2 1 1
6 6 5 1
7 7 6 1
8 8 7 2
9 7 5 1
9 9 7 1
10 10 9 1
11 10 9 1
11 11 10 1
13 12 11 1
13 13 12 3
14 13 12 1
14 14 13 1
16 15 14 2
16 16 15 1
17 16 15 1
18 17 16 1
18 18 17 1
19 18 17 1
19 19 17 1
19 19 18 4
20 19 18 1
20 20 19 5
21 21 20 4
22 21 20 2
22 22 21 5
22 22 22 1
23 23 22 3
24 24 23 2
24 24 24 3
25 24 23 1
25 25 24 5
25 26 25 3
26 26 25 78
26 26 26 76
26 27 26 67
27 27 26 55
27 27 27 29
27 28 27 27
27 28 28 2
28 28 27 13
28 28 28 25
28 29 28 24
28 29 29 5
29 29 28 4
29 29 29 27
29 30 29 9
29 30 30 16
30 30 30 170
30 31 30 12
