32
10 9 6 1
12 11 8 1
13 11 7 1
13 11 8 2
13 12 8 1
13 12 9 1
13 12 10 1
14 13 10 1
14 13 12 1
15 14 11 1
15 14 12 2
17 16 14 1
17 17 14 1
18 16 13 1
18 17 14 1
19 18 16 1
19 18 17 1
19 19 16 1
20 18 14 1
20 18 15 1
20 20 19 1
20 21 19 1
21 19 16 1
21 20 19 1
21 21 19 2
21 21 20 1
21 22 19 1
22 21 19 1
22 22 20 2
22 22 21 3
22 22 22 2
22 23 23 1
23 22 19 1
23 22 20 3
23 22 21 1
23 22 22 1
23 23 21 2
23 23 22 4
23 23 23 6
23 23 24 34
23 24 23 1
23 24 24 109
23 24 25 16
24 23 22 1
24 24 23 2
24 24 24 8
24 24 25 64
24 25 25 67
24 25 26 30
25 23 21 1
25 24 22 2
25 25 26 11
25 26 26 27
25 26 27 36
25 26 28 3
26 25 22 1
26 25 23 1
26 26 27 2
26 27 27 7
26 27 28 33
26 27 29 7
26 28 28 1
26 28 29 5
27 28 28 1
27 28 29 25
27 28 30 2
27 29 30 10
28 29 30 19
28 30 30 20
29 30 30 25
29 30 31 3
29 31 30 1
29 31 31 4
30 30 30 37
30 30 31 2
30 31 30 19
30 31 31 1
