32
0 1 0 1
3 3 2 1
4 4 3 2
5 5 5 1
7 7 5 1
8 8 7 2
9 8 6 1
9 9 8 1
11 11 10 1
12 12 11 1
13 13 11 1
13 13 12 2
14 14 13 1
15 14 13 1
15 15 13 1
17 17 16 2
18 17 16 1
18 18 17 5
18 18 18 1
19 19 18 6
19 19 19 1
20 20 19 4
21 20 19 1
21 21 19 2
21 21 20 3
22 22 20 1
22 22 21 4
22 22 22 2
23 23 22 1
23 23 23 1
24 24 23 4
24 25 24 1
25 25 24 5
25 25 25 1
25 26 25 2
26 26 25 78
26 26 26 73
26 27 26 74
27 27 26 53
27 27 27 29
27 28 27 28
27 28 28 1
28 28 27 13
28 28 28 24
28 29 28 26
28 29 29 6
29 29 28 3
29 29 29 19
29 29 30 1
29 30 29 17
29 30 30 13
30 30 29 1
30 30 30 151
30 31 30 10
