32
0 1 0 2
3 3 2 1
5 5 4 1
6 6 5 1
7 7 7 1
8 7 6 1
8 8 7 3
9 7 5 1
9 8 6 1
9 9 8 3
11 10 9 1
11 11 10 1
12 9 8 1
12 11 10 1
12 12 11 2
13 12 11 1
13 13 12 2
13 13 13 1
14 12 11 1
14 13 13 1
14 14 13 2
15 15 14 1
16 15 14 1
16 16 14 1
16 16 16 2
17 17 16 1
17 18 17 1
18 17 16 1
18 18 17 5
18 19 18 1
19 18 17 1
19 19 18 2
19 20 19 1
20 19 18 2
20 20 19 6
21 21 20 5
22 22 21 6
23 23 22 3
24 24 23 3
24 24 24 1
25 25 24 5
25 26 25 7
26 26 25 93
26 26 26 64
26 27 26 65
26 27 27 1
27 27 26 62
27 27 27 27
27 28 27 22
27 28 28 2
28 28 27 15
28 28 28 25
28 29 28 22
28 29 29 5
29 29 28 4
29 29 29 27
29 30 29 12
29 30 30 13
30 30 29 4
30 30 30 187
30 31 30 9
