32
0 0 0 1
0 1 0 1
2 2 1 1
5 5 4 1
8 8 7 3
9 9 8 2
11 10 9 1
12 12 11 1
13 12 11 1
13 13 12 1
14 14 13 3
16 15 14 1
16 16 15 2
17 17 16 2
18 17 16 1
18 18 17 2
19 18 17 2
19 18 18 1
19 19 18 3
20 19 18 1
20 20 19 2
20 21 20 1
21 20 19 3
21 20 20 1
21 21 19 1
22 21 20 2
22 22 20 1
22 22 21 4
22 22 22 2
23 23 22 2
24 24 22 1
24 24 23 4
24 25 24 1
25 25 24 5
25 25 25 2
25 26 25 7
26 26 25 93
26 26 26 69
26 27 26 59
27 27 26 55
27 27 27 30
27 28 27 21
28 28 27 16
28 28 28 28
28 29 28 20
28 29 29 4
29 29 28 4
29 29 29 25
29 29 30 2
29 30 29 14
29 30 30 11
30 30 30 157
30 31 30 7
