32
0 1 0 1
5 4 3 1
8 8 7 2
8 9 7 1
9 9 8 1
10 9 8 1
11 10 9 1
11 11 10 2
12 12 11 1
13 13 11 1
13 13 12 3
14 13 12 1
14 14 13 1
15 15 14 1
16 15 14 1
16 16 14 1
17 17 16 1
18 17 16 2
18 18 17 1
19 18 17 2
19 18 18 1
19 19 17 2
19 19 18 2
20 20 19 3
21 21 19 1
21 21 20 1
22 21 19 1
22 21 20 2
22 22 21 2
23 22 22 1
23 23 22 5
23 24 23 1
24 24 23 5
24 24 24 1
25 25 24 6
25 25 25 1
25 26 25 2
26 26 25 82
26 26 26 73
26 27 26 65
27 27 26 61
27 27 27 25
27 28 27 23
27 28 28 1
28 28 27 17
28 28 28 26
28 29 28 21
28 29 29 3
29 29 28 5
29 29 29 29
29 30 29 10
29 30 30 13
30 30 29 2
30 30 30 155
30 31 30 8
