32
0 1 0 2
3 3 2 1
4 6 4 1
5 5 4 1
7 6 5 1
7 7 6 1
8 8 7 3
9 8 6 1
9 9 8 2
11 11 10 3
12 11 10 1
13 12 11 1
13 13 12 2
14 13 12 1
15 14 13 3
15 15 14 1
17 17 16 2
18 17 17 1
18 18 17 2
18 18 18 2
18 19 18 1
19 18 17 1
19 19 18 3
19 19 19 1
19 20 19 1
20 19 18 1
20 20 18 1
20 20 19 4
21 20 19 2
21 21 20 4
22 21 20 1
22 22 21 3
23 22 22 1
23 23 22 3
23 24 23 1
24 24 23 5
25 25 24 4
25 25 25 2
25 26 25 4
26 26 25 72
26 26 26 79
26 27 26 70
27 27 26 54
27 27 27 38
27 28 27 20
27 28 28 2
28 28 27 13
28 28 28 29
28 29 28 18
28 29 29 4
29 29 28 6
29 29 29 27
29 30 29 9
29 30 30 15
30 30 30 162
30 31 30 6
30 31 31 2
