32
3 3 2 1
5 5 4 1
6 7 6 1
8 8 7 2
9 8 7 1
10 10 9 2
11 11 10 1
12 12 11 1
12 13 12 1
13 12 11 1
13 13 12 2
14 14 13 1
15 14 13 1
15 14 14 1
16 17 15 1
17 16 15 1
18 17 16 1
18 18 17 4
19 18 18 1
19 19 17 1
19 19 18 2
20 19 18 2
20 20 19 2
21 20 19 2
21 21 20 4
22 21 20 2
22 21 21 1
22 22 21 4
22 23 22 1
23 22 22 2
23 23 22 3
23 23 23 1
24 24 23 3
24 24 24 1
25 25 24 4
25 25 25 2
25 26 25 2
26 26 25 89
26 26 26 73
26 27 26 62
27 27 26 60
27 27 27 32
27 28 27 22
28 28 27 14
28 28 28 27
28 29 28 21
28 29 29 5
29 29 28 5
29 29 29 26
29 30 29 9
29 30 30 14
30 30 29 3
30 30 30 123
30 31 30 10
