32
3 3 2 2
6 6 5 1
7 7 6 1
7 7 7 1
7 8 7 1
8 8 7 3
9 9 8 3
10 10 9 1
12 11 10 1
12 12 10 1
12 12 11 1
13 13 11 1
13 13 12 1
14 14 13 2
15 14 14 1
15 15 14 1
16 16 15 1
17 17 16 1
18 17 17 1
18 18 16 1
18 18 17 4
19 18 17 2
19 18 18 1
19 19 18 4
19 20 19 1
20 19 18 3
20 19 19 1
20 20 19 2
20 20 20 1
21 21 20 3
21 21 21 1
22 21 20 2
22 22 21 5
22 23 22 1
23 22 22 1
23 23 22 2
24 23 23 1
24 24 23 2
24 24 24 1
24 25 24 1
25 25 24 4
25 25 25 1
25 26 25 3
26 26 25 82
26 26 26 78
26 27 26 66
27 27 26 58
27 27 27 33
27 28 27 20
27 28 28 2
28 28 27 13
28 28 28 26
28 29 28 23
28 29 29 4
29 29 28 4
29 29 29 26
29 30 29 10
29 30 30 15
30 30 29 1
30 30 30 155
30 31 30 9
