32
1 2 0 1
6 5 4 1
7 5 3 1
13 12 8 1
13 12 9 1
13 13 11 1
14 12 9 1
16 14 11 1
16 15 13 1
17 16 15 1
18 17 14 4
19 18 16 2
20 21 19 1
21 19 16 1
21 20 19 1
21 21 19 1
22 21 18 1
22 21 19 3
22 21 20 3
22 22 19 1
22 22 20 2
22 22 21 5
22 22 22 2
22 23 22 1
22 23 23 8
22 23 24 2
23 22 20 1
23 23 21 1
23 23 22 4
23 23 23 5
23 23 24 74
23 24 23 2
23 24 24 100
23 24 25 24
24 22 20 2
24 23 20 1
24 23 21 3
24 23 22 1
24 24 22 1
24 24 23 2
24 24 24 12
24 24 25 41
24 24 26 1
24 25 24 2
24 25 25 54
24 25 26 25
24 25 27 1
25 23 21 1
25 24 21 1
25 25 23 1
25 25 26 13
25 25 27 1
25 26 26 20
25 26 27 37
25 26 28 2
26 25 22 2
26 26 27 4
26 27 27 5
26 27 28 31
26 27 29 8
26 28 28 3
26 28 29 6
27 28 29 18
27 28 30 5
27 29 29 2
27 29 30 10
28 29 30 20
28 30 30 12
29 30 30 28
29 30 31 8
30 30 30 30
30 30 31 3
30 31 30 17
30 31 31 5
