32
7 6 4 1
11 11 9 1
13 11 8 1
13 12 9 1
13 13 10 1
14 13 10 1
14 13 11 1
16 14 11 1
16 16 14 1
17 16 13 2
18 17 14 1
19 17 14 1
19 17 15 1
19 18 14 1
19 18 16 1
20 19 15 1
20 20 18 1
20 21 19 1
21 19 16 2
21 21 19 1
21 22 21 1
22 21 18 1
22 21 19 2
22 21 20 2
22 22 19 1
22 22 20 2
22 22 21 3
22 22 22 2
22 23 23 8
22 23 24 5
23 21 18 1
23 22 19 1
23 22 20 3
23 22 21 2
23 23 22 3
23 23 23 5
23 23 24 76
23 24 23 2
23 24 24 104
23 24 25 19
24 23 20 2
24 23 21 3
24 23 22 1
24 24 23 1
24 24 24 7
24 24 25 39
24 24 26 1
24 25 25 49
24 25 26 29
25 24 22 1
25 25 26 10
25 25 27 2
25 26 26 19
25 26 27 34
25 26 28 2
26 25 22 1
26 25 23 1
26 26 27 4
26 26 28 1
26 27 27 6
26 27 28 31
26 27 29 8
26 28 28 1
26 28 29 6
27 28 29 17
27 28 30 3
27 29 30 13
28 29 30 22
28 30 30 17
29 30 30 22
29 30 31 8
29 31 30 1
29 31 31 1
30 30 30 36
30 30 31 3
30 31 30 14
30 31 31 5
