32
4 4 3 1
6 6 5 1
7 6 5 1
7 7 6 1
8 7 6 1
8 8 6 1
8 8 7 2
9 7 6 1
9 9 8 2
10 10 9 1
12 12 12 1
13 12 11 1
13 13 12 1
14 14 13 1
15 14 14 1
16 15 14 2
16 16 15 2
16 16 16 1
17 17 17 1
17 18 16 1
18 18 16 1
18 18 17 4
18 18 18 1
19 18 17 1
19 18 18 1
19 19 18 2
19 19 19 1
20 19 19 1
20 20 19 3
21 20 19 2
21 20 20 1
21 21 20 1
21 21 21 1
22 21 20 2
22 22 21 2
22 22 22 1
23 22 22 1
23 23 22 2
24 24 23 5
24 24 24 1
24 25 24 2
25 25 24 5
25 25 25 1
25 26 25 1
26 26 25 87
26 26 26 69
26 27 26 62
27 27 26 60
27 27 27 28
27 28 27 21
28 28 27 18
28 28 28 28
28 29 28 21
28 29 29 3
29 29 28 5
29 29 29 27
29 30 29 12
29 30 30 13
30 30 29 1
30 30 30 173
30 31 30 10
