32
3 3 2 1
4 6 4 1
8 8 7 2
9 9 7 1
9 9 8 2
11 10 10 2
11 11 10 2
11 12 11 1
12 12 11 2
13 13 11 1
13 13 12 1
13 13 13 1
14 14 13 2
15 15 14 1
16 16 15 1
18 17 16 1
18 18 17 3
19 18 17 2
19 19 18 5
19 20 19 1
20 20 18 1
21 20 19 2
21 21 19 1
21 21 20 5
22 22 21 3
22 22 22 1
23 22 22 2
23 23 22 1
23 23 23 1
24 24 23 2
25 25 24 10
25 26 25 11
26 26 25 93
26 26 26 66
26 27 26 75
27 27 26 44
27 27 27 30
27 28 27 28
27 28 28 1
28 28 27 9
28 28 28 24
28 29 28 23
28 29 29 5
29 29 28 3
29 29 29 24
29 30 29 15
29 30 30 10
30 30 30 165
30 31 30 9
