32
1 1 1 1
6 6 5 1
7 7 6 1
8 6 5 1
8 7 6 1
8 8 7 3
9 9 8 2
10 9 8 1
11 11 10 3
12 12 11 2
13 12 11 1
13 13 12 1
14 14 13 1
15 15 13 1
17 17 16 2
18 17 16 1
18 18 17 5
18 18 18 2
19 18 17 2
19 19 18 3
19 20 18 1
20 19 18 1
20 20 19 1
20 20 20 1
21 20 19 3
21 21 19 1
21 21 20 3
22 21 20 1
22 22 21 3
22 23 22 2
23 23 22 2
24 24 22 1
24 24 23 5
24 25 24 1
25 25 24 4
25 25 25 1
25 26 25 5
26 26 25 93
26 26 26 70
26 27 26 59
27 27 26 58
27 27 27 27
27 28 27 21
28 28 27 20
28 28 28 23
28 29 28 22
28 29 29 4
29 29 28 4
29 29 29 25
29 30 29 15
29 30 30 9
30 30 29 1
30 30 30 158
30 31 30 10
