32
0 1 0 1
1 1 0 1
3 3 2 1
7 7 6 1
8 7 6 1
8 8 6 1
8 8 7 2
9 9 8 1
11 11 9 1
11 11 10 2
12 11 11 1
12 12 11 1
12 13 12 1
13 12 11 1
13 13 12 1
14 13 12 1
14 14 13 2
16 15 14 1
16 15 15 1
16 16 15 1
18 17 16 2
18 18 16 1
18 18 17 2
19 18 17 1
19 19 17 1
19 19 18 3
20 19 18 2
20 20 19 3
20 21 20 1
21 20 19 1
21 21 20 4
22 21 20 2
22 22 21 2
22 22 22 1
22 23 22 1
23 22 22 1
23 23 22 1
24 24 23 4
25 24 24 1
25 25 24 6
25 26 25 3
26 26 25 88
26 26 26 71
26 27 26 62
27 27 26 64
27 27 27 27
27 28 27 22
28 28 27 15
28 28 28 31
28 29 28 19
28 29 29 3
29 29 28 7
29 29 29 26
29 30 29 14
29 30 30 13
30 30 30 167
30 31 30 7
