32
0 1 0 1
3 3 2 2
3 3 3 1
4 5 4 1
7 7 5 1
8 7 6 1
8 8 7 2
9 7 5 1
9 8 7 1
9 9 7 1
9 9 8 1
10 9 9 1
10 10 9 2
11 11 10 1
12 12 11 2
13 10 9 1
13 13 11 1
13 13 12 3
13 14 13 1
14 14 13 1
14 14 14 1
15 15 14 1
16 15 14 1
16 16 16 2
17 16 15 2
17 16 16 1
17 17 16 1
17 17 17 2
18 18 17 2
19 18 18 2
19 19 18 5
19 20 20 1
20 19 18 1
20 20 18 1
20 20 19 5
20 21 20 1
21 21 20 6
22 21 20 1
22 22 21 4
22 22 22 1
23 23 22 2
23 23 23 2
24 24 23 5
24 24 24 2
24 25 24 1
25 25 24 8
25 26 25 2
26 26 25 74
26 26 26 78
26 27 26 71
26 27 27 1
27 27 26 56
27 27 27 37
27 28 27 24
27 28 28 1
28 28 27 10
28 28 28 27
28 29 28 25
28 29 29 6
29 29 28 4
29 29 29 27
29 30 29 12
29 30 30 13
30 30 29 1
30 30 30 182
30 31 30 10
