32
1 1 1 1
8 7 5 1
8 7 6 1
8 8 7 2
9 8 7 1
9 9 8 2
10 10 9 1
11 11 10 2
12 12 10 1
12 12 11 1
12 12 12 1
13 12 11 1
13 13 12 2
13 13 13 1
14 14 13 1
15 14 13 1
17 16 15 1
17 17 16 1
18 17 17 1
18 18 16 1
18 18 17 3
18 19 18 1
19 18 17 2
19 18 18 1
19 19 18 3
20 19 18 1
20 20 18 2
20 20 19 3
21 21 20 6
21 22 21 2
22 21 20 1
22 22 20 1
22 22 21 3
22 22 22 2
23 23 22 3
24 24 23 3
24 24 24 2
25 25 24 4
25 25 25 1
25 26 25 4
26 26 25 90
26 26 26 72
26 27 26 64
27 27 26 60
27 27 27 27
27 28 27 23
27 28 28 1
28 28 27 16
28 28 28 22
28 29 28 20
28 29 29 6
29 29 28 5
29 29 29 25
29 30 29 12
29 30 30 14
30 30 29 1
30 30 30 165
30 31 30 7
