32
7 6 4 1
10 9 8 1
11 10 8 1
11 11 9 1
12 11 8 1
12 11 9 1
12 11 10 1
13 11 8 1
13 12 8 1
14 13 10 1
14 13 11 1
15 14 11 1
15 14 12 2
16 15 14 1
17 16 14 1
18 16 13 1
18 17 15 1
19 18 14 1
19 18 16 1
19 18 17 1
20 19 16 1
20 21 19 1
21 19 17 1
21 20 18 1
21 21 19 1
21 21 20 2
21 22 19 1
22 21 19 3
22 22 20 1
22 22 21 6
22 22 22 1
22 23 23 2
23 22 19 2
23 22 20 3
23 22 21 1
23 23 21 1
23 23 22 4
23 23 23 6
23 23 24 32
23 24 23 2
23 24 24 112
23 24 25 19
24 22 20 2
24 23 20 1
24 23 21 1
24 23 22 1
24 24 22 1
24 24 23 2
24 24 24 6
24 24 25 67
24 24 26 1
24 25 24 1
24 25 25 69
24 25 26 25
25 25 26 14
25 26 26 27
25 26 27 34
25 26 28 3
26 25 23 1
26 26 27 5
26 27 27 7
26 27 28 30
26 27 29 8
26 28 29 6
27 28 28 2
27 28 29 23
27 28 30 3
27 29 30 11
28 28 28 1
28 29 30 19
28 30 30 21
29 30 30 28
29 30 31 7
29 31 31 2
30 30 30 49
30 30 31 3
30 31 30 15
30 31 31 6
