32
3 3 2 1
4 3 3 1
5 5 4 1
6 6 5 1
6 6 6 1
8 8 6 1
8 8 7 2
9 9 8 3
10 10 9 1
11 11 10 1
12 12 11 1
13 12 11 1
13 13 11 1
13 13 12 1
14 13 12 2
14 14 13 1
14 15 14 1
15 14 13 1
15 15 14 1
17 16 15 1
17 17 15 1
17 17 16 1
18 17 16 1
18 18 17 3
19 18 17 2
19 19 18 3
19 19 19 2
20 19 19 1
20 20 19 3
21 20 19 1
21 21 20 3
21 21 21 1
21 22 21 1
22 21 20 1
22 21 21 1
22 22 22 1
23 22 21 1
23 23 22 4
24 24 23 2
24 24 24 1
25 25 24 4
25 25 25 3
25 26 25 2
26 26 25 61
26 26 26 84
26 27 26 72
27 27 26 57
27 27 27 34
27 28 27 29
27 28 28 2
28 28 27 11
28 28 28 26
28 29 28 24
28 29 29 6
29 29 28 5
29 29 29 25
29 30 29 12
29 30 30 15
30 30 29 1
30 30 30 161
30 31 30 12
