32
0 1 0 1
3 3 2 1
7 7 7 1
8 8 7 1
9 8 7 1
9 9 8 2
12 11 10 1
13 13 11 1
13 13 12 3
13 14 13 1
14 13 13 1
14 15 14 1
15 14 13 1
15 15 13 1
15 15 14 1
16 16 16 1
17 16 16 1
17 17 15 1
17 17 16 2
18 18 17 3
19 18 17 2
19 19 18 3
19 19 19 2
20 19 18 3
20 20 19 1
20 21 20 1
21 20 19 1
21 20 20 1
21 21 20 4
21 22 21 1
22 21 20 1
22 22 20 1
22 22 21 3
22 22 22 1
23 23 22 2
23 23 23 1
24 24 23 3
25 25 24 4
25 25 25 1
25 26 25 1
26 26 25 78
26 26 26 79
26 27 26 67
27 27 26 59
27 27 27 31
27 28 27 22
27 28 28 2
28 28 27 15
28 28 28 30
28 29 28 20
28 29 29 3
29 29 28 5
29 29 29 28
29 30 29 12
29 30 30 9
30 30 29 1
30 30 30 175
30 31 30 7
