32
1 1 0 1
1 1 1 1
4 3 3 1
7 7 5 1
8 8 7 2
9 7 5 1
9 9 8 3
11 10 9 1
12 12 11 3
13 13 12 2
14 14 13 1
14 14 14 1
15 14 14 1
15 15 14 1
16 15 14 1
16 16 14 1
17 17 16 3
18 17 16 1
18 18 17 4
19 18 17 1
19 19 18 2
19 19 19 1
20 20 19 4
21 20 19 1
21 21 19 1
21 21 20 1
21 22 21 1
22 21 21 1
22 22 21 2
22 22 22 2
23 22 21 1
23 23 22 2
24 24 23 4
25 25 24 6
25 25 25 2
25 26 25 2
26 26 25 92
26 26 26 71
26 27 26 59
27 27 26 59
27 27 27 29
27 28 27 19
28 28 27 18
28 28 28 26
28 29 28 22
28 29 29 3
29 29 28 5
29 29 29 26
29 30 29 12
29 30 30 11
30 30 29 2
30 30 30 148
30 31 30 10
