32
0 1 0 1
2 2 1 1
7 6 6 1
8 8 7 2
9 9 7 1
9 9 8 2
10 10 9 2
11 11 10 1
11 11 11 1
12 12 11 1
13 13 11 1
13 13 12 1
14 13 12 1
14 13 13 2
14 14 13 2
16 15 14 3
17 16 15 1
17 17 15 1
17 17 16 1
17 17 17 1
18 18 17 2
19 18 17 2
19 19 17 1
19 19 18 2
19 19 19 1
20 20 18 1
20 20 19 4
21 21 20 5
22 21 20 1
22 22 20 1
22 22 21 3
23 23 22 4
24 24 23 3
25 25 24 6
25 25 25 1
25 26 25 1
26 26 25 86
26 26 26 75
26 27 26 67
27 27 26 55
27 27 27 32
27 28 27 22
28 28 27 14
28 28 28 30
28 29 28 15
28 29 29 5
29 29 28 8
29 29 29 27
29 30 29 11
29 30 30 13
30 30 29 1
30 30 30 159
30 31 30 10
