32
0 0 0 1
0 1 0 2
1 1 0 1
1 2 1 1
2 2 1 1
6 6 5 1
8 7 6 1
8 8 7 2
9 8 7 1
9 9 8 2
11 11 10 2
12 12 11 2
13 12 12 1
13 13 11 1
13 13 12 3
13 13 13 1
14 14 13 1
16 15 14 1
16 16 15 1
17 16 15 1
17 17 16 4
18 18 17 2
19 18 17 2
19 18 18 1
19 19 18 3
19 19 19 1
20 20 19 5
20 20 20 1
21 20 19 1
21 21 20 3
22 21 20 2
22 22 21 2
22 22 22 1
22 23 22 1
23 22 22 1
23 23 22 3
23 23 23 1
24 24 23 5
24 24 24 1
25 25 24 5
25 25 25 2
25 26 25 5
26 26 25 93
26 26 26 72
26 27 26 64
26 27 27 1
27 27 26 52
27 27 27 33
27 28 27 18
27 28 28 2
28 28 27 17
28 28 28 26
28 29 28 21
28 29 29 5
29 29 28 5
29 29 29 27
29 30 29 11
29 30 30 11
30 30 29 1
30 30 30 151
30 31 30 7
