32
1 1 0 1
1 1 1 1
4 4 3 1
6 6 5 1
8 7 6 1
8 8 7 2
9 9 7 1
11 10 9 1
11 11 10 1
12 12 11 2
13 12 11 1
13 13 11 1
13 13 12 3
14 14 13 4
17 16 15 1
17 18 16 1
18 17 17 1
18 18 16 1
18 18 17 2
19 18 17 2
19 18 18 1
19 19 18 2
19 19 19 1
20 19 18 2
20 20 19 4
20 20 20 1
21 20 19 1
21 21 19 1
21 21 20 2
22 21 20 1
22 22 21 3
22 22 22 1
23 22 22 1
23 23 22 2
23 24 23 1
24 24 23 2
25 24 23 1
25 25 24 6
25 26 25 5
26 26 25 92
26 26 26 63
26 27 26 75
27 27 26 52
27 27 27 30
27 28 27 25
27 28 28 2
28 28 27 10
28 28 28 26
28 29 28 24
28 29 29 5
29 29 28 3
29 29 29 24
29 30 29 14
29 30 30 11
30 30 29 2
30 30 30 167
30 31 30 10
