32
3 3 2 1
6 6 5 1
7 7 6 1
8 7 6 1
8 8 7 3
9 7 6 1
9 9 7 1
10 10 10 1
11 10 9 1
12 12 11 3
13 12 11 1
13 13 12 2
14 13 12 1
14 14 13 1
15 14 13 1
15 15 14 1
16 15 14 1
17 16 15 1
17 17 15 1
17 17 16 1
18 18 16 1
18 18 17 1
19 18 17 1
19 19 18 4
19 19 19 1
20 20 19 3
21 20 19 2
21 21 19 1
21 21 20 3
22 21 20 3
22 22 21 3
22 22 22 1
22 23 22 1
23 23 22 6
23 23 23 1
24 24 23 5
25 25 24 6
25 26 25 6
26 26 25 93
26 26 26 70
26 27 26 65
27 27 26 55
27 27 27 31
27 28 27 21
27 28 28 1
28 28 27 15
28 28 28 26
28 29 28 18
28 29 29 5
29 29 28 5
29 29 29 26
29 30 29 14
29 30 30 11
30 30 29 2
30 30 30 165
30 31 30 8
30 31 31 1
