32
0 1 0 1
2 2 1 1
2 3 2 1
4 4 3 1
5 5 4 1
7 7 7 1
8 7 6 1
8 8 7 2
9 9 7 1
9 9 8 2
10 10 9 1
11 10 9 1
12 12 10 1
12 12 11 4
13 13 11 1
13 13 12 2
14 14 13 2
15 14 13 2
16 15 14 1
18 17 16 2
18 18 17 2
19 18 17 2
19 18 18 1
19 19 18 4
19 19 19 1
19 20 18 1
20 19 18 1
20 20 19 5
20 20 20 1
21 21 19 1
21 21 20 2
22 21 20 2
22 22 21 4
22 22 22 1
23 22 21 1
23 23 22 2
24 23 23 1
24 24 23 4
24 24 24 2
25 25 24 6
25 26 25 1
26 26 25 86
26 26 26 76
26 27 26 65
27 27 26 60
27 27 27 26
27 28 27 25
27 28 28 1
28 28 27 13
28 28 28 25
28 29 28 23
28 29 29 4
29 29 28 5
29 29 29 26
29 30 29 10
29 30 30 13
30 30 29 2
30 30 30 171
30 31 30 7
30 31 31 1
