32
0 1 0 2
2 2 2 1
3 3 2 1
5 4 4 1
7 7 6 2
8 7 6 1
8 8 7 2
9 9 7 1
9 9 8 1
11 11 10 1
12 12 11 2
13 12 12 1
13 13 11 1
13 13 12 3
13 13 13 1
14 14 12 2
16 15 14 1
17 16 15 1
17 17 16 1
18 17 16 1
18 18 17 3
19 18 17 1
19 19 18 1
20 19 18 2
20 20 19 3
20 20 20 2
20 21 20 1
21 21 20 3
22 21 20 1
22 21 21 1
22 22 21 4
23 22 22 1
23 23 22 3
24 24 23 4
25 25 24 4
25 25 25 3
25 26 25 8
26 26 25 93
26 26 26 69
26 27 26 64
27 27 26 58
27 27 27 29
27 28 27 20
28 28 27 16
28 28 28 26
28 29 28 23
28 29 29 4
29 29 28 5
29 29 29 25
29 29 30 1
29 30 29 11
29 30 30 12
30 30 29 2
30 30 30 167
30 31 30 7
30 31 31 1
