32
1 1 0 2
2 2 0 1
2 2 1 1
6 6 4 1
12 11 8 1
13 11 7 1
13 11 8 1
13 12 9 2
13 12 10 1
14 13 12 1
16 14 11 1
16 15 13 1
17 16 13 1
17 16 14 2
18 16 13 1
18 17 15 1
18 17 16 1
19 18 15 1
19 18 16 1
20 18 14 1
20 21 19 1
21 19 16 2
21 21 19 3
21 21 20 2
22 21 18 2
22 21 19 2
22 21 20 2
22 22 20 1
22 22 21 2
22 22 22 3
22 23 22 1
22 23 23 1
23 22 20 4
23 22 21 1
23 23 21 4
23 23 22 5
23 23 23 4
23 23 24 43
23 24 23 1
23 24 24 113
23 24 25 16
24 23 22 1
24 24 22 2
24 24 23 1
24 24 24 10
24 24 25 64
24 25 24 1
24 25 25 65
24 25 26 33
25 23 21 1
25 24 21 1
25 25 23 1
25 25 25 1
25 25 26 14
25 25 27 1
25 26 26 22
25 26 27 36
25 26 28 1
26 26 27 5
26 27 27 9
26 27 28 31
26 27 29 9
26 28 28 3
26 28 29 3
27 28 29 24
27 28 30 4
27 29 30 12
28 29 30 17
28 30 30 20
29 30 30 25
29 30 31 6
29 31 31 3
30 30 30 36
30 30 31 1
30 31 30 11
30 31 31 4
