32
3 3 2 2
4 4 3 1
4 5 4 1
6 6 5 1
7 7 7 1
8 7 6 1
8 8 7 3
9 7 5 1
9 9 8 3
12 11 10 2
12 12 11 1
13 12 11 2
13 13 12 2
14 13 13 1
14 14 13 1
15 14 13 1
16 16 15 1
17 18 17 1
18 17 16 2
18 18 17 2
18 18 18 1
19 18 17 2
19 19 18 3
20 19 18 1
20 19 19 1
20 20 19 5
21 20 19 1
21 21 20 4
22 21 20 2
22 22 21 2
22 22 22 1
23 22 22 1
23 23 22 1
23 23 23 1
24 24 23 3
25 25 24 8
26 26 25 76
26 26 26 78
26 27 26 66
27 27 26 55
27 27 27 35
27 28 27 18
27 28 28 2
28 28 27 17
28 28 28 27
28 29 28 22
28 29 29 4
29 29 28 5
29 29 29 25
29 29 30 1
29 30 29 12
29 30 30 12
30 30 30 163
30 31 30 8
30 31 31 1
