32
6 5 4 1
12 11 8 1
13 12 8 1
13 12 9 2
14 11 7 1
14 12 8 1
14 13 9 1
16 14 11 1
16 15 13 1
17 16 14 1
18 17 14 1
19 17 14 1
19 18 15 1
20 18 14 1
20 19 17 1
21 19 16 1
21 20 18 1
21 21 19 1
22 21 18 1
22 21 19 3
22 21 20 4
22 22 19 1
22 22 20 2
22 22 21 3
22 22 22 1
22 23 22 1
23 22 18 1
23 22 19 1
23 22 20 1
23 22 21 2
23 23 20 1
23 23 22 4
23 23 23 6
23 23 24 17
23 24 24 119
23 24 25 10
24 23 20 2
24 23 21 2
24 23 22 2
24 24 22 2
24 24 23 3
24 24 24 37
24 24 25 47
24 25 24 3
24 25 25 76
24 25 26 13
25 24 21 1
25 24 22 1
25 25 26 26
25 26 26 28
25 26 27 22
25 26 28 1
26 26 27 15
26 26 28 1
26 27 27 10
26 27 28 30
26 27 29 5
26 28 28 3
26 28 29 1
27 26 24 1
27 27 28 1
27 28 28 2
27 28 29 25
27 28 30 4
27 29 29 1
27 29 30 3
28 29 30 30
28 30 30 13
29 30 30 29
29 30 31 5
29 31 31 3
30 30 30 40
30 30 31 2
30 31 30 18
30 31 31 4
