32
1 2 1 1
8 8 7 2
9 8 7 1
9 9 7 1
10 10 9 1
11 10 9 1
12 12 11 4
13 13 11 1
13 13 12 1
13 13 13 1
14 13 12 1
14 14 13 1
15 15 14 1
17 16 15 1
17 16 16 1
17 17 15 1
18 18 17 3
19 18 17 2
19 19 18 3
20 19 18 1
20 20 19 8
20 20 20 1
21 21 20 4
22 21 20 2
22 22 21 2
22 22 22 1
23 23 22 2
24 24 23 6
25 25 24 5
25 25 25 1
25 26 25 1
26 26 25 79
26 26 26 80
26 27 26 66
27 27 26 58
27 27 27 29
27 28 27 22
28 28 27 16
28 28 28 27
28 29 28 20
28 29 29 3
29 29 28 5
29 29 29 26
29 29 30 1
29 30 29 13
29 30 30 11
30 30 30 167
30 31 30 8
