32
1 1 0 1
2 2 1 1
3 3 2 1
4 4 4 1
6 6 6 1
7 7 6 1
8 7 6 1
8 7 7 1
8 8 7 1
8 9 7 1
9 9 8 1
10 10 9 1
11 10 9 1
13 12 11 1
13 13 12 2
13 13 13 2
14 13 12 1
14 14 13 2
15 14 13 1
15 15 14 1
16 15 14 1
16 15 15 1
16 16 15 1
16 17 15 1
17 17 16 1
18 18 17 1
19 18 17 2
19 19 18 4
19 19 19 1
19 20 19 1
20 19 18 1
20 19 19 1
20 20 19 2
21 20 19 1
21 21 20 5
22 21 20 1
22 22 21 3
23 22 21 1
23 22 22 1
23 23 22 7
24 24 23 2
25 25 24 6
25 25 25 1
25 26 25 2
26 26 25 61
26 26 26 86
26 27 26 75
26 27 27 1
27 27 26 50
27 27 27 33
27 28 27 28
27 28 28 2
28 28 27 11
28 28 28 26
28 29 28 23
28 29 29 4
29 29 28 5
29 29 29 29
29 29 30 1
29 30 29 10
29 30 30 14
30 30 30 157
30 31 30 13
