32
1 1 1 1
1 2 1 1
3 3 2 1
6 6 5 1
6 7 6 1
8 7 6 2
8 8 6 1
8 8 7 1
9 8 6 1
9 9 8 4
10 10 9 1
11 11 10 1
12 12 11 3
13 12 11 1
13 13 12 1
14 14 13 1
15 15 14 1
16 17 15 1
17 16 15 1
17 16 16 1
17 17 16 2
18 17 16 3
18 18 17 1
19 18 17 1
19 19 18 2
20 19 18 1
20 20 19 4
21 20 19 1
21 20 20 1
21 21 19 1
21 21 20 4
21 22 21 1
22 22 21 5
22 22 22 1
24 23 22 1
24 23 23 1
24 24 22 1
24 24 23 3
25 25 24 6
25 25 25 1
25 26 25 5
26 26 25 94
26 26 26 70
26 27 26 57
27 27 26 58
27 27 27 29
27 28 27 16
27 28 28 1
28 28 27 21
28 28 28 25
28 29 28 19
28 29 29 4
29 29 28 5
29 29 29 26
29 30 29 15
29 30 30 13
30 30 30 164
30 31 30 7
30 31 31 1
