32
1 1 1 1
6 7 6 1
7 7 6 1
8 7 6 1
8 8 7 2
9 9 8 3
11 11 10 2
12 11 10 1
12 12 10 1
12 12 11 2
13 12 11 1
13 13 12 3
14 14 13 1
15 14 14 1
15 15 14 2
16 16 14 1
17 17 16 1
18 17 16 1
18 18 17 4
19 19 18 6
19 20 19 1
20 19 18 2
20 20 18 1
20 20 19 5
21 21 19 1
21 21 20 3
22 21 20 1
22 22 21 5
23 23 22 2
23 23 23 1
23 24 23 1
24 24 23 5
24 25 24 1
25 25 24 4
25 25 25 2
25 26 25 9
26 26 25 98
26 26 26 69
26 27 26 67
26 27 27 1
27 27 26 43
27 27 27 28
27 28 27 28
27 28 28 1
28 28 27 8
28 28 28 25
28 29 28 25
28 29 29 6
29 29 28 2
29 29 29 24
29 30 29 15
29 30 30 12
30 30 30 157
30 30 31 1
30 31 30 7
