32
0 0 0 1
1 1 0 1
3 3 2 1
4 3 3 1
4 6 4 1
6 6 6 1
7 6 5 1
7 8 7 1
8 8 7 2
9 8 7 1
9 9 7 1
10 10 9 1
11 11 10 3
12 12 11 1
12 12 12 1
12 13 12 1
13 13 11 1
13 13 12 2
15 15 14 1
16 15 14 1
16 16 15 1
17 17 16 1
18 18 17 5
19 18 17 3
19 18 18 1
19 19 18 4
20 19 18 1
20 20 19 3
21 20 19 1
21 21 19 1
21 21 20 5
22 22 21 6
23 22 21 1
23 23 22 1
23 23 23 1
24 24 23 3
24 24 24 1
24 25 24 1
25 25 24 6
25 26 25 3
26 26 25 82
26 26 26 74
26 27 26 66
27 27 26 61
27 27 27 31
27 28 27 26
27 28 28 1
28 28 27 17
28 28 28 23
28 29 28 20
28 29 29 5
29 29 28 9
29 29 29 24
29 30 29 14
29 30 30 12
30 30 30 165
30 31 30 8
31 30 31 1
