32
1 1 1 1
5 5 4 1
8 8 7 2
9 9 7 1
9 9 8 1
11 10 9 1
11 11 10 1
12 12 10 1
12 12 11 1
12 13 11 1
13 12 11 1
13 13 12 2
14 14 13 1
15 15 14 1
16 15 14 1
16 15 15 1
16 16 15 1
17 17 16 1
18 18 16 2
18 18 17 3
18 18 18 1
19 18 17 2
19 19 18 1
20 19 18 1
20 20 19 2
21 20 19 1
21 20 20 2
21 21 19 2
21 21 20 3
22 21 21 1
22 22 21 2
22 22 22 1
23 22 22 1
23 23 22 3
24 24 23 4
24 24 24 1
25 25 24 4
25 25 25 2
25 26 25 3
26 26 25 92
26 26 26 67
26 27 26 62
27 27 26 56
27 27 27 28
27 28 27 24
28 28 27 15
28 28 28 28
28 29 28 18
28 29 29 4
29 29 28 6
29 29 29 25
29 29 30 1
29 30 29 11
29 30 30 13
30 30 29 1
30 30 30 167
30 31 30 9
30 31 31 1
