32
3 3 2 2
5 4 3 1
7 7 6 2
8 8 7 3
9 9 8 2
11 10 9 2
11 11 11 1
11 12 11 1
12 12 10 1
12 12 11 1
13 12 11 1
13 13 12 1
14 13 12 1
14 14 13 1
15 14 13 1
15 14 14 1
15 15 14 1
17 17 16 1
18 17 16 1
18 17 17 1
18 18 17 1
19 18 17 1
19 19 18 2
19 20 19 1
20 20 18 1
20 20 19 4
21 20 19 1
21 21 20 8
21 22 21 1
22 21 20 1
22 22 21 3
23 22 22 1
23 23 22 2
23 23 23 1
24 24 23 2
24 24 24 2
25 24 23 1
25 25 24 4
25 25 25 1
25 26 25 4
26 26 25 95
26 26 26 71
26 27 26 69
27 27 26 55
27 27 27 29
27 28 27 19
27 28 28 1
28 28 27 14
28 28 28 28
28 29 28 20
28 29 29 5
29 29 28 4
29 29 29 24
29 29 30 1
29 30 29 10
29 30 30 12
30 30 29 1
30 30 30 159
30 31 30 12
30 31 31 1
