32
0 1 0 3
2 2 1 1
3 3 2 1
3 3 3 1
6 5 4 1
8 8 6 1
8 8 7 2
9 9 8 2
11 10 9 1
12 12 11 3
13 13 11 1
13 13 12 1
14 13 12 1
14 14 13 2
15 15 14 1
15 15 15 1
16 15 14 1
16 16 15 1
17 17 15 1
18 17 16 2
18 18 17 3
19 19 19 1
20 19 18 1
20 20 18 1
20 20 19 4
20 20 20 1
20 21 19 1
21 20 20 1
21 21 20 3
21 21 21 1
21 22 21 1
22 21 20 2
22 22 20 1
22 22 21 3
23 22 22 1
23 23 22 1
23 23 23 2
24 24 23 2
24 24 24 1
24 25 24 1
25 25 24 4
25 26 25 3
26 26 25 84
26 26 26 74
26 27 26 66
27 27 26 58
27 27 27 33
27 28 27 21
27 28 28 1
28 28 27 14
28 28 28 29
28 29 28 21
28 29 29 5
29 29 28 5
29 29 29 23
29 29 30 1
29 30 29 13
29 30 30 11
30 30 29 1
30 30 30 156
30 31 30 7
