32
4 4 2 1
12 11 8 1
13 11 7 1
13 11 8 2
13 12 9 1
14 12 9 1
15 15 13 1
16 14 10 1
17 16 14 1
17 17 14 1
18 16 13 1
18 17 14 1
19 17 15 1
19 18 16 1
20 18 15 1
21 19 16 1
21 20 18 1
21 21 18 1
21 21 19 3
21 21 20 1
22 20 17 1
22 21 17 1
22 21 18 1
22 21 19 1
22 21 20 1
22 22 20 4
22 22 21 4
22 22 22 1
22 23 22 1
22 23 23 8
22 23 24 3
23 22 19 1
23 22 20 1
23 22 21 1
23 23 21 2
23 23 22 6
23 23 23 7
23 23 24 76
23 24 23 2
23 24 24 102
23 24 25 20
24 23 20 1
24 23 21 3
24 23 22 1
24 24 22 1
24 24 23 1
24 24 24 11
24 24 25 30
24 25 24 6
24 25 25 55
24 25 26 30
25 24 21 1
25 24 22 1
25 25 23 1
25 25 26 8
25 26 26 21
25 26 27 37
25 26 28 3
26 26 27 4
26 27 27 7
26 27 28 31
26 27 29 3
26 28 28 1
26 28 29 10
27 28 28 1
27 28 29 20
27 28 30 2
27 29 29 1
27 29 30 13
28 29 30 21
28 30 30 17
29 30 30 26
29 30 31 4
29 31 31 1
30 30 30 39
30 30 31 1
30 31 30 17
30 31 31 4
