32
3 3 2 2
4 4 3 1
8 7 6 1
8 8 7 2
9 8 7 1
9 9 8 2
10 10 9 2
11 11 10 1
12 12 11 1
13 12 11 1
13 13 12 2
14 13 12 1
14 14 13 2
16 15 14 1
17 17 16 3
18 17 16 2
18 18 17 1
19 18 17 2
19 19 17 1
19 19 18 3
20 19 18 1
20 20 19 4
20 21 20 2
21 20 19 2
21 21 19 1
21 21 21 1
21 22 21 1
22 21 20 2
22 22 21 2
22 22 22 1
23 22 21 1
23 23 22 3
24 24 23 6
25 25 24 5
25 26 25 2
26 26 25 93
26 26 26 66
26 27 26 64
27 27 26 62
27 27 27 28
27 28 27 17
27 28 28 1
28 28 27 17
28 28 28 27
28 29 28 20
28 29 29 3
29 29 28 5
29 29 29 28
29 30 29 10
29 30 30 10
30 30 29 3
30 30 30 157
30 31 30 8
