32
0 1 0 2
3 3 2 1
4 4 3 1
7 6 4 1
8 8 7 2
9 7 5 1
9 8 6 1
9 9 7 1
11 10 9 1
11 11 10 1
12 10 8 1
12 12 10 1
12 12 11 2
13 13 11 1
13 13 12 3
13 13 13 1
14 13 12 1
14 14 12 1
14 14 13 1
16 16 14 1
17 18 17 1
18 17 16 2
18 17 17 1
18 18 17 3
18 18 18 1
18 19 18 1
19 19 18 2
20 19 19 2
20 20 19 4
20 20 20 1
20 21 20 1
21 21 19 2
21 21 20 2
22 21 20 2
22 22 21 4
23 23 22 5
24 24 23 4
25 25 24 5
25 25 25 2
25 26 25 4
26 26 25 91
26 26 26 71
26 27 26 67
27 27 26 58
27 27 27 33
27 28 27 23
27 28 28 1
28 28 27 13
28 28 28 27
28 29 28 18
28 29 29 5
29 29 28 6
29 29 29 24
29 29 30 1
29 30 29 14
29 30 30 10
30 30 29 1
30 30 30 160
30 31 30 8
