32
0 1 0 1
2 1 1 1
4 6 4 1
8 8 7 2
9 9 7 1
9 9 8 1
10 9 8 1
11 11 10 4
12 12 11 1
13 12 11 1
13 13 11 1
13 13 12 1
14 14 12 1
14 14 13 2
15 14 13 1
16 15 14 1
17 17 15 1
17 17 16 2
18 18 17 3
19 18 17 1
19 19 18 4
20 19 18 2
20 20 18 1
20 20 19 5
21 20 19 1
21 21 20 3
21 21 21 1
21 22 21 1
22 21 20 1
22 22 21 1
23 22 22 1
23 23 22 4
23 24 23 1
24 24 23 6
25 25 24 6
25 25 25 1
25 26 25 3
26 26 25 89
26 26 26 63
26 27 26 66
27 27 26 62
27 27 27 29
27 28 27 23
28 28 27 16
28 28 28 25
28 29 28 22
28 29 29 4
29 29 28 4
29 29 29 28
29 30 29 12
29 30 30 10
30 30 29 2
30 30 30 169
30 31 30 9
