32
3 3 2 1
6 6 5 1
6 6 6 1
6 7 6 1
8 8 7 1
9 8 7 1
9 9 7 1
9 9 8 2
10 10 9 2
11 10 10 1
12 12 11 2
13 13 11 1
13 13 12 2
14 14 13 2
15 14 13 1
15 15 14 1
16 16 15 1
17 17 16 1
18 17 17 1
18 18 17 4
18 18 18 1
19 19 18 7
20 19 18 2
20 20 19 5
21 21 20 5
22 21 20 1
22 21 21 1
22 22 21 2
22 23 22 1
23 22 21 1
23 23 22 2
23 23 23 1
24 24 23 2
24 24 24 1
25 24 24 1
25 25 24 5
25 25 25 1
25 26 25 4
26 26 25 92
26 26 26 73
26 27 26 67
27 27 26 60
27 27 27 28
27 28 27 26
27 28 28 1
28 28 27 11
28 28 28 23
28 29 28 23
28 29 29 4
29 29 28 6
29 29 29 26
29 30 29 12
29 30 30 13
30 30 29 1
30 30 30 163
30 31 30 9
