32
4 4 3 1
6 6 5 1
6 6 6 1
8 7 5 1
8 8 7 3
9 7 5 1
9 9 8 1
10 10 9 3
11 11 9 1
12 12 11 1
13 12 12 1
13 13 11 1
13 13 12 3
15 15 14 1
16 16 15 1
17 16 15 1
17 16 16 1
17 17 16 3
18 17 16 2
18 18 17 4
19 18 17 2
19 18 18 1
19 19 18 4
20 19 18 2
20 20 19 3
20 20 20 1
21 20 19 1
21 21 20 3
21 21 21 1
22 21 20 1
22 22 21 5
23 23 22 2
23 24 23 2
24 24 23 4
24 24 24 1
25 25 24 3
25 26 25 3
26 26 25 99
26 26 26 66
26 27 26 69
27 27 26 59
27 27 27 30
27 28 27 20
27 28 28 2
28 28 27 14
28 28 28 25
28 28 29 1
28 29 28 22
28 29 29 5
29 29 28 3
29 29 29 26
29 30 29 12
29 30 30 13
30 30 29 1
30 30 30 155
30 30 31 1
30 31 30 7
