32
0 1 0 2
2 2 1 1
5 5 4 1
6 6 6 1
7 7 5 1
8 8 7 3
9 7 6 1
9 9 7 1
9 9 8 1
11 11 10 1
12 11 10 1
12 12 11 1
12 12 12 1
13 12 11 1
13 13 12 4
14 14 13 2
15 14 13 1
16 15 14 1
16 16 15 1
17 17 16 1
18 17 16 1
18 18 17 2
19 18 17 2
19 19 17 1
19 19 18 3
19 19 19 1
19 20 19 1
20 19 18 2
20 19 19 1
20 20 19 1
21 20 19 1
21 21 20 3
22 22 21 4
23 22 22 1
23 23 22 3
24 24 23 4
25 25 24 5
25 25 25 1
25 26 25 6
26 26 25 92
26 26 26 72
26 27 26 63
27 27 26 64
27 27 27 28
27 28 27 22
27 28 28 1
28 28 27 13
28 28 28 26
28 29 28 21
28 29 29 3
29 29 28 5
29 29 29 28
29 30 29 11
29 30 30 13
30 30 30 183
30 31 30 5
30 31 31 1
