32
2 2 1 1
6 6 5 1
8 8 7 3
9 9 7 1
9 9 8 1
11 10 9 1
12 12 11 1
13 13 11 2
13 13 12 3
14 14 13 2
16 15 14 1
17 17 16 1
18 18 17 4
18 18 18 1
19 18 17 1
19 18 18 1
19 19 18 5
20 19 18 2
20 20 19 5
21 21 19 1
21 21 20 2
21 22 21 1
22 22 21 6
22 22 22 1
23 23 22 1
23 23 23 2
24 24 23 4
24 24 24 1
25 24 23 1
25 25 24 4
25 26 25 7
26 26 25 89
26 26 26 67
26 27 26 60
26 27 27 1
27 27 26 64
27 27 27 26
27 28 27 23
28 28 27 16
28 28 28 26
28 29 28 20
28 29 29 4
29 29 28 6
29 29 29 29
29 30 29 11
29 30 30 13
30 30 29 1
30 30 30 173
30 31 30 9
