32
3 3 2 1
4 4 3 1
5 5 4 2
6 6 6 1
7 7 6 1
8 7 6 1
8 8 7 2
8 8 8 1
9 9 7 1
9 9 8 1
10 10 9 1
11 10 9 1
12 12 11 2
13 13 11 1
13 13 12 2
14 13 13 1
14 14 13 2
15 14 13 1
16 16 15 1
17 16 15 1
17 16 16 1
17 17 17 1
18 17 16 2
18 18 17 3
19 18 17 2
19 19 18 5
20 19 18 1
20 20 18 1
20 20 19 4
20 20 20 1
21 21 19 1
21 21 20 3
21 21 21 1
22 21 20 2
22 22 21 1
22 23 22 1
23 22 21 1
23 23 21 1
23 23 22 4
24 24 23 4
24 24 24 1
24 25 24 2
25 25 24 3
25 26 25 5
26 26 25 90
26 26 26 71
26 27 26 63
27 27 26 60
27 27 27 35
27 28 27 20
28 28 27 12
28 28 28 27
28 29 28 23
28 29 29 3
29 29 28 5
29 29 29 26
29 30 29 11
29 30 30 12
30 30 29 1
30 30 30 167
30 31 30 9
30 31 31 1
