32
3 3 2 1
4 4 3 1
8 7 5 1
8 8 7 3
9 7 5 1
9 9 7 1
9 9 8 2
11 10 10 1
12 12 11 3
13 12 11 1
13 13 12 1
14 14 13 2
15 14 13 1
16 15 14 1
17 17 16 1
17 18 16 1
18 18 17 3
19 18 17 2
19 19 18 2
20 20 18 1
20 20 19 4
20 21 20 1
21 20 19 1
21 21 20 7
22 21 20 1
22 22 22 1
23 22 21 1
23 23 22 4
24 24 23 2
24 24 24 1
25 24 24 1
25 25 24 5
25 26 25 5
26 26 25 89
26 26 26 78
26 27 26 64
27 27 26 54
27 27 27 33
27 28 27 19
28 28 27 12
28 28 28 31
28 29 28 18
28 29 29 3
29 29 28 6
29 29 29 27
29 30 29 14
29 30 30 10
30 30 29 1
30 30 30 169
30 31 30 8
