32
0 1 0 1
1 1 0 2
1 1 1 2
1 2 1 17
2 2 1 17
2 2 2 9
2 3 2 17
2 3 3 5
3 3 2 11
3 3 3 15
3 4 3 2
4 3 3 2
4 4 3 4
4 4 4 4
4 5 4 3
4 5 5 1
5 5 4 7
5 5 5 19
5 6 5 10
6 5 4 3
6 6 4 2
6 6 5 5
6 6 6 6
6 7 6 10
6 7 7 3
7 5 3 2
7 5 4 1
7 6 7 1
7 7 5 1
7 7 6 5
7 7 7 4
7 7 8 1
7 8 7 4
7 8 8 4
8 5 3 2
8 6 4 3
8 6 5 1
8 7 8 1
8 8 7 4
8 8 8 5
8 9 8 4
8 9 9 2
9 6 4 3
9 7 5 1
9 8 6 1
9 8 7 4
9 10 9 3
9 10 10 1
10 7 4 1
10 8 7 1
10 10 9 2
10 10 10 2
10 11 11 2
11 8 7 2
11 9 7 2
11 11 9 1
11 11 10 3
11 11 11 1
11 11 12 1
11 12 11 1
11 12 12 1
12 10 7 1
12 10 8 1
12 10 9 1
12 12 10 1
12 12 12 2
12 13 12 2
12 13 13 4
13 10 8 1
13 11 10 1
13 12 12 1
13 13 12 2
13 13 13 5
13 14 12 1
13 14 14 1
13 15 14 1
14 11 9 1
14 12 10 1
14 12 11 1
14 13 12 1
14 14 13 4
14 14 14 2
14 15 15 5
15 11 7 2
15 12 8 1
15 15 13 1
15 15 14 4
15 15 16 2
15 16 15 4
15 16 16 3
16 12 7 1
16 12 8 6
16 13 8 1
16 13 9 2
16 13 10 1
16 13 11 1
16 14 13 1
16 15 15 1
16 16 15 6
16 16 16 4
16 16 17 1
16 17 15 1
16 17 16 4
16 17 17 1
17 12 8 1
17 13 8 4
17 13 9 14
17 14 11 1
17 16 14 1
17 16 15 1
17 17 15 2
17 17 16 21
17 17 17 5
17 17 18 4
17 18 17 7
17 18 18 6
18 14 9 1
18 14 10 6
18 15 11 2
18 15 12 1
18 17 16 2
18 18 17 6
18 18 18 1
18 19 18 4
18 19 19 3
18 20 19 1
19 15 11 10
19 16 11 3
19 16 12 5
19 16 13 1
19 17 14 2
19 17 15 1
19 18 17 1
19 18 18 1
19 19 18 1
19 19 19 4
19 20 18 2
19 20 19 6
19 20 20 9
19 21 21 1
20 16 11 1
20 16 12 5
20 17 13 2
20 17 14 3
20 18 17 1
20 19 16 1
20 19 17 1
20 19 18 1
20 20 19 2
20 20 20 1
20 20 21 1
20 21 19 3
20 21 20 13
20 21 21 5
20 22 21 1
21 17 15 1
21 19 16 1
21 19 17 3
21 20 17 1
21 20 19 1
21 21 20 3
21 21 21 2
21 21 22 1
21 22 20 13
21 22 21 16
21 22 22 6
22 20 17 1
22 20 18 1
22 20 20 1
22 21 19 1
22 21 21 1
22 22 20 3
22 22 21 7
22 22 22 8
22 22 23 2
22 23 22 36
22 23 23 6
22 24 24 1
23 23 22 4
23 23 23 14
23 23 24 1
23 24 23 29
23 24 24 11
23 25 24 1
24 22 21 1
24 23 22 1
24 24 23 7
24 24 24 10
24 24 25 1
24 25 24 31
24 25 25 25
24 26 25 2
24 26 26 1
25 25 24 8
25 25 25 14
25 25 26 6
25 26 25 15
25 26 26 53
25 26 27 16
26 26 25 2
26 26 26 68
26 26 27 12
26 27 26 55
26 27 27 67
26 27 28 7
26 28 27 2
26 28 28 3
27 27 26 1
27 27 27 11
27 27 28 9
27 28 27 21
27 28 28 68
27 28 29 5
27 29 28 1
27 29 29 1
28 28 28 34
28 28 29 7
28 29 28 29
28 29 29 64
28 29 30 2
28 30 29 2
29 29 28 1
29 29 29 12
29 29 30 4
29 30 29 1
29 30 30 16
30 30 30 45
30 30 31 1
30 31 30 2
30 31 31 1
