32
1 1 0 3
1 1 1 1
1 2 1 21
2 2 1 12
2 2 2 11
2 2 3 1
2 3 2 15
2 3 3 5
3 3 2 9
3 3 3 12
3 4 3 4
4 3 3 3
4 4 3 2
4 4 4 5
4 4 5 1
4 5 4 5
4 5 5 1
4 6 5 1
5 5 4 2
5 5 5 18
5 5 6 1
5 6 5 10
6 5 5 1
6 6 5 3
6 6 6 8
6 7 6 7
6 7 7 2
7 7 5 1
7 7 6 3
7 7 7 6
7 8 6 1
7 8 7 1
7 8 8 4
8 7 6 1
8 8 6 1
8 8 7 2
8 8 8 4
8 8 9 1
8 9 8 3
8 9 9 4
8 9 10 1
9 7 6 1
9 8 6 1
9 8 7 2
9 9 8 1
9 9 9 2
9 10 9 1
9 10 11 1
10 7 4 1
10 7 6 1
10 8 7 1
10 9 10 1
10 10 10 4
10 11 10 1
11 9 7 1
11 10 8 1
11 11 11 2
11 12 12 2
12 10 7 1
12 10 8 1
12 10 9 1
12 11 10 1
12 12 12 1
12 13 12 2
12 13 13 2
13 11 10 1
13 13 13 5
13 13 14 1
13 14 14 2
13 15 14 1
14 11 7 1
14 11 9 1
14 12 10 1
14 14 14 2
14 15 15 4
14 16 16 1
15 12 7 1
15 12 8 1
15 12 10 1
15 15 14 4
15 15 15 1
15 15 16 1
15 16 15 2
15 16 16 8
16 12 7 1
16 12 8 7
16 13 10 2
16 16 16 1
16 16 17 1
16 17 16 4
16 17 17 6
17 12 8 1
17 13 8 6
17 13 9 13
17 13 10 1
17 14 10 1
17 16 15 1
17 17 16 2
17 17 18 2
17 18 17 5
17 18 18 5
18 14 9 1
18 14 10 4
18 14 11 2
18 15 10 2
18 15 12 1
18 18 19 3
18 19 18 7
18 19 19 5
19 15 11 9
19 16 11 4
19 16 12 8
19 16 13 3
19 17 14 1
19 18 15 1
19 18 17 1
19 18 18 1
19 19 18 2
19 19 19 3
19 20 19 6
19 20 20 6
20 16 12 6
20 17 13 1
20 17 14 2
20 18 15 1
20 18 16 2
20 18 17 1
20 19 17 1
20 20 19 1
20 20 21 1
20 21 20 8
20 21 21 6
20 22 21 1
20 22 22 1
21 19 16 1
21 19 17 1
21 19 18 1
21 20 17 1
21 20 20 1
21 21 19 1
21 21 20 2
21 21 21 2
21 21 22 1
21 22 20 1
21 22 21 7
21 22 22 8
21 23 22 1
21 23 23 1
22 19 17 1
22 20 18 1
22 21 19 2
22 21 20 3
22 22 21 4
22 22 22 12
22 22 23 1
22 23 22 27
22 23 23 6
22 23 24 1
23 22 20 1
23 22 21 1
23 22 22 1
23 23 22 4
23 23 23 10
23 24 23 27
23 24 24 11
24 23 22 1
24 23 23 2
24 24 23 7
24 24 24 9
24 24 25 1
24 25 24 32
24 25 25 31
24 25 26 2
24 26 25 1
24 26 26 1
25 24 24 2
25 25 24 1
25 25 25 11
25 25 26 4
25 26 25 17
25 26 26 57
25 26 27 15
25 27 27 1
26 25 25 1
26 26 24 1
26 26 25 2
26 26 26 59
26 26 27 12
26 27 26 49
26 27 27 56
26 27 28 7
26 28 27 1
26 28 28 2
27 27 26 1
27 27 27 16
27 27 28 14
27 28 27 20
27 28 28 79
27 28 29 5
27 29 28 2
27 29 29 1
28 28 28 28
28 28 29 7
28 29 28 30
28 29 29 61
28 29 30 1
29 29 29 10
29 29 30 5
29 30 29 1
29 30 30 17
30 30 30 38
30 30 31 2
30 31 30 2
