32
0 0 1 1
1 1 0 3
1 2 1 7
2 2 1 26
2 2 2 10
2 3 1 3
2 3 2 16
2 3 3 2
3 2 2 1
3 3 1 2
3 3 2 13
3 3 3 5
3 4 3 2
3 4 4 1
4 4 3 4
4 4 4 19
4 4 5 2
4 5 4 6
4 5 5 6
5 5 3 1
5 5 4 3
5 5 5 6
5 5 6 5
5 5 7 1
5 6 4 1
5 6 5 2
5 6 6 6
5 6 7 2
6 5 5 1
6 6 4 2
6 6 6 4
6 6 7 1
6 6 8 1
6 7 6 1
6 7 8 2
6 8 9 1
7 7 5 1
7 7 7 1
7 8 8 2
7 8 9 1
8 7 6 1
8 8 6 2
8 8 7 3
8 8 8 4
8 9 9 1
8 9 10 2
9 8 5 2
9 8 6 1
9 8 7 1
9 9 8 1
9 9 9 1
9 10 10 2
9 10 11 2
9 11 12 1
10 8 5 1
10 9 6 1
10 9 7 2
10 9 8 3
10 10 10 2
10 10 11 1
10 11 11 4
10 11 12 2
11 10 7 1
11 11 11 2
11 11 12 1
11 12 12 1
11 12 13 3
11 13 13 2
11 13 14 1
12 10 7 1
12 10 8 1
12 11 8 1
12 11 9 2
12 12 12 1
12 13 12 1
12 13 13 1
12 13 14 3
12 14 15 1
13 10 7 1
13 11 8 3
13 11 9 1
13 12 9 2
13 12 10 1
13 13 11 1
13 13 12 1
13 14 14 3
13 15 15 2
14 11 6 1
14 13 10 1
14 13 11 1
14 14 12 1
14 14 13 1
14 14 14 1
14 14 15 1
14 14 16 2
14 15 15 1
14 15 16 3
14 16 16 3
14 16 17 2
15 11 5 1
15 11 6 1
15 12 7 2
15 12 9 1
15 13 10 1
15 14 12 2
15 15 12 1
15 15 13 1
15 15 15 1
15 16 16 1
15 16 17 5
15 17 17 6
15 17 18 1
16 11 5 1
16 12 6 1
16 12 7 2
16 12 8 10
16 13 7 1
16 13 8 5
16 13 9 4
16 17 17 5
16 17 18 4
16 18 18 1
16 18 19 2
16 19 19 1
17 12 6 1
17 12 7 6
17 12 8 1
17 13 7 4
17 13 8 2
17 13 9 11
17 13 10 3
17 14 10 13
17 14 11 6
17 14 12 1
17 14 13 1
17 15 11 1
17 15 14 1
17 16 14 2
17 17 16 2
17 17 17 1
17 17 18 1
17 18 17 3
17 18 18 6
17 18 19 8
17 19 17 1
17 19 18 12
17 19 19 3
17 19 20 7
17 20 20 1
17 20 21 1
18 13 6 1
18 14 9 1
18 14 10 1
18 14 12 1
18 15 11 3
18 15 13 3
18 16 12 1
18 17 15 3
18 17 16 2
18 18 18 2
18 19 18 7
18 19 19 9
18 19 20 2
18 19 21 2
18 20 19 4
18 20 20 13
18 20 21 2
19 13 6 1
19 14 6 1
19 14 7 1
19 16 12 1
19 16 13 1
19 17 14 2
19 18 16 1
19 19 18 1
19 19 20 1
19 19 21 1
19 20 19 2
19 20 20 7
19 20 21 3
19 20 22 3
19 21 21 16
19 21 22 6
19 22 22 5
20 14 7 4
20 15 8 1
20 16 10 1
20 18 14 1
20 18 15 1
20 18 16 2
20 18 17 2
20 19 17 1
20 20 20 1
20 20 21 2
20 20 22 1
20 21 20 3
20 21 21 7
20 21 22 7
20 22 22 11
20 22 23 10
20 23 23 2
21 17 10 1
21 17 14 1
21 18 14 1
21 19 15 1
21 19 16 1
21 19 17 1
21 20 17 1
21 20 18 3
21 20 19 1
21 21 20 1
21 21 21 1
21 22 22 7
21 22 23 10
21 22 24 1
21 23 23 6
21 23 24 6
21 24 25 2
22 18 14 1
22 20 17 2
22 20 18 1
22 20 19 1
22 21 17 1
22 21 18 1
22 21 19 1
22 21 20 1
22 22 20 1
22 22 21 1
22 22 22 4
22 22 24 1
22 23 22 1
22 23 23 2
22 23 24 13
22 23 25 2
22 24 24 3
22 24 25 6
22 24 26 1
22 25 26 1
23 22 19 2
23 23 21 1
23 23 23 2
23 23 24 5
23 23 25 2
23 24 24 3
23 24 25 9
23 24 26 5
23 25 25 3
23 25 26 6
23 26 27 1
24 21 17 1
24 22 20 1
24 22 21 1
24 23 19 1
24 23 21 1
24 23 22 2
24 24 22 1
24 24 23 4
24 24 24 1
24 24 25 1
24 25 25 14
24 25 26 30
24 25 27 8
24 26 26 15
24 26 27 19
24 26 28 1
25 22 17 1
25 23 19 2
25 24 22 1
25 24 23 1
25 25 24 8
25 25 25 11
25 25 26 13
25 26 25 2
25 26 26 31
25 26 27 35
25 26 28 27
25 27 27 12
25 27 28 31
25 27 29 6
26 24 22 1
26 25 21 1
26 25 22 2
26 25 24 1
26 26 24 2
26 26 25 7
26 26 26 39
26 26 27 23
26 27 26 45
26 27 27 55
26 27 28 62
26 27 29 4
26 28 28 23
26 28 29 10
26 28 30 5
27 25 21 1
27 26 21 1
27 26 22 3
27 26 24 1
27 27 26 14
27 27 27 18
27 27 28 21
27 27 29 1
27 28 28 11
27 28 29 8
27 28 30 1
27 29 30 8
28 26 23 1
28 26 24 1
28 27 23 3
28 27 25 1
28 28 27 1
28 29 28 1
28 29 29 2
28 29 30 4
29 27 23 16
29 27 24 10
29 30 30 8
30 30 30 12
30 31 30 3
30 31 31 2
