32
1 1 0 3
1 2 0 1
1 2 1 6
2 2 1 28
2 2 2 8
2 3 1 4
2 3 2 13
3 2 2 1
3 3 1 2
3 3 2 17
3 3 3 6
3 4 3 1
3 4 4 3
4 3 1 1
4 3 3 2
4 4 2 1
4 4 3 6
4 4 4 17
4 4 5 1
4 5 4 7
4 5 5 10
5 5 3 1
5 5 4 5
5 5 5 7
5 5 6 2
5 6 5 2
5 6 6 8
5 6 7 1
6 5 4 1
6 6 4 1
6 6 6 2
6 6 7 3
6 7 7 1
6 7 8 5
7 7 6 1
7 7 8 1
7 8 8 3
8 7 4 4
8 7 5 1
8 8 5 1
8 8 6 3
8 8 7 1
8 8 8 2
8 9 9 3
8 9 10 1
8 10 8 1
9 7 4 2
9 8 7 1
9 9 7 1
9 9 8 1
9 9 9 1
9 10 10 1
9 10 11 1
10 8 6 1
10 9 6 3
10 9 7 2
10 9 8 1
10 10 10 1
10 10 11 2
10 11 11 1
10 12 12 1
11 9 6 1
11 10 7 1
11 10 8 1
11 10 9 1
11 11 12 1
11 11 13 1
11 12 12 1
12 10 8 1
12 11 8 2
12 11 9 3
12 12 11 2
12 12 12 1
12 13 13 4
12 13 14 3
12 14 14 1
13 10 7 1
13 11 7 1
13 11 8 1
13 12 9 4
13 12 10 1
13 13 10 1
13 13 12 2
13 13 13 1
13 14 14 2
13 14 15 2
13 14 16 1
13 15 15 3
14 10 5 1
14 11 8 1
14 12 8 1
14 12 9 1
14 13 10 1
14 13 12 1
14 14 14 1
14 14 15 1
14 15 15 2
14 15 16 3
14 16 16 3
15 11 7 1
15 12 6 1
15 12 7 1
15 12 8 1
15 14 11 1
15 14 12 1
15 15 12 1
15 15 14 1
15 16 16 1
15 16 17 4
15 17 17 6
15 17 18 1
16 11 6 1
16 12 6 2
16 12 7 5
16 12 8 7
16 13 8 4
16 13 9 3
16 16 17 1
16 17 17 3
16 17 18 1
16 18 17 2
16 18 18 1
16 18 19 3
17 12 7 4
17 12 8 1
17 13 7 6
17 13 8 6
17 13 9 8
17 13 10 3
17 14 9 2
17 14 10 12
17 14 11 6
17 15 11 3
17 15 12 1
17 15 14 1
17 16 15 1
17 17 17 2
17 17 18 3
17 17 19 1
17 18 17 6
17 18 18 5
17 18 19 6
17 19 17 1
17 19 18 16
17 19 19 4
17 19 20 8
18 13 6 1
18 13 7 1
18 14 10 1
18 15 11 1
18 15 12 1
18 15 13 1
18 16 15 2
18 17 14 1
18 17 15 1
18 17 16 1
18 18 16 1
18 18 19 1
18 18 20 1
18 19 18 6
18 19 19 4
18 19 20 4
18 19 21 1
18 20 19 4
18 20 20 11
18 20 21 9
18 21 21 1
19 13 6 1
19 14 6 1
19 14 7 1
19 16 13 1
19 17 13 1
19 17 15 3
19 18 15 1
19 18 17 1
19 19 16 1
19 19 18 1
19 20 19 3
19 20 20 10
19 20 21 5
19 21 21 18
19 21 22 8
19 22 22 2
19 22 23 1
20 14 7 1
20 15 7 2
20 15 8 1
20 15 10 1
20 16 10 1
20 17 14 1
20 18 15 2
20 18 16 2
20 18 17 1
20 19 16 1
20 19 17 1
20 20 20 3
20 20 21 1
20 21 20 3
20 21 21 4
20 21 22 3
20 22 22 13
20 22 23 7
20 23 23 1
21 17 13 1
21 18 13 1
21 19 15 1
21 19 16 1
21 19 17 2
21 19 19 1
21 20 17 3
21 20 19 2
21 21 20 1
21 21 21 5
21 22 22 8
21 22 23 10
21 22 24 1
21 23 23 4
21 23 24 9
21 23 25 1
22 18 12 1
22 20 18 2
22 21 17 2
22 21 19 1
22 21 20 2
22 21 21 1
22 22 21 1
22 22 22 5
22 22 23 1
22 23 22 1
22 23 23 5
22 23 24 13
22 23 25 2
22 24 24 3
22 24 25 2
23 21 19 2
23 22 20 1
23 22 23 1
23 23 21 2
23 23 22 1
23 23 23 1
23 23 24 4
23 24 24 5
23 24 25 12
23 24 26 7
23 25 25 4
23 25 26 8
23 26 27 1
24 23 19 2
24 23 21 2
24 23 22 2
24 24 22 1
24 24 23 3
24 24 25 1
24 25 25 21
24 25 26 32
24 25 27 10
24 26 26 13
24 26 27 13
25 23 18 1
25 23 21 2
25 24 19 1
25 24 20 1
25 24 22 1
25 25 24 6
25 25 25 10
25 25 26 15
25 26 25 2
25 26 26 32
25 26 27 33
25 26 28 28
25 27 27 13
25 27 28 28
25 27 29 4
26 24 22 1
26 25 21 1
26 25 22 2
26 25 24 1
26 25 25 1
26 26 24 2
26 26 25 9
26 26 26 39
26 26 27 19
26 27 26 46
26 27 27 52
26 27 28 64
26 27 29 3
26 28 28 20
26 28 29 9
26 28 30 5
27 26 21 2
27 26 22 3
27 26 23 1
27 26 24 1
27 26 25 1
27 27 26 20
27 27 27 19
27 27 28 22
27 27 29 1
27 28 27 1
27 28 28 9
27 28 29 6
27 28 30 1
27 29 30 6
28 26 22 1
28 27 23 1
28 27 25 2
28 28 27 1
28 28 28 1
28 29 28 1
28 29 29 1
28 29 30 5
28 30 30 1
29 27 23 12
29 27 24 11
29 28 23 1
29 28 24 8
29 30 30 9
29 31 31 1
30 30 30 11
30 30 31 1
30 31 30 6
30 31 31 1
