32
1 1 0 3
1 1 1 1
1 2 1 21
2 2 1 14
2 2 2 8
2 3 2 20
2 3 3 4
3 3 2 11
3 3 3 16
3 4 3 2
4 3 3 3
4 4 3 1
4 4 4 4
4 5 4 9
5 4 4 1
5 5 4 4
5 5 5 15
5 6 5 11
5 6 6 2
6 6 5 2
6 6 6 7
6 7 6 7
6 7 7 2
7 5 3 2
7 5 4 1
7 6 5 1
7 7 6 2
7 7 7 4
7 7 8 1
7 8 7 2
7 8 8 2
8 5 3 1
8 6 3 1
8 6 4 1
8 7 7 2
8 8 6 1
8 8 7 4
8 8 8 4
8 9 8 2
8 9 9 3
9 6 4 3
9 8 6 2
9 8 7 3
9 9 9 4
9 9 10 1
9 10 9 3
9 10 10 3
10 7 4 1
10 8 5 1
10 8 6 1
10 9 8 1
10 10 10 3
10 10 11 1
10 11 11 4
11 9 7 1
11 10 8 1
11 11 11 1
11 12 11 2
12 10 8 2
12 11 9 1
12 12 11 2
12 12 12 2
12 12 13 1
12 13 13 4
13 13 11 1
13 13 12 2
13 13 13 4
13 14 13 3
13 14 14 1
13 15 15 1
14 13 11 1
14 14 14 2
14 15 15 2
15 11 7 2
15 12 7 1
15 12 8 1
15 15 14 1
15 15 15 2
15 16 15 3
15 16 16 2
16 12 7 2
16 12 8 5
16 13 8 2
16 13 9 2
16 13 10 1
16 13 11 1
16 14 12 1
16 15 15 2
16 16 15 3
16 16 16 2
16 17 16 4
16 17 17 4
17 13 8 6
17 13 9 13
17 13 10 1
17 14 9 1
17 14 13 1
17 15 11 1
17 17 15 1
17 17 16 17
17 17 17 4
17 17 18 3
17 18 17 6
17 18 18 3
18 14 10 6
18 15 10 2
18 15 11 2
18 18 17 4
18 18 18 3
18 19 18 6
18 19 19 6
18 20 19 1
18 20 20 1
19 15 10 1
19 15 11 6
19 15 12 1
19 16 11 3
19 16 12 8
19 16 13 1
19 17 13 1
19 17 14 3
19 18 15 1
19 18 16 1
19 19 18 2
19 19 19 2
19 20 18 1
19 20 19 5
19 20 20 8
19 21 21 1
20 16 11 1
20 16 12 3
20 17 14 2
20 18 16 2
20 18 17 1
20 19 18 3
20 19 19 1
20 20 19 1
20 20 20 3
20 21 19 5
20 21 20 13
20 21 21 8
20 22 20 1
21 19 16 1
21 19 17 3
21 20 18 2
21 20 20 1
21 21 20 3
21 21 21 5
21 22 20 9
21 22 21 12
21 22 22 9
21 23 22 1
22 20 18 1
22 21 19 1
22 22 20 3
22 22 21 6
22 22 22 11
22 22 23 1
22 23 22 31
22 23 23 7
23 23 21 1
23 23 22 3
23 23 23 8
23 23 24 2
23 24 23 32
23 24 24 9
23 25 24 1
24 23 22 1
24 24 23 11
24 24 24 10
24 24 25 1
24 25 24 34
24 25 25 20
24 25 26 2
24 26 25 3
24 26 26 1
25 24 24 2
25 25 24 5
25 25 25 9
25 25 26 4
25 26 24 1
25 26 25 18
25 26 26 62
25 26 27 20
25 27 27 3
26 26 25 2
26 26 26 57
26 26 27 13
26 27 26 52
26 27 27 64
26 27 28 8
26 28 28 2
27 27 27 12
27 27 28 14
27 28 27 18
27 28 28 82
27 28 29 7
27 29 28 4
28 28 28 17
28 28 29 5
28 29 28 31
28 29 29 58
29 29 29 6
29 29 30 5
29 30 29 1
29 30 30 16
30 30 30 29
30 30 31 1
30 31 30 2
