32
0 1 0 1
1 1 0 2
1 1 1 3
1 2 1 14
2 2 1 16
2 2 2 7
2 3 2 21
2 3 3 4
2 3 4 1
3 3 2 11
3 3 3 9
3 4 3 8
3 4 4 1
4 3 3 2
4 4 3 4
4 4 4 11
4 4 5 1
4 5 4 6
4 5 5 1
5 4 3 2
5 4 4 2
5 5 4 7
5 5 5 10
5 6 5 11
5 6 6 1
6 6 4 1
6 6 5 3
6 6 6 11
6 7 6 5
6 7 7 1
7 5 3 2
7 5 4 1
7 6 6 2
7 7 5 1
7 7 6 4
7 7 7 9
7 7 8 1
7 8 7 2
8 5 3 2
8 6 3 1
8 6 4 3
8 6 5 1
8 7 5 2
8 7 6 4
8 8 7 3
8 8 8 8
8 8 9 2
8 9 8 4
8 9 9 2
8 9 10 1
8 10 9 1
9 6 3 1
9 6 4 3
9 8 6 1
9 8 7 1
9 9 8 2
9 9 9 5
10 7 4 1
10 8 7 2
10 10 9 1
10 11 11 2
11 9 7 2
11 9 8 1
11 10 9 1
11 11 10 2
11 11 11 1
11 12 11 1
11 12 12 1
12 9 8 1
12 10 9 1
12 12 10 1
12 12 11 3
12 12 12 3
12 13 12 2
12 13 13 2
13 13 12 3
13 13 13 4
13 14 14 1
13 15 13 1
14 11 10 1
14 12 11 2
14 13 12 1
14 13 13 1
14 14 13 5
14 14 14 3
14 14 15 1
14 15 15 5
15 11 8 1
15 12 8 1
15 15 13 2
15 15 14 5
15 15 15 1
15 16 15 2
15 16 16 4
16 11 7 1
16 12 8 8
16 12 9 1
16 13 8 1
16 13 10 1
16 13 11 1
16 14 12 1
16 14 13 1
16 16 15 5
16 16 16 3
16 17 16 3
16 17 17 2
16 18 17 1
17 13 8 7
17 13 9 11
17 13 10 1
17 14 11 1
17 15 14 1
17 17 15 2
17 17 16 21
17 17 17 6
17 17 18 3
17 18 16 1
17 18 17 5
17 18 18 6
17 19 18 1
18 14 9 1
18 14 10 5
18 15 10 2
18 15 11 1
18 15 13 1
18 17 15 1
18 17 16 2
18 17 17 1
18 18 17 5
18 18 18 3
18 18 19 1
18 19 18 3
18 19 19 4
19 15 11 10
19 15 12 1
19 16 11 2
19 16 12 7
19 16 13 1
19 17 14 3
19 18 17 1
19 18 18 1
19 19 18 3
19 19 19 3
19 20 18 1
19 20 19 6
19 20 20 5
19 21 21 1
20 16 12 5
20 16 13 1
20 17 13 1
20 17 14 2
20 17 15 1
20 18 16 1
20 18 17 1
20 19 17 2
20 19 18 1
20 20 18 1
20 20 19 2
20 20 20 1
20 20 21 1
20 21 19 6
20 21 20 10
20 21 21 8
20 22 21 4
21 19 16 1
21 19 17 3
21 20 17 1
21 21 20 3
21 21 21 6
21 21 22 1
21 22 20 14
21 22 21 14
21 22 22 8
21 23 22 1
22 20 18 1
22 21 19 2
22 21 20 1
22 21 21 2
22 22 20 1
22 22 21 12
22 22 22 7
22 22 23 2
22 23 22 31
22 23 23 5
23 23 22 5
23 23 23 8
23 23 24 1
23 24 22 1
23 24 23 29
23 24 24 7
24 23 22 1
24 23 23 2
24 24 23 10
24 24 24 10
24 24 25 1
24 25 24 36
24 25 25 21
24 26 25 1
25 25 24 2
25 25 25 19
25 25 26 8
25 26 24 1
25 26 25 22
25 26 26 48
25 26 27 16
25 27 27 1
26 26 25 2
26 26 26 65
26 26 27 14
26 27 26 52
26 27 27 64
26 27 28 9
26 28 27 3
26 28 28 2
27 27 26 1
27 27 27 13
27 27 28 11
27 28 27 23
27 28 28 66
27 28 29 5
27 29 28 2
27 29 29 2
28 28 28 33
28 28 29 9
28 29 28 27
28 29 29 69
28 30 29 1
29 29 29 9
29 29 30 5
29 30 29 2
29 30 30 15
30 30 30 47
30 31 30 2
30 31 31 1
