32
1 1 0 4
1 1 1 1
1 2 1 19
2 2 1 15
2 2 2 3
2 3 2 27
2 3 3 3
3 3 2 10
3 3 3 14
3 4 3 4
4 3 3 2
4 4 3 4
4 4 4 7
4 5 4 3
5 4 4 1
5 5 4 9
5 5 5 8
5 6 5 6
5 6 6 2
6 5 4 1
6 6 5 7
6 6 6 5
6 7 6 6
6 7 7 3
7 5 3 2
7 6 5 1
7 7 6 4
7 7 7 6
7 7 8 1
7 8 7 3
7 8 8 2
8 5 3 2
8 5 4 1
8 6 4 4
8 6 5 1
8 7 5 1
8 7 6 1
8 7 7 1
8 8 6 1
8 8 7 6
8 8 8 5
8 8 9 2
8 9 9 3
9 6 4 1
9 7 5 1
9 7 6 1
9 8 6 1
9 8 7 1
9 9 8 2
9 9 9 2
9 9 10 1
9 10 9 2
9 10 10 1
9 10 11 1
10 6 4 1
10 7 4 1
10 8 6 2
10 8 7 1
10 9 7 1
10 9 8 1
10 9 9 1
10 10 9 1
10 10 10 3
10 11 10 1
10 11 11 1
11 9 7 2
11 10 8 1
11 10 9 1
11 11 10 3
11 11 11 1
11 11 12 1
11 12 11 2
11 12 12 2
12 10 9 1
12 12 11 1
12 12 12 2
12 12 13 1
12 13 11 1
12 13 12 1
12 13 13 3
13 10 8 1
13 11 9 1
13 13 11 1
13 13 13 1
13 14 13 4
14 12 11 2
14 13 11 1
14 13 12 1
14 13 13 1
14 14 13 4
14 14 14 2
14 15 15 5
15 11 7 2
15 12 8 1
15 14 13 1
15 15 13 2
15 15 14 3
15 15 15 2
15 15 16 1
15 16 14 1
15 16 15 4
15 16 16 4
16 12 8 8
16 13 9 2
16 13 10 1
16 13 11 1
16 14 13 1
16 15 14 1
16 16 15 6
16 16 16 2
16 16 17 1
16 17 15 2
16 17 16 2
16 17 17 4
17 12 8 2
17 13 8 6
17 13 9 9
17 13 10 1
17 14 9 1
17 14 10 2
17 14 11 2
17 17 15 2
17 17 16 22
17 17 17 4
17 17 18 1
17 18 16 1
17 18 17 5
17 18 18 4
17 19 19 1
18 14 10 6
18 15 10 2
18 16 15 1
18 17 16 2
18 17 17 2
18 18 17 9
18 18 18 1
18 18 19 1
18 19 18 4
18 19 19 6
19 15 11 9
19 15 12 2
19 16 11 2
19 16 12 4
19 16 13 2
19 17 14 3
19 17 17 1
19 18 18 1
19 19 18 4
19 19 20 1
19 20 19 12
19 20 20 3
19 21 21 1
20 16 12 5
20 16 13 1
20 17 14 3
20 18 16 3
20 19 17 1
20 19 18 1
20 20 19 3
20 20 20 2
20 21 19 7
20 21 20 8
20 21 21 4
20 22 22 1
21 17 15 1
21 19 16 1
21 19 17 4
21 21 19 1
21 21 20 4
21 21 21 6
21 21 22 1
21 22 20 14
21 22 21 14
21 22 22 8
22 20 18 1
22 21 18 1
22 21 19 2
22 22 20 3
22 22 21 6
22 22 22 7
22 23 22 38
22 23 23 3
23 22 21 1
23 23 22 2
23 23 23 6
23 23 24 1
23 24 22 2
23 24 23 33
23 24 24 9
23 25 25 1
24 23 22 1
24 23 23 1
24 24 23 10
24 24 24 9
24 24 25 1
24 25 24 31
24 25 25 28
24 26 25 1
24 26 26 1
25 24 24 1
25 25 24 6
25 25 25 17
25 25 26 5
25 26 25 19
25 26 26 62
25 26 27 17
25 27 26 1
26 26 25 2
26 26 26 61
26 26 27 14
26 27 26 57
26 27 27 72
26 27 28 8
26 28 27 2
26 28 28 1
27 27 27 15
27 27 28 12
27 28 27 24
27 28 28 70
27 28 29 2
27 29 29 1
28 28 28 37
28 28 29 7
28 29 28 34
28 29 29 63
29 29 29 12
29 29 30 5
29 30 30 17
30 30 30 62
30 30 31 1
30 31 30 4
