32
1 1 0 3
1 1 1 2
1 2 1 21
2 2 1 16
2 2 2 8
2 3 2 12
2 3 3 5
3 3 2 10
3 3 3 13
3 4 3 7
4 3 3 2
4 4 3 4
4 4 4 5
4 5 4 6
4 5 5 1
5 4 4 1
5 5 4 5
5 5 5 13
5 5 6 1
5 6 5 11
5 6 6 3
6 5 4 1
6 5 5 1
6 6 5 2
6 6 6 4
6 7 6 7
6 7 7 4
6 8 7 1
7 5 3 1
7 6 5 1
7 6 6 1
7 7 5 1
7 7 6 5
7 7 7 7
7 8 7 3
7 8 8 3
8 8 6 1
8 8 7 1
8 8 8 5
8 8 9 1
8 9 8 2
8 9 9 1
9 6 4 2
9 7 5 1
9 8 6 1
9 8 7 3
9 9 8 3
9 9 9 2
9 10 10 3
10 7 4 1
10 8 6 2
10 8 7 1
10 10 10 1
10 10 11 2
10 11 11 2
11 9 7 1
11 10 8 1
11 11 10 1
11 12 11 2
11 12 12 3
12 10 7 1
12 10 8 1
12 11 11 1
12 12 12 1
12 12 13 2
12 13 12 1
12 13 13 3
13 11 9 1
13 13 13 3
13 14 13 1
14 14 13 1
14 14 14 5
14 14 15 1
14 15 14 1
14 15 15 5
15 11 7 1
15 12 8 1
15 13 11 1
15 15 14 2
15 15 16 2
15 16 15 1
15 16 16 2
15 17 15 1
15 17 16 1
16 12 7 1
16 12 8 8
16 13 8 1
16 13 10 2
16 13 11 1
16 16 15 1
16 16 16 3
16 17 16 2
16 17 17 3
16 18 17 1
16 18 18 1
17 12 8 1
17 13 8 5
17 13 9 13
17 13 10 1
17 14 10 2
17 16 15 2
17 17 17 3
17 17 18 2
17 18 17 6
17 18 18 5
18 14 10 7
18 15 10 1
18 15 11 1
18 15 12 1
18 18 18 1
18 18 19 1
18 19 18 3
18 19 19 8
18 20 19 1
19 15 11 9
19 16 11 3
19 16 12 5
19 16 13 2
19 17 14 1
19 17 15 2
19 17 17 1
19 18 17 1
19 18 18 1
19 19 18 1
19 19 19 2
19 20 18 1
19 20 19 5
19 20 20 7
19 21 21 1
20 16 12 5
20 16 13 1
20 17 13 1
20 17 14 4
20 17 15 1
20 18 15 1
20 18 16 2
20 18 17 1
20 20 19 1
20 20 20 6
20 20 21 2
20 21 20 7
20 21 21 9
21 19 16 1
21 19 17 1
21 19 18 2
21 20 18 1
21 20 20 1
21 21 19 1
21 21 20 1
21 21 21 4
21 21 22 5
21 22 20 1
21 22 21 7
21 22 22 10
22 19 17 1
22 20 18 2
22 21 19 1
22 21 20 1
22 22 21 3
22 22 22 7
22 22 23 1
22 23 21 1
22 23 22 31
22 23 23 5
23 22 20 1
23 22 22 1
23 23 22 4
23 23 23 10
23 24 22 1
23 24 23 28
23 24 24 6
23 25 24 1
24 23 22 2
24 24 23 9
24 24 24 12
24 24 25 1
24 25 24 37
24 25 25 31
24 25 26 2
24 26 25 1
24 26 26 1
25 24 24 1
25 25 24 1
25 25 25 14
25 25 26 4
25 26 24 3
25 26 25 20
25 26 26 54
25 26 27 14
25 27 27 1
26 25 26 1
26 26 25 2
26 26 26 63
26 26 27 12
26 27 26 52
26 27 27 53
26 27 28 8
26 28 27 1
26 28 28 2
27 27 27 15
27 27 28 8
27 28 27 21
27 28 28 79
27 28 29 4
27 29 28 2
28 28 28 29
28 28 29 9
28 29 28 30
28 29 29 66
28 29 30 1
28 30 29 1
29 29 29 8
29 29 30 6
29 30 29 1
29 30 30 21
30 30 30 43
30 30 31 1
30 31 30 2
