32
0 1 0 1
1 1 0 2
1 1 1 1
1 2 1 17
1 2 2 1
2 2 1 13
2 2 2 7
2 3 2 18
2 3 3 1
3 3 2 9
3 3 3 16
3 4 3 8
3 4 4 1
4 3 3 2
4 4 3 4
4 4 4 4
4 5 4 3
4 5 5 1
5 4 3 1
5 4 4 1
5 5 4 5
5 5 5 6
5 6 4 1
5 6 5 9
6 4 3 1
6 5 3 1
6 6 5 9
6 6 6 4
6 7 6 9
6 7 7 2
7 5 3 2
7 5 4 1
7 6 5 1
7 6 6 1
7 6 7 1
7 7 6 6
7 7 7 5
7 8 7 1
7 8 8 5
8 5 3 2
8 6 4 3
8 6 5 1
8 7 5 1
8 7 6 2
8 8 7 1
8 8 8 6
8 8 9 1
8 9 8 1
8 9 9 1
8 10 9 1
9 6 4 2
9 7 4 2
9 7 5 1
9 7 6 1
9 8 6 1
9 9 8 2
9 9 9 6
9 10 9 2
10 7 4 1
10 8 6 1
10 10 9 3
10 11 10 1
11 8 6 1
11 8 7 1
11 9 8 1
11 11 9 1
11 11 10 1
11 11 11 2
11 11 12 1
11 12 10 1
11 12 11 2
11 12 12 1
12 10 8 1
12 11 10 1
12 12 10 1
12 12 11 2
12 12 12 3
12 12 13 1
12 13 13 2
13 10 8 1
13 12 11 1
13 13 12 3
13 13 13 3
13 14 12 1
13 14 13 1
14 12 10 1
14 13 11 1
14 14 13 4
14 14 14 2
14 15 15 2
15 11 8 1
15 12 8 2
15 13 12 1
15 14 13 1
15 15 14 6
15 15 15 2
15 15 16 2
15 16 15 2
15 16 16 1
15 17 17 1
16 11 7 1
16 12 8 6
16 13 9 1
16 13 10 1
16 14 13 1
16 15 15 1
16 16 15 3
16 16 16 2
16 16 17 1
16 17 15 1
16 17 16 2
16 17 17 4
17 12 8 1
17 13 8 6
17 13 9 13
17 14 10 2
17 14 11 1
17 15 15 1
17 17 15 1
17 17 16 26
17 17 17 6
17 17 18 3
17 18 17 4
17 18 18 2
18 14 9 1
18 14 10 6
18 15 10 1
18 15 11 2
18 17 16 1
18 17 17 3
18 18 17 4
18 18 18 3
18 18 19 1
18 19 17 1
18 19 18 8
18 19 19 4
19 15 10 1
19 15 11 8
19 15 12 1
19 16 11 3
19 16 12 6
19 16 13 2
19 17 14 2
19 17 16 1
19 18 15 1
19 18 17 2
19 19 18 4
19 19 19 3
19 19 20 1
19 20 19 6
19 20 20 4
19 21 21 1
20 16 11 1
20 16 12 4
20 17 14 2
20 18 16 3
20 19 17 1
20 20 19 1
20 20 20 1
20 21 19 6
20 21 20 13
20 21 21 10
20 22 21 1
21 17 14 1
21 18 17 1
21 19 16 1
21 19 17 3
21 19 19 1
21 20 17 1
21 20 19 1
21 21 20 6
21 21 21 6
21 21 22 4
21 22 20 11
21 22 21 14
21 22 22 6
22 19 16 1
22 21 18 1
22 21 20 1
22 22 20 1
22 22 21 8
22 22 22 10
22 23 22 28
22 23 23 3
23 22 20 1
23 22 21 1
23 23 22 6
23 23 23 12
23 23 24 1
23 24 22 1
23 24 23 27
23 24 24 12
24 23 22 1
24 23 23 2
24 24 23 11
24 24 24 8
24 25 24 30
24 25 25 28
24 26 25 3
24 26 26 1
25 24 24 1
25 25 24 8
25 25 25 15
25 25 26 5
25 26 24 1
25 26 25 13
25 26 26 54
25 26 27 18
25 27 26 1
25 27 27 1
26 25 25 1
26 26 25 2
26 26 26 71
26 26 27 9
26 27 26 57
26 27 27 64
26 27 28 10
26 28 27 3
26 28 28 3
27 27 27 14
27 27 28 13
27 28 27 22
27 28 28 71
27 28 29 4
27 29 28 2
27 29 29 1
28 28 28 26
28 28 29 7
28 29 28 33
28 29 29 64
28 29 30 1
28 30 29 1
29 29 29 13
29 29 30 3
29 30 30 16
30 30 30 61
30 30 31 2
30 31 30 2
