32
1 1 0 3
1 1 1 2
1 2 1 17
2 2 1 17
2 2 2 8
2 3 2 19
2 3 3 3
2 4 2 1
3 3 2 10
3 3 3 14
3 4 3 6
4 3 3 3
4 4 3 4
4 4 4 7
4 5 4 4
4 5 5 1
5 4 3 2
5 4 4 2
5 5 4 6
5 5 5 8
5 5 6 1
5 6 5 15
6 5 3 1
6 5 4 1
6 6 4 1
6 6 5 4
6 6 6 4
6 7 6 7
6 7 7 3
6 8 7 1
7 4 3 1
7 5 3 2
7 6 5 1
7 6 6 1
7 7 6 4
7 7 7 6
7 8 7 2
7 8 8 3
8 5 3 1
8 6 4 3
8 7 6 2
8 8 6 1
8 8 7 4
8 8 8 6
8 8 9 1
8 9 8 3
8 9 9 2
9 6 4 3
9 7 5 3
9 7 6 1
9 8 6 3
9 8 7 1
9 9 8 3
9 9 9 3
9 10 9 3
9 10 10 1
10 7 4 1
10 8 6 1
10 9 9 2
10 10 8 1
10 10 10 2
10 11 10 2
10 11 11 2
11 8 7 1
11 11 9 1
11 11 10 1
11 12 11 2
12 9 7 1
12 10 8 1
12 10 9 1
12 11 10 2
12 12 11 2
12 12 12 4
12 12 13 2
12 13 12 1
13 13 11 1
13 13 12 2
13 13 13 1
13 13 14 2
13 14 13 2
13 14 14 2
13 15 14 1
14 11 10 1
14 12 10 1
14 12 11 1
14 13 11 1
14 14 13 4
14 14 14 1
14 14 15 2
14 15 15 1
14 16 15 1
15 11 7 2
15 12 8 1
15 14 13 1
15 14 14 1
15 15 13 3
15 15 14 4
15 15 15 3
15 15 16 1
15 16 15 2
15 16 16 5
16 12 7 1
16 12 8 7
16 13 8 1
16 13 10 2
16 13 12 1
16 14 13 1
16 15 14 1
16 16 14 1
16 16 15 5
16 16 16 2
16 17 15 1
16 17 16 5
16 17 17 5
17 12 8 1
17 13 8 5
17 13 9 11
17 13 10 2
17 13 11 1
17 14 10 2
17 16 15 1
17 17 15 3
17 17 16 21
17 17 17 3
17 18 17 5
17 18 18 5
18 14 9 1
18 14 10 5
18 15 10 1
18 15 11 2
18 15 12 1
18 17 16 2
18 17 17 1
18 18 17 5
18 18 18 2
18 18 19 1
18 19 18 6
18 19 19 3
19 15 10 1
19 15 11 9
19 15 12 1
19 15 13 1
19 16 11 2
19 16 12 6
19 16 13 2
19 17 14 2
19 17 15 1
19 19 18 2
19 19 19 3
19 20 18 1
19 20 19 6
19 20 20 9
20 16 12 6
20 17 14 3
20 18 16 3
20 19 16 1
20 19 18 1
20 20 19 1
20 20 20 1
20 21 19 9
20 21 20 12
20 21 21 9
20 22 21 1
21 19 16 2
21 19 18 2
21 20 17 1
21 20 18 1
21 20 19 1
21 21 20 2
21 21 21 4
21 22 20 12
21 22 21 13
21 22 22 6
21 22 23 1
22 21 19 1
22 21 20 2
22 21 21 1
22 22 20 1
22 22 21 9
22 22 22 9
22 22 23 1
22 23 21 1
22 23 22 32
22 23 23 5
23 22 20 1
23 22 21 1
23 23 22 5
23 23 23 9
23 23 24 1
23 24 23 31
23 24 24 10
23 25 25 1
24 23 22 2
24 23 23 2
24 24 23 9
24 24 24 11
24 25 24 38
24 25 25 24
24 25 26 1
24 26 25 2
24 26 26 1
25 24 24 1
25 25 24 2
25 25 25 16
25 25 26 6
25 26 25 18
25 26 26 59
25 26 27 13
25 27 27 1
26 25 25 1
26 26 24 1
26 26 25 4
26 26 26 66
26 26 27 13
26 27 26 52
26 27 27 67
26 27 28 12
26 28 27 3
26 28 28 2
27 27 27 20
27 27 28 12
27 28 27 20
27 28 28 77
27 28 29 4
27 29 28 1
28 28 28 26
28 28 29 7
28 29 28 25
28 29 29 68
29 29 29 10
29 29 30 4
29 30 29 1
29 30 30 18
30 30 30 59
30 30 31 1
30 31 30 3
