32
1 1 0 4
1 1 1 3
1 2 1 17
2 2 1 14
2 2 2 11
2 3 2 18
2 3 3 7
3 3 2 12
3 3 3 9
3 4 3 6
3 4 4 1
4 3 3 1
4 4 3 4
4 4 4 7
4 5 4 7
4 5 5 1
5 4 3 1
5 5 4 7
5 5 5 5
5 6 5 7
5 6 6 1
6 5 4 1
6 5 5 1
6 6 5 5
6 6 6 5
6 7 6 8
6 7 7 5
7 5 3 2
7 5 4 1
7 6 5 2
7 7 6 7
7 7 7 5
7 8 7 1
7 8 8 4
8 5 3 2
8 5 4 1
8 6 4 2
8 7 4 1
8 7 5 1
8 7 6 3
8 8 6 1
8 8 7 2
8 8 8 3
8 9 8 6
8 9 9 1
8 9 10 1
9 6 4 3
9 7 5 1
9 7 6 1
9 8 6 3
9 8 7 2
9 9 8 2
9 9 9 3
9 9 10 2
9 10 9 2
9 10 10 2
10 6 4 1
10 7 4 1
10 8 7 2
10 10 9 2
10 10 10 1
10 11 11 1
11 8 6 1
11 9 7 1
11 11 9 1
11 11 10 2
11 11 11 1
11 12 11 3
11 12 12 5
12 8 8 1
12 9 8 1
12 10 7 1
12 10 8 1
12 10 9 1
12 11 9 1
12 11 10 1
12 12 10 1
12 12 11 2
12 13 12 2
12 13 13 3
12 14 13 1
13 10 7 1
13 13 12 3
13 14 13 2
13 14 14 2
14 12 11 1
14 13 11 1
14 13 12 1
14 14 13 3
14 14 14 3
14 15 14 1
14 15 15 4
15 12 8 2
15 12 10 1
15 13 12 1
15 14 13 1
15 15 14 4
15 15 15 2
15 16 14 1
15 16 15 2
15 16 16 2
16 12 8 8
16 13 9 1
16 13 10 1
16 14 10 1
16 14 13 1
16 16 15 5
16 16 16 2
16 16 17 1
16 17 16 5
16 17 17 4
16 18 17 1
17 12 8 1
17 13 8 6
17 13 9 13
17 13 10 1
17 14 10 1
17 15 11 1
17 16 15 1
17 17 15 1
17 17 16 20
17 17 17 5
17 18 16 1
17 18 17 4
17 18 18 5
18 14 9 1
18 14 10 6
18 15 10 1
18 15 11 1
18 17 17 3
18 18 17 5
18 18 18 1
18 19 18 5
18 19 19 3
18 20 20 1
19 15 11 9
19 16 11 3
19 16 12 6
19 16 13 1
19 17 14 1
19 18 15 1
19 18 16 1
19 18 17 1
19 19 18 4
19 19 19 1
19 19 20 1
19 20 18 1
19 20 19 7
19 20 20 6
20 16 12 4
20 16 13 1
20 17 13 2
20 17 14 2
20 18 15 1
20 18 16 1
20 18 17 1
20 18 18 1
20 19 17 1
20 20 19 2
20 20 21 1
20 21 19 5
20 21 20 18
20 21 21 5
20 21 22 1
20 22 21 1
21 19 16 1
21 19 17 4
21 20 19 2
21 21 21 3
21 21 22 2
21 22 20 11
21 22 21 19
21 22 22 5
21 22 23 1
21 23 22 2
22 19 17 1
22 20 18 1
22 21 20 2
22 22 20 1
22 22 21 5
22 22 22 16
22 23 21 1
22 23 22 32
22 23 23 4
23 22 21 1
23 22 22 1
23 23 22 6
23 23 23 8
23 24 23 33
23 24 24 11
24 23 22 1
24 23 23 2
24 24 23 8
24 24 24 12
24 25 24 36
24 25 25 23
24 26 25 2
25 24 23 1
25 24 24 1
25 25 24 4
25 25 25 15
25 25 26 3
25 26 25 14
25 26 26 61
25 26 27 7
25 27 26 2
26 26 25 2
26 26 26 72
26 26 27 9
26 27 26 48
26 27 27 73
26 27 28 3
26 28 27 1
26 28 28 4
27 27 27 13
27 27 28 15
27 28 27 13
27 28 28 72
27 28 29 2
27 29 28 3
27 29 29 2
28 28 28 22
28 28 29 6
28 29 28 20
28 29 29 49
28 29 30 2
29 29 29 8
29 29 30 6
29 30 29 1
29 30 30 15
30 30 30 67
30 30 31 1
30 31 30 2
30 31 31 1
