32
1 1 0 4
1 1 1 3
1 2 1 14
2 2 1 16
2 2 2 6
2 3 2 14
2 3 3 5
3 3 2 12
3 3 3 16
3 4 3 7
3 4 4 2
4 3 3 2
4 4 3 3
4 4 4 4
4 5 4 3
4 5 5 2
5 5 4 6
5 5 5 22
5 6 5 12
5 6 6 1
6 5 3 1
6 5 4 2
6 6 5 7
6 6 6 6
6 7 6 8
6 7 7 2
7 5 3 2
7 6 4 1
7 7 6 6
7 7 7 7
7 7 8 1
7 8 7 1
7 8 8 2
8 5 3 2
8 5 4 1
8 6 4 2
8 7 8 1
8 8 7 5
8 8 8 7
8 8 9 1
8 9 8 2
8 9 9 4
9 6 4 3
9 7 5 2
9 7 6 1
9 8 6 1
9 8 7 3
9 9 7 1
9 9 8 1
9 10 9 1
9 10 10 2
9 11 10 1
10 7 4 1
10 8 6 1
10 8 7 1
10 9 8 1
10 10 11 2
10 11 10 1
10 11 11 1
11 9 7 1
11 9 8 1
11 11 10 2
11 11 11 2
11 12 11 1
11 12 12 1
12 10 9 1
12 11 10 1
12 12 11 3
12 12 12 1
12 13 12 2
12 13 13 2
13 10 8 1
13 11 9 1
13 12 12 1
13 13 11 1
13 13 12 3
13 13 13 8
13 14 14 1
14 13 11 1
14 13 12 1
14 14 13 4
14 14 14 1
14 14 15 1
14 15 14 2
14 15 15 1
14 16 15 1
15 11 7 1
15 11 8 1
15 12 8 1
15 13 11 1
15 13 12 1
15 14 13 1
15 15 13 1
15 15 14 4
15 16 15 1
15 16 16 5
16 12 7 1
16 12 8 6
16 13 8 2
16 13 9 2
16 13 10 1
16 15 14 2
16 16 15 5
16 16 16 2
16 16 17 1
16 17 15 2
16 17 16 5
16 17 17 2
17 12 8 1
17 13 8 4
17 13 9 12
17 13 10 1
17 14 10 3
17 16 15 1
17 17 15 1
17 17 16 20
17 17 17 5
17 18 17 8
17 18 18 8
18 14 10 5
18 15 10 1
18 15 11 2
18 15 12 1
18 17 16 1
18 18 17 4
18 18 18 1
18 18 19 2
18 19 18 6
18 19 19 3
18 20 20 1
19 15 11 10
19 16 11 2
19 16 12 9
19 16 13 2
19 16 14 1
19 17 14 2
19 17 15 1
19 18 17 1
19 18 18 1
19 19 18 2
19 19 19 2
19 19 20 1
19 20 19 5
19 20 20 6
20 16 12 4
20 17 12 1
20 17 14 3
20 18 16 1
20 18 17 2
20 19 16 1
20 19 17 1
20 20 19 2
20 20 20 2
20 20 21 3
20 21 19 9
20 21 20 16
20 21 21 8
20 21 22 1
21 18 16 1
21 19 17 1
21 19 18 2
21 20 17 1
21 20 19 1
21 21 20 1
21 21 21 3
21 21 22 1
21 22 20 11
21 22 21 15
21 22 22 4
21 22 23 1
22 19 16 1
22 20 19 1
22 21 19 1
22 21 20 2
22 22 21 6
22 22 22 11
22 22 23 2
22 23 21 1
22 23 22 30
22 23 23 8
22 24 23 1
22 24 24 1
23 22 20 1
23 23 21 1
23 23 22 5
23 23 23 8
23 23 24 1
23 24 23 28
23 24 24 5
23 25 24 1
24 23 22 1
24 23 23 1
24 24 23 8
24 24 24 12
24 24 25 2
24 25 24 26
24 25 25 34
24 26 25 3
24 26 26 1
24 27 27 1
25 24 23 1
25 24 24 1
25 25 24 4
25 25 25 14
25 25 26 7
25 26 25 8
25 26 26 63
25 26 27 18
25 27 27 2
26 25 25 2
26 26 25 1
26 26 26 64
26 26 27 9
26 27 26 52
26 27 27 72
26 27 28 10
26 28 28 1
27 27 27 12
27 27 28 15
27 28 27 16
27 28 28 86
27 28 29 9
27 29 28 5
27 29 29 1
28 28 28 18
28 28 29 6
28 29 28 14
28 29 29 61
28 30 29 1
29 29 29 4
29 29 30 4
29 30 30 18
30 30 30 44
30 30 31 1
30 31 30 2
