32
1 1 0 4
1 1 1 2
1 2 1 22
2 2 1 13
2 2 2 12
2 3 2 17
2 3 3 4
3 3 2 15
3 3 3 14
3 4 3 7
4 3 3 2
4 4 3 5
4 4 4 5
4 5 4 5
4 5 5 1
5 5 4 7
5 5 5 11
5 6 5 9
5 6 6 2
6 5 4 1
6 6 4 2
6 6 5 4
6 6 6 7
6 7 6 10
6 7 7 3
7 5 3 2
7 5 4 1
7 6 5 1
7 6 6 1
7 7 6 5
7 7 7 5
7 7 8 1
7 8 7 2
7 8 8 2
8 5 3 2
8 6 3 1
8 6 4 2
8 7 6 3
8 8 7 4
8 8 8 3
8 8 9 2
8 9 8 5
8 9 9 4
9 6 4 3
9 7 4 1
9 7 5 1
9 8 8 1
9 9 8 1
9 9 9 4
9 9 10 1
9 10 9 2
10 7 4 1
10 7 5 1
10 8 7 1
10 9 7 1
10 10 9 3
10 10 10 1
10 10 11 1
10 11 11 1
11 9 7 2
11 10 9 1
11 11 10 2
11 11 11 1
11 12 11 2
11 12 12 3
12 9 7 1
12 9 8 1
12 10 7 1
12 10 9 2
12 11 10 1
12 12 11 3
12 12 12 2
12 13 13 2
13 12 11 1
13 13 12 3
13 13 13 1
13 13 14 2
13 14 12 1
13 14 13 3
13 14 14 2
14 11 10 1
14 13 11 2
14 14 13 3
14 15 15 5
14 16 16 1
15 11 7 1
15 12 8 1
15 12 10 1
15 14 13 2
15 15 14 7
15 15 15 1
15 15 16 1
15 16 15 3
15 16 16 2
16 12 7 1
16 12 8 7
16 13 9 3
16 13 10 1
16 16 15 5
16 16 16 3
16 16 17 1
16 17 16 2
16 17 17 4
17 13 8 6
17 13 9 13
17 14 9 1
17 14 10 2
17 16 15 1
17 17 15 1
17 17 16 25
17 17 17 5
17 17 18 2
17 18 16 1
17 18 17 6
17 18 18 4
17 19 19 1
18 14 10 5
18 15 10 1
18 15 11 2
18 17 16 2
18 17 17 1
18 18 17 8
18 18 18 3
18 18 19 1
18 19 18 2
18 19 19 4
18 20 19 1
18 20 20 1
19 15 11 8
19 15 12 3
19 16 11 2
19 16 12 6
19 16 13 3
19 17 14 1
19 17 15 2
19 18 17 2
19 18 18 1
19 19 18 5
19 19 19 1
19 20 19 8
19 20 20 7
20 16 12 5
20 17 13 1
20 17 14 2
20 18 15 1
20 18 16 2
20 19 16 1
20 19 18 1
20 20 20 3
20 20 21 1
20 21 19 6
20 21 20 14
20 21 21 8
20 22 21 1
21 19 16 1
21 19 17 3
21 20 18 1
21 20 19 1
21 21 20 5
21 21 21 4
21 21 22 2
21 22 20 10
21 22 21 19
21 22 22 7
21 23 22 1
22 19 17 1
22 20 18 1
22 20 19 1
22 21 19 1
22 22 20 1
22 22 21 8
22 22 22 8
22 22 23 2
22 23 22 32
22 23 23 8
22 24 23 1
23 22 20 1
23 22 21 1
23 23 22 1
23 23 23 6
23 23 24 2
23 24 23 31
23 24 24 9
23 25 24 1
24 23 22 1
24 23 23 2
24 24 23 12
24 24 24 10
24 25 24 25
24 25 25 28
24 26 25 4
25 24 23 1
25 24 24 1
25 25 24 4
25 25 25 11
25 25 26 12
25 26 25 15
25 26 26 60
25 26 27 18
25 27 27 2
26 25 25 1
26 26 25 2
26 26 26 68
26 26 27 11
26 27 26 48
26 27 27 83
26 27 28 8
26 28 28 2
27 27 27 14
27 27 28 13
27 28 27 17
27 28 28 104
27 28 29 2
27 29 28 7
27 29 29 1
28 28 28 22
28 28 29 5
28 29 28 14
28 29 29 69
28 29 30 2
29 29 29 5
29 29 30 6
29 30 30 18
30 30 30 59
30 30 31 1
30 31 30 3
