32
1 1 0 3
1 1 1 2
1 2 1 14
2 2 1 18
2 2 2 10
2 3 2 17
2 3 3 4
3 3 2 13
3 3 3 17
3 4 3 4
3 4 4 1
4 3 3 3
4 4 3 4
4 4 4 4
4 5 4 5
5 4 2 1
5 5 4 4
5 5 5 18
5 6 5 9
5 6 6 2
5 7 7 1
6 5 4 1
6 5 5 1
6 6 5 5
6 6 6 8
6 7 6 5
6 7 7 2
7 5 3 2
7 5 4 1
7 6 5 3
7 7 6 6
7 7 7 8
7 8 7 1
7 8 8 3
8 5 3 2
8 6 3 1
8 6 4 3
8 6 5 1
8 7 5 1
8 7 6 2
8 7 7 1
8 8 7 4
8 8 8 7
8 8 9 1
8 9 8 2
8 9 9 2
8 10 9 1
9 6 4 2
9 7 5 1
9 7 6 1
9 8 6 1
9 8 7 2
9 9 8 3
9 9 9 2
9 10 9 3
9 10 10 1
10 7 4 2
10 8 6 2
10 10 9 2
10 10 10 2
10 11 10 1
11 8 6 1
11 8 7 1
11 9 7 1
11 10 8 2
11 10 9 1
11 11 10 2
11 11 11 1
11 12 10 1
11 12 11 1
11 12 12 3
12 9 8 1
12 10 9 1
12 11 9 1
12 12 11 1
12 12 12 2
12 12 13 1
12 13 12 5
12 13 13 3
13 13 12 2
13 13 13 3
13 14 12 1
13 14 13 1
13 14 14 2
14 12 10 1
14 13 11 1
14 13 12 1
14 14 12 1
14 14 13 5
14 14 14 2
14 14 15 1
14 15 14 1
14 15 15 2
15 11 7 1
15 12 8 1
15 12 10 1
15 14 13 1
15 14 14 1
15 15 13 1
15 15 14 3
15 15 15 2
15 16 15 3
15 16 16 3
16 12 7 1
16 12 8 6
16 13 8 2
16 13 9 2
16 14 13 1
16 16 15 7
16 16 16 1
16 17 15 2
16 17 16 3
16 17 17 5
17 13 8 5
17 13 9 13
17 13 10 2
17 14 9 1
17 14 11 1
17 16 15 2
17 17 15 1
17 17 16 24
17 17 17 8
17 18 17 4
17 18 18 2
17 19 19 1
18 14 9 1
18 14 10 4
18 15 10 1
18 15 11 2
18 16 13 1
18 16 15 1
18 17 16 1
18 18 17 8
18 18 18 3
18 18 19 1
18 19 18 5
18 19 19 2
18 20 19 1
19 14 10 1
19 15 10 1
19 15 11 9
19 15 12 1
19 16 11 2
19 16 12 7
19 17 15 1
19 19 18 1
19 19 20 1
19 20 19 7
19 20 20 4
19 21 21 1
20 16 12 4
20 16 13 1
20 17 13 1
20 17 14 3
20 18 17 3
20 19 17 1
20 20 19 2
20 20 20 7
20 21 19 5
20 21 20 8
20 21 21 6
20 22 21 2
20 22 22 1
21 18 15 1
21 18 16 1
21 19 16 1
21 19 17 2
21 19 18 1
21 20 17 1
21 20 19 1
21 21 20 7
21 21 21 1
21 21 22 2
21 22 20 11
21 22 21 15
21 22 22 9
22 20 18 2
22 21 19 1
22 21 20 2
22 22 20 2
22 22 21 14
22 22 22 7
22 23 22 34
22 23 23 5
23 22 21 1
23 22 22 1
23 23 22 8
23 23 23 5
23 23 24 2
23 24 23 29
23 24 24 8
23 25 23 1
24 23 23 3
24 24 23 8
24 24 24 9
24 25 24 34
24 25 25 28
24 26 25 1
25 24 23 1
25 25 24 7
25 25 25 13
25 25 26 5
25 26 24 1
25 26 25 19
25 26 26 59
25 26 27 15
25 27 27 3
26 26 25 2
26 26 26 57
26 26 27 11
26 27 26 53
26 27 27 72
26 27 28 7
26 28 27 3
26 28 28 3
27 27 26 1
27 27 27 13
27 27 28 9
27 28 27 23
27 28 28 73
27 28 29 3
27 29 28 4
27 29 29 1
27 29 30 1
28 28 28 31
28 28 29 7
28 29 28 32
28 29 29 65
29 29 29 12
29 29 30 4
29 30 29 1
29 30 30 15
30 30 30 57
30 30 31 2
30 31 31 1
