32
1 1 0 2
1 1 1 3
1 2 1 26
2 2 1 14
2 2 2 10
2 3 2 23
2 3 3 4
3 3 2 12
3 3 3 14
3 4 3 6
3 5 3 1
4 3 3 3
4 4 3 7
4 4 4 6
4 5 4 5
5 5 4 7
5 5 5 13
5 6 5 11
5 6 6 1
6 5 3 1
6 5 4 1
6 6 4 1
6 6 5 7
6 6 6 6
6 7 6 7
6 7 7 4
7 4 3 1
7 5 3 1
7 5 4 1
7 6 5 2
7 7 6 4
7 7 7 4
7 8 7 3
7 8 8 5
8 5 3 2
8 6 4 3
8 6 5 1
8 7 6 1
8 8 6 1
8 8 7 5
8 8 8 5
8 9 8 2
8 9 9 4
9 6 4 3
9 7 5 1
9 8 7 2
9 8 9 1
9 9 8 2
9 9 9 4
9 10 10 1
10 6 4 1
10 7 4 1
10 8 6 1
10 8 7 1
10 9 8 1
10 10 10 2
10 11 10 1
10 11 11 3
11 8 6 1
11 8 7 1
11 9 7 1
11 11 10 4
11 11 11 2
11 12 11 2
12 9 7 2
12 10 9 1
12 12 11 2
12 12 12 4
12 13 12 3
12 13 13 3
13 10 8 1
13 11 10 1
13 12 11 1
13 13 12 3
13 13 13 5
13 13 14 1
13 14 14 3
14 11 11 1
14 13 11 2
14 14 13 6
14 15 14 1
15 11 7 1
15 11 8 1
15 14 13 1
15 15 14 4
15 15 15 1
15 15 16 2
15 16 15 2
15 16 16 2
16 12 7 2
16 12 8 7
16 13 10 2
16 13 11 1
16 14 13 1
16 15 14 1
16 16 14 1
16 16 15 5
16 16 16 3
16 17 15 1
16 17 16 3
16 17 17 3
17 13 8 6
17 13 9 12
17 13 10 1
17 14 9 1
17 14 10 1
17 14 11 1
17 17 15 1
17 17 16 22
17 17 17 2
17 18 16 2
17 18 17 8
17 18 18 5
18 14 9 1
18 14 10 6
18 15 10 1
18 15 11 2
18 17 16 3
18 17 17 1
18 18 16 1
18 18 17 7
18 18 18 1
18 18 19 2
18 19 18 4
18 19 19 3
18 20 20 1
19 15 11 8
19 16 11 4
19 16 12 8
19 16 13 1
19 17 14 3
19 18 15 1
19 19 18 4
19 19 19 1
19 19 20 2
19 20 19 6
19 20 20 6
19 21 20 1
20 16 11 1
20 16 12 4
20 17 14 2
20 18 16 2
20 18 17 1
20 19 17 1
20 20 18 1
20 20 19 1
20 20 20 2
20 21 19 9
20 21 20 12
20 21 21 8
20 22 21 1
21 19 16 2
21 19 17 1
21 19 18 1
21 20 17 1
21 20 18 1
21 21 20 4
21 21 21 2
21 21 22 2
21 22 20 12
21 22 21 16
21 22 22 6
22 20 18 1
22 20 20 1
22 21 19 4
22 21 20 1
22 22 20 3
22 22 21 8
22 22 22 11
22 22 23 2
22 23 21 2
22 23 22 29
22 23 23 7
23 23 22 3
23 23 23 9
23 23 24 1
23 24 22 1
23 24 23 34
23 24 24 7
23 25 24 1
24 22 22 1
24 24 23 11
24 24 24 10
24 24 25 1
24 25 24 36
24 25 25 25
24 26 25 2
24 26 26 2
25 23 24 1
25 24 24 1
25 25 24 3
25 25 25 13
25 25 26 8
25 26 25 17
25 26 26 61
25 26 27 16
25 27 27 1
26 25 25 1
26 26 24 1
26 26 25 2
26 26 26 67
26 26 27 15
26 27 26 51
26 27 27 79
26 27 28 7
26 28 28 1
27 27 27 19
27 27 28 17
27 28 27 19
27 28 28 70
27 28 29 2
27 29 28 3
28 28 28 30
28 28 29 6
28 29 28 26
28 29 29 62
28 29 30 1
29 29 29 14
29 29 30 4
29 30 30 19
30 30 30 56
30 30 31 1
30 31 30 1
30 31 31 2
