32
0 1 0 1
1 1 0 2
1 1 1 3
1 2 1 18
2 2 1 19
2 2 2 12
2 3 2 19
2 3 3 5
3 3 2 7
3 3 3 18
3 4 3 4
4 3 3 1
4 4 3 3
4 4 4 4
4 5 4 4
4 5 5 1
5 4 4 1
5 5 4 11
5 5 5 16
5 6 5 12
5 6 6 2
5 7 7 1
6 5 3 1
6 6 4 1
6 6 5 8
6 6 6 7
6 7 6 4
6 7 7 4
7 5 3 3
7 6 5 1
7 7 6 6
7 7 7 5
7 8 7 4
7 8 8 2
8 5 3 1
8 6 3 1
8 6 4 2
8 6 5 1
8 7 4 1
8 7 5 1
8 7 6 1
8 8 6 1
8 8 7 4
8 8 8 3
8 9 8 2
8 9 9 3
9 6 4 3
9 7 5 2
9 8 7 2
9 9 8 2
9 9 9 3
9 9 10 1
9 10 9 4
9 10 10 2
10 7 4 1
10 8 6 1
10 8 7 2
10 9 7 1
10 10 8 1
10 10 9 1
10 10 10 2
10 11 11 2
11 8 6 1
11 9 7 1
11 11 9 1
11 11 10 4
11 11 11 1
11 12 12 1
12 10 7 1
12 10 8 2
12 11 10 1
12 12 11 1
12 12 12 2
12 13 12 3
12 13 13 6
13 12 11 1
13 13 11 1
13 13 12 3
13 13 13 3
13 13 14 1
14 11 8 1
14 11 9 1
14 12 11 1
14 13 11 1
14 14 13 4
14 14 14 2
14 14 15 1
14 15 14 1
14 15 15 2
15 11 7 1
15 11 8 1
15 12 8 1
15 13 12 1
15 14 13 1
15 15 13 3
15 15 14 3
15 15 16 1
15 16 15 1
15 16 16 3
16 12 8 8
16 13 8 1
16 13 10 2
16 13 12 1
16 14 13 1
16 16 15 8
16 16 16 3
16 16 17 1
16 17 15 1
16 17 16 5
16 17 17 1
17 12 8 1
17 13 8 6
17 13 9 11
17 14 9 1
17 14 10 3
17 14 11 1
17 15 15 1
17 17 15 2
17 17 16 20
17 17 17 3
17 18 17 5
17 18 18 2
18 14 10 6
18 14 11 1
18 15 10 1
18 15 11 1
18 15 13 1
18 16 12 1
18 17 17 1
18 18 17 5
18 18 18 1
18 18 19 1
18 19 17 1
18 19 18 5
18 19 19 2
18 20 19 1
19 15 10 1
19 15 11 8
19 15 12 1
19 16 11 5
19 16 12 5
19 16 13 3
19 17 13 1
19 17 14 1
19 18 15 1
19 18 17 3
19 19 18 1
19 19 19 3
19 19 20 1
19 20 18 2
19 20 19 7
19 20 20 8
20 16 12 5
20 16 13 1
20 17 14 2
20 18 15 1
20 18 16 2
20 19 17 1
20 20 18 1
20 20 20 2
20 20 21 1
20 21 19 7
20 21 20 15
20 21 21 8
20 21 22 1
20 22 22 2
21 19 16 1
21 19 17 1
21 19 18 2
21 20 18 1
21 20 19 1
21 21 20 1
21 21 21 2
21 22 20 15
21 22 21 19
21 22 22 6
22 19 16 1
22 21 19 2
22 21 20 1
22 22 21 8
22 22 22 9
22 22 23 1
22 23 21 2
22 23 22 32
22 23 23 4
22 23 24 1
23 22 21 1
23 23 21 1
23 23 22 4
23 23 23 7
23 24 22 1
23 24 23 31
23 24 24 8
24 23 22 1
24 24 23 9
24 24 24 9
24 24 25 2
24 25 24 42
24 25 25 23
24 26 25 2
24 26 26 1
25 24 23 1
25 25 24 5
25 25 25 12
25 25 26 6
25 26 24 1
25 26 25 21
25 26 26 47
25 26 27 11
25 27 27 1
26 25 25 1
26 26 25 2
26 26 26 59
26 26 27 9
26 27 26 52
26 27 27 70
26 27 28 8
26 28 27 3
26 28 28 1
27 27 27 14
27 27 28 8
27 28 27 9
27 28 28 48
27 28 29 6
27 29 28 1
28 28 28 14
28 28 29 7
28 29 28 22
28 29 29 63
29 29 29 9
29 29 30 6
29 30 30 18
30 30 30 55
30 31 30 2
