32
1 1 0 3
1 1 1 1
1 2 1 19
2 2 1 18
2 2 2 6
2 3 2 17
2 3 3 4
3 2 2 1
3 3 2 8
3 3 3 11
3 4 3 9
4 3 3 2
4 4 3 3
4 4 4 7
4 5 4 7
4 5 5 4
5 5 4 9
5 5 5 12
5 6 5 11
5 6 6 2
5 7 7 1
6 5 3 1
6 5 4 2
6 6 5 4
6 6 6 7
6 7 6 6
6 7 7 4
6 8 7 1
7 5 3 2
7 6 5 2
7 6 6 1
7 7 6 4
7 7 7 4
7 8 7 2
7 8 8 6
8 5 3 2
8 6 3 2
8 6 4 1
8 6 5 2
8 7 6 2
8 8 7 6
8 8 8 4
8 8 9 2
8 9 8 3
8 9 9 4
9 6 4 3
9 8 7 2
9 9 8 2
9 9 9 1
9 9 10 1
9 10 9 1
9 10 10 1
10 7 4 1
10 8 6 1
10 9 8 1
10 10 10 1
10 11 10 2
10 11 11 1
11 9 7 1
11 9 8 2
11 11 10 2
11 12 11 3
11 12 12 2
12 10 8 2
12 11 10 1
12 12 10 1
12 12 11 2
12 12 12 5
12 12 13 1
12 13 13 2
12 14 13 1
13 11 9 1
13 13 12 4
13 13 13 3
13 13 14 1
14 12 10 1
14 12 11 1
14 13 11 1
14 14 13 4
14 14 14 2
14 14 15 1
14 15 14 1
14 15 15 4
15 11 7 2
15 12 8 1
15 12 10 1
15 12 11 1
15 14 14 1
15 15 13 1
15 15 14 4
15 15 15 2
15 15 16 1
15 16 15 2
15 16 16 3
16 12 7 3
16 12 8 5
16 13 8 2
16 13 10 2
16 14 13 1
16 15 14 1
16 16 15 5
16 16 16 3
16 17 15 1
16 17 16 5
16 17 17 5
16 18 18 1
17 12 9 1
17 13 8 5
17 13 9 10
17 14 9 1
17 14 10 5
17 14 11 1
17 17 15 1
17 17 16 21
17 17 17 5
17 17 18 4
17 18 17 8
17 18 18 2
17 19 19 1
18 14 10 5
18 15 10 1
18 15 11 1
18 17 16 1
18 18 17 4
18 18 18 1
18 19 18 4
18 19 19 4
19 15 11 11
19 16 11 4
19 16 12 3
19 16 13 4
19 17 14 1
19 17 15 1
19 18 15 1
19 18 17 1
19 19 18 4
19 19 19 3
19 19 20 1
19 20 18 1
19 20 19 9
19 20 20 5
19 21 20 1
19 21 21 2
20 16 12 4
20 17 13 1
20 17 14 2
20 18 15 1
20 18 16 3
20 19 17 1
20 20 18 1
20 20 19 2
20 20 20 1
20 20 21 3
20 21 19 7
20 21 20 11
20 21 21 6
20 22 21 1
20 22 22 1
21 19 16 1
21 19 17 3
21 19 18 1
21 19 19 2
21 20 17 1
21 21 21 3
21 22 20 10
21 22 21 15
21 22 22 6
21 23 22 1
21 23 23 1
22 21 18 1
22 21 19 1
22 21 20 1
22 22 21 5
22 22 22 15
22 22 23 1
22 23 21 1
22 23 22 28
22 23 23 7
23 22 20 1
23 23 21 1
23 23 22 3
23 23 23 10
23 23 24 3
23 24 23 31
23 24 24 10
23 24 25 1
23 25 24 1
24 23 22 1
24 24 23 6
24 24 24 11
24 24 25 1
24 25 24 34
24 25 25 22
24 25 26 2
24 26 25 3
24 26 26 1
25 24 24 1
25 25 23 1
25 25 24 3
25 25 25 13
25 25 26 6
25 26 24 1
25 26 25 18
25 26 26 65
25 26 27 17
25 27 27 2
26 25 25 1
26 26 25 1
26 26 26 54
26 26 27 10
26 27 26 56
26 27 27 67
26 27 28 11
26 28 28 1
27 27 27 11
27 27 28 8
27 28 27 19
27 28 28 84
27 28 29 4
27 29 28 7
28 28 28 22
28 28 29 8
28 29 28 28
28 29 29 58
29 29 29 12
29 29 30 6
29 30 30 14
30 30 30 46
30 30 31 2
30 31 30 1
30 31 31 1
