32
0 1 0 1
1 1 0 3
1 1 1 3
1 2 1 16
2 2 1 17
2 2 2 10
2 3 2 18
2 3 3 3
3 3 2 11
3 3 3 14
3 4 3 6
4 3 3 1
4 4 3 5
4 4 4 5
4 5 4 3
4 5 5 2
5 4 3 2
5 4 4 1
5 5 4 6
5 5 5 11
5 6 5 9
5 6 6 1
6 5 4 1
6 6 5 5
6 6 6 8
6 6 7 1
6 7 6 7
6 7 7 2
7 5 3 1
7 5 4 1
7 6 5 1
7 6 7 1
7 7 6 5
7 7 7 7
7 8 7 2
7 8 8 5
8 5 3 3
8 5 4 1
8 6 4 3
8 7 5 1
8 7 6 4
8 8 6 2
8 8 7 5
8 8 8 5
8 8 9 1
8 9 8 3
8 9 9 3
9 6 4 2
9 7 6 1
9 8 6 3
9 9 8 1
9 9 9 2
9 10 9 1
9 10 10 1
10 7 4 2
10 7 6 1
10 8 6 2
10 9 7 1
10 9 8 1
10 10 9 2
10 10 10 2
10 11 11 3
11 7 5 1
11 9 7 2
11 10 9 1
11 11 9 1
11 11 10 1
11 11 11 3
11 12 10 1
11 12 11 1
11 12 12 3
12 9 7 1
12 10 8 1
12 10 9 1
12 12 11 1
12 12 12 5
12 13 12 1
12 14 13 1
13 11 10 1
13 12 10 1
13 13 11 1
13 13 12 1
13 13 13 1
13 13 14 1
13 14 14 2
13 15 13 1
14 13 11 1
14 13 12 1
14 13 13 1
14 14 13 4
14 14 14 4
14 15 15 2
15 11 7 1
15 11 8 1
15 12 7 1
15 12 8 1
15 12 10 1
15 14 13 2
15 15 13 1
15 15 14 6
15 15 16 1
15 16 15 3
15 16 16 5
16 12 8 7
16 13 8 1
16 13 9 1
16 14 11 1
16 15 14 1
16 15 15 1
16 16 15 5
16 16 16 2
16 16 17 1
16 17 15 2
16 17 16 4
16 17 17 4
17 12 8 1
17 13 8 4
17 13 9 12
17 13 10 2
17 14 9 1
17 14 11 1
17 17 15 1
17 17 16 21
17 17 17 6
17 17 18 1
17 18 17 3
17 18 18 3
18 14 9 1
18 14 10 5
18 15 10 2
18 15 11 1
18 17 16 1
18 17 17 1
18 18 17 9
18 18 18 1
18 18 19 1
18 19 18 7
18 19 19 1
19 15 10 1
19 15 11 8
19 16 11 2
19 16 12 4
19 16 13 3
19 17 14 3
19 19 18 3
19 19 19 2
19 19 20 2
19 20 19 7
19 20 20 6
19 20 21 1
19 21 21 1
20 16 11 1
20 16 12 4
20 17 13 3
20 17 14 1
20 17 15 1
20 18 16 1
20 18 17 1
20 18 18 1
20 19 16 1
20 19 17 2
20 19 18 1
20 20 20 2
20 21 19 8
20 21 20 9
20 21 21 7
20 22 20 2
21 18 16 2
21 19 17 2
21 19 18 1
21 20 17 1
21 20 18 1
21 21 20 4
21 21 21 1
21 21 22 4
21 22 20 14
21 22 21 13
21 22 22 7
22 20 17 1
22 20 19 1
22 21 19 1
22 22 20 2
22 22 21 6
22 22 22 9
22 23 21 3
22 23 22 38
22 23 23 4
23 22 22 1
23 23 22 3
23 23 23 12
23 23 24 2
23 24 23 30
23 24 24 8
23 25 24 1
24 23 22 1
24 24 23 6
24 24 24 15
24 24 25 1
24 25 23 1
24 25 24 34
24 25 25 28
24 25 26 2
24 26 25 2
24 26 26 2
25 24 24 2
25 25 24 8
25 25 25 9
25 25 26 6
25 26 24 1
25 26 25 18
25 26 26 55
25 26 27 15
25 27 27 2
26 26 25 2
26 26 26 64
26 26 27 13
26 27 26 59
26 27 27 76
26 27 28 7
26 28 27 4
26 28 28 2
27 27 26 2
27 27 27 13
27 27 28 11
27 28 27 19
27 28 28 74
27 28 29 5
27 29 28 2
27 29 29 1
28 28 28 32
28 28 29 9
28 29 28 29
28 29 29 67
28 30 29 1
29 29 28 1
29 29 29 13
29 29 30 5
29 30 29 1
29 30 30 15
30 30 30 63
30 31 30 1
30 31 31 2
