32
1 1 0 3
1 1 1 3
1 2 1 20
2 2 1 19
2 2 2 7
2 3 2 17
2 3 3 3
3 3 2 11
3 3 3 15
3 4 3 7
4 3 1 1
4 3 3 3
4 4 3 7
4 4 4 5
4 5 4 4
5 4 4 1
5 5 4 9
5 5 5 4
5 6 5 8
5 6 6 1
6 6 4 1
6 6 5 6
6 6 6 7
6 7 6 6
6 7 7 4
7 5 3 2
7 5 4 1
7 6 5 1
7 6 7 1
7 7 6 7
7 7 7 8
7 7 8 1
7 8 7 1
7 8 8 3
7 9 8 1
8 5 3 3
8 6 4 1
8 6 5 1
8 7 5 1
8 7 6 3
8 8 6 1
8 8 7 2
8 8 8 8
8 8 9 1
8 9 8 3
8 9 9 4
9 6 3 1
9 6 4 3
9 8 6 1
9 8 7 3
9 9 8 2
9 9 9 2
9 9 10 1
10 7 4 2
10 7 5 1
10 8 6 2
10 10 10 2
10 11 9 1
10 11 10 2
11 9 7 1
11 9 8 1
11 10 9 1
11 11 10 1
11 11 11 2
11 12 10 1
11 12 11 1
11 12 12 1
12 9 8 1
12 10 7 1
12 10 8 1
12 10 9 1
12 12 11 2
12 12 12 1
12 12 13 1
12 13 12 1
12 13 13 3
13 10 8 1
13 11 9 1
13 12 11 1
13 13 12 2
13 13 13 4
13 13 14 1
13 14 13 2
13 14 14 2
14 12 10 1
14 13 11 1
14 13 12 2
14 14 13 4
14 14 14 5
14 15 15 2
14 16 16 1
15 11 8 1
15 12 8 1
15 14 13 2
15 15 14 5
15 15 15 2
15 15 16 1
15 16 15 3
15 16 16 2
15 17 16 1
16 11 7 1
16 12 7 1
16 12 8 6
16 13 9 2
16 13 10 1
16 14 13 1
16 15 14 1
16 15 15 1
16 16 15 6
16 16 16 3
16 17 15 2
16 17 16 4
16 17 17 4
17 13 8 8
17 13 9 12
17 14 10 1
17 14 12 2
17 16 15 1
17 17 15 1
17 17 16 23
17 17 17 5
17 17 18 1
17 18 16 1
17 18 17 4
17 18 18 2
18 14 9 2
18 14 10 5
18 15 11 3
18 17 16 2
18 17 17 1
18 18 17 8
18 18 18 2
18 19 18 8
18 19 19 4
19 15 11 8
19 16 11 2
19 16 12 7
19 16 13 2
19 17 14 2
19 17 15 1
19 18 18 1
19 19 18 3
19 19 19 1
19 19 20 1
19 20 19 5
19 20 20 9
19 20 21 1
20 16 11 1
20 16 12 5
20 17 13 2
20 17 14 2
20 18 16 3
20 19 16 1
20 19 18 2
20 20 18 1
20 20 19 2
20 21 19 9
20 21 20 12
20 21 21 7
20 22 21 1
21 19 17 5
21 21 20 6
21 21 21 3
21 21 22 2
21 22 20 13
21 22 21 14
21 22 22 9
21 23 22 1
22 19 17 1
22 21 18 1
22 21 19 1
22 22 20 4
22 22 21 7
22 22 22 10
22 22 23 1
22 23 22 34
22 23 23 3
22 24 23 1
23 22 21 1
23 23 22 1
23 23 23 13
23 23 24 1
23 24 22 1
23 24 23 23
23 24 24 8
23 25 25 2
24 23 22 1
24 23 23 2
24 24 23 11
24 24 24 11
24 24 25 1
24 25 24 31
24 25 25 27
24 25 26 1
24 26 25 2
25 23 23 1
25 25 24 5
25 25 25 12
25 25 26 4
25 26 25 20
25 26 26 60
25 26 27 13
25 27 27 2
26 26 24 1
26 26 25 2
26 26 26 67
26 26 27 11
26 27 26 60
26 27 27 74
26 27 28 6
26 28 27 1
26 28 28 2
27 27 27 15
27 27 28 13
27 28 27 20
27 28 28 79
27 28 29 4
27 29 28 3
28 28 28 31
28 28 29 7
28 29 28 31
28 29 29 65
28 29 30 1
29 29 29 8
29 29 30 6
29 30 29 1
29 30 30 17
30 30 30 62
30 31 30 2
30 31 31 1
