32
0 1 0 1
1 1 0 2
1 1 1 1
1 2 1 18
2 2 1 16
2 2 2 8
2 3 2 28
2 3 3 8
3 3 2 9
3 3 3 13
3 4 3 8
4 3 3 1
4 4 3 4
4 4 4 9
4 5 3 1
4 5 4 4
4 5 5 1
5 5 4 6
5 5 5 8
5 5 6 1
5 6 5 8
5 6 6 3
5 7 7 1
6 5 3 1
6 5 4 1
6 6 4 1
6 6 5 5
6 6 6 6
6 7 5 1
6 7 6 7
6 7 7 4
7 5 3 2
7 6 4 1
7 6 5 3
7 7 5 2
7 7 6 6
7 7 7 7
7 7 8 1
7 8 7 2
7 8 8 2
8 5 3 2
8 6 3 1
8 6 4 3
8 7 6 3
8 8 7 3
8 8 8 2
8 9 8 1
8 9 9 5
9 6 4 2
9 7 5 4
9 7 6 1
9 8 7 3
9 9 8 1
9 9 9 3
9 10 9 1
9 10 10 1
9 11 10 1
10 6 4 1
10 7 4 1
10 8 6 1
10 8 7 2
10 9 8 1
10 9 9 1
10 10 9 1
10 10 10 2
10 10 11 1
10 11 9 1
10 11 10 1
10 11 11 2
11 8 7 1
11 11 10 2
11 11 11 2
12 10 7 1
12 10 8 1
12 10 9 1
12 11 10 1
12 12 11 2
12 12 12 2
12 12 13 1
12 13 12 2
12 13 13 3
13 10 8 1
13 13 11 1
13 13 12 3
13 13 13 4
13 13 14 1
13 15 14 1
14 11 8 1
14 12 10 1
14 13 11 2
14 14 13 4
14 14 14 3
14 15 15 3
14 16 15 1
15 11 7 1
15 12 8 1
15 14 13 1
15 15 14 7
15 15 15 1
15 16 15 1
15 16 16 1
16 12 7 2
16 12 8 6
16 13 8 1
16 13 10 2
16 14 12 2
16 14 14 1
16 16 15 6
16 16 16 3
16 16 17 2
16 17 16 3
16 17 17 2
17 12 8 2
17 13 8 4
17 13 9 11
17 13 10 1
17 14 10 2
17 15 15 1
17 17 15 1
17 17 16 26
17 17 17 4
17 17 18 1
17 18 17 5
17 18 18 2
17 19 18 1
17 19 19 1
18 14 9 1
18 14 10 6
18 14 11 2
18 15 10 1
18 15 11 1
18 17 16 1
18 17 17 1
18 18 17 5
18 18 19 1
18 19 18 7
18 19 19 2
18 19 20 1
19 15 11 10
19 15 12 2
19 16 11 2
19 16 12 7
19 16 13 1
19 17 13 2
19 17 14 2
19 18 16 1
19 18 17 1
19 19 18 5
19 19 19 2
19 20 19 4
19 20 20 5
20 16 12 6
20 17 13 1
20 17 14 2
20 18 15 2
20 18 17 2
20 19 17 1
20 20 18 1
20 20 19 1
20 20 20 1
20 20 21 1
20 21 19 8
20 21 20 16
20 21 21 5
20 22 22 1
21 19 16 2
21 19 17 1
21 19 18 1
21 20 17 1
21 20 18 1
21 20 19 1
21 21 20 2
21 21 21 8
21 21 22 1
21 22 20 10
21 22 21 19
21 22 22 3
21 23 23 1
22 21 19 1
22 21 20 2
22 22 20 1
22 22 21 9
22 22 22 12
22 23 21 1
22 23 22 31
22 23 23 5
23 23 22 6
23 23 23 5
23 23 24 1
23 24 23 29
23 24 24 9
23 25 24 1
24 23 22 1
24 24 23 6
24 24 24 10
24 24 25 1
24 25 24 24
24 25 25 23
24 26 25 3
25 24 24 1
25 25 24 5
25 25 25 14
25 25 26 7
25 26 25 13
25 26 26 50
26 26 25 3
26 26 26 62
26 26 27 11
26 27 26 39
26 27 27 66
26 27 28 5
27 26 26 1
27 27 27 10
27 27 28 12
27 28 27 4
27 28 28 42
27 28 29 3
27 29 28 2
27 29 29 1
28 28 28 14
28 28 29 9
28 29 28 5
28 29 29 40
28 29 30 1
29 29 28 1
29 29 29 6
29 29 30 7
29 30 30 17
30 30 30 69
30 30 31 1
30 31 31 1
