32
1 1 0 3
1 1 1 2
1 2 1 21
2 2 1 10
2 2 2 5
2 3 2 24
2 3 3 4
3 3 2 10
3 3 3 12
3 4 3 2
4 3 3 1
4 4 3 7
4 4 4 8
4 5 4 2
5 4 3 2
5 5 4 4
5 5 5 6
5 6 5 6
5 6 6 1
6 5 3 1
6 5 5 1
6 6 5 7
6 6 6 7
6 7 6 6
6 7 7 3
7 5 3 1
7 6 5 1
7 7 6 5
7 7 7 7
7 7 8 1
7 8 7 1
7 8 8 3
8 5 3 2
8 5 4 1
8 6 4 4
8 7 5 1
8 7 6 1
8 7 7 1
8 8 7 3
8 8 8 4
8 9 8 2
8 9 9 2
9 6 4 2
9 7 5 1
9 8 6 3
9 8 7 3
9 9 8 2
9 9 9 4
9 10 9 3
9 11 10 1
10 6 4 1
10 7 4 1
10 8 6 2
10 9 7 1
10 9 8 1
10 10 8 1
10 10 10 1
10 11 10 1
10 11 11 2
11 11 10 3
11 11 12 1
11 12 11 1
12 9 8 1
12 10 8 1
12 10 9 2
12 11 10 2
12 12 10 3
12 12 12 3
12 13 12 3
12 13 13 4
12 13 14 1
13 10 7 1
13 11 9 1
13 12 11 1
13 13 12 2
13 13 13 2
13 13 14 1
13 14 13 3
13 14 14 4
14 13 11 1
14 14 13 5
14 14 14 1
14 15 14 1
14 15 15 5
15 11 8 1
15 12 8 1
15 12 10 1
15 13 11 1
15 15 14 6
15 15 15 1
15 16 15 2
15 16 16 5
15 16 17 1
15 17 16 1
16 11 8 1
16 12 8 6
16 13 9 3
16 13 10 1
16 15 14 2
16 16 14 1
16 16 15 3
16 16 16 2
16 16 17 1
16 17 15 1
16 17 16 2
16 17 17 3
17 12 8 1
17 13 8 6
17 13 9 12
17 14 10 2
17 16 15 1
17 17 15 1
17 17 16 21
17 17 17 5
17 17 18 2
17 18 17 5
17 18 18 6
17 19 18 1
18 14 10 7
18 15 10 1
18 15 11 4
18 15 13 1
18 16 14 1
18 17 16 2
18 18 17 8
18 18 18 1
18 18 19 1
18 19 18 5
18 19 19 5
19 15 11 8
19 16 11 1
19 16 12 8
19 16 13 2
19 17 14 1
19 17 16 1
19 18 15 1
19 18 18 2
19 19 18 2
19 19 19 2
19 19 20 1
19 20 19 9
19 20 20 10
19 21 21 2
20 16 12 5
20 16 13 1
20 17 13 1
20 17 14 3
20 18 16 2
20 19 16 1
20 21 19 2
20 21 20 11
20 21 21 11
20 22 22 1
21 19 16 2
21 19 17 2
21 19 18 1
21 20 17 1
21 20 18 1
21 21 19 1
21 21 20 1
21 21 21 1
21 21 22 1
21 22 20 2
21 22 21 9
21 22 22 8
22 20 20 1
22 21 18 1
22 21 20 2
22 21 21 1
22 22 21 8
22 22 22 11
22 22 23 3
22 23 22 25
22 23 23 7
22 24 23 1
23 22 21 2
23 23 22 4
23 23 23 11
23 23 24 1
23 24 22 1
23 24 23 29
23 24 24 13
23 25 25 1
24 23 22 1
24 23 23 1
24 24 23 8
24 24 24 13
24 24 25 1
24 25 24 30
24 25 25 30
24 26 25 2
25 25 24 2
25 25 25 11
25 25 26 8
25 26 24 1
25 26 25 16
25 26 26 54
25 26 27 16
25 27 27 2
26 25 25 1
26 26 25 3
26 26 26 70
26 26 27 16
26 27 26 47
26 27 27 74
26 27 28 7
26 28 28 5
27 27 27 15
27 27 28 8
27 28 27 15
27 28 28 91
27 28 29 7
27 29 28 3
27 29 29 2
28 28 28 33
28 28 29 6
28 29 28 22
28 29 29 72
28 29 30 1
29 29 28 1
29 29 29 4
29 29 30 4
29 30 29 1
29 30 30 19
30 30 30 71
30 31 30 3
31 31 31 1
