32
1 1 0 4
1 1 1 4
1 2 1 20
2 2 1 14
2 2 2 5
2 3 2 24
2 3 3 4
3 3 2 11
3 3 3 14
3 4 3 2
3 4 4 2
4 3 3 1
4 4 3 6
4 4 4 7
4 5 4 5
4 5 5 4
5 4 3 1
5 5 4 5
5 5 5 19
5 6 5 8
5 6 6 2
6 5 4 1
6 6 4 1
6 6 5 9
6 6 6 5
6 7 6 8
6 7 7 4
7 5 3 4
7 5 4 1
7 6 5 1
7 7 6 2
7 7 7 6
7 8 7 2
7 8 8 2
8 5 3 1
8 6 4 3
8 7 6 3
8 8 7 4
8 8 8 3
8 8 9 1
8 9 8 2
8 9 9 2
9 6 4 3
9 7 5 1
9 8 6 1
9 8 7 2
9 9 8 5
9 9 9 2
9 9 10 2
9 10 9 1
9 10 10 1
10 6 4 1
10 7 4 1
10 8 7 1
10 9 8 1
10 10 10 3
10 11 10 2
10 11 11 2
11 8 6 1
11 9 7 1
11 9 8 1
11 11 10 2
11 12 10 1
11 12 12 1
12 9 7 1
12 10 8 1
12 11 10 1
12 12 11 3
12 12 12 4
12 12 13 1
12 13 13 3
13 10 9 1
13 13 11 1
13 13 12 3
13 13 13 1
13 13 14 1
13 14 13 1
13 14 14 1
14 12 10 1
14 13 11 1
14 13 12 2
14 13 13 1
14 14 12 1
14 14 13 3
14 14 14 3
14 15 15 3
15 11 7 1
15 11 8 1
15 12 8 1
15 14 13 1
15 15 13 1
15 15 14 6
15 15 15 1
15 16 15 2
15 16 16 4
16 12 7 1
16 12 8 6
16 13 8 2
16 13 10 2
16 15 14 1
16 15 15 1
16 16 15 3
16 16 16 1
16 16 17 3
16 17 15 1
16 17 16 4
16 17 17 4
16 18 17 1
17 13 8 4
17 13 9 11
17 14 9 2
17 14 10 3
17 15 11 1
17 16 15 1
17 16 16 1
17 17 15 1
17 17 16 19
17 17 17 5
17 17 18 1
17 18 17 7
17 18 18 5
18 14 9 1
18 14 10 5
18 15 11 1
18 15 13 1
18 17 16 1
18 18 16 1
18 18 17 5
18 18 18 1
18 19 17 1
18 19 18 5
18 19 19 5
19 15 11 8
19 15 12 1
19 16 11 3
19 16 12 6
19 16 13 2
19 17 14 1
19 17 15 1
19 18 17 1
19 19 18 3
19 19 19 3
19 19 20 2
19 20 19 9
19 20 20 5
19 20 21 1
20 16 11 1
20 16 12 4
20 17 14 2
20 17 15 1
20 18 16 4
20 20 19 1
20 20 20 3
20 20 21 2
20 21 19 7
20 21 20 16
20 21 21 7
20 22 22 1
21 18 15 1
21 19 16 1
21 19 17 1
21 19 18 2
21 20 18 2
21 20 19 1
21 21 20 2
21 21 21 1
21 21 22 1
21 22 20 9
21 22 21 15
21 22 22 8
21 22 23 1
21 23 22 2
22 19 16 1
22 20 18 1
22 21 19 1
22 21 20 1
22 22 21 10
22 22 22 5
22 22 23 1
22 23 22 32
22 23 23 5
22 24 23 1
23 22 21 1
23 23 22 5
23 23 23 12
23 23 24 3
23 24 23 30
23 24 24 10
23 24 25 1
23 25 24 1
24 23 22 1
24 24 23 6
24 24 24 14
24 25 24 28
24 25 25 30
24 26 25 1
24 26 26 2
25 25 24 6
25 25 25 15
25 25 26 5
25 26 25 12
25 26 26 64
25 26 27 20
25 27 26 1
25 27 27 2
26 25 25 2
26 26 25 3
26 26 26 66
26 26 27 10
26 27 26 50
26 27 27 62
26 27 28 8
26 28 27 1
26 28 28 3
27 27 27 16
27 27 28 15
27 28 27 16
27 28 28 94
27 28 29 6
27 29 28 2
27 29 29 1
28 28 28 23
28 28 29 5
28 29 28 11
28 29 29 56
28 29 30 1
29 29 29 3
29 29 30 4
29 30 30 17
30 30 30 44
30 30 31 2
30 31 30 2
