32
1 1 0 3
1 1 1 3
1 2 1 20
1 3 1 1
2 2 1 12
2 2 2 12
2 3 2 16
2 3 3 2
3 3 2 13
3 3 3 12
3 4 3 8
3 4 4 2
4 3 3 1
4 4 3 8
4 4 4 5
4 5 4 5
4 5 5 2
5 4 3 1
5 5 4 6
5 5 5 15
5 6 5 8
5 6 6 2
6 5 4 1
6 6 5 6
6 6 6 10
6 7 6 6
6 7 7 3
7 5 3 3
7 6 5 1
7 7 6 4
7 7 7 6
7 7 8 1
7 8 7 2
7 8 8 4
7 9 8 1
8 5 3 3
8 6 4 3
8 6 5 2
8 7 5 1
8 7 7 2
8 8 7 2
8 8 8 7
8 8 9 1
8 9 8 2
8 9 9 2
9 6 4 2
9 7 5 3
9 8 7 2
9 9 8 1
9 9 9 4
9 9 10 1
9 10 9 2
9 10 10 1
10 6 4 1
10 7 4 2
10 8 6 2
10 8 7 1
10 9 7 1
10 10 9 1
10 10 10 1
10 11 10 1
11 8 6 1
11 9 7 1
11 11 10 2
11 11 11 1
11 12 10 1
11 12 11 1
12 10 8 1
12 11 10 1
12 12 11 3
12 12 12 5
12 12 13 1
12 13 13 3
13 10 8 1
13 10 9 1
13 11 9 1
13 12 11 1
13 12 12 1
13 13 12 4
13 14 12 1
13 14 13 2
13 14 14 4
14 13 11 1
14 14 13 4
14 14 14 1
14 14 15 1
14 15 14 2
14 15 15 1
15 11 7 1
15 11 8 1
15 12 8 1
15 12 11 1
15 13 12 1
15 14 12 1
15 15 13 1
15 15 14 6
15 15 15 3
15 16 15 2
15 16 16 4
15 17 16 1
15 17 17 1
16 12 8 8
16 13 9 1
16 13 10 1
16 14 13 2
16 16 15 3
16 16 16 5
16 17 15 1
16 17 16 4
16 17 17 2
17 13 8 8
17 13 9 11
17 14 10 2
17 14 11 1
17 16 15 2
17 17 15 1
17 17 16 22
17 17 17 9
17 17 18 1
17 18 17 2
17 18 18 5
18 14 9 2
18 14 10 5
18 14 11 1
18 15 10 1
18 16 14 1
18 17 16 1
18 18 17 7
18 18 18 1
18 19 17 1
18 19 18 3
18 19 19 4
18 20 19 1
19 15 11 11
19 16 11 3
19 16 12 6
19 16 13 1
19 16 14 1
19 17 15 1
19 19 18 1
19 19 19 1
19 20 19 8
19 20 20 8
19 21 21 1
20 16 12 5
20 17 13 1
20 17 14 3
20 18 15 1
20 18 17 3
20 19 17 1
20 20 18 1
20 20 19 1
20 20 20 3
20 21 19 7
20 21 20 14
20 21 21 7
20 22 22 1
21 18 15 1
21 19 16 1
21 19 17 1
21 19 18 1
21 20 17 1
21 20 19 1
21 21 20 2
21 21 21 5
21 22 20 13
21 22 21 13
21 22 22 5
21 22 23 1
22 19 16 1
22 20 18 1
22 21 18 1
22 21 19 1
22 21 20 1
22 22 20 3
22 22 21 6
22 22 22 9
22 22 23 2
22 23 21 2
22 23 22 32
22 23 23 6
23 22 22 1
23 23 22 3
23 23 23 10
23 24 23 32
23 24 24 10
24 23 22 1
24 23 23 1
24 24 22 1
24 24 23 8
24 24 24 10
24 24 25 1
24 25 24 36
24 25 25 23
24 26 25 1
25 24 24 1
25 25 24 4
25 25 25 15
25 25 26 3
25 26 24 1
25 26 25 19
25 26 26 60
25 26 27 18
26 25 25 2
26 26 25 1
26 26 26 61
26 26 27 6
26 27 26 54
26 27 27 82
26 27 28 10
26 28 27 1
26 28 28 2
27 27 27 16
27 27 28 15
27 28 27 18
27 28 28 73
27 28 29 4
27 29 28 3
27 29 29 1
28 28 28 29
28 28 29 6
28 29 28 28
28 29 29 64
29 29 29 12
29 29 30 6
29 30 29 2
29 30 30 16
30 30 30 48
30 31 30 3
30 31 31 1
