32
1 1 0 4
1 1 1 1
1 2 1 18
2 2 1 15
2 2 2 6
2 3 2 23
2 3 3 6
3 3 2 12
3 3 3 19
3 4 2 1
3 4 3 7
3 4 4 1
4 3 3 3
4 4 3 2
4 4 4 6
4 5 4 4
4 5 5 1
5 4 4 1
5 5 4 8
5 5 5 21
5 6 5 11
5 6 6 1
6 5 4 2
6 6 5 5
6 6 6 7
6 7 6 9
6 7 7 4
7 5 3 2
7 7 6 3
7 7 7 5
7 8 7 5
7 8 8 5
8 5 3 3
8 5 4 1
8 6 3 2
8 6 4 3
8 8 7 3
8 8 8 4
8 8 9 1
8 9 8 2
8 9 9 4
9 6 4 2
9 7 5 1
9 8 6 1
9 8 7 3
9 9 8 1
9 9 9 1
9 10 10 1
9 11 11 1
10 7 4 2
10 8 6 2
10 10 8 1
10 10 9 1
10 10 10 2
10 11 11 1
11 8 7 1
11 9 8 1
11 10 8 1
11 11 10 2
11 11 11 1
11 12 11 3
11 12 12 2
12 9 7 1
12 10 8 1
12 11 10 1
12 12 11 2
12 12 12 4
12 12 13 1
12 13 12 1
12 13 13 1
13 10 9 1
13 13 12 3
13 13 13 4
13 14 12 1
13 14 13 2
13 14 14 2
14 12 11 2
14 13 12 1
14 14 13 3
14 14 14 2
14 15 14 1
14 15 15 3
14 16 16 1
15 12 8 2
15 12 10 1
15 14 12 1
15 14 13 1
15 15 13 1
15 15 14 4
15 15 15 1
15 16 15 3
15 16 16 1
16 12 7 1
16 12 8 6
16 13 8 1
16 13 9 1
16 13 10 1
16 14 13 1
16 15 15 1
16 16 15 7
16 16 16 4
16 16 17 1
16 17 15 2
16 17 16 4
16 17 17 5
17 13 8 7
17 13 9 14
17 13 10 1
17 14 10 1
17 14 11 1
17 15 14 1
17 17 15 1
17 17 16 20
17 17 17 3
17 17 18 2
17 18 17 7
17 18 18 2
18 14 10 6
18 15 11 2
18 17 16 3
18 17 17 2
18 18 17 3
18 18 18 4
18 19 18 6
18 19 19 2
19 15 11 10
19 15 12 1
19 16 11 3
19 16 12 5
19 16 13 2
19 17 14 2
19 17 15 1
19 18 17 1
19 19 18 2
19 19 19 3
19 19 20 2
19 20 19 7
19 20 20 7
20 16 12 4
20 16 13 1
20 17 13 1
20 17 14 2
20 17 15 1
20 18 16 1
20 18 17 1
20 19 17 2
20 20 19 2
20 20 20 1
20 20 21 1
20 21 19 10
20 21 20 12
20 21 21 9
21 19 16 1
21 19 17 1
21 19 18 2
21 20 17 1
21 20 18 1
21 20 20 1
21 21 20 2
21 21 21 5
21 21 22 2
21 22 20 10
21 22 21 16
21 22 22 5
21 23 22 1
22 19 16 1
22 20 19 1
22 20 20 1
22 21 18 1
22 21 19 2
22 22 21 9
22 22 22 12
22 23 22 29
22 23 23 6
23 22 21 1
23 23 22 3
23 23 23 10
23 23 24 2
23 24 22 1
23 24 23 27
23 24 24 10
24 23 22 1
24 23 23 1
24 24 23 7
24 24 24 15
24 25 23 1
24 25 24 29
24 25 25 33
24 25 26 1
24 26 26 1
25 25 24 3
25 25 25 16
25 25 26 6
25 26 25 16
25 26 26 54
25 26 27 17
25 27 26 1
26 26 25 3
26 26 26 63
26 26 27 15
26 27 26 46
26 27 27 75
26 27 28 11
26 28 28 1
26 28 29 1
27 27 27 19
27 27 28 11
27 28 27 11
27 28 28 84
27 28 29 5
27 29 28 1
27 29 29 2
28 28 28 19
28 28 29 7
28 29 28 12
28 29 29 59
28 29 30 1
29 29 29 6
29 29 30 6
29 30 30 16
30 30 30 44
30 31 30 1
30 31 31 1
