32
1 1 0 4
1 1 1 1
1 2 1 19
2 2 1 16
2 2 2 4
2 3 2 21
2 3 3 2
3 3 2 11
3 3 3 12
3 4 3 8
3 5 3 1
4 3 3 2
4 4 3 3
4 4 4 5
4 5 4 3
4 5 5 1
5 4 4 1
5 5 4 6
5 5 5 19
5 5 6 1
5 6 5 13
5 6 6 1
6 5 3 1
6 5 4 2
6 6 5 5
6 6 6 7
6 7 6 4
6 7 7 7
7 5 3 1
7 5 4 1
7 6 5 1
7 7 5 1
7 7 6 3
7 7 7 7
7 8 8 3
8 5 3 2
8 5 4 1
8 6 4 2
8 6 5 1
8 7 6 3
8 7 8 1
8 8 7 4
8 8 8 6
8 8 9 1
8 9 8 4
8 9 9 4
9 6 4 2
9 7 5 1
9 8 7 4
9 9 8 3
9 9 9 2
9 10 9 1
9 10 10 1
10 6 4 1
10 8 6 1
10 8 7 1
10 9 7 1
10 9 8 1
10 10 10 1
10 11 11 2
11 9 8 1
11 11 10 4
11 11 11 1
11 11 12 1
11 12 11 1
11 12 12 3
12 9 8 1
12 11 9 1
12 11 10 1
12 12 10 1
12 12 11 1
12 12 13 1
12 13 12 2
12 13 13 2
13 10 9 2
13 11 9 1
13 13 12 4
13 13 13 4
13 13 14 1
13 14 13 1
13 14 14 2
14 12 10 1
14 12 11 1
14 13 11 2
14 14 13 3
14 14 15 2
14 15 15 2
15 11 7 1
15 11 8 1
15 12 8 1
15 14 13 2
15 15 14 4
15 15 15 1
15 16 15 3
15 16 16 3
16 12 8 7
16 13 8 1
16 13 9 1
16 13 10 1
16 13 12 1
16 15 14 1
16 16 14 1
16 16 15 4
16 16 16 2
16 16 17 1
16 17 15 2
16 17 16 4
16 17 17 6
17 12 10 1
17 13 8 7
17 13 9 11
17 14 10 3
17 17 16 22
17 17 17 7
17 18 17 5
17 18 18 5
18 14 9 1
18 14 10 7
18 15 11 2
18 17 16 1
18 18 16 1
18 18 17 6
18 18 18 1
18 19 18 6
18 19 19 5
18 19 20 1
18 20 20 1
19 15 11 8
19 15 12 1
19 16 11 4
19 16 12 6
19 16 13 4
19 17 14 1
19 17 15 2
19 18 15 1
19 18 18 1
19 19 18 1
19 19 19 2
19 20 18 1
19 20 19 5
19 20 20 6
20 16 12 4
20 16 13 1
20 17 14 2
20 18 16 1
20 18 17 2
20 19 16 1
20 19 19 1
20 20 20 2
20 20 21 1
20 21 19 10
20 21 20 18
20 21 21 6
20 21 22 1
21 18 16 1
21 19 16 1
21 19 17 2
21 19 18 1
21 19 19 1
21 20 18 1
21 21 19 1
21 21 20 3
21 21 22 3
21 22 20 10
21 22 21 19
21 22 22 7
21 22 23 1
21 23 22 1
22 20 19 1
22 21 18 1
22 21 20 2
22 22 20 1
22 22 21 6
22 22 22 7
22 22 23 1
22 23 22 36
22 23 23 5
22 24 23 1
23 22 20 1
23 23 21 1
23 23 22 5
23 23 23 7
23 23 24 1
23 24 23 27
23 24 24 9
23 24 25 1
23 25 24 1
24 23 22 1
24 23 23 1
24 24 23 8
24 24 24 11
24 24 25 1
24 25 24 29
24 25 25 24
24 25 26 1
24 26 25 2
24 26 26 2
25 24 24 1
25 25 24 5
25 25 25 12
25 25 26 4
25 26 25 16
25 26 26 69
25 26 27 19
25 27 27 1
26 25 25 2
26 26 25 1
26 26 26 66
26 26 27 10
26 27 26 47
26 27 27 71
26 27 28 6
26 28 28 3
27 27 27 17
27 27 28 15
27 28 27 20
27 28 28 89
27 28 29 7
27 29 28 5
27 29 29 1
28 28 28 16
28 28 29 10
28 29 28 15
28 29 29 53
28 29 30 1
29 29 29 6
29 29 30 4
29 30 30 16
30 30 30 40
30 30 31 2
30 31 30 3
