32
1 1 0 3
1 2 0 1
1 2 1 6
2 2 1 28
2 2 2 7
2 3 1 4
2 3 2 13
2 3 3 1
3 2 2 1
3 3 2 14
3 3 3 5
3 4 3 6
3 4 4 4
3 4 5 1
4 4 3 2
4 4 4 8
4 4 5 1
4 5 4 6
4 5 5 6
4 5 6 3
5 4 3 2
5 5 3 1
5 5 4 6
5 5 5 6
5 5 6 1
5 6 5 1
5 6 6 3
5 6 7 5
5 7 8 1
6 5 3 1
6 5 4 1
6 5 5 1
6 6 5 2
6 6 6 5
6 7 7 4
6 7 8 3
7 7 7 1
7 7 8 2
7 8 7 1
7 8 8 2
7 8 9 1
8 7 4 3
8 7 6 1
8 8 6 4
8 8 7 2
8 8 8 2
8 9 8 1
8 9 9 1
8 9 10 1
9 7 4 1
9 8 5 1
9 8 6 1
9 8 7 1
9 9 6 1
9 9 9 2
9 10 9 1
9 10 11 1
10 7 3 1
10 8 5 1
10 9 6 4
10 9 7 1
10 10 8 1
10 11 12 1
10 12 12 1
10 12 13 1
11 9 6 1
11 10 7 4
11 10 9 2
11 11 12 2
11 11 13 2
11 12 12 1
11 12 13 3
12 10 8 1
12 11 8 1
12 12 10 1
12 12 12 2
12 13 12 1
12 13 13 2
12 13 14 2
12 14 14 1
13 9 5 1
13 11 7 1
13 11 8 3
13 11 9 1
13 12 9 4
13 12 10 2
13 12 11 1
13 13 13 1
13 14 13 1
13 14 14 4
13 14 15 1
13 15 16 2
14 12 9 1
14 13 9 1
14 13 10 1
14 13 11 1
14 14 13 1
14 14 14 1
14 14 16 1
14 15 15 2
14 15 16 2
14 16 16 2
14 16 17 1
14 17 17 1
15 11 5 1
15 11 6 1
15 12 7 1
15 12 8 2
15 14 13 1
15 15 12 1
15 15 13 1
15 15 16 1
15 16 17 3
15 16 18 1
15 17 17 3
15 17 18 2
16 11 6 1
16 12 7 4
16 12 8 9
16 13 8 6
16 13 9 2
16 13 11 1
16 15 12 1
16 16 14 1
16 16 16 1
16 16 17 1
16 17 17 6
16 17 18 2
16 17 19 1
16 18 17 3
16 18 19 3
17 12 7 5
17 13 7 6
17 13 8 4
17 13 9 10
17 13 10 2
17 13 11 1
17 14 9 1
17 14 10 13
17 14 11 7
17 15 12 1
17 16 14 1
17 16 15 1
17 17 15 1
17 17 17 1
17 17 19 1
17 18 17 1
17 18 18 6
17 18 19 5
17 19 18 13
17 19 19 4
17 19 20 6
17 20 21 1
18 12 5 1
18 13 6 2
18 13 7 1
18 14 10 2
18 15 11 1
18 15 12 2
18 15 13 1
18 16 14 1
18 17 14 1
18 17 15 1
18 17 16 2
18 18 17 1
18 18 19 2
18 19 18 6
18 19 19 6
18 19 20 6
18 19 21 1
18 20 19 3
18 20 20 15
18 20 21 5
18 20 22 1
18 21 21 1
19 14 7 1
19 15 12 2
19 16 13 1
19 17 14 1
19 17 15 2
19 18 16 1
19 18 17 1
19 19 18 3
19 20 18 1
19 20 19 4
19 20 20 8
19 20 21 12
19 21 21 16
19 21 22 9
19 22 22 4
19 22 23 1
20 14 6 1
20 14 7 4
20 15 9 1
20 16 10 2
20 18 14 1
20 18 16 2
20 18 17 1
20 19 17 2
20 20 16 1
20 20 19 2
20 20 20 1
20 20 21 1
20 21 20 1
20 21 21 7
20 21 22 3
20 22 22 12
20 22 23 5
20 23 23 3
21 18 14 1
21 18 15 2
21 19 16 1
21 19 17 2
21 20 17 2
21 20 18 1
21 20 19 1
21 21 20 1
21 21 21 2
21 21 22 1
21 22 22 9
21 22 23 12
21 23 23 5
21 23 24 9
21 24 25 2
22 19 14 1
22 20 17 1
22 20 18 1
22 21 17 2
22 22 19 1
22 22 20 2
22 22 21 1
22 22 22 4
22 22 23 2
22 23 22 2
22 23 23 5
22 23 24 12
22 23 25 3
22 24 24 3
22 24 25 3
22 25 26 1
23 21 19 1
23 22 19 1
23 22 20 1
23 23 21 1
23 23 22 1
23 23 23 2
23 23 24 7
23 24 23 1
23 24 24 5
23 24 25 11
23 24 26 3
23 25 25 6
23 25 26 6
23 26 27 1
24 22 20 1
24 22 21 2
24 23 19 1
24 24 22 2
24 24 23 2
24 24 24 2
24 24 25 1
24 24 26 1
24 25 25 15
24 25 26 37
24 25 27 7
24 26 26 20
24 26 27 19
25 22 17 1
25 23 20 1
25 24 19 1
25 24 22 2
25 24 23 1
25 25 24 10
25 25 25 9
25 25 26 13
25 26 25 5
25 26 26 30
25 26 27 38
25 26 28 26
25 27 27 15
25 27 28 29
25 27 29 3
26 24 20 1
26 24 22 1
26 25 21 1
26 25 22 2
26 26 24 2
26 26 25 6
26 26 26 40
26 26 27 21
26 27 26 45
26 27 27 52
26 27 28 62
26 27 29 5
26 28 28 25
26 28 29 10
26 28 30 5
27 25 21 1
27 26 21 1
27 26 22 3
27 26 26 1
27 27 26 15
27 27 27 18
27 27 28 24
27 27 29 1
27 28 28 11
27 28 29 7
27 29 30 8
28 26 22 2
28 26 24 1
28 27 23 1
28 27 25 1
28 28 27 1
28 28 28 1
28 29 28 1
28 29 29 1
28 29 30 5
28 30 30 2
29 27 23 15
29 27 24 14
29 28 24 3
29 28 25 1
29 30 30 13
29 31 31 2
30 30 30 18
30 30 31 1
30 31 30 6
30 31 31 2
