32
1 1 0 3
1 2 0 1
1 2 1 4
1 2 2 1
2 2 1 33
2 2 2 10
2 2 3 1
2 3 1 3
2 3 2 12
2 3 3 1
3 2 2 1
3 3 1 1
3 3 2 19
3 3 3 4
3 4 2 1
3 4 3 3
3 4 4 1
4 4 3 7
4 4 4 17
4 5 4 10
4 5 5 8
5 5 4 3
5 5 5 6
5 5 6 6
5 6 5 1
5 6 6 2
5 6 7 2
6 6 6 2
6 6 8 1
6 7 7 3
6 7 8 2
7 7 7 1
7 7 8 1
7 7 9 1
7 8 6 1
7 8 7 1
7 8 8 3
7 8 9 1
8 7 4 1
8 7 5 1
8 7 6 1
8 8 5 1
8 8 6 1
8 8 7 1
8 8 8 4
8 9 9 1
8 9 10 2
9 7 4 3
9 8 6 2
9 8 7 3
9 9 7 3
9 9 9 1
9 10 11 1
10 8 5 1
10 9 6 2
10 9 7 2
10 10 11 1
10 11 10 1
10 11 11 1
10 11 12 3
10 12 12 1
11 9 6 1
11 10 7 3
11 10 8 1
11 11 12 1
11 12 13 3
11 13 13 2
11 13 14 1
12 11 8 2
12 11 9 3
12 12 12 1
12 12 13 1
12 13 13 3
12 13 14 4
12 14 14 2
12 14 15 1
13 12 9 5
13 12 10 1
13 13 10 1
13 13 11 1
13 13 12 2
13 13 13 1
13 13 14 1
13 14 14 2
13 14 15 3
13 14 16 1
13 15 15 2
13 15 16 1
14 11 6 1
14 11 8 1
14 12 8 1
14 12 9 1
14 12 10 1
14 14 12 1
14 15 15 3
14 15 16 2
14 16 17 2
15 11 6 2
15 13 11 1
15 14 14 1
15 15 12 1
15 15 13 1
15 16 15 1
15 16 16 2
15 16 17 4
15 17 17 3
15 17 18 1
16 12 6 4
16 12 7 5
16 12 8 11
16 13 8 4
16 13 9 1
16 13 10 4
16 13 12 1
16 16 18 1
16 17 17 5
16 17 18 3
16 17 19 1
16 18 17 2
16 18 18 2
16 18 19 2
17 12 7 5
17 12 8 1
17 13 7 6
17 13 8 5
17 13 9 9
17 13 10 4
17 14 9 2
17 14 10 9
17 14 11 4
17 15 11 2
17 15 12 1
17 17 13 1
17 17 16 1
17 17 17 2
17 17 18 2
17 18 17 5
17 18 18 12
17 18 19 7
17 19 18 5
17 19 19 12
17 19 20 5
17 20 20 1
18 14 10 2
18 15 10 1
18 15 11 1
18 15 13 1
18 16 12 1
18 17 15 3
18 18 16 1
18 18 17 1
18 18 18 2
18 18 19 1
18 19 18 4
18 19 19 7
18 19 20 8
18 20 20 20
18 20 21 8
19 13 6 1
19 14 6 1
19 16 12 1
19 16 13 1
19 16 14 1
19 17 15 1
19 18 16 1
19 18 17 1
19 18 18 1
19 19 18 3
19 19 19 1
19 19 21 1
19 20 19 3
19 20 20 6
19 20 21 9
19 21 21 16
19 21 22 9
19 22 22 7
20 14 6 1
20 14 7 1
20 15 7 3
20 15 9 1
20 16 9 1
20 18 15 2
20 18 16 2
20 18 17 1
20 19 15 1
20 19 16 2
20 19 17 2
20 20 20 1
20 20 21 1
20 21 20 3
20 21 21 3
20 21 22 6
20 21 23 1
20 22 22 8
20 22 23 8
20 22 24 2
20 23 23 1
20 23 24 1
21 15 7 1
21 16 10 1
21 17 10 1
21 19 16 1
21 19 17 3
21 19 18 1
21 20 18 1
21 20 20 1
21 21 17 1
21 21 19 1
21 21 21 2
21 22 21 1
21 22 22 7
21 22 23 10
21 22 24 2
21 23 23 3
21 23 24 8
22 18 14 1
22 19 14 1
22 19 15 1
22 19 17 1
22 20 18 1
22 20 19 1
22 21 17 1
22 21 18 1
22 21 19 1
22 21 22 1
22 22 21 1
22 22 22 4
22 22 23 3
22 23 22 1
22 23 23 6
22 23 24 4
22 23 25 3
22 24 24 3
22 24 25 4
22 24 26 3
23 19 15 1
23 21 18 1
23 21 19 1
23 21 20 1
23 22 19 2
23 22 20 1
23 22 21 1
23 23 21 1
23 23 22 2
23 23 23 1
23 23 24 4
23 23 25 1
23 24 24 3
23 24 25 12
23 24 26 5
23 25 25 4
23 25 26 9
23 25 27 2
24 23 21 1
24 24 23 3
24 24 24 6
24 24 25 1
24 24 26 1
24 25 25 25
24 25 26 31
24 25 27 15
24 26 26 11
24 26 27 18
24 26 28 9
25 23 20 1
25 24 20 1
25 24 22 2
25 24 23 1
25 25 24 5
25 25 25 9
25 25 26 18
25 25 27 1
25 26 25 1
25 26 26 25
25 26 27 42
25 26 28 25
25 27 27 3
25 27 28 21
25 27 29 4
25 28 29 2
26 23 18 1
26 24 20 2
26 25 21 1
26 25 22 3
26 25 24 2
26 26 24 2
26 26 25 7
26 26 26 45
26 26 27 24
26 26 28 1
26 27 26 29
26 27 27 54
26 27 28 65
26 27 29 3
26 28 28 2
26 28 29 6
26 28 30 6
27 26 22 2
27 26 23 1
27 26 25 1
27 26 26 2
27 27 26 31
27 27 27 30
27 27 28 26
27 27 29 1
27 28 28 11
27 28 29 7
27 28 30 1
27 29 29 1
27 29 30 3
28 26 22 2
28 26 23 1
28 27 23 1
28 27 24 1
28 28 27 2
28 29 28 1
28 29 30 4
28 30 30 5
29 27 23 2
29 27 25 1
29 28 24 23
29 28 26 1
29 30 30 8
29 31 31 2
30 28 24 7
30 30 30 13
30 30 31 1
30 31 30 9
30 31 31 1
