32
0 2 0 1
1 1 0 3
1 1 1 1
1 2 1 20
2 2 1 18
2 2 2 6
2 3 2 14
2 3 3 3
3 3 2 13
3 3 3 14
3 4 3 7
4 3 3 3
4 4 3 4
4 4 4 6
4 4 5 1
4 5 4 3
5 5 3 1
5 5 4 3
5 5 5 2
5 6 5 7
5 6 6 2
6 5 4 2
6 6 4 1
6 6 5 7
6 6 6 5
6 7 6 7
6 7 7 5
7 5 3 3
7 6 4 1
7 7 6 7
7 7 7 5
7 8 8 1
8 5 3 2
8 5 4 1
8 6 4 4
8 7 5 1
8 7 6 2
8 8 6 1
8 8 7 4
8 8 8 6
8 8 9 2
8 9 8 1
8 9 9 3
9 6 4 2
9 8 7 1
9 9 7 1
9 9 8 1
9 9 9 4
9 10 10 2
10 7 4 1
10 8 7 2
10 9 8 2
10 10 10 2
10 10 11 1
10 11 10 2
11 9 8 2
11 11 9 1
11 11 10 1
11 11 11 1
11 12 11 1
11 12 12 1
12 10 8 1
12 11 10 1
12 12 11 3
12 12 12 2
12 13 12 3
12 13 13 1
13 10 9 1
13 11 9 1
13 12 11 1
13 13 11 1
13 13 12 2
13 13 13 3
13 13 14 2
13 14 14 2
13 15 14 1
14 11 9 1
14 13 11 1
14 13 12 1
14 14 13 4
14 14 14 3
14 15 14 1
14 15 15 3
15 11 7 1
15 11 8 1
15 12 8 1
15 13 12 1
15 14 13 1
15 15 14 6
15 15 15 1
15 16 15 2
15 16 16 1
15 17 16 1
16 12 7 1
16 12 8 6
16 13 9 1
16 13 10 2
16 13 11 1
16 15 14 2
16 16 15 6
16 16 16 4
16 16 17 1
16 17 15 1
16 17 16 6
16 17 17 1
16 18 17 1
17 13 8 7
17 13 9 13
17 13 10 1
17 14 9 1
17 14 10 3
17 16 15 1
17 17 15 1
17 17 16 21
17 17 17 3
17 17 18 2
17 18 17 6
17 18 18 6
17 19 19 1
18 14 10 6
18 15 10 1
18 15 11 2
18 16 14 1
18 17 16 1
18 17 17 1
18 18 17 7
18 18 19 1
18 19 18 2
18 19 19 3
19 15 10 2
19 15 11 8
19 16 11 3
19 16 12 7
19 16 13 2
19 17 13 1
19 17 14 1
19 17 15 1
19 18 17 1
19 19 18 5
19 19 19 1
19 19 20 1
19 20 19 8
19 20 20 3
20 16 12 4
20 17 12 1
20 17 14 2
20 17 15 1
20 18 16 2
20 19 16 1
20 19 17 1
20 19 18 1
20 20 20 3
20 20 21 2
20 21 19 8
20 21 20 9
20 21 21 7
20 22 22 1
21 17 14 1
21 18 16 1
21 19 17 1
21 19 18 2
21 20 17 1
21 20 18 1
21 20 20 1
21 21 20 3
21 21 21 1
21 21 22 1
21 22 20 14
21 22 21 21
21 22 22 4
21 23 22 1
21 23 23 1
22 20 18 1
22 20 19 1
22 21 18 1
22 22 20 2
22 22 21 4
22 22 22 9
22 23 21 1
22 23 22 36
22 23 23 6
22 24 23 1
23 22 21 3
23 23 21 1
23 23 22 4
23 23 23 9
23 24 23 28
23 24 24 9
23 25 24 2
24 23 22 1
24 24 23 9
24 24 24 12
24 24 25 3
24 25 24 33
24 25 25 26
24 25 26 1
24 26 25 2
24 26 26 1
25 24 24 1
25 25 24 3
25 25 25 13
25 25 26 5
25 26 25 21
25 26 26 55
25 26 27 18
25 27 27 1
26 25 25 1
26 26 25 2
26 26 26 59
26 26 27 11
26 27 26 53
26 27 27 76
26 27 28 10
26 28 27 5
26 28 28 3
27 27 27 14
27 27 28 6
27 28 27 23
27 28 28 76
27 28 29 3
27 29 28 4
27 29 29 2
28 28 28 28
28 28 29 7
28 29 28 39
28 29 29 70
28 30 29 1
29 29 29 10
29 29 30 5
29 30 29 1
29 30 30 18
30 30 30 69
30 30 31 2
30 31 30 3
