32
1 1 0 6
1 1 1 1
1 2 1 23
2 2 1 10
2 2 2 8
2 3 2 23
2 3 3 3
3 3 2 10
3 3 3 16
3 4 3 6
3 4 4 1
4 3 3 3
4 4 3 4
4 4 4 8
4 5 4 7
5 4 3 1
5 4 4 1
5 5 4 6
5 5 5 11
5 6 5 11
5 6 6 2
6 6 4 2
6 6 5 4
6 6 6 8
6 7 6 7
6 7 7 5
7 5 3 2
7 5 4 1
7 7 5 2
7 7 6 6
7 7 7 8
7 8 7 2
7 8 8 2
8 5 3 2
8 6 3 1
8 6 4 1
8 6 5 1
8 7 5 2
8 7 6 2
8 8 7 3
8 8 8 2
8 8 9 1
8 9 8 2
8 9 9 3
9 6 4 4
9 7 5 1
9 8 6 1
9 8 7 1
9 9 8 3
9 9 9 3
9 9 10 1
9 10 9 1
9 10 10 1
10 7 4 1
10 8 6 1
10 8 7 1
10 9 8 1
10 10 10 1
10 11 10 4
11 9 7 1
11 11 9 1
11 11 10 2
11 11 11 2
11 12 11 2
12 9 7 1
12 10 8 1
12 11 10 1
12 12 11 2
12 12 12 4
12 12 13 2
12 13 12 1
12 13 13 4
13 10 8 1
13 10 9 1
13 13 12 5
13 13 13 2
13 14 13 2
13 14 14 2
14 12 10 2
14 13 11 1
14 13 12 1
14 14 13 3
14 14 14 1
14 14 15 2
14 15 14 1
15 11 7 2
15 14 13 1
15 15 14 7
15 16 15 4
15 16 16 5
15 17 16 2
16 12 8 9
16 13 8 1
16 13 10 2
16 13 12 1
16 14 13 2
16 16 14 1
16 16 15 5
16 16 16 1
16 17 16 5
16 17 17 2
16 18 17 1
17 12 8 1
17 13 8 5
17 13 9 12
17 13 10 1
17 14 9 2
17 14 10 1
17 15 11 1
17 16 15 1
17 17 15 1
17 17 16 19
17 17 17 2
17 17 18 1
17 18 17 7
17 18 18 9
17 19 19 1
18 13 9 1
18 14 10 5
18 15 10 1
18 15 11 2
18 17 16 1
18 17 17 1
18 18 16 1
18 18 17 7
18 18 18 2
18 18 19 3
18 19 18 8
18 19 19 3
19 15 10 2
19 15 11 8
19 15 12 1
19 16 11 2
19 16 12 6
19 16 13 1
19 17 13 1
19 17 14 2
19 18 15 1
19 18 17 1
19 19 18 3
19 19 19 1
19 19 20 2
19 20 19 5
19 20 20 8
20 16 11 1
20 16 12 4
20 17 13 1
20 17 14 2
20 18 16 3
20 19 17 1
20 20 19 2
20 20 20 1
20 21 19 11
20 21 20 13
20 21 21 10
20 22 22 1
21 18 16 1
21 19 16 1
21 19 17 2
21 19 18 1
21 20 18 1
21 21 20 4
21 21 21 4
21 21 22 1
21 22 20 9
21 22 21 20
21 22 22 4
21 22 23 1
21 23 22 1
22 20 18 1
22 21 20 2
22 22 21 4
22 22 22 17
22 22 23 1
22 23 22 32
22 23 23 6
23 22 20 1
23 22 22 2
23 23 21 1
23 23 22 5
23 23 23 8
23 23 24 1
23 24 23 29
23 24 24 12
23 25 24 1
24 23 22 1
24 24 23 5
24 24 24 12
24 25 24 31
24 25 25 28
24 26 25 2
25 24 24 1
25 24 25 1
25 25 24 6
25 25 25 11
25 25 26 9
25 26 25 14
25 26 26 66
25 26 27 18
25 27 26 1
25 27 27 3
26 25 26 1
26 26 25 4
26 26 26 59
26 26 27 11
26 27 26 53
26 27 27 76
26 27 28 11
26 28 28 3
27 26 27 1
27 27 27 15
27 27 28 14
27 28 27 16
27 28 28 102
27 28 29 3
27 29 28 3
27 29 29 2
28 28 28 17
28 28 29 3
28 29 28 22
28 29 29 57
29 29 29 4
29 29 30 4
29 30 30 17
30 30 30 53
30 30 31 3
30 31 30 1
30 31 31 1
