32
1 1 0 3
1 2 0 1
1 2 1 7
1 2 2 2
2 2 1 37
2 2 2 13
2 3 1 3
2 3 2 11
2 3 3 1
3 3 2 18
3 3 3 5
3 3 4 1
3 4 3 4
4 3 2 1
4 4 3 4
4 4 4 16
4 4 5 3
4 5 4 5
4 5 5 7
5 4 3 1
5 5 4 1
5 5 5 11
5 5 6 2
5 6 6 4
5 6 7 2
6 5 4 1
6 5 5 1
6 6 6 1
6 6 8 1
6 7 6 1
6 7 7 3
6 7 8 1
7 6 4 1
7 6 5 1
7 7 5 1
7 7 8 2
7 8 6 1
7 8 8 2
8 7 4 3
8 7 5 1
8 7 6 2
8 8 6 1
8 8 7 3
8 8 8 4
8 9 10 1
9 7 4 1
9 7 5 2
9 9 7 1
9 9 9 2
9 10 10 1
9 10 11 1
10 9 6 4
10 9 7 2
10 10 8 2
10 10 11 2
10 10 12 1
10 11 10 1
10 11 11 1
10 11 12 3
10 12 12 1
10 12 13 1
11 9 6 1
11 10 7 1
11 10 8 1
11 10 9 1
11 11 11 1
11 11 12 1
11 12 12 2
11 12 13 1
11 13 13 1
12 10 7 1
12 11 8 3
12 12 10 2
12 12 12 1
12 13 12 1
12 13 13 2
12 13 14 4
12 14 14 1
13 11 8 3
13 12 9 4
13 12 10 2
13 13 11 1
13 13 12 1
13 13 14 2
13 13 15 1
13 14 13 2
13 14 14 2
13 14 15 1
13 15 15 1
13 15 16 1
14 11 7 1
14 11 8 1
14 12 8 1
14 12 9 1
14 13 10 2
14 14 12 1
14 14 14 2
14 15 15 2
14 15 16 4
14 16 16 3
15 11 6 1
15 11 8 1
15 12 6 1
15 12 7 1
15 13 10 1
15 13 11 1
15 14 11 1
15 15 15 1
15 16 16 2
15 16 17 4
15 16 18 1
15 17 17 3
15 17 18 1
16 12 5 1
16 12 6 1
16 12 7 5
16 12 8 11
16 13 8 5
16 13 9 1
16 13 10 1
16 14 11 1
16 15 13 1
16 16 16 1
16 17 17 4
16 17 18 3
16 17 19 2
16 18 17 1
16 18 18 2
16 18 19 3
17 12 7 6
17 13 6 1
17 13 7 5
17 13 8 5
17 13 9 10
17 13 10 2
17 14 9 1
17 14 10 12
17 14 11 6
17 14 12 1
17 15 12 1
17 16 13 1
17 17 14 1
17 17 15 2
17 17 16 1
17 18 17 5
17 18 18 9
17 18 19 5
17 18 20 1
17 19 17 1
17 19 18 11
17 19 19 4
17 19 20 5
18 13 6 1
18 14 11 1
18 14 12 1
18 15 10 2
18 15 11 1
18 15 12 3
18 15 13 1
18 17 15 2
18 19 18 6
18 19 19 8
18 19 20 4
18 19 21 2
18 20 19 3
18 20 20 18
18 20 21 7
18 21 21 2
19 13 6 1
19 16 13 1
19 17 14 1
19 17 15 1
19 18 16 1
19 19 17 1
19 19 18 3
19 20 19 1
19 20 20 10
19 20 21 9
19 21 21 18
19 21 22 6
19 22 22 4
20 14 6 1
20 14 7 2
20 15 7 2
20 15 8 2
20 16 9 1
20 17 14 1
20 18 14 1
20 18 16 1
20 18 17 1
20 19 16 1
20 19 17 1
20 19 18 1
20 20 19 3
20 20 20 2
20 20 21 2
20 21 20 1
20 21 21 5
20 21 22 5
20 22 22 13
20 22 23 9
20 23 24 2
21 17 10 1
21 18 15 1
21 18 16 1
21 19 16 1
21 19 17 2
21 19 18 1
21 20 18 2
21 20 19 1
21 21 21 4
21 22 22 7
21 22 23 14
21 23 23 4
21 23 24 5
21 24 25 1
22 18 14 2
22 19 15 2
22 20 17 2
22 20 18 1
22 21 17 1
22 21 18 3
22 21 19 2
22 22 20 2
22 22 22 6
22 22 23 2
22 23 23 10
22 23 24 9
22 23 25 2
22 24 24 2
22 24 25 4
22 24 26 3
22 25 26 1
23 22 19 1
23 22 20 1
23 22 23 1
23 23 22 1
23 23 23 1
23 23 24 5
23 24 24 3
23 24 25 17
23 24 26 5
23 25 25 1
23 25 26 11
23 26 27 1
24 22 21 1
24 23 21 1
24 23 22 1
24 24 23 2
24 24 24 3
24 24 25 4
24 25 25 18
24 25 26 40
24 25 27 17
24 26 26 17
24 26 27 19
24 26 28 4
25 23 18 1
25 23 20 1
25 23 21 1
25 24 20 1
25 24 22 2
25 25 24 7
25 25 25 8
25 25 26 14
25 25 27 1
25 26 25 4
25 26 26 24
25 26 27 31
25 26 28 26
25 27 27 12
25 27 28 21
25 27 29 5
26 24 20 1
26 24 22 1
26 25 21 1
26 25 22 1
26 25 24 1
26 25 25 1
26 26 24 2
26 26 25 8
26 26 26 35
26 26 27 15
26 26 28 1
26 27 26 44
26 27 27 43
26 27 28 52
26 27 29 5
26 28 28 8
26 28 29 7
26 28 30 5
27 25 22 1
27 25 23 2
27 26 22 2
27 26 25 1
27 27 26 27
27 27 27 17
27 27 28 7
27 28 28 5
27 28 29 6
27 28 30 2
27 29 30 4
28 26 21 1
28 26 22 3
28 26 24 1
28 27 25 1
28 28 27 2
28 28 28 1
28 29 28 1
28 29 30 4
28 30 30 3
29 27 23 7
29 27 24 5
29 28 23 1
29 28 24 20
29 30 30 9
29 30 31 1
29 31 31 1
30 28 24 2
30 30 30 18
30 30 31 1
30 31 30 8
30 31 31 3
