32
1 1 0 3
1 1 1 3
1 2 1 18
2 2 1 17
2 2 2 7
2 3 2 19
2 3 3 3
2 4 4 1
3 3 2 8
3 3 3 15
3 4 3 5
4 3 3 3
4 4 3 4
4 4 4 7
4 5 4 4
5 4 3 1
5 5 4 8
5 5 5 13
5 6 5 12
5 6 6 1
6 5 3 1
6 5 4 2
6 5 5 1
6 6 4 1
6 6 5 8
6 6 6 8
6 7 6 6
6 7 7 4
7 5 3 1
7 5 4 1
7 7 6 6
7 7 7 5
7 8 7 4
7 8 8 4
8 5 3 2
8 6 3 1
8 6 4 1
8 7 5 1
8 7 6 2
8 8 6 2
8 8 7 3
8 8 8 2
8 8 9 1
8 9 8 1
8 9 9 2
9 6 4 4
9 7 5 2
9 8 6 2
9 8 7 2
9 9 7 1
9 9 8 4
9 9 9 3
9 10 9 2
9 10 10 1
10 7 4 1
10 9 8 1
10 10 10 1
10 11 10 2
10 11 11 2
11 9 7 1
11 9 8 1
11 11 10 2
11 12 11 2
11 12 12 3
12 9 8 1
12 10 8 2
12 11 10 1
12 11 11 1
12 12 11 3
12 12 12 3
12 12 13 1
12 13 12 2
12 13 13 1
13 11 9 2
13 12 11 1
13 13 12 4
13 13 13 2
13 13 14 1
13 14 13 1
13 14 14 2
14 13 11 2
14 14 13 3
14 14 14 1
14 15 14 1
14 15 15 2
14 16 15 1
15 11 7 1
15 14 13 2
15 15 14 5
15 15 15 1
15 15 16 1
15 16 15 2
15 16 16 4
16 12 8 9
16 13 8 1
16 13 9 1
16 13 10 1
16 13 11 1
16 16 15 8
16 16 16 1
16 17 15 1
16 17 16 3
16 17 17 7
17 13 8 5
17 13 9 11
17 13 10 1
17 14 9 1
17 14 10 1
17 16 15 1
17 17 15 1
17 17 16 24
17 17 17 3
17 17 18 2
17 18 17 5
17 18 18 6
17 18 19 1
17 19 18 1
17 19 19 1
18 13 9 1
18 14 9 1
18 14 10 5
18 14 11 1
18 15 10 1
18 15 11 1
18 15 12 1
18 17 16 1
18 18 17 6
18 18 18 1
18 18 19 1
18 19 18 8
18 19 19 2
19 15 10 1
19 15 11 8
19 15 12 1
19 16 11 3
19 16 12 7
19 16 13 2
19 16 14 1
19 17 14 1
19 17 15 1
19 19 18 1
19 19 19 4
19 20 18 1
19 20 19 5
19 20 20 7
19 21 21 1
20 16 11 1
20 16 12 5
20 17 14 2
20 18 16 1
20 18 17 2
20 19 16 1
20 19 17 1
20 19 18 1
20 20 20 1
20 20 21 1
20 21 19 9
20 21 20 9
20 21 21 10
21 19 16 2
21 19 17 1
21 19 18 1
21 20 18 1
21 20 19 2
21 21 21 4
21 21 22 1
21 22 20 12
21 22 21 15
21 22 22 5
22 20 18 2
22 20 19 1
22 21 19 1
22 21 20 1
22 22 21 6
22 22 22 10
22 22 23 4
22 23 21 1
22 23 22 32
22 23 23 4
23 22 20 1
23 23 21 1
23 23 22 3
23 23 23 10
23 23 24 1
23 24 23 24
23 24 24 10
24 23 22 1
24 24 23 15
24 24 24 10
24 25 24 32
24 25 25 21
24 25 26 1
24 26 25 1
25 24 24 3
25 25 24 1
25 25 25 13
25 25 26 5
25 26 24 1
25 26 25 15
25 26 26 61
25 26 27 15
25 27 27 1
26 25 25 1
26 26 25 3
26 26 26 68
26 26 27 10
26 27 26 51
26 27 27 76
26 27 28 10
26 28 28 4
27 27 27 18
27 27 28 11
27 28 27 20
27 28 28 78
27 28 29 4
27 29 28 2
27 29 29 1
28 28 28 32
28 28 29 4
28 29 28 32
28 29 29 63
29 29 29 12
29 29 30 4
29 30 30 18
30 30 30 48
30 31 30 2
30 31 31 2
