32
0 1 0 2
1 1 0 2
1 1 1 2
1 2 1 18
2 2 1 17
2 2 2 6
2 3 2 18
2 3 3 4
3 3 2 12
3 3 3 15
3 4 3 5
3 4 4 1
4 3 3 2
4 4 3 4
4 4 4 9
4 5 4 4
4 5 5 1
5 5 4 4
5 5 5 18
5 6 5 13
5 6 6 1
6 4 3 1
6 5 4 1
6 6 4 1
6 6 5 6
6 6 6 8
6 7 6 6
6 7 7 2
7 5 3 1
7 5 4 1
7 6 5 2
7 7 6 8
7 7 7 6
7 7 8 1
7 8 7 1
7 8 8 5
8 5 3 2
8 5 4 1
8 6 4 2
8 6 5 1
8 7 5 2
8 7 7 1
8 8 6 1
8 8 7 2
8 8 8 5
8 8 9 1
8 9 8 2
8 9 9 2
9 6 4 3
9 6 5 1
9 7 5 3
9 8 6 1
9 8 7 1
9 9 8 1
9 9 9 1
9 10 9 1
9 10 10 3
10 7 4 1
10 8 6 1
10 8 7 1
10 9 7 1
10 9 8 1
10 10 9 1
10 10 10 2
10 11 9 1
10 11 10 1
10 11 11 2
11 8 7 1
11 9 7 1
11 11 10 2
11 12 11 2
11 12 12 2
12 9 8 1
12 10 8 1
12 11 9 1
12 11 10 1
12 12 10 1
12 12 11 2
12 12 12 1
12 12 13 1
12 13 12 1
12 13 13 2
13 12 10 1
13 12 12 1
13 13 12 4
13 13 13 3
13 14 13 1
13 14 14 2
14 11 9 1
14 13 11 1
14 14 12 1
14 14 13 5
14 14 14 2
14 14 15 1
14 15 15 4
14 16 15 1
15 11 7 1
15 12 8 1
15 13 11 1
15 13 12 1
15 14 13 1
15 15 13 1
15 15 14 2
15 15 15 1
15 16 15 4
15 16 16 2
16 12 7 3
16 12 8 5
16 13 9 2
16 13 10 2
16 15 14 2
16 16 15 7
16 16 16 2
16 17 15 1
16 17 16 5
16 17 17 2
16 18 17 1
17 13 8 7
17 13 9 13
17 13 10 1
17 14 9 1
17 14 11 1
17 16 15 1
17 17 15 4
17 17 16 18
17 17 17 2
17 17 18 2
17 18 16 1
17 18 17 8
17 18 18 3
17 19 19 1
18 14 9 1
18 14 10 5
18 15 10 2
18 15 11 2
18 17 16 2
18 18 17 1
18 18 18 1
18 18 19 1
18 19 18 5
18 19 19 3
19 15 11 8
19 16 11 3
19 16 12 6
19 16 13 3
19 17 13 1
19 17 14 2
19 18 15 1
19 19 18 3
19 19 19 4
19 20 19 6
19 20 20 7
19 21 21 1
20 16 12 5
20 16 13 1
20 17 14 2
20 18 16 1
20 18 17 3
20 19 17 1
20 20 19 1
20 20 20 2
20 20 21 1
20 21 19 5
20 21 20 17
20 21 21 8
21 19 17 2
21 19 18 1
21 20 17 1
21 20 18 2
21 20 19 1
21 21 20 2
21 21 21 3
21 22 20 11
21 22 21 20
21 22 22 6
21 23 23 1
22 19 16 1
22 20 18 1
22 20 20 1
22 21 20 1
22 22 20 1
22 22 21 9
22 22 22 7
22 22 23 2
22 23 21 1
22 23 22 26
22 23 23 4
23 22 21 1
23 22 22 1
23 23 21 1
23 23 22 3
23 23 23 10
23 23 24 2
23 24 22 1
23 24 23 31
23 24 24 7
23 25 24 1
24 23 22 1
24 23 23 1
24 24 23 6
24 24 24 13
24 24 25 1
24 25 23 1
24 25 24 35
24 25 25 23
24 26 25 1
24 26 26 1
25 24 24 1
25 25 24 5
25 25 25 14
25 25 26 4
25 26 25 19
25 26 26 53
25 26 27 16
26 25 25 2
26 25 26 1
26 26 25 2
26 26 26 65
26 26 27 9
26 27 26 50
26 27 27 78
26 27 28 6
26 28 27 2
26 28 28 2
27 27 27 21
27 27 28 16
27 28 27 20
27 28 28 76
27 28 29 4
27 29 28 1
27 29 29 1
28 28 28 24
28 28 29 7
28 29 28 25
28 29 29 65
28 29 30 1
29 29 29 6
29 29 30 4
29 30 29 1
29 30 30 19
30 30 30 45
30 30 31 2
30 31 30 2
