32
0 1 0 2
1 1 0 1
1 1 1 4
1 2 1 15
2 2 1 15
2 2 2 7
2 3 2 21
2 3 3 4
3 3 2 11
3 3 3 10
3 4 3 8
4 3 2 1
4 3 3 2
4 4 3 7
4 4 4 3
4 5 4 8
5 4 4 1
5 5 4 4
5 5 5 8
5 5 6 1
5 6 5 9
5 6 6 3
6 5 5 1
6 6 4 1
6 6 5 4
6 6 6 11
6 7 6 6
6 7 7 3
7 5 3 4
7 6 4 1
7 6 5 1
7 7 6 3
7 7 7 3
7 7 8 1
7 8 7 2
7 8 8 2
8 5 3 1
8 6 3 1
8 6 4 4
8 7 5 1
8 7 6 1
8 8 6 1
8 8 7 2
8 8 8 8
8 8 9 1
8 9 8 1
8 9 9 4
8 10 9 1
9 6 4 3
9 8 6 1
9 8 7 3
9 9 8 2
9 9 9 2
9 10 10 1
10 7 4 1
10 8 6 1
10 8 7 1
10 9 7 1
10 9 8 1
10 9 10 1
10 10 9 1
10 10 10 2
10 11 10 2
10 11 11 1
11 11 10 2
11 12 11 2
11 12 12 2
12 9 8 1
12 10 8 2
12 10 9 1
12 11 9 1
12 12 10 1
12 12 11 1
12 12 12 2
12 13 12 2
12 13 13 5
13 11 9 1
13 11 10 1
13 13 12 3
13 13 13 4
13 14 13 1
13 14 14 1
13 15 15 1
14 12 11 1
14 13 11 1
14 13 12 2
14 13 13 1
14 14 13 5
14 14 14 2
14 15 14 1
14 15 15 2
14 15 16 1
15 11 7 2
15 12 8 3
15 12 10 1
15 14 13 2
15 15 14 4
15 15 15 2
15 16 15 2
15 17 16 1
16 12 7 2
16 12 8 6
16 13 8 1
16 13 9 1
16 13 10 1
16 16 15 4
16 16 16 5
16 16 17 1
16 17 15 2
16 17 16 5
16 17 17 2
17 13 8 5
17 13 9 12
17 14 9 1
17 14 10 1
17 15 15 1
17 17 15 1
17 17 16 19
17 17 17 2
17 17 18 3
17 18 16 1
17 18 17 5
17 18 18 4
17 18 19 1
17 19 18 3
18 14 9 1
18 14 10 4
18 15 10 2
18 15 11 2
18 17 16 1
18 17 17 1
18 18 17 11
18 18 18 1
18 18 19 2
18 19 18 3
18 19 19 2
19 15 10 2
19 15 11 8
19 16 11 3
19 16 12 7
19 16 13 2
19 17 14 2
19 18 15 1
19 18 17 1
19 18 18 1
19 19 18 3
19 19 19 3
19 19 20 2
19 20 18 2
19 20 19 9
19 20 20 5
19 20 21 1
19 21 21 1
20 16 11 1
20 16 12 5
20 17 13 1
20 17 14 3
20 18 16 3
20 18 17 1
20 19 17 1
20 20 19 1
20 20 20 6
20 20 21 1
20 21 19 8
20 21 20 14
20 21 21 3
20 22 21 2
20 22 22 1
21 19 16 1
21 19 17 3
21 20 17 2
21 20 19 1
21 21 19 1
21 21 20 1
21 21 21 1
21 22 20 11
21 22 21 16
21 22 22 4
22 21 19 3
22 22 20 2
22 22 21 8
22 22 22 13
22 22 23 1
22 23 22 33
22 23 23 4
23 22 22 1
23 23 22 5
23 23 23 8
23 24 23 31
23 24 24 11
23 25 24 1
23 26 26 1
24 23 22 1
24 23 23 2
24 24 23 5
24 24 24 15
24 24 25 1
24 25 23 1
24 25 24 36
24 25 25 27
24 26 25 4
25 25 24 4
25 25 25 11
25 25 26 2
25 26 24 1
25 26 25 18
25 26 26 68
25 26 27 15
25 27 27 5
26 26 25 3
26 26 26 60
26 26 27 8
26 27 26 52
26 27 27 77
26 27 28 10
26 28 27 3
26 28 28 2
27 27 27 14
27 27 28 12
27 28 27 21
27 28 28 81
27 28 29 4
27 29 28 4
28 28 28 19
28 28 29 5
28 29 28 28
28 29 29 62
28 30 29 1
29 29 29 10
29 29 30 4
29 30 30 16
30 30 30 58
30 31 30 1
30 31 31 1
