32
0 1 0 1
1 1 0 2
1 1 1 4
1 2 1 23
2 2 1 12
2 2 2 4
2 3 2 17
2 3 3 2
3 3 2 10
3 3 3 9
3 3 4 1
3 4 3 7
3 4 4 1
4 3 3 2
4 4 3 7
4 4 4 7
4 5 4 5
4 5 5 1
5 5 4 6
5 5 5 6
5 6 5 7
5 6 6 1
6 5 3 1
6 5 4 1
6 6 5 7
6 6 6 4
6 6 7 1
6 7 6 7
6 7 7 4
7 5 3 3
7 6 5 1
7 7 6 3
7 7 7 5
7 8 7 3
7 8 8 2
8 5 3 2
8 6 4 3
8 7 5 1
8 7 6 3
8 8 7 1
8 8 8 3
8 8 9 2
8 9 8 3
8 9 9 2
9 6 4 3
9 7 5 1
9 7 6 1
9 8 6 3
9 8 7 1
9 9 9 3
9 10 10 2
10 6 4 1
10 7 4 1
10 8 6 1
10 9 8 1
10 10 10 1
10 10 11 1
10 11 11 1
11 9 7 1
11 9 8 1
11 11 10 3
11 11 11 1
11 12 11 1
11 12 12 2
12 9 8 1
12 10 8 1
12 10 9 1
12 12 11 3
12 12 12 1
12 12 13 1
12 13 12 3
12 13 13 2
13 11 10 2
13 13 11 1
13 13 12 3
13 13 13 3
13 13 14 1
13 14 13 2
13 14 14 1
14 12 10 1
14 13 11 1
14 14 13 3
14 14 14 2
14 15 13 1
14 15 15 2
14 15 16 1
14 16 15 1
14 16 16 1
15 11 7 2
15 12 8 2
15 13 11 1
15 14 13 1
15 15 14 6
15 15 15 1
15 16 15 3
15 16 16 3
15 16 17 1
15 17 16 1
16 12 8 7
16 13 8 1
16 13 10 2
16 13 11 1
16 15 14 2
16 15 15 1
16 16 13 1
16 16 15 4
16 16 16 3
16 16 17 2
16 17 16 5
16 17 17 4
17 12 8 1
17 13 8 4
17 13 9 12
17 14 9 1
17 14 10 1
17 15 11 1
17 16 15 1
17 17 15 1
17 17 16 19
17 17 17 6
17 17 18 1
17 18 17 5
17 18 18 6
18 14 10 7
18 15 10 1
18 15 11 2
18 15 12 1
18 17 16 1
18 17 17 2
18 18 17 7
18 18 18 2
18 19 18 4
18 19 19 4
19 15 10 1
19 15 11 9
19 16 11 2
19 16 12 8
19 16 13 3
19 17 13 1
19 17 14 1
19 18 15 1
19 18 17 1
19 19 18 4
19 19 19 1
19 19 20 2
19 20 19 4
19 20 20 11
19 21 20 1
19 21 21 1
20 16 12 5
20 17 14 2
20 17 15 2
20 18 16 2
20 19 17 1
20 19 18 1
20 20 19 3
20 20 20 4
20 20 21 1
20 21 19 5
20 21 20 14
20 21 21 11
20 21 22 1
21 18 16 1
21 18 17 1
21 19 17 2
21 19 18 2
21 21 20 3
21 21 21 5
21 22 20 9
21 22 21 12
21 22 22 6
22 19 17 1
22 20 18 1
22 21 19 3
22 22 20 1
22 22 21 7
22 22 22 14
22 22 23 1
22 23 22 28
22 23 23 8
23 22 20 1
23 22 21 1
23 23 22 2
23 23 23 9
23 23 24 1
23 24 23 29
23 24 24 8
23 25 25 1
24 23 21 1
24 23 23 1
24 24 23 9
24 24 24 14
24 24 25 2
24 25 24 26
24 25 25 25
24 26 25 3
24 26 26 1
25 24 24 2
25 25 24 3
25 25 25 14
25 25 26 6
25 26 24 1
25 26 25 14
25 26 26 65
25 26 27 16
25 27 27 5
26 25 25 1
26 26 25 2
26 26 26 65
26 26 27 8
26 27 26 46
26 27 27 66
26 27 28 11
26 28 28 2
27 27 27 17
27 27 28 13
27 28 27 17
27 28 28 97
27 28 29 6
27 29 28 5
27 29 29 1
28 28 28 21
28 28 29 6
28 29 28 21
28 29 29 71
28 29 30 1
29 29 29 4
29 29 30 5
29 30 29 1
29 30 30 19
30 30 30 65
30 30 31 1
30 31 30 4
