32
1 1 0 3
1 1 1 4
1 2 1 16
2 2 1 16
2 2 2 6
2 3 2 17
2 3 3 3
3 3 2 11
3 3 3 14
3 4 3 8
3 4 4 3
4 3 3 1
4 4 3 4
4 4 4 7
4 5 4 4
4 5 5 3
5 4 4 1
5 5 4 6
5 5 5 19
5 6 5 10
5 6 6 2
6 5 3 1
6 5 4 1
6 6 4 1
6 6 5 5
6 6 6 7
6 7 6 5
6 7 7 3
7 5 3 2
7 5 4 1
7 6 6 1
7 7 6 6
7 7 7 9
7 8 7 3
7 8 8 3
8 5 3 2
8 5 4 1
8 6 4 3
8 6 5 1
8 7 5 3
8 7 6 4
8 7 8 1
8 8 7 3
8 8 8 3
8 8 9 2
8 9 8 1
8 9 9 4
9 6 4 2
9 7 5 2
9 7 6 1
9 8 6 1
9 8 7 1
9 9 8 1
9 9 9 3
9 10 9 1
9 10 10 1
10 7 4 1
10 8 7 2
10 9 8 1
10 10 8 1
10 10 10 3
10 11 10 1
11 8 6 1
11 9 7 1
11 11 10 2
11 11 11 2
11 12 11 2
11 12 12 1
12 10 8 1
12 11 10 1
12 12 11 3
12 12 12 2
12 12 13 1
12 13 13 2
13 10 9 1
13 11 10 1
13 13 11 1
13 13 12 3
13 13 13 3
13 13 14 1
13 14 13 3
14 11 10 1
14 12 11 1
14 13 12 1
14 14 13 4
14 14 14 3
14 14 15 1
14 15 15 4
14 16 15 1
15 11 7 2
15 12 8 1
15 14 13 1
15 15 14 6
15 15 15 3
15 15 16 1
15 16 15 2
15 16 16 2
15 17 16 1
15 17 17 1
16 12 7 1
16 12 8 6
16 13 8 2
16 13 10 2
16 13 11 1
16 14 13 1
16 16 15 5
16 16 16 1
16 16 17 1
16 17 16 4
16 17 17 3
17 13 8 4
17 13 9 12
17 13 10 1
17 14 10 4
17 16 15 1
17 17 15 3
17 17 16 23
17 17 17 6
17 17 18 1
17 18 17 6
17 18 18 4
17 18 19 1
18 14 10 6
18 14 11 1
18 15 10 1
18 15 11 2
18 16 13 1
18 17 16 2
18 17 17 2
18 18 17 5
18 18 18 1
18 19 18 7
18 19 19 2
18 20 19 1
19 15 10 1
19 15 11 8
19 15 12 1
19 16 11 3
19 16 12 4
19 16 13 2
19 17 13 1
19 17 14 1
19 17 15 1
19 19 18 4
19 19 20 1
19 20 19 6
19 20 20 8
19 20 21 1
19 21 21 1
20 16 12 6
20 16 13 1
20 17 13 1
20 17 14 2
20 18 15 1
20 18 16 1
20 18 17 3
20 19 17 1
20 20 19 1
20 20 20 1
20 20 21 1
20 21 19 5
20 21 20 16
20 21 21 7
21 18 16 2
21 19 16 1
21 19 17 2
21 20 17 1
21 21 20 2
21 21 21 4
21 21 22 2
21 22 20 10
21 22 21 23
21 22 22 9
21 22 23 1
22 20 19 1
22 21 19 2
22 21 20 2
22 22 20 2
22 22 21 9
22 22 22 11
22 22 23 2
22 23 22 29
22 23 23 4
23 23 22 6
23 23 23 10
23 23 24 2
23 24 22 1
23 24 23 25
23 24 24 11
24 23 22 1
24 23 24 1
24 24 23 8
24 24 24 10
24 24 25 1
24 25 24 29
24 25 25 27
24 25 26 2
24 26 25 2
25 24 24 1
25 25 24 3
25 25 25 15
25 25 26 7
25 26 25 12
25 26 26 66
25 26 27 15
25 27 26 1
25 27 27 3
26 25 25 1
26 26 25 1
26 26 26 63
26 26 27 11
26 27 26 47
26 27 27 79
26 27 28 11
26 28 27 1
26 28 28 3
27 27 27 15
27 27 28 13
27 28 27 13
27 28 28 90
27 28 29 6
27 29 28 4
27 29 29 1
28 28 28 18
28 28 29 6
28 29 28 20
28 29 29 55
28 29 30 2
29 29 29 6
29 29 30 5
29 30 29 1
29 30 30 16
30 30 30 48
30 30 31 1
30 31 30 1
30 31 31 1
