32
0 5 2 1
1 1 0 3
1 1 1 2
1 2 1 17
2 2 1 19
2 2 2 5
2 3 2 15
2 3 3 5
3 3 2 9
3 3 3 14
3 3 4 1
3 4 3 7
3 4 4 1
4 3 3 2
4 4 2 1
4 4 3 4
4 4 4 4
4 5 4 4
4 5 5 1
5 4 3 1
5 5 4 7
5 5 5 12
5 5 6 1
5 6 5 9
5 6 6 2
5 7 6 1
6 5 3 1
6 5 4 2
6 6 4 1
6 6 5 6
6 6 6 5
6 7 6 11
6 7 7 4
7 5 3 2
7 5 4 2
7 6 5 1
7 6 7 1
7 7 6 4
7 7 7 4
7 7 8 1
7 8 7 3
7 8 8 2
8 5 3 1
8 5 4 2
8 6 4 2
8 7 6 2
8 8 7 5
8 8 8 4
8 9 8 4
8 9 9 4
9 6 4 2
9 7 5 1
9 8 5 1
9 8 6 1
9 8 7 1
9 9 8 2
9 9 9 4
9 10 9 1
9 10 10 2
10 7 4 1
10 8 6 2
10 9 8 2
10 10 9 1
10 10 10 1
10 11 11 2
11 8 7 1
11 9 8 2
11 11 10 4
11 11 11 2
11 12 11 2
12 10 8 1
12 11 10 1
12 12 11 1
12 12 12 2
12 12 13 3
12 13 12 1
12 13 13 4
13 11 9 1
13 11 10 1
13 12 11 2
13 13 11 1
13 13 12 1
13 13 13 3
13 13 14 2
13 14 13 3
13 14 14 2
14 13 11 1
14 14 12 1
14 14 13 3
14 14 14 1
14 14 15 1
14 15 13 1
14 15 14 2
14 15 15 1
14 16 15 1
15 11 7 2
15 12 8 1
15 13 12 1
15 14 13 1
15 14 14 1
15 15 13 1
15 15 14 3
15 15 15 1
15 15 16 1
15 16 15 2
15 16 16 1
16 12 7 4
16 12 8 4
16 12 10 1
16 13 8 2
16 13 9 1
16 13 10 1
16 13 11 1
16 14 12 1
16 15 14 1
16 16 14 1
16 16 15 7
16 16 16 2
16 17 15 1
16 17 16 3
16 17 17 2
17 12 8 1
17 13 8 5
17 13 9 9
17 14 10 3
17 14 11 1
17 16 15 1
17 17 15 3
17 17 16 19
17 17 17 4
17 18 17 5
17 18 18 7
17 19 18 1
17 19 19 1
18 14 9 1
18 14 10 7
18 15 10 2
18 15 12 1
18 17 16 4
18 17 17 1
18 18 17 7
18 18 19 1
18 19 18 6
18 19 19 4
19 15 10 1
19 15 11 7
19 15 12 2
19 16 11 4
19 16 12 4
19 16 13 4
19 17 13 1
19 17 14 1
19 18 15 1
19 19 18 5
19 19 19 5
19 19 20 2
19 20 19 6
19 20 20 6
19 21 20 1
19 21 21 1
20 16 11 1
20 16 12 6
20 17 14 1
20 18 17 2
20 19 16 1
20 19 17 1
20 20 18 1
20 20 20 5
20 21 19 10
20 21 20 9
20 21 21 3
20 22 22 2
21 17 14 1
21 19 16 2
21 19 17 1
21 19 18 1
21 20 19 2
21 21 20 3
21 21 21 4
21 21 22 1
21 22 20 12
21 22 21 16
21 22 22 8
21 22 23 1
22 20 18 1
22 21 19 5
22 21 20 1
22 22 21 8
22 22 22 10
22 23 22 27
22 23 23 5
23 22 21 1
23 22 22 1
23 23 22 5
23 23 23 9
23 23 24 2
23 24 23 33
23 24 24 8
23 24 25 1
23 25 24 2
24 23 22 1
24 24 23 10
24 24 24 13
24 24 25 1
24 25 24 34
24 25 25 25
24 25 26 1
24 26 25 1
25 25 24 4
25 25 25 12
25 25 26 6
25 26 24 1
25 26 25 18
25 26 26 64
25 26 27 14
25 27 27 3
26 25 25 1
26 25 26 1
26 26 25 3
26 26 26 63
26 26 27 11
26 27 26 57
26 27 27 77
26 27 28 7
26 28 28 4
27 27 27 14
27 27 28 11
27 28 27 22
27 28 28 79
27 28 29 6
27 29 28 2
27 29 29 1
28 28 28 30
28 28 29 7
28 29 28 28
28 29 29 61
29 29 29 10
29 29 30 4
29 30 30 16
30 30 30 61
30 30 31 1
30 31 30 3
30 31 31 1
