32
1 1 0 3
1 1 1 6
1 2 1 18
2 2 1 15
2 2 2 9
2 3 2 16
2 3 3 5
3 3 1 1
3 3 2 14
3 3 3 12
3 4 3 9
3 4 4 1
4 3 3 2
4 4 3 4
4 4 4 4
4 5 4 5
5 5 4 6
5 5 5 15
5 6 5 12
5 6 6 1
6 5 3 1
6 5 4 1
6 5 5 1
6 6 4 1
6 6 5 5
6 6 6 10
6 7 6 7
6 7 7 3
7 5 3 2
7 6 5 2
7 7 6 5
7 7 7 8
7 8 7 1
7 8 8 2
8 5 3 2
8 6 3 1
8 6 4 2
8 6 5 1
8 7 6 4
8 8 6 1
8 8 7 4
8 8 8 3
8 8 9 1
8 9 8 5
8 9 9 5
9 6 4 3
9 7 5 2
9 7 6 1
9 8 6 1
9 8 7 3
9 9 8 1
9 9 9 2
9 9 10 1
9 10 10 2
9 10 11 1
10 7 4 1
10 8 6 2
10 9 7 1
10 10 8 1
10 10 9 2
10 10 10 2
10 11 10 1
10 11 11 1
11 9 7 1
11 9 8 1
11 11 10 1
11 11 12 1
11 12 11 2
11 12 12 2
12 10 8 1
12 10 9 1
12 11 10 1
12 12 10 1
12 12 11 2
12 12 12 5
12 12 13 1
12 13 12 3
13 10 7 1
13 12 11 1
13 13 11 1
13 13 12 2
13 13 13 2
13 14 13 1
13 14 14 2
13 15 14 1
14 13 11 1
14 14 13 4
14 14 15 1
14 15 15 4
15 11 7 1
15 12 8 1
15 13 12 1
15 15 13 1
15 15 14 4
15 15 15 2
15 15 16 1
15 16 15 3
15 16 16 1
16 12 8 7
16 13 9 1
16 13 10 2
16 13 11 1
16 13 12 1
16 14 13 2
16 16 15 7
16 16 16 4
16 17 15 2
16 17 16 6
16 17 17 4
17 12 8 1
17 12 10 1
17 13 8 6
17 13 9 12
17 13 10 1
17 14 9 1
17 14 10 1
17 17 15 3
17 17 16 19
17 17 17 1
17 17 18 2
17 18 17 7
17 18 18 4
18 14 9 1
18 14 10 8
18 15 10 1
18 15 11 2
18 17 16 1
18 17 17 2
18 18 17 5
18 18 18 2
18 19 18 4
18 19 19 3
18 20 19 1
19 15 11 11
19 15 12 1
19 16 11 2
19 16 12 6
19 16 13 2
19 17 14 2
19 18 15 1
19 18 18 1
19 19 18 3
19 19 19 3
19 19 20 1
19 20 18 1
19 20 19 10
19 20 20 4
19 21 21 1
20 16 12 4
20 16 13 1
20 17 13 1
20 17 14 1
20 18 16 2
20 18 17 1
20 19 16 1
20 19 18 2
20 19 19 1
20 20 19 2
20 20 20 3
20 21 19 7
20 21 20 10
20 21 21 9
20 22 21 1
21 17 15 1
21 19 16 2
21 19 17 1
21 19 18 2
21 20 18 1
21 21 20 3
21 21 21 3
21 21 22 2
21 22 20 10
21 22 21 22
21 22 22 9
21 23 23 1
22 20 18 2
22 21 19 1
22 22 21 11
22 22 22 6
22 23 21 1
22 23 22 35
22 23 23 3
22 24 23 1
23 22 20 1
23 22 21 1
23 23 21 1
23 23 22 2
23 23 23 11
23 24 23 30
23 24 24 10
24 23 22 2
24 23 23 1
24 24 23 7
24 24 24 12
24 24 25 1
24 25 24 37
24 25 25 25
24 25 26 1
24 26 25 1
25 24 23 1
25 24 24 2
25 25 24 3
25 25 25 13
25 25 26 3
25 26 25 15
25 26 26 62
25 26 27 19
25 27 27 1
26 26 24 1
26 26 25 2
26 26 26 67
26 26 27 14
26 27 26 46
26 27 27 79
26 27 28 11
26 28 27 2
26 28 28 1
27 27 27 17
27 27 28 12
27 28 27 18
27 28 28 77
27 28 29 3
27 29 28 1
27 29 29 1
28 28 28 30
28 28 29 6
28 29 28 30
28 29 29 65
28 30 29 2
29 29 29 11
29 29 30 4
29 30 29 1
29 30 30 17
30 30 30 53
30 30 31 1
30 31 30 3
