32
1 1 0 3
1 1 1 2
1 2 1 21
2 2 1 15
2 2 2 8
2 2 3 1
2 3 2 19
2 3 3 2
3 3 2 12
3 3 3 14
3 4 3 5
3 4 4 1
4 3 3 2
4 4 3 3
4 4 4 5
4 5 4 3
5 4 4 1
5 5 4 7
5 5 5 18
5 6 5 14
5 6 6 2
6 5 4 1
6 6 5 6
6 6 6 10
6 7 6 7
6 7 7 2
7 5 3 3
7 5 4 1
7 6 4 1
7 6 5 1
7 7 6 2
7 7 7 6
7 8 7 2
7 8 8 3
8 5 3 1
8 6 4 2
8 6 5 1
8 7 6 3
8 7 7 1
8 8 7 5
8 8 8 2
8 8 9 4
8 9 8 2
8 9 9 2
9 6 4 4
9 7 5 2
9 8 6 2
9 8 7 3
9 9 8 1
9 9 9 6
9 9 10 1
9 10 9 3
10 7 4 1
10 8 6 1
10 8 7 2
10 10 8 1
10 11 10 1
10 11 11 1
11 8 7 1
11 9 7 1
11 9 8 1
11 11 10 3
11 11 12 1
11 12 12 1
12 10 9 1
12 11 10 1
12 12 11 1
12 12 12 1
12 13 12 1
12 13 13 2
13 10 7 1
13 10 9 1
13 13 11 1
13 13 12 3
13 13 13 4
13 13 14 1
13 14 12 1
13 14 14 2
14 11 10 1
14 12 11 1
14 13 11 1
14 13 13 2
14 14 13 3
14 14 14 4
14 14 15 1
14 15 14 2
14 15 15 3
14 16 16 1
15 11 7 1
15 11 8 1
15 12 8 1
15 12 11 1
15 14 13 1
15 15 14 5
15 15 16 1
15 16 15 1
15 16 16 5
15 17 16 1
16 12 7 1
16 12 8 6
16 13 9 1
16 13 10 2
16 13 12 1
16 15 14 1
16 16 15 5
16 16 16 2
16 17 16 6
16 17 17 4
17 13 8 6
17 13 9 12
17 14 10 3
17 17 15 2
17 17 16 15
17 17 17 3
17 17 18 1
17 18 17 3
17 18 18 7
17 19 18 1
18 14 10 7
18 14 11 1
18 15 11 1
18 17 16 2
18 17 17 1
18 18 16 1
18 18 17 3
18 19 18 7
18 19 19 7
18 20 20 1
19 15 11 10
19 16 11 3
19 16 12 7
19 16 13 1
19 17 13 1
19 17 14 1
19 17 15 2
19 18 17 1
19 19 18 1
19 19 20 1
19 20 19 7
19 20 20 8
20 16 12 5
20 17 14 3
20 18 15 1
20 18 17 2
20 19 16 1
20 19 18 1
20 20 18 1
20 20 20 2
20 20 21 2
20 21 19 4
20 21 20 10
20 21 21 7
20 21 22 1
20 22 22 1
21 17 13 1
21 19 16 1
21 19 17 2
21 19 18 1
21 20 19 2
21 21 20 5
21 21 21 4
21 22 20 14
21 22 21 16
21 22 22 8
21 22 23 1
22 19 16 1
22 20 18 1
22 21 19 1
22 21 20 1
22 22 21 4
22 22 22 13
22 22 23 3
22 23 21 1
22 23 22 33
22 23 23 3
23 22 20 1
23 23 21 1
23 23 22 5
23 23 23 8
23 23 24 1
23 24 23 26
23 24 24 11
23 25 24 1
24 23 22 1
24 23 23 1
24 24 23 8
24 24 24 15
24 25 24 29
24 25 25 26
24 26 25 3
24 26 26 1
25 24 23 1
25 24 24 1
25 25 24 4
25 25 25 13
25 25 26 7
25 26 25 11
25 26 26 56
25 26 27 18
25 27 27 3
26 25 25 1
26 26 25 3
26 26 26 66
26 26 27 16
26 27 26 43
26 27 27 80
26 27 28 9
26 28 27 1
26 28 28 3
27 27 27 17
27 27 28 12
27 28 27 14
27 28 28 90
27 28 29 3
27 29 28 4
27 29 29 3
28 28 28 23
28 28 29 5
28 29 28 17
28 29 29 74
28 30 29 1
29 29 29 6
29 29 30 4
29 30 30 20
30 30 30 38
30 31 30 2
