32
1 1 0 3
1 1 1 3
1 2 1 16
2 2 1 16
2 2 2 5
2 3 2 17
2 3 3 5
3 3 2 11
3 3 3 14
3 4 3 5
3 4 4 1
4 3 3 1
4 4 2 1
4 4 3 4
4 4 4 5
4 5 4 5
4 5 5 5
5 4 3 1
5 5 4 2
5 5 5 20
5 5 6 1
5 6 5 11
5 6 6 1
6 5 3 1
6 5 4 1
6 6 4 1
6 6 5 6
6 6 6 8
6 7 6 10
6 7 7 2
6 8 8 1
7 5 3 2
7 6 5 4
7 6 7 1
7 7 6 5
7 7 7 6
7 8 7 3
7 8 8 3
8 5 3 3
8 5 4 1
8 6 4 2
8 6 5 2
8 7 6 3
8 8 6 1
8 8 7 3
8 8 8 5
8 8 9 1
8 9 8 1
8 9 9 3
8 10 9 1
9 6 4 2
9 7 6 1
9 8 6 1
9 8 7 1
9 9 8 2
9 9 9 4
10 7 4 2
10 8 7 2
10 10 8 1
10 10 9 1
10 10 10 1
10 11 10 1
10 11 11 1
11 8 7 1
11 9 7 2
11 11 10 4
11 11 11 2
11 11 12 1
11 12 10 1
11 12 11 1
12 10 8 2
12 11 10 1
12 12 12 3
12 12 13 1
12 13 12 4
12 13 13 1
13 11 10 1
13 13 11 1
13 13 12 2
13 13 13 1
13 14 12 1
13 14 14 3
13 15 14 1
14 12 10 1
14 12 11 1
14 13 12 1
14 13 13 1
14 14 13 6
14 14 14 4
14 15 14 1
14 15 15 2
14 16 16 1
15 11 7 1
15 12 8 1
15 12 10 1
15 13 11 1
15 14 13 3
15 15 13 1
15 15 14 3
15 15 16 1
15 16 15 2
15 16 16 3
16 12 7 3
16 12 8 5
16 13 9 2
16 13 10 1
16 15 14 1
16 16 15 8
16 16 16 2
16 16 17 1
16 17 15 1
16 17 16 2
16 17 17 3
16 18 17 1
17 13 8 6
17 13 9 14
17 14 9 1
17 14 10 1
17 14 11 1
17 15 14 1
17 16 15 1
17 17 15 1
17 17 16 25
17 17 17 1
17 17 18 2
17 18 17 5
17 18 18 2
18 14 9 1
18 14 10 5
18 15 10 1
18 15 11 2
18 17 17 1
18 18 17 7
18 19 18 4
18 19 19 3
19 15 10 1
19 15 11 8
19 15 12 1
19 16 11 3
19 16 12 7
19 16 13 1
19 16 14 1
19 17 14 3
19 18 18 1
19 19 18 2
19 19 19 2
19 19 20 4
19 20 18 1
19 20 19 8
19 20 20 10
19 21 21 1
20 16 12 3
20 17 13 2
20 17 14 2
20 18 16 2
20 19 17 1
20 19 18 1
20 20 19 1
20 20 20 2
20 21 19 6
20 21 20 13
20 21 21 6
21 19 16 1
21 19 17 4
21 19 18 2
21 20 18 1
21 21 20 1
21 21 21 5
21 21 22 2
21 22 20 16
21 22 21 14
21 22 22 4
21 23 23 1
22 20 19 1
22 21 19 2
22 21 20 1
22 22 21 11
22 22 22 5
22 23 21 2
22 23 22 29
22 23 23 5
23 22 20 1
23 23 21 1
23 23 22 5
23 23 23 10
23 24 23 30
23 24 24 10
24 23 22 1
24 24 23 8
24 24 24 11
24 25 24 32
24 25 25 28
24 25 26 1
25 24 24 2
25 24 25 1
25 25 24 2
25 25 25 16
25 25 26 6
25 26 24 1
25 26 25 15
25 26 26 60
25 26 27 16
25 27 27 2
26 25 25 1
26 26 25 3
26 26 26 64
26 26 27 11
26 27 26 49
26 27 27 76
26 27 28 8
26 28 27 5
26 28 28 2
27 27 27 14
27 27 28 12
27 28 27 18
27 28 28 71
27 28 29 5
27 29 28 1
27 29 29 2
28 28 28 25
28 28 29 9
28 29 28 28
28 29 29 63
29 29 29 6
29 29 30 4
29 30 29 2
29 30 30 18
30 30 30 47
30 30 31 1
30 31 31 2
31 30 30 1
