32
0 1 0 1
1 1 0 3
1 1 1 2
1 2 1 21
2 2 1 14
2 2 2 10
2 3 2 18
2 3 3 3
2 5 3 1
3 3 2 11
3 3 3 10
3 4 3 10
4 3 3 2
4 4 3 3
4 4 4 6
4 5 4 3
4 5 5 1
5 5 4 6
5 5 5 12
5 5 6 1
5 6 5 11
5 6 6 2
6 5 3 1
6 5 5 1
6 6 4 2
6 6 5 7
6 6 6 6
6 7 6 3
6 7 7 6
7 5 3 2
7 6 5 2
7 6 6 2
7 7 6 5
7 7 7 10
7 8 8 1
8 5 3 2
8 6 4 4
8 7 5 1
8 7 6 2
8 8 7 2
8 8 8 2
8 8 9 1
8 9 8 1
8 9 9 3
8 9 10 1
9 6 4 2
9 7 5 2
9 8 6 2
9 8 7 2
9 9 7 1
9 9 8 1
9 9 9 2
9 9 10 1
9 10 9 2
9 10 10 2
10 7 4 1
10 8 6 1
10 9 8 1
10 10 9 1
10 10 10 1
10 11 9 1
10 11 11 3
11 8 6 1
11 11 10 2
11 11 11 1
11 12 11 2
12 9 8 2
12 10 8 1
12 11 10 1
12 12 11 3
12 12 12 4
12 13 12 2
13 11 9 1
13 12 10 1
13 12 11 1
13 13 12 4
13 13 13 2
13 14 13 1
13 14 14 2
13 15 14 1
14 11 10 1
14 12 10 1
14 13 11 1
14 13 13 1
14 14 13 4
14 14 14 3
14 15 14 2
14 15 15 3
15 11 7 1
15 11 8 1
15 12 8 1
15 13 11 2
15 15 13 1
15 15 14 6
15 15 15 1
15 15 16 1
15 16 16 4
16 12 8 8
16 13 8 1
16 13 10 1
16 14 11 1
16 15 13 1
16 15 14 1
16 16 15 8
16 16 16 1
16 17 16 4
16 17 17 3
17 13 8 6
17 13 9 10
17 14 10 3
17 17 15 1
17 17 16 22
17 17 17 4
17 18 17 7
17 18 18 6
17 19 19 1
18 14 10 7
18 15 10 1
18 15 11 3
18 16 13 1
18 17 17 1
18 18 17 6
18 18 18 1
18 18 19 1
18 19 18 9
18 19 19 3
19 15 11 8
19 16 11 3
19 16 12 8
19 16 13 2
19 16 14 1
19 17 14 1
19 18 17 1
19 19 18 3
19 19 19 3
19 19 20 2
19 20 19 3
19 20 20 7
20 16 12 4
20 17 14 2
20 18 16 1
20 18 17 1
20 19 17 1
20 20 19 2
20 20 20 1
20 20 21 4
20 21 19 6
20 21 20 15
20 21 21 8
20 21 22 2
20 22 21 2
20 22 22 2
21 18 17 1
21 19 16 2
21 19 17 3
21 20 17 1
21 20 18 1
21 21 20 4
21 21 21 4
21 21 22 1
21 22 20 12
21 22 21 15
21 22 22 4
21 23 23 1
22 20 18 1
22 20 20 1
22 21 18 1
22 21 20 1
22 22 21 11
22 22 22 11
22 22 23 1
22 23 21 1
22 23 22 27
22 23 23 6
23 22 21 1
23 23 21 1
23 23 22 4
23 23 23 9
23 23 24 1
23 24 22 1
23 24 23 28
23 24 24 7
23 25 24 1
24 23 22 1
24 24 23 6
24 24 24 17
24 25 24 28
24 25 25 31
25 23 23 1
25 24 23 1
25 24 24 1
25 25 24 3
25 25 25 12
25 25 26 10
25 26 25 14
25 26 26 59
25 26 27 17
25 27 27 2
25 28 28 1
26 25 25 1
26 26 25 2
26 26 26 65
26 26 27 13
26 27 26 51
26 27 27 81
26 27 28 8
26 28 27 2
26 28 28 3
27 27 27 13
27 27 28 12
27 28 27 17
27 28 28 85
27 28 29 7
27 29 28 5
27 29 29 1
28 28 28 26
28 28 29 5
28 29 28 13
28 29 29 78
28 29 30 1
29 29 29 8
29 29 30 6
29 30 30 20
30 30 30 51
30 31 30 2
