32
0 4 1 1
1 1 0 4
1 1 1 1
1 2 1 18
2 2 1 15
2 2 2 5
2 3 2 17
2 3 3 2
3 3 2 9
3 3 3 14
3 4 3 6
3 4 4 1
4 3 3 2
4 4 3 8
4 4 4 4
4 5 4 2
4 5 5 2
5 5 4 7
5 5 5 10
5 6 5 10
6 5 3 1
6 5 4 3
6 6 4 1
6 6 5 6
6 6 6 7
6 7 6 10
6 7 7 2
7 5 3 2
7 6 5 1
7 6 7 1
7 7 6 4
7 7 7 6
7 8 7 1
7 8 8 2
8 5 3 2
8 6 4 4
8 6 5 1
8 7 5 2
8 7 6 1
8 8 7 2
8 8 8 1
8 8 9 1
8 9 8 3
8 9 9 4
9 6 4 2
9 8 6 2
9 8 7 2
9 9 8 1
9 9 9 2
9 10 10 4
10 7 4 2
10 8 6 2
10 8 7 1
10 9 7 1
10 9 8 1
10 10 9 3
10 10 10 2
10 11 10 1
10 11 11 2
11 9 7 1
11 9 8 1
11 10 9 1
11 11 10 3
11 12 11 1
11 12 12 1
12 11 10 1
12 12 11 1
12 12 12 4
12 12 13 1
12 13 12 3
12 13 13 5
13 10 8 2
13 11 9 1
13 13 11 1
13 13 12 2
13 14 14 1
14 12 10 1
14 13 11 1
14 13 12 1
14 14 13 4
14 14 14 3
14 14 15 1
14 15 14 2
14 15 15 1
14 15 16 1
15 11 7 2
15 12 8 1
15 13 12 1
15 14 13 2
15 15 14 5
15 15 15 1
15 16 15 1
15 16 16 2
16 12 8 7
16 13 9 1
16 13 10 2
16 13 11 1
16 14 13 1
16 16 15 5
16 16 16 5
16 16 17 1
16 17 15 3
16 17 16 6
16 17 17 6
17 12 8 1
17 13 8 5
17 13 9 13
17 14 9 1
17 14 10 2
17 16 15 1
17 17 15 2
17 17 16 19
17 17 17 2
17 18 17 5
17 18 18 6
18 14 9 2
18 14 10 5
18 15 10 2
18 15 11 1
18 15 12 1
18 17 15 1
18 17 16 1
18 17 17 2
18 18 17 4
18 18 18 2
18 18 19 2
18 19 18 8
18 19 19 3
18 19 20 1
18 20 20 1
19 15 11 8
19 15 12 2
19 16 11 3
19 16 12 8
19 16 13 1
19 17 13 1
19 17 14 2
19 18 18 1
19 19 18 1
19 19 19 2
19 20 18 1
19 20 19 8
19 20 20 5
19 21 21 1
20 16 12 4
20 17 13 1
20 17 14 2
20 17 15 1
20 18 16 2
20 18 17 1
20 19 17 1
20 20 19 1
20 20 20 5
20 20 21 1
20 21 19 8
20 21 20 9
20 21 21 6
20 21 22 1
20 22 21 1
20 22 22 1
21 18 16 1
21 19 16 1
21 19 17 4
21 20 17 1
21 20 19 1
21 21 20 3
21 21 21 3
21 21 22 1
21 22 20 13
21 22 21 13
21 22 22 8
21 23 22 1
22 20 19 1
22 20 20 1
22 21 18 1
22 21 20 2
22 22 20 2
22 22 21 11
22 22 22 8
22 23 21 3
22 23 22 30
22 23 23 4
22 24 23 1
23 22 21 1
23 22 22 1
23 23 21 1
23 23 22 1
23 23 23 12
23 23 24 1
23 24 23 28
23 24 24 7
23 25 24 1
24 23 22 1
24 23 23 1
24 24 23 8
24 24 24 16
24 24 25 1
24 25 23 1
24 25 24 31
24 25 25 24
24 25 26 1
24 26 25 1
24 26 26 1
24 26 27 1
25 24 23 1
25 24 24 1
25 25 24 4
25 25 25 15
25 25 26 4
25 26 25 16
25 26 26 54
25 26 27 13
25 27 27 2
26 26 25 1
26 26 26 73
26 26 27 10
26 27 26 55
26 27 27 65
26 27 28 8
26 28 27 1
26 28 28 1
27 27 27 16
27 27 28 14
27 28 27 24
27 28 28 74
27 28 29 3
27 29 28 2
28 28 28 33
28 28 29 7
28 29 28 30
28 29 29 61
28 29 30 1
29 29 29 9
29 29 30 7
29 30 30 19
30 30 30 58
30 30 31 1
30 31 30 3
