32
1 1 0 3
1 1 1 2
1 2 1 24
2 2 1 15
2 2 2 10
2 3 2 22
2 3 3 3
3 3 2 18
3 3 3 14
3 4 3 6
4 3 3 3
4 4 3 1
4 4 4 8
4 5 4 6
5 4 4 1
5 5 4 7
5 5 5 15
5 6 5 11
5 6 6 1
6 5 3 1
6 5 4 1
6 6 5 4
6 6 6 6
6 7 6 7
6 7 7 4
7 5 3 3
7 6 5 1
7 6 6 1
7 7 6 6
7 7 7 6
7 7 8 1
7 8 7 2
7 8 8 1
8 5 3 1
8 6 4 4
8 7 4 1
8 7 6 1
8 8 6 1
8 8 7 7
8 8 8 2
8 9 8 3
8 9 9 4
9 6 4 2
9 7 5 2
9 8 6 2
9 8 7 2
9 9 8 1
9 9 9 4
9 10 9 2
9 10 10 2
10 7 4 1
10 8 7 1
10 9 8 1
10 10 10 1
10 11 11 3
11 9 7 4
11 9 8 1
11 11 10 4
11 11 11 2
11 12 11 1
11 12 12 1
12 10 7 1
12 11 10 1
12 12 10 1
12 12 11 1
12 12 12 5
12 13 12 2
12 13 13 2
13 11 9 1
13 13 12 4
13 13 13 1
13 13 14 1
13 14 13 1
13 14 14 3
13 15 14 1
14 11 8 1
14 12 11 2
14 13 11 1
14 14 13 5
14 14 14 1
14 15 14 1
14 15 15 3
15 11 7 2
15 12 8 1
15 12 10 1
15 13 11 1
15 15 14 2
15 15 15 3
15 16 15 2
15 16 16 4
16 12 8 7
16 13 8 1
16 13 10 2
16 16 15 5
16 16 16 4
16 16 17 1
16 17 15 1
16 17 16 5
16 17 17 2
17 12 8 1
17 12 9 1
17 13 8 6
17 13 9 11
17 13 10 1
17 14 10 2
17 14 11 1
17 16 15 1
17 17 15 1
17 17 16 27
17 17 17 2
17 18 17 7
17 18 18 5
18 14 9 1
18 14 10 5
18 14 11 1
18 15 10 1
18 15 11 1
18 17 16 2
18 17 17 1
18 18 17 4
18 18 19 2
18 19 18 6
18 19 19 4
19 15 10 1
19 15 11 9
19 15 12 1
19 16 11 2
19 16 12 5
19 16 13 2
19 16 14 1
19 17 13 2
19 17 15 1
19 18 17 2
19 19 18 3
19 19 19 2
19 19 20 1
19 20 19 6
19 20 20 8
19 20 21 2
19 21 20 1
20 16 11 2
20 16 12 4
20 17 13 2
20 17 14 1
20 18 16 3
20 18 17 1
20 19 17 2
20 20 21 1
20 21 19 9
20 21 20 12
20 21 21 6
20 22 21 1
20 22 22 1
21 18 16 1
21 19 16 1
21 19 17 3
21 20 19 1
21 21 20 2
21 21 21 7
21 21 22 1
21 22 20 12
21 22 21 16
21 22 22 3
21 23 22 1
21 23 23 1
22 20 18 1
22 20 19 1
22 21 18 1
22 22 20 1
22 22 21 5
22 22 22 7
22 23 21 3
22 23 22 37
22 23 23 3
23 22 20 1
23 23 21 1
23 23 22 5
23 23 23 14
23 23 24 1
23 24 22 1
23 24 23 31
23 24 24 6
24 23 22 1
24 23 23 2
24 24 23 10
24 24 24 12
24 24 25 1
24 25 24 34
24 25 25 22
24 26 25 2
24 26 26 1
25 24 24 2
25 25 24 2
25 25 25 18
25 25 26 5
25 26 24 2
25 26 25 16
25 26 26 56
25 26 27 19
25 27 27 1
26 25 25 2
26 26 25 4
26 26 26 65
26 26 27 9
26 27 26 55
26 27 27 73
26 27 28 7
26 28 28 1
27 27 27 18
27 27 28 14
27 28 27 18
27 28 28 78
27 28 29 1
27 29 28 1
27 29 29 1
28 28 28 33
28 28 29 7
28 29 28 28
28 29 29 59
28 29 30 1
29 29 29 7
29 29 30 5
29 30 29 2
29 30 30 17
30 30 30 40
30 30 31 2
30 31 30 1
