32
1 1 0 3
1 1 1 2
1 2 1 19
2 2 1 11
2 2 2 11
2 3 2 20
2 3 3 2
3 3 2 11
3 3 3 17
3 4 2 1
3 4 3 4
3 4 4 1
4 3 2 1
4 3 3 2
4 4 3 5
4 4 4 5
4 5 4 4
5 4 3 1
5 5 4 11
5 5 5 12
5 6 5 15
5 6 6 1
5 7 6 1
6 5 3 1
6 5 4 1
6 6 5 7
6 6 6 4
6 6 7 1
6 7 6 7
6 7 7 3
7 5 3 3
7 6 5 1
7 6 6 1
7 7 6 3
7 7 7 3
7 8 7 2
7 8 8 5
8 5 3 2
8 6 4 2
8 6 5 1
8 7 5 2
8 7 6 3
8 8 7 8
8 8 8 4
8 8 9 1
8 9 8 2
8 9 9 5
9 6 4 3
9 8 6 1
9 8 7 1
9 9 8 1
9 9 9 3
9 10 9 2
9 10 10 1
10 7 4 2
10 8 6 1
10 8 7 1
10 10 8 1
10 10 10 1
10 11 10 1
11 8 7 1
11 11 10 3
11 11 11 2
11 11 12 1
11 12 11 1
11 12 12 1
12 10 8 2
12 10 9 1
12 11 10 1
12 12 10 2
12 12 11 2
12 12 12 2
12 13 12 4
12 13 13 1
13 11 9 1
13 11 10 1
13 13 12 3
13 13 13 2
13 14 13 1
14 13 11 1
14 14 13 5
14 14 14 2
14 15 13 1
14 15 14 3
14 15 15 5
15 11 8 1
15 12 8 1
15 13 11 1
15 14 13 1
15 15 14 3
15 15 15 1
15 15 16 1
15 16 15 2
15 16 16 1
15 17 15 1
16 12 7 1
16 12 8 6
16 13 9 3
16 13 10 1
16 13 12 1
16 14 13 1
16 15 13 1
16 16 15 5
16 16 16 1
16 16 17 1
16 17 15 2
16 17 16 4
16 17 17 4
17 13 8 7
17 13 9 11
17 14 10 3
17 15 14 1
17 15 15 1
17 17 15 2
17 17 16 24
17 17 17 4
17 17 18 2
17 18 17 3
17 18 18 3
17 19 17 1
17 19 18 1
18 14 10 6
18 15 10 2
18 15 11 1
18 15 12 1
18 15 13 1
18 17 16 1
18 17 17 2
18 18 17 7
18 18 19 1
18 19 18 10
18 19 19 2
19 15 10 1
19 15 11 9
19 16 11 3
19 16 12 7
19 16 13 2
19 17 14 1
19 17 15 1
19 18 15 1
19 18 18 1
19 19 18 2
19 19 19 3
19 19 20 3
19 20 18 2
19 20 19 4
19 20 20 7
20 16 12 5
20 17 14 3
20 18 17 2
20 19 17 1
20 19 18 1
20 20 19 1
20 20 20 3
20 21 19 7
20 21 20 14
20 21 21 2
20 22 21 1
20 22 22 3
21 18 17 1
21 19 16 2
21 19 17 2
21 20 18 1
21 21 20 3
21 21 21 3
21 22 20 13
21 22 21 16
21 22 22 7
22 19 16 1
22 20 18 1
22 21 18 1
22 21 19 1
22 21 20 2
22 22 20 1
22 22 21 5
22 22 22 8
22 22 23 1
22 23 21 1
22 23 22 32
22 23 23 4
23 22 20 1
23 22 21 1
23 23 21 1
23 23 22 3
23 23 23 8
23 24 23 32
23 24 24 8
23 24 25 1
24 23 22 1
24 24 23 8
24 24 24 15
24 24 25 2
24 25 24 31
24 25 25 25
24 26 25 1
24 26 26 1
25 24 23 1
25 24 24 2
25 25 24 7
25 25 25 15
25 25 26 5
25 26 25 17
25 26 26 55
25 26 27 15
25 27 27 1
26 25 25 2
26 26 25 1
26 26 26 67
26 26 27 14
26 27 26 56
26 27 27 67
26 27 28 8
26 28 28 1
27 27 27 22
27 27 28 9
27 28 27 18
27 28 28 82
27 28 29 5
27 29 28 1
27 29 29 2
28 28 28 25
28 28 29 8
28 29 28 30
28 29 29 61
28 29 30 1
29 29 28 1
29 29 29 6
29 29 30 4
29 30 30 18
30 30 30 48
30 30 31 1
30 31 30 4
30 31 31 1
