32
1 1 0 3
1 1 1 3
1 2 1 17
2 2 1 18
2 2 2 7
2 3 2 21
2 3 3 3
3 3 2 15
3 3 3 15
3 4 3 6
4 3 3 1
4 4 3 6
4 4 4 5
4 5 4 4
4 5 5 1
5 4 3 1
5 5 4 9
5 5 5 17
5 6 5 12
5 6 6 2
6 4 3 1
6 5 3 1
6 5 4 1
6 5 5 1
6 6 4 1
6 6 5 6
6 6 6 8
6 6 7 1
6 7 6 6
6 7 7 3
7 7 5 2
7 7 6 4
7 7 7 7
7 8 8 4
8 5 3 3
8 5 4 1
8 6 4 3
8 6 5 1
8 7 5 1
8 7 6 1
8 7 7 1
8 8 6 1
8 8 7 2
8 8 8 7
8 8 9 1
8 9 8 3
8 9 9 4
9 6 4 3
9 8 6 3
9 8 7 2
9 9 9 3
9 10 10 2
10 6 4 1
10 7 4 1
10 8 6 1
10 10 9 2
10 10 10 1
10 11 10 2
10 11 11 1
11 9 7 1
11 9 8 2
11 10 8 1
11 11 10 2
11 11 11 1
11 12 12 2
12 10 8 1
12 11 10 1
12 11 11 1
12 12 10 2
12 12 11 1
12 12 12 3
12 12 13 1
12 13 12 3
12 13 13 3
13 11 10 1
13 13 12 3
13 13 13 1
13 13 14 1
13 14 13 1
13 14 14 2
13 15 14 1
14 12 11 1
14 13 12 1
14 14 13 3
14 14 14 5
14 15 14 1
14 15 15 1
15 11 7 1
15 11 8 1
15 12 8 1
15 13 11 1
15 14 13 1
15 15 14 6
15 15 16 1
15 16 14 1
15 16 15 2
15 16 16 1
15 17 17 1
16 12 8 8
16 13 10 2
16 13 11 1
16 14 13 1
16 15 14 2
16 16 15 6
16 16 16 5
16 16 17 2
16 17 15 1
16 17 16 2
16 17 17 3
17 13 8 6
17 13 9 13
17 13 10 1
17 14 10 2
17 14 11 1
17 16 15 1
17 17 16 22
17 17 17 6
17 17 18 1
17 18 17 6
17 18 18 6
18 14 10 6
18 14 11 1
18 15 10 3
18 15 11 1
18 15 13 1
18 18 17 4
18 18 18 3
18 19 18 6
18 19 19 6
18 20 19 1
19 15 11 8
19 15 12 1
19 16 11 3
19 16 12 7
19 16 13 2
19 17 14 1
19 17 15 2
19 18 17 1
19 19 18 3
19 19 19 4
19 20 18 1
19 20 19 5
19 20 20 9
19 20 21 1
20 16 11 1
20 16 12 4
20 16 13 1
20 17 13 1
20 17 14 1
20 18 16 2
20 18 17 1
20 19 17 1
20 20 19 2
20 20 20 1
20 21 19 7
20 21 20 16
20 21 21 6
21 18 16 2
21 19 16 1
21 19 17 3
21 19 18 1
21 19 19 1
21 20 19 1
21 21 20 2
21 21 21 4
21 21 22 1
21 22 20 8
21 22 21 18
21 22 22 11
21 22 23 1
21 23 23 1
22 21 19 1
22 21 20 1
22 22 20 3
22 22 21 9
22 22 22 12
22 22 23 1
22 23 22 26
22 23 23 4
23 23 21 1
23 23 22 8
23 23 23 13
23 24 23 24
23 24 24 10
23 25 25 1
24 23 22 1
24 24 23 10
24 24 24 16
24 25 24 24
24 25 25 30
24 26 25 2
25 24 23 1
25 24 24 1
25 25 24 3
25 25 25 18
25 25 26 9
25 26 25 12
25 26 26 57
25 26 27 19
25 27 27 2
26 25 25 1
26 26 25 1
26 26 26 63
26 26 27 15
26 27 26 47
26 27 27 78
26 27 28 10
26 28 28 3
27 27 27 16
27 27 28 8
27 28 27 15
27 28 28 89
27 28 29 6
27 29 28 5
27 29 29 1
28 28 28 19
28 28 29 9
28 29 28 14
28 29 29 67
28 29 30 1
29 29 29 4
29 29 30 6
29 30 30 14
30 30 30 45
30 30 31 2
30 31 30 1
30 31 31 1
