32
1 1 0 3
1 2 1 9
2 2 1 36
2 2 2 14
2 3 1 2
2 3 2 16
2 3 3 2
3 2 2 2
3 3 1 1
3 3 2 14
3 3 3 6
3 4 3 2
3 4 4 1
3 4 5 1
4 3 3 1
4 4 3 3
4 4 4 19
4 4 5 2
4 5 4 9
4 5 5 8
4 5 6 1
5 4 3 1
5 5 3 1
5 5 4 1
5 5 5 6
5 5 6 3
5 6 6 6
5 6 7 5
5 7 4 1
6 6 4 1
6 6 6 2
6 6 7 1
6 7 6 1
6 7 7 1
6 7 8 3
7 6 4 1
7 7 6 1
7 8 8 2
8 7 4 3
8 7 5 4
8 8 6 4
8 8 7 3
8 8 8 2
8 8 9 1
8 9 8 1
8 9 9 2
8 9 10 2
9 7 4 1
9 8 7 2
9 9 6 1
9 9 9 1
9 10 10 1
9 10 11 1
10 9 6 3
10 9 7 1
10 10 7 1
10 10 8 1
10 10 10 1
10 11 11 2
10 11 12 3
10 12 12 1
11 9 6 3
11 10 7 1
11 10 8 2
11 10 9 1
11 11 9 1
11 11 11 2
11 11 12 2
11 12 12 1
11 12 13 2
12 10 7 1
12 10 8 1
12 11 8 1
12 11 9 1
12 12 10 1
12 12 12 1
12 12 13 1
12 13 12 2
12 13 13 4
12 13 14 4
12 14 14 2
13 11 8 1
13 12 9 5
13 12 10 1
13 13 12 2
13 14 14 1
13 14 15 1
13 15 15 2
14 11 5 1
14 11 7 1
14 11 8 1
14 12 8 2
14 12 9 1
14 13 10 2
14 13 12 1
14 14 14 2
14 14 15 1
14 15 16 4
14 16 16 3
14 16 17 1
15 11 5 1
15 12 6 1
15 12 7 1
15 12 9 1
15 15 12 2
15 15 14 1
15 15 15 1
15 16 16 1
15 16 17 4
15 16 18 1
15 17 17 2
15 17 18 1
16 11 6 1
16 12 7 3
16 12 8 8
16 13 8 5
16 13 9 1
16 16 18 1
16 17 17 4
16 17 18 5
16 18 17 1
16 18 18 2
16 18 19 3
17 12 6 1
17 12 7 4
17 12 8 1
17 13 7 8
17 13 8 2
17 13 9 10
17 13 10 2
17 14 9 3
17 14 10 16
17 14 11 4
17 14 12 2
17 15 12 1
17 15 13 1
17 16 15 1
17 17 16 1
17 17 17 2
17 17 18 1
17 18 17 2
17 18 18 5
17 18 19 4
17 18 20 1
17 19 18 14
17 19 19 4
17 19 20 8
18 13 6 2
18 14 10 1
18 15 10 1
18 15 11 1
18 15 12 2
18 15 13 1
18 16 13 1
18 17 14 1
18 17 15 1
18 17 16 1
18 18 16 1
18 18 18 1
18 18 19 2
18 19 18 6
18 19 19 7
18 19 20 2
18 19 21 4
18 20 19 2
18 20 20 15
18 20 21 6
18 20 22 1
18 21 20 1
18 21 21 1
19 14 6 1
19 14 7 1
19 16 13 2
19 17 13 1
19 17 15 2
19 18 15 1
19 18 16 1
19 18 17 1
19 19 18 3
19 20 19 3
19 20 20 5
19 20 21 7
19 21 20 1
19 21 21 17
19 21 22 7
19 22 22 5
20 14 6 1
20 14 7 2
20 14 8 1
20 15 9 1
20 18 15 2
20 18 16 1
20 18 17 2
20 19 18 1
20 20 17 1
20 20 20 2
20 20 21 2
20 21 21 6
20 21 22 4
20 21 23 1
20 22 22 12
20 22 23 8
20 23 23 3
21 16 10 1
21 17 13 1
21 18 14 1
21 18 15 1
21 19 16 2
21 19 17 2
21 19 18 1
21 20 16 1
21 20 17 1
21 20 18 1
21 21 21 6
21 22 22 6
21 22 23 8
21 22 24 1
21 23 23 6
21 23 24 7
21 24 25 2
22 19 14 1
22 20 18 1
22 20 19 1
22 21 17 2
22 21 18 1
22 22 19 1
22 22 20 2
22 22 21 1
22 22 22 6
22 22 23 2
22 23 22 2
22 23 23 5
22 23 24 14
22 23 25 2
22 24 24 4
22 24 25 4
22 24 26 1
22 25 26 1
23 21 19 2
23 22 19 1
23 22 21 1
23 22 23 1
23 23 21 1
23 23 22 1
23 23 23 1
23 23 24 4
23 24 24 4
23 24 25 11
23 24 26 7
23 25 25 6
23 25 26 9
23 26 27 1
24 23 21 1
24 23 22 1
24 24 22 1
24 24 23 2
24 24 24 1
24 25 25 14
24 25 26 31
24 25 27 7
24 26 26 21
24 26 27 21
24 26 28 1
25 22 18 1
25 23 19 2
25 23 20 1
25 24 21 1
25 24 22 1
25 24 23 1
25 25 24 9
25 25 25 8
25 25 26 15
25 26 25 2
25 26 26 29
25 26 27 37
25 26 28 26
25 27 27 12
25 27 28 26
25 27 29 6
25 28 29 1
26 24 21 1
26 24 22 1
26 25 21 1
26 25 22 1
26 25 23 1
26 26 24 2
26 26 25 8
26 26 26 45
26 26 27 23
26 26 28 1
26 27 26 43
26 27 27 54
26 27 28 69
26 27 29 4
26 28 28 21
26 28 29 10
26 28 30 4
27 26 21 2
27 26 22 3
27 26 24 2
27 27 26 10
27 27 27 14
27 27 28 17
27 27 29 1
27 28 28 8
27 28 29 6
27 28 30 1
27 29 29 1
27 29 30 7
28 26 23 1
28 27 23 2
28 27 25 1
28 28 27 1
28 28 28 1
28 29 29 4
28 29 30 4
29 27 23 20
29 27 24 10
29 30 30 10
30 30 30 13
30 31 30 4
30 31 31 3
