32
1 1 0 3
1 1 1 3
1 2 1 15
2 2 1 11
2 2 2 14
2 3 2 14
2 3 3 3
3 3 2 12
3 3 3 17
3 4 3 10
4 3 3 2
4 4 3 6
4 4 4 4
4 5 4 3
4 5 5 5
5 4 3 3
5 4 4 1
5 5 4 5
5 5 5 15
5 5 6 1
5 6 5 9
5 6 6 2
6 5 3 1
6 5 5 1
6 6 4 1
6 6 5 6
6 6 6 4
6 7 6 9
6 7 7 3
6 8 7 1
7 5 3 2
7 6 5 1
7 6 6 1
7 7 6 4
7 7 7 6
7 8 7 3
7 8 8 3
8 5 3 2
8 6 4 3
8 7 5 1
8 7 6 2
8 8 7 3
8 8 8 5
8 8 9 1
8 9 8 2
8 9 9 4
9 6 4 3
9 7 5 2
9 8 6 1
9 8 7 2
9 9 8 2
9 9 9 1
9 9 10 1
9 10 9 1
10 7 4 1
10 9 7 2
10 9 8 1
10 10 9 2
10 10 10 2
10 11 10 1
10 11 11 2
11 8 7 1
11 9 7 2
11 9 8 1
11 11 10 2
11 11 12 1
11 12 11 2
11 12 12 1
12 11 11 1
12 12 10 1
12 12 11 2
12 12 12 2
12 12 13 2
12 13 12 1
12 13 13 1
13 10 9 1
13 11 10 1
13 12 12 1
13 13 12 3
13 13 13 5
13 14 14 2
14 12 10 1
14 12 11 1
14 13 11 2
14 14 13 4
14 14 14 2
14 14 15 2
14 15 14 3
14 15 15 2
15 11 7 1
15 11 8 1
15 12 8 1
15 13 12 1
15 15 13 1
15 15 14 4
15 15 16 1
15 16 15 3
15 16 16 2
16 12 7 1
16 12 8 5
16 13 8 1
16 13 9 1
16 13 10 2
16 15 13 1
16 16 15 6
16 16 16 1
16 17 16 3
16 17 17 3
17 13 8 6
17 13 9 13
17 13 10 1
17 13 12 1
17 14 9 1
17 15 15 1
17 16 16 1
17 17 15 1
17 17 16 23
17 17 17 4
17 17 18 1
17 18 17 4
17 18 18 6
17 19 19 2
18 14 9 2
18 14 10 5
18 14 11 1
18 15 10 1
18 15 11 1
18 17 16 1
18 17 17 1
18 18 16 1
18 18 17 6
18 18 18 2
18 19 18 3
18 19 19 3
19 15 11 9
19 15 12 1
19 16 11 3
19 16 12 7
19 16 13 2
19 17 14 2
19 18 15 1
19 18 17 1
19 19 18 4
19 19 20 2
19 20 19 8
19 20 20 8
19 21 19 1
19 21 20 1
19 21 21 1
20 16 12 5
20 17 14 3
20 17 17 1
20 18 16 1
20 18 17 1
20 19 17 1
20 20 19 1
20 20 20 2
20 20 21 2
20 21 19 8
20 21 20 11
20 21 21 7
20 22 22 1
21 18 16 1
21 19 16 1
21 19 17 3
21 19 18 1
21 20 17 1
21 20 19 1
21 21 20 3
21 21 21 1
21 21 22 2
21 22 20 16
21 22 21 17
21 22 22 6
21 23 22 1
22 19 16 1
22 20 19 1
22 21 19 1
22 22 20 2
22 22 21 5
22 22 22 11
22 22 23 2
22 23 21 4
22 23 22 27
22 23 23 2
22 24 23 1
23 21 21 1
23 22 20 1
23 22 21 1
23 23 22 5
23 23 23 9
23 24 23 31
23 24 24 12
24 23 22 1
24 23 23 2
24 24 23 8
24 24 24 13
24 25 23 1
24 25 24 34
24 25 25 22
24 26 25 1
25 24 23 1
25 24 25 1
25 25 24 6
25 25 25 13
25 25 26 2
25 26 25 17
25 26 26 56
25 26 27 16
25 27 27 1
26 26 25 3
26 26 26 60
26 26 27 13
26 27 26 58
26 27 27 71
26 27 28 7
26 28 27 7
26 28 28 2
27 27 27 14
27 27 28 15
27 28 27 21
27 28 28 70
27 28 29 2
27 29 28 1
27 29 29 1
28 28 28 26
28 28 29 10
28 29 28 31
28 29 29 64
29 29 29 11
29 29 30 4
29 30 29 1
29 30 30 15
30 30 30 48
30 30 31 1
30 31 30 1
30 31 31 2
