32
1 1 0 3
1 2 0 1
1 2 1 9
2 2 1 28
2 2 2 13
2 3 1 1
2 3 2 6
2 3 3 2
3 3 1 1
3 3 2 13
3 3 3 6
3 4 3 5
3 4 4 1
4 4 3 2
4 5 4 2
4 5 5 8
5 4 2 1
5 5 3 2
5 5 4 1
5 5 5 3
5 5 6 6
5 6 5 1
5 6 6 5
5 6 7 1
6 5 4 1
6 6 4 1
6 6 5 1
6 6 6 2
6 6 7 3
6 7 9 1
6 8 9 1
7 7 6 1
7 7 7 1
7 8 8 1
7 8 9 2
8 7 4 2
8 7 5 1
8 8 6 4
8 8 7 2
8 8 8 3
8 9 9 1
8 9 10 2
9 7 4 4
9 8 5 2
9 9 6 1
9 9 7 2
9 9 8 1
9 10 11 2
10 9 6 3
10 9 7 1
10 10 10 1
10 11 11 1
10 11 12 2
11 9 6 1
11 9 7 1
11 10 7 1
11 11 9 2
11 11 11 2
11 11 12 1
11 12 11 1
11 12 12 1
11 12 13 2
11 13 13 1
12 11 7 1
12 11 8 1
12 11 9 1
12 12 10 1
12 12 13 1
12 13 13 3
12 13 14 1
12 14 14 1
13 10 5 1
13 11 8 2
13 12 9 2
13 12 10 1
13 13 12 1
13 13 13 1
13 14 13 1
13 14 14 2
13 14 15 4
13 15 15 1
14 11 7 1
14 12 9 1
14 12 10 1
14 13 10 2
14 13 12 1
14 15 13 1
14 15 15 1
14 15 16 5
14 15 17 1
14 16 16 3
14 16 17 1
15 11 6 1
15 12 7 2
15 12 9 2
15 13 10 1
15 15 13 2
15 15 14 2
15 16 16 1
15 16 17 1
15 17 17 4
16 11 5 1
16 12 6 1
16 12 7 3
16 12 8 11
16 13 8 3
16 13 9 3
16 14 12 1
16 15 13 2
16 16 14 1
16 17 17 6
16 17 18 5
16 18 17 1
16 18 18 1
16 18 19 3
17 12 7 5
17 13 7 5
17 13 8 4
17 13 9 11
17 13 10 2
17 14 9 3
17 14 10 11
17 14 11 6
17 15 11 1
17 16 13 1
17 16 14 1
17 17 15 1
17 17 17 1
17 18 17 4
17 18 18 5
17 18 19 5
17 18 20 1
17 19 18 12
17 19 19 8
17 19 20 3
18 13 6 2
18 14 8 1
18 14 12 1
18 15 10 2
18 15 11 4
18 15 12 2
18 16 13 2
18 17 14 1
18 17 15 1
18 17 16 2
18 18 16 1
18 18 18 2
18 18 19 2
18 19 17 1
18 19 18 4
18 19 19 4
18 19 20 4
18 19 21 1
18 20 19 5
18 20 20 12
18 20 21 8
18 21 21 2
19 13 6 1
19 14 6 1
19 14 7 1
19 16 12 1
19 17 14 1
19 17 15 1
19 18 17 1
19 19 18 1
19 19 19 1
19 20 19 4
19 20 20 7
19 20 21 5
19 21 21 19
19 21 22 7
19 22 22 4
19 22 23 1
20 14 6 1
20 14 7 1
20 15 7 1
20 15 8 1
20 17 11 1
20 17 14 1
20 18 14 1
20 18 16 3
20 19 16 1
20 19 17 2
20 20 19 1
20 20 20 1
20 21 20 2
20 21 21 8
20 21 22 5
20 21 23 1
20 22 22 10
20 22 23 10
20 23 23 2
21 17 11 1
21 18 13 1
21 19 15 1
21 19 16 2
21 19 17 1
21 19 18 1
21 20 18 2
21 20 19 1
21 21 21 2
21 21 22 1
21 22 22 7
21 22 23 8
21 22 24 1
21 23 23 6
21 23 24 6
21 24 25 2
22 19 15 1
22 20 17 2
22 20 18 1
22 21 17 2
22 21 18 1
22 21 20 2
22 22 22 6
22 22 23 2
22 23 22 2
22 23 23 5
22 23 24 11
22 23 25 1
22 24 24 4
22 24 25 2
22 24 26 1
22 25 26 1
23 20 19 1
23 21 19 2
23 22 18 1
23 22 19 1
23 22 20 1
23 22 21 1
23 23 22 1
23 23 23 1
23 23 24 2
23 23 25 1
23 24 24 5
23 24 25 11
23 24 26 5
23 25 25 5
23 25 26 9
23 26 27 1
24 21 17 1
24 22 21 1
24 23 19 1
24 23 21 2
24 24 22 1
24 24 23 4
24 24 24 2
24 24 25 1
24 25 25 12
24 25 26 37
24 25 27 8
24 26 26 20
24 26 27 18
24 26 28 2
25 22 17 1
25 24 20 1
25 24 21 1
25 24 22 1
25 25 23 1
25 25 24 8
25 25 25 10
25 25 26 15
25 26 25 6
25 26 26 24
25 26 27 40
25 26 28 22
25 27 27 12
25 27 28 29
25 27 29 6
25 28 29 1
26 24 20 1
26 24 22 1
26 25 21 1
26 25 22 1
26 26 24 2
26 26 25 5
26 26 26 37
26 26 27 26
26 26 28 1
26 27 26 42
26 27 27 53
26 27 28 60
26 27 29 4
26 28 28 27
26 28 29 9
26 28 30 5
27 26 21 1
27 26 22 1
27 26 23 1
27 26 24 2
27 26 25 1
27 26 26 1
27 27 25 1
27 27 26 18
27 27 27 17
27 27 28 28
27 27 29 1
27 28 28 10
27 28 29 7
27 29 30 8
28 26 22 3
28 26 23 1
28 27 23 1
28 27 25 1
28 27 27 1
28 28 27 1
28 29 29 2
28 29 30 5
28 30 30 3
29 27 23 16
29 27 24 13
29 28 24 6
29 29 28 1
29 30 30 12
29 30 31 2
30 30 30 26
30 30 31 1
30 31 30 7
30 31 31 5
