32
1 1 0 3
1 1 1 3
1 2 1 16
2 2 1 16
2 2 2 8
2 3 2 15
2 3 3 4
3 3 2 13
3 3 3 18
3 4 3 7
3 4 4 1
4 3 3 2
4 4 3 4
4 4 4 6
4 5 4 4
5 4 4 1
5 5 4 5
5 5 5 21
5 6 5 11
5 6 6 1
6 5 3 1
6 5 5 1
6 6 4 1
6 6 5 6
6 6 6 7
6 7 6 8
6 7 7 3
7 5 3 3
7 6 5 2
7 6 6 1
7 7 6 6
7 7 7 4
7 8 7 2
7 8 8 2
8 5 3 1
8 6 4 3
8 7 5 1
8 7 6 1
8 7 7 1
8 8 6 1
8 8 7 2
8 8 8 4
8 9 8 3
8 9 9 2
8 10 10 1
9 6 4 3
9 7 5 3
9 8 6 1
9 8 7 1
9 9 7 1
9 9 8 1
9 9 9 6
9 9 10 1
9 10 9 1
9 10 10 2
10 7 4 1
10 8 6 1
10 8 7 1
10 10 9 1
10 10 10 2
10 11 10 2
10 11 11 2
11 9 8 1
11 11 9 1
11 11 10 2
11 12 11 1
11 12 12 1
12 10 8 2
12 11 10 1
12 12 11 2
12 12 12 1
12 12 13 1
12 13 12 2
12 13 13 3
13 13 11 1
13 13 12 2
13 13 13 6
13 14 12 1
13 14 14 2
13 15 14 1
14 12 9 1
14 12 11 3
14 14 13 4
14 14 14 4
15 11 7 2
15 12 8 1
15 14 12 1
15 14 13 2
15 15 13 1
15 15 14 5
15 15 16 1
15 16 15 3
15 16 16 3
15 17 16 1
16 12 7 1
16 12 8 7
16 13 8 1
16 13 10 1
16 13 11 1
16 13 12 1
16 14 10 1
16 15 14 3
16 16 15 5
16 16 16 1
16 17 15 1
16 17 16 5
16 17 17 3
16 18 18 1
17 12 8 1
17 13 8 4
17 13 9 14
17 14 9 1
17 14 10 3
17 15 11 1
17 17 15 4
17 17 16 22
17 17 17 4
17 18 17 8
17 18 18 5
18 14 9 1
18 14 10 7
18 15 11 2
18 17 16 1
18 18 17 5
18 18 18 3
18 18 19 3
18 19 18 5
18 19 19 1
18 20 19 1
19 15 10 2
19 15 11 8
19 16 11 3
19 16 12 9
19 16 13 1
19 16 14 1
19 17 14 1
19 19 18 4
19 19 19 1
19 19 20 2
19 20 18 1
19 20 19 3
19 20 20 8
19 21 20 1
20 16 12 5
20 16 14 1
20 17 14 1
20 18 16 2
20 18 17 2
20 19 16 1
20 19 17 1
20 20 20 1
20 20 21 3
20 21 19 9
20 21 20 15
20 21 21 4
21 17 14 1
21 18 16 1
21 19 16 1
21 19 17 2
21 20 18 1
21 20 19 2
21 21 19 1
21 21 20 1
21 21 21 3
21 21 22 1
21 22 20 12
21 22 21 13
21 22 22 8
21 22 23 1
22 20 19 1
22 21 18 1
22 21 20 1
22 22 21 9
22 22 22 12
22 22 23 2
22 23 21 3
22 23 22 24
22 23 23 5
23 22 21 2
23 23 22 5
23 23 23 10
23 24 23 28
23 24 24 7
24 23 22 1
24 23 23 1
24 24 23 9
24 24 24 15
24 24 25 2
24 25 24 38
24 25 25 24
24 26 25 1
25 24 23 2
25 24 24 1
25 25 24 6
25 25 25 10
25 25 26 7
25 26 25 15
25 26 26 63
25 26 27 15
25 27 27 1
26 26 25 2
26 26 26 66
26 26 27 11
26 27 26 53
26 27 27 78
26 27 28 9
26 28 28 3
27 27 27 14
27 27 28 10
27 28 27 19
27 28 28 76
27 28 29 8
27 29 28 5
27 29 29 1
28 28 28 26
28 28 29 7
28 29 28 28
28 29 29 56
28 29 30 1
29 29 29 9
29 29 30 5
29 30 30 17
30 30 30 44
30 30 31 2
30 31 30 1
31 31 31 1
