32
1 1 0 4
1 1 1 1
1 2 1 23
2 2 1 14
2 2 2 11
2 3 2 26
2 3 3 4
3 3 2 8
3 3 3 13
3 4 3 8
4 3 3 1
4 4 3 4
4 4 4 3
4 5 4 2
4 5 5 1
5 5 4 8
5 5 5 5
5 6 5 8
6 4 3 1
6 5 3 1
6 6 4 1
6 6 5 7
6 6 6 1
6 7 6 5
6 7 7 2
7 5 3 1
7 7 6 6
7 7 7 3
7 8 7 3
7 8 8 2
8 5 3 2
8 6 4 3
8 6 5 1
8 7 4 1
8 7 5 1
8 7 6 2
8 8 6 2
8 8 7 6
8 8 8 1
8 8 9 1
8 9 8 1
8 9 9 2
9 6 4 4
9 6 5 1
9 7 4 1
9 7 5 1
9 8 6 4
9 8 7 1
9 8 8 1
9 9 8 1
9 9 9 3
9 10 9 2
9 10 10 2
10 7 4 1
10 8 7 1
10 9 7 1
10 9 8 1
10 10 9 2
10 11 11 1
11 9 7 1
11 9 8 1
11 11 10 2
11 11 11 2
11 11 12 1
11 12 11 1
12 10 9 2
12 11 9 1
12 12 10 1
12 12 11 3
12 12 12 2
12 13 12 1
12 13 13 2
13 10 7 1
13 11 9 1
13 11 10 2
13 12 11 1
13 12 12 1
13 13 11 1
13 13 12 3
13 13 13 1
14 11 8 1
14 14 13 3
14 14 15 1
14 15 14 1
14 15 15 3
14 16 16 1
15 11 7 2
15 12 8 1
15 12 11 1
15 13 11 1
15 14 13 2
15 15 14 4
15 15 15 1
15 16 15 1
15 16 16 1
16 12 7 1
16 12 8 6
16 13 8 1
16 13 9 1
16 13 10 2
16 14 13 1
16 16 15 8
16 16 16 1
16 17 16 5
16 17 17 6
17 12 8 1
17 13 8 8
17 13 9 12
17 14 9 1
17 14 10 2
17 15 14 1
17 16 15 1
17 17 15 2
17 17 16 24
17 17 17 3
17 17 18 1
17 18 16 1
17 18 17 5
17 18 18 3
18 14 9 1
18 14 10 6
18 15 11 1
18 15 12 1
18 17 16 2
18 17 17 2
18 18 17 6
18 19 18 5
18 19 19 5
19 15 10 2
19 15 11 7
19 16 11 3
19 16 12 7
19 16 13 3
19 17 14 3
19 19 18 3
19 20 19 6
19 20 20 5
19 21 20 1
20 16 11 1
20 16 12 5
20 17 14 2
20 17 15 1
20 18 15 1
20 18 16 1
20 18 17 1
20 19 16 1
20 19 17 1
20 20 19 1
20 20 20 2
20 20 21 3
20 21 19 6
20 21 20 14
20 21 21 4
20 21 22 1
20 22 21 2
21 19 16 1
21 19 17 1
21 19 18 1
21 20 18 2
21 20 19 2
21 21 19 1
21 21 20 6
21 21 21 4
21 22 20 11
21 22 21 16
21 22 22 4
21 22 23 1
22 19 17 1
22 20 18 1
22 20 19 1
22 21 20 1
22 22 21 8
22 22 22 12
22 22 23 1
22 23 21 1
22 23 22 28
22 23 23 2
23 21 21 1
23 22 21 1
23 23 22 7
23 23 23 8
23 24 23 24
23 24 24 9
24 23 22 3
24 24 23 12
24 24 24 14
24 25 24 22
24 25 25 18
24 26 25 1
25 25 24 4
25 25 25 13
25 25 26 2
25 26 25 17
25 26 26 48
25 27 27 1
26 25 25 1
26 26 24 1
26 26 25 2
26 26 26 59
26 26 27 7
26 27 26 49
26 27 27 64
26 27 28 2
26 28 27 2
27 27 27 11
27 27 28 9
27 28 27 11
27 28 28 44
27 28 29 2
27 29 28 2
28 28 28 24
28 28 29 4
28 29 28 19
28 29 29 35
29 29 28 1
29 29 29 9
29 30 29 2
29 30 30 15
30 30 30 91
30 30 31 1
