32
1 1 0 3
1 1 1 2
1 2 1 16
2 2 1 16
2 2 2 5
2 3 2 20
2 3 3 3
2 7 4 1
3 3 2 8
3 3 3 16
3 4 3 6
3 4 4 1
4 3 3 1
4 4 3 3
4 4 4 7
4 5 4 5
4 5 5 1
5 4 3 1
5 5 4 5
5 5 5 17
5 6 5 10
5 6 6 1
5 7 6 1
6 5 4 1
6 6 4 1
6 6 5 5
6 6 6 6
6 7 6 11
7 5 3 3
7 7 6 5
7 7 7 7
7 7 8 2
7 8 7 3
7 8 8 1
8 5 3 2
8 6 4 2
8 7 5 1
8 7 6 1
8 8 7 7
8 8 8 3
8 9 8 3
8 9 9 3
8 10 9 1
9 6 4 4
9 7 5 2
9 7 6 1
9 8 7 2
9 8 8 1
9 9 9 4
9 10 9 3
9 10 10 1
10 7 4 1
10 8 7 1
10 9 7 2
10 10 9 2
10 11 9 1
10 11 10 1
11 8 6 1
11 9 7 2
11 11 10 2
11 11 11 1
11 11 12 2
11 12 11 3
11 12 12 4
12 10 9 2
12 12 11 2
12 12 12 3
13 13 12 4
13 13 13 5
13 13 14 1
13 14 12 1
13 14 13 1
13 15 14 1
14 12 11 1
14 13 12 1
14 14 13 4
14 14 14 3
14 15 14 1
14 15 15 1
15 12 8 2
15 13 11 1
15 14 13 1
15 15 14 5
15 15 15 4
15 16 15 2
15 16 16 1
15 17 17 1
16 12 7 1
16 12 8 6
16 12 12 1
16 13 9 1
16 13 10 1
16 13 11 1
16 13 12 1
16 14 13 1
16 15 14 1
16 15 15 1
16 16 15 5
16 16 16 3
16 16 17 1
16 17 16 5
16 17 17 5
17 12 8 1
17 13 8 5
17 13 9 13
17 13 10 1
17 14 10 1
17 16 15 1
17 17 15 2
17 17 16 22
17 17 17 5
17 17 18 1
17 18 17 6
17 18 18 6
18 14 9 1
18 14 10 4
18 15 10 1
18 15 11 1
18 15 12 2
18 15 13 1
18 17 16 1
18 17 17 1
18 18 16 1
18 18 17 9
18 18 18 1
18 18 19 2
18 19 18 3
18 19 19 4
19 15 10 1
19 15 11 9
19 15 12 2
19 16 11 3
19 16 12 5
19 16 13 3
19 17 14 1
19 17 15 1
19 18 15 1
19 18 18 1
19 19 18 4
19 19 19 1
19 19 20 1
19 20 19 5
19 20 20 9
19 21 20 1
19 21 21 1
20 16 12 5
20 17 14 3
20 18 16 2
20 18 17 1
20 19 17 1
20 20 19 2
20 21 19 4
20 21 20 15
20 21 21 6
20 22 22 1
21 19 16 2
21 19 17 1
21 19 18 2
21 20 17 1
21 21 20 2
21 21 21 4
21 21 22 1
21 22 20 11
21 22 21 16
21 22 22 9
21 22 23 2
21 23 23 2
22 20 20 1
22 21 18 1
22 21 20 1
22 21 21 1
22 22 21 6
22 22 22 10
22 22 23 2
22 23 21 1
22 23 22 33
22 23 23 5
23 22 20 1
23 22 21 2
23 22 22 1
23 23 22 4
23 23 23 8
23 24 23 25
23 24 24 10
23 25 24 1
24 23 22 2
24 24 23 7
24 24 24 17
24 24 25 1
24 25 24 25
24 25 25 28
24 26 25 1
25 24 23 1
25 24 25 1
25 25 24 3
25 25 25 17
25 25 26 9
25 26 25 14
25 26 26 56
25 26 27 18
25 27 27 2
26 26 25 2
26 26 26 66
26 26 27 11
26 27 26 51
26 27 27 87
26 27 28 11
26 28 28 2
27 27 26 1
27 27 27 16
27 27 28 13
27 28 27 14
27 28 28 89
27 28 29 8
27 29 28 3
27 29 29 2
28 28 28 23
28 28 29 5
28 29 28 16
28 29 29 67
29 29 29 7
29 29 30 7
29 30 30 17
30 30 30 47
30 30 31 1
30 31 30 1
30 31 31 2
