32
1 1 0 3
1 1 1 3
1 2 1 19
2 2 1 15
2 2 2 9
2 3 2 16
2 3 3 3
2 4 2 1
3 3 2 10
3 3 3 15
3 4 3 6
3 4 4 1
4 3 3 1
4 4 3 3
4 4 4 7
4 5 4 6
4 5 5 1
5 4 3 1
5 4 4 1
5 5 4 4
5 5 5 5
5 6 5 5
5 6 6 2
6 5 3 1
6 5 4 2
6 6 5 7
6 6 6 11
6 7 6 5
6 7 7 1
7 5 3 2
7 6 6 1
7 7 6 4
7 7 7 6
7 8 7 1
7 8 8 1
8 5 3 4
8 6 4 2
8 7 6 3
8 8 7 5
8 8 8 8
8 8 9 2
8 9 8 1
8 9 9 2
9 6 4 3
9 7 5 2
9 8 6 4
9 8 7 1
9 9 8 2
9 9 9 2
9 10 10 2
10 7 4 2
10 8 6 1
10 10 9 3
10 10 10 2
10 11 10 1
10 11 11 2
11 8 7 1
11 9 7 3
11 10 8 1
11 11 10 3
11 12 11 1
11 12 12 1
12 9 7 1
12 10 8 2
12 11 9 1
12 12 11 4
12 12 12 2
12 12 13 1
12 13 13 2
13 10 7 1
13 11 9 1
13 12 11 1
13 13 11 1
13 13 12 2
13 13 13 5
13 14 13 1
13 14 14 4
14 10 8 1
14 12 10 1
14 13 12 1
14 14 13 4
14 15 15 3
15 11 7 1
15 11 8 1
15 12 8 1
15 14 14 1
15 15 13 1
15 15 14 5
15 15 15 3
15 16 15 2
15 16 16 4
16 12 7 1
16 12 8 7
16 13 8 1
16 13 9 1
16 13 10 1
16 13 11 1
16 14 13 1
16 16 15 3
16 16 16 3
16 16 17 1
16 17 16 5
16 17 17 6
17 12 8 1
17 13 8 6
17 13 9 12
17 14 9 1
17 15 14 1
17 16 15 2
17 16 16 1
17 17 15 2
17 17 16 22
17 17 17 4
17 17 18 3
17 18 16 1
17 18 17 7
17 18 18 3
17 19 18 1
18 14 9 1
18 14 10 6
18 14 11 1
18 15 10 1
18 15 11 2
18 17 17 1
18 18 17 7
18 18 18 2
18 18 19 1
18 19 18 4
18 19 19 4
19 15 10 1
19 15 11 8
19 16 11 2
19 16 12 9
19 17 14 2
19 17 15 1
19 18 17 1
19 19 18 2
19 19 20 2
19 20 18 1
19 20 19 7
19 20 20 6
19 21 20 2
20 16 12 5
20 16 13 1
20 17 14 3
20 17 15 1
20 18 15 1
20 18 17 2
20 19 17 1
20 20 20 2
20 20 21 1
20 21 19 7
20 21 20 8
20 21 21 10
21 19 16 1
21 19 17 2
21 19 18 1
21 20 17 1
21 20 18 1
21 20 19 1
21 21 20 2
21 21 21 3
21 21 22 1
21 22 20 11
21 22 21 15
21 22 22 8
21 23 22 1
22 20 18 1
22 21 18 2
22 21 19 1
22 21 20 2
22 22 20 1
22 22 21 8
22 22 22 6
22 23 21 1
22 23 22 33
22 23 23 5
22 24 23 1
23 22 22 1
23 23 22 5
23 23 23 11
23 23 24 1
23 24 23 28
23 24 24 8
23 26 26 1
24 23 22 2
24 23 23 1
24 24 23 6
24 24 24 14
24 24 25 1
24 25 23 1
24 25 24 37
24 25 25 26
24 26 25 1
25 24 24 1
25 25 24 7
25 25 25 14
25 25 26 5
25 26 25 18
25 26 26 58
25 26 27 16
25 27 26 1
26 26 25 4
26 26 26 59
26 26 27 8
26 27 26 59
26 27 27 62
26 27 28 8
26 28 27 3
26 28 28 3
27 27 27 16
27 27 28 13
27 28 27 19
27 28 28 73
27 28 29 4
27 29 28 2
27 29 29 1
28 28 28 41
28 28 29 4
28 29 28 31
28 29 29 66
29 29 28 1
29 29 29 13
29 29 30 5
29 30 29 2
29 30 30 17
30 30 30 64
30 30 31 2
30 31 30 4
