32
1 1 0 2
1 2 0 1
1 2 1 10
1 2 2 1
2 2 1 24
2 2 2 10
2 3 1 4
2 3 2 16
2 3 3 1
3 3 2 14
3 3 3 6
3 4 3 2
3 4 4 2
3 4 5 1
3 8 4 1
4 4 2 1
4 4 3 3
4 4 4 19
4 4 5 4
4 5 4 6
4 5 5 8
4 5 6 1
5 5 3 1
5 5 4 1
5 5 5 7
5 5 6 2
5 6 5 1
5 6 6 11
5 6 7 2
6 5 4 1
6 5 5 1
6 6 5 1
6 6 6 1
6 6 7 2
6 7 7 3
6 7 8 1
6 8 9 1
7 6 5 1
7 7 6 1
7 7 8 1
7 7 9 1
7 8 8 2
8 7 5 1
8 7 6 1
8 8 6 3
8 8 7 3
8 8 8 3
8 9 8 1
8 9 9 2
8 9 10 1
9 9 7 1
9 9 9 1
9 10 11 1
10 8 5 1
10 8 6 1
10 9 7 1
10 9 8 2
10 10 8 1
10 10 9 1
10 10 10 1
10 11 11 2
10 11 12 1
10 12 12 1
11 10 8 1
11 10 9 1
11 11 9 2
11 11 12 2
11 11 13 1
11 12 12 2
11 12 13 2
11 13 13 1
11 13 14 1
12 10 8 1
12 11 8 1
12 11 9 1
12 12 10 1
12 12 11 1
12 13 13 3
12 13 14 2
12 14 14 2
13 10 5 1
13 11 8 1
13 11 9 1
13 12 9 1
13 12 12 1
13 13 12 1
13 13 13 1
13 13 14 1
13 14 13 1
13 14 14 3
13 14 15 3
13 15 15 1
14 11 8 1
14 12 8 1
14 12 10 1
14 13 11 2
14 13 12 1
14 14 15 1
14 15 15 1
14 15 16 2
14 16 15 1
14 16 16 3
14 16 17 1
15 11 6 1
15 12 8 1
15 12 9 1
15 15 15 1
15 16 16 4
15 16 17 3
15 17 17 1
15 17 18 2
16 11 6 1
16 12 5 1
16 12 6 1
16 12 7 1
16 12 8 9
16 13 8 3
16 13 9 4
16 16 15 1
16 17 16 1
16 17 17 4
16 17 18 6
16 17 19 2
16 18 17 1
16 18 18 3
16 18 19 3
17 12 7 4
17 13 6 1
17 13 7 8
17 13 8 6
17 13 9 11
17 13 10 1
17 14 10 12
17 14 11 9
17 15 11 2
17 16 14 1
17 17 18 2
17 17 19 1
17 18 18 10
17 18 19 4
17 19 17 1
17 19 18 10
17 19 19 1
17 19 20 8
17 19 21 1
18 13 6 2
18 14 10 1
18 14 12 1
18 15 11 1
18 15 12 1
18 15 13 1
18 16 13 1
18 16 16 1
18 17 15 1
18 17 16 2
18 18 18 1
18 18 19 1
18 19 18 3
18 19 19 8
18 19 20 4
18 19 21 1
18 20 19 3
18 20 20 15
18 20 21 4
18 20 22 1
18 21 21 1
19 14 6 1
19 16 12 1
19 16 13 1
19 17 13 1
19 17 14 1
19 17 15 2
19 18 16 1
19 18 17 1
19 19 18 3
19 19 19 1
19 20 19 1
19 20 20 7
19 20 21 9
19 20 22 3
19 21 20 1
19 21 21 15
19 21 22 8
19 22 22 5
19 22 23 1
20 14 7 3
20 15 9 1
20 18 16 2
20 18 17 1
20 19 17 2
20 19 18 1
20 20 20 1
20 21 20 1
20 21 21 4
20 21 22 4
20 22 22 11
20 22 23 8
20 23 23 3
21 17 10 1
21 19 16 2
21 20 17 1
21 20 19 1
21 20 20 1
21 21 21 3
21 21 22 1
21 22 21 1
21 22 22 5
21 22 23 9
21 22 24 2
21 23 23 3
21 23 24 8
21 24 25 1
22 19 14 1
22 19 15 1
22 20 17 1
22 20 18 2
22 21 19 1
22 21 20 1
22 22 20 2
22 22 21 2
22 22 22 6
22 22 23 4
22 23 22 1
22 23 23 5
22 23 24 12
22 23 25 3
22 24 24 2
22 24 25 7
22 25 26 1
23 21 20 1
23 22 19 1
23 22 21 1
23 22 23 1
23 23 21 1
23 23 22 1
23 23 24 3
23 24 24 3
23 24 25 11
23 24 26 6
23 25 25 4
23 25 26 5
23 26 27 1
24 23 19 1
24 23 21 1
24 24 23 3
24 24 24 2
24 24 25 1
24 25 24 1
24 25 25 13
24 25 26 22
24 25 27 7
24 26 26 12
24 26 27 16
25 22 17 1
25 24 22 1
25 24 23 1
25 25 24 8
25 25 25 10
25 25 26 13
25 26 25 2
25 26 26 28
25 26 27 30
25 26 28 26
25 27 27 16
25 27 28 30
25 27 29 3
26 24 21 1
26 25 24 1
26 26 24 3
26 26 25 8
26 26 26 35
26 26 27 24
26 26 28 2
26 27 26 45
26 27 27 50
26 27 28 58
26 27 29 6
26 28 28 22
26 28 29 7
26 28 30 6
27 26 23 1
27 26 24 1
27 27 26 20
27 27 27 20
27 27 28 22
27 27 29 2
27 28 28 13
27 28 29 8
27 28 30 2
27 29 29 1
27 29 30 7
28 26 22 1
28 26 24 1
28 27 25 1
28 28 27 2
28 29 30 3
29 27 23 9
29 27 24 6
29 28 24 1
29 29 28 1
29 30 30 5
29 31 31 1
30 30 30 7
30 31 30 4
30 31 31 2
