32
1 1 0 4
1 1 1 2
1 2 1 20
2 2 1 17
2 2 2 5
2 3 2 24
2 3 3 2
3 3 2 14
3 3 3 15
3 4 3 7
4 3 3 2
4 4 3 4
4 4 4 4
4 5 4 4
5 5 4 5
5 5 5 15
5 6 5 10
5 6 6 2
6 5 4 1
6 6 5 7
6 6 6 10
6 6 7 1
6 7 6 6
6 7 7 2
7 5 3 3
7 5 4 1
7 6 5 1
7 7 6 8
7 7 7 3
7 7 8 2
7 8 7 1
7 8 8 5
8 5 3 1
8 5 4 1
8 6 4 2
8 7 5 1
8 8 7 5
8 8 8 6
8 8 9 1
8 9 8 3
8 9 9 2
8 10 9 1
9 6 4 1
9 7 5 1
9 7 6 1
9 8 7 3
9 9 8 1
9 10 9 2
9 10 10 3
10 6 4 2
10 7 4 2
10 8 6 2
10 10 10 3
10 10 11 1
10 11 10 1
10 11 11 1
11 9 7 2
11 9 8 2
11 10 9 1
11 11 9 1
11 11 10 3
11 11 11 2
11 12 11 1
11 12 12 2
12 10 9 1
12 11 10 1
12 12 11 2
12 12 12 3
12 13 12 3
12 13 13 1
12 14 13 1
13 10 8 1
13 11 7 1
13 11 9 1
13 12 11 1
13 13 12 3
13 13 13 3
13 13 14 1
13 14 13 1
13 14 14 1
14 13 11 1
14 14 13 5
14 14 14 1
14 14 15 2
14 15 15 4
15 11 7 1
15 12 8 2
15 12 10 1
15 13 11 1
15 14 13 1
15 15 13 3
15 15 14 4
15 15 15 1
15 16 15 2
15 16 16 2
15 17 16 1
16 12 8 8
16 13 8 2
16 13 9 2
16 13 12 1
16 15 14 1
16 15 15 1
16 16 15 6
16 16 16 2
16 17 16 5
16 17 17 2
17 12 8 1
17 13 8 4
17 13 9 10
17 13 10 2
17 14 9 1
17 14 10 3
17 14 11 1
17 16 15 1
17 17 15 1
17 17 16 20
17 17 17 3
17 17 18 5
17 18 16 1
17 18 17 6
17 18 18 5
18 14 10 4
18 15 10 1
18 15 11 1
18 15 13 1
18 17 17 2
18 18 17 7
18 18 19 1
18 19 18 4
18 19 19 2
19 14 10 1
19 15 11 10
19 15 12 2
19 16 11 2
19 16 12 5
19 16 13 1
19 17 14 1
19 17 15 3
19 18 17 1
19 19 18 1
19 19 19 2
19 19 20 2
19 20 18 1
19 20 19 6
19 20 20 7
19 20 21 1
20 16 12 5
20 17 14 4
20 18 15 1
20 18 17 2
20 19 17 1
20 19 18 1
20 20 19 2
20 20 20 4
20 20 21 1
20 21 19 10
20 21 20 12
20 21 21 7
20 21 22 1
20 22 20 1
21 19 16 2
21 19 17 2
21 20 17 1
21 21 20 1
21 21 21 3
21 21 22 4
21 22 20 10
21 22 21 18
21 22 22 7
22 20 18 1
22 21 18 1
22 21 19 2
22 22 20 1
22 22 21 12
22 22 22 12
22 23 22 31
22 23 23 6
23 23 21 1
23 23 22 5
23 23 23 9
23 23 24 3
23 24 22 1
23 24 23 31
23 24 24 9
23 25 24 1
24 23 22 2
24 23 23 1
24 24 23 7
24 24 24 14
24 25 24 31
24 25 25 29
24 25 26 2
24 26 25 3
24 26 26 1
25 24 24 1
25 25 24 5
25 25 25 17
25 25 26 4
25 26 25 13
25 26 26 73
25 26 27 18
25 27 27 7
26 25 25 1
26 26 25 1
26 26 26 64
26 26 27 13
26 27 26 40
26 27 27 77
26 27 28 10
26 28 27 1
26 28 28 2
27 27 27 15
27 27 28 13
27 28 27 12
27 28 28 98
27 28 29 5
27 29 28 2
27 29 29 2
28 28 28 20
28 28 29 4
28 29 28 13
28 29 29 59
28 29 30 2
29 29 29 5
29 29 30 5
29 30 30 15
30 30 30 51
30 30 31 1
30 31 30 2
30 31 31 1
