32
0 1 0 1
1 1 0 3
1 1 1 2
1 2 1 20
2 2 1 13
2 2 2 11
2 3 2 21
2 3 3 3
3 3 2 13
3 3 3 15
3 4 3 6
4 3 3 1
4 4 3 4
4 4 4 11
4 5 4 5
4 5 5 2
5 5 4 5
5 5 5 13
5 6 5 13
5 6 6 2
5 7 6 1
6 5 4 1
6 6 4 1
6 6 5 7
6 6 6 11
6 7 6 4
6 7 7 4
7 5 3 2
7 6 5 1
7 7 6 4
7 7 7 4
7 7 8 1
7 8 7 3
7 8 8 3
8 5 3 2
8 5 4 1
8 6 3 1
8 6 4 1
8 7 6 1
8 8 6 1
8 8 7 5
8 8 8 3
8 8 9 1
8 9 8 3
8 9 9 1
9 6 4 3
9 7 5 2
9 7 6 1
9 8 6 3
9 8 7 2
9 9 8 2
9 9 9 6
9 11 10 1
10 6 4 1
10 7 4 2
10 8 7 1
10 10 8 1
10 10 9 1
10 10 10 1
10 11 10 1
10 11 11 2
11 8 6 1
11 9 7 1
11 9 8 2
11 10 9 1
11 11 10 3
11 11 12 1
11 12 11 1
12 10 8 1
12 10 9 2
12 12 11 3
12 12 12 3
12 12 13 1
12 13 12 2
12 13 13 2
13 11 10 1
13 13 12 3
13 13 13 3
13 14 13 1
13 14 14 1
14 12 11 1
14 13 11 1
14 14 13 3
14 14 14 3
14 14 15 1
14 15 14 3
14 15 15 3
15 11 7 1
15 11 8 1
15 12 8 1
15 13 11 1
15 14 13 2
15 15 14 4
15 15 15 4
15 15 16 1
15 16 15 1
15 16 16 2
15 17 16 1
16 12 8 7
16 13 9 2
16 13 10 2
16 13 11 1
16 14 13 1
16 15 14 1
16 16 15 4
16 16 16 4
16 17 16 2
16 17 17 5
17 13 8 6
17 13 9 10
17 13 10 2
17 14 10 3
17 17 15 1
17 17 16 22
17 17 17 5
17 17 18 2
17 18 17 6
17 18 18 6
17 19 19 1
18 14 9 1
18 14 10 5
18 15 10 1
18 15 11 3
18 17 16 1
18 17 17 2
18 18 16 1
18 18 17 5
18 18 18 1
18 18 19 2
18 19 18 4
18 19 19 2
18 20 20 1
19 15 11 9
19 16 11 2
19 16 12 8
19 16 13 1
19 17 14 2
19 18 18 1
19 19 18 2
19 19 19 4
19 20 19 7
19 20 20 8
19 21 21 1
20 16 11 1
20 16 12 3
20 16 13 2
20 17 14 3
20 18 16 2
20 18 17 1
20 19 17 1
20 20 19 2
20 20 20 1
20 21 19 4
20 21 20 13
20 21 21 8
20 22 21 1
21 18 17 1
21 19 16 1
21 19 17 4
21 19 18 2
21 20 19 1
21 21 20 3
21 21 21 3
21 21 22 2
21 22 20 9
21 22 21 16
21 22 22 5
21 22 23 1
21 23 23 1
22 19 16 1
22 21 18 1
22 21 20 3
22 22 20 2
22 22 21 5
22 22 22 15
22 23 22 30
22 23 23 9
23 22 21 1
23 23 22 4
23 23 23 7
23 23 24 1
23 24 23 28
23 24 24 13
24 22 22 1
24 23 22 1
24 24 23 8
24 24 24 10
24 24 25 1
24 25 24 25
24 25 25 36
24 25 26 1
24 26 25 3
25 24 24 1
25 25 24 2
25 25 25 14
25 25 26 6
25 26 25 10
25 26 26 62
25 26 27 19
25 27 27 2
26 25 26 1
26 26 25 3
26 26 26 68
26 26 27 11
26 27 26 45
26 27 27 84
26 27 28 10
26 28 28 3
27 27 26 1
27 27 27 17
27 27 28 10
27 28 27 14
27 28 28 99
27 28 29 6
27 29 28 5
27 29 29 3
28 28 28 20
28 28 29 7
28 29 28 18
28 29 29 65
28 29 30 3
29 29 29 6
29 29 30 6
29 30 30 17
30 30 30 57
30 30 31 2
30 31 30 1
30 31 31 1
