32
1 1 0 4
1 1 1 1
1 2 1 19
2 2 1 15
2 2 2 8
2 3 2 21
2 3 3 4
3 3 2 7
3 3 3 14
3 4 3 6
3 5 3 1
4 3 3 2
4 4 3 4
4 4 4 7
4 5 4 7
4 5 5 1
5 5 4 6
5 5 5 20
5 6 5 10
5 9 8 1
6 5 4 1
6 5 5 1
6 6 5 1
6 6 6 4
6 6 7 1
6 7 6 6
6 7 7 5
7 7 6 4
7 7 7 3
7 7 8 1
7 8 7 3
7 8 8 5
8 7 4 1
8 7 6 4
8 8 7 2
8 8 8 2
8 9 8 1
8 9 9 4
9 7 5 1
9 7 6 1
9 8 7 2
9 9 9 3
9 9 10 2
9 10 9 1
9 10 10 1
10 7 4 1
10 8 6 1
10 8 7 1
10 10 10 3
10 10 11 1
10 11 10 2
11 8 7 1
11 11 11 2
11 12 11 1
12 10 8 1
12 10 9 1
12 12 11 1
12 12 12 4
12 13 12 1
12 13 13 1
13 10 7 1
13 11 9 1
13 13 13 3
13 14 14 2
14 11 8 1
14 12 11 1
14 14 14 5
14 15 15 3
14 16 15 1
15 11 7 2
15 12 8 1
15 13 11 1
15 15 14 1
15 15 15 2
15 16 15 2
15 16 16 3
16 12 7 2
16 12 8 6
16 13 10 1
16 13 12 1
16 14 10 1
16 15 14 1
16 16 14 1
16 16 15 1
16 16 16 1
16 16 17 1
16 17 16 6
16 17 17 4
17 13 8 10
17 13 9 11
17 14 10 2
17 14 11 1
17 17 16 1
17 17 17 2
17 17 18 1
17 18 17 4
17 18 18 6
17 19 18 1
18 14 9 2
18 14 10 4
18 15 10 3
18 15 11 3
18 16 15 1
18 17 16 1
18 17 17 2
18 18 18 3
18 18 19 2
18 19 18 3
18 19 19 5
19 15 10 1
19 15 11 10
19 16 11 2
19 16 12 8
19 16 13 2
19 17 14 1
19 19 18 3
19 19 20 1
19 20 19 10
19 20 20 7
20 16 11 1
20 16 12 3
20 16 13 1
20 17 13 1
20 17 14 3
20 18 16 2
20 18 17 1
20 19 16 1
20 19 17 1
20 20 19 1
20 20 20 1
20 20 21 1
20 21 19 3
20 21 20 7
20 21 21 10
20 22 22 2
21 19 16 1
21 19 17 2
21 20 18 1
21 21 20 1
21 21 21 5
21 21 22 1
21 22 20 3
21 22 21 18
21 22 22 7
22 19 17 1
22 20 18 1
22 21 19 2
22 21 20 2
22 22 20 1
22 22 21 2
22 22 22 14
22 22 23 1
22 23 21 1
22 23 22 30
22 23 23 8
23 23 21 2
23 23 22 3
23 23 23 10
23 24 23 29
23 24 24 6
23 24 25 2
23 25 24 2
24 23 22 1
24 23 23 1
24 24 23 11
24 24 24 11
24 24 25 1
24 25 23 1
24 25 24 34
24 25 25 23
24 25 26 1
24 26 25 2
24 26 26 1
25 24 23 1
25 24 24 1
25 25 24 2
25 25 25 10
25 25 26 4
25 26 25 17
25 26 26 59
25 26 27 14
25 27 27 4
26 25 25 1
26 26 25 3
26 26 26 66
26 26 27 8
26 27 26 53
26 27 27 57
26 27 28 6
26 28 28 1
27 27 26 1
27 27 27 16
27 27 28 15
27 28 27 21
27 28 28 83
27 28 29 3
27 29 28 2
27 29 29 1
28 28 28 27
28 28 29 7
28 29 28 32
28 29 29 60
29 29 29 8
29 29 30 4
29 30 30 17
30 30 30 32
30 31 30 3
30 31 31 2
