32
1 1 0 3
1 1 1 1
1 2 1 21
2 2 1 20
2 2 2 9
2 3 2 23
2 3 3 2
2 4 4 1
3 3 2 8
3 3 3 18
3 4 3 6
4 3 2 1
4 3 3 1
4 4 3 7
4 4 4 6
4 5 4 5
4 5 5 2
5 4 3 1
5 5 4 10
5 5 5 16
5 5 6 1
5 6 5 11
5 6 6 1
6 5 3 1
6 6 4 1
6 6 5 5
6 6 6 6
6 7 6 6
6 7 7 2
7 5 3 2
7 6 5 3
7 7 5 1
7 7 6 8
7 7 7 4
7 8 7 2
7 8 8 4
8 5 3 2
8 6 4 2
8 6 5 1
8 7 4 1
8 8 6 1
8 8 7 5
8 8 8 3
8 9 8 3
8 9 9 3
9 6 4 4
9 7 5 2
9 7 6 2
9 8 6 1
9 8 7 2
9 9 8 4
9 9 9 2
9 9 10 1
9 10 9 1
9 10 10 2
10 7 4 1
10 8 6 3
10 8 7 1
10 10 9 1
10 10 10 2
10 10 11 1
10 11 10 3
10 11 11 3
11 9 7 1
11 10 8 1
11 11 9 1
11 11 10 2
11 11 11 1
11 12 11 1
11 12 12 1
12 10 8 1
12 11 9 1
12 12 11 2
12 12 12 2
12 12 13 1
12 13 12 2
12 13 13 2
13 10 7 1
13 11 9 1
13 12 11 1
13 13 12 2
13 13 13 1
13 14 13 2
13 14 14 5
13 15 14 1
14 11 8 1
14 13 12 1
14 14 13 3
14 14 14 2
14 14 15 1
14 15 14 2
14 15 15 3
15 11 7 1
15 12 8 2
15 12 10 2
15 13 11 1
15 14 13 2
15 14 14 1
15 15 13 1
15 15 14 3
15 15 15 3
15 15 16 1
15 16 15 2
15 16 16 1
16 12 8 7
16 13 8 1
16 13 9 4
16 16 14 1
16 16 15 5
16 16 16 3
16 16 17 1
16 17 15 1
16 17 16 3
16 17 17 2
17 12 8 1
17 13 8 4
17 13 9 12
17 13 10 1
17 14 11 1
17 15 15 1
17 16 15 1
17 16 16 1
17 17 15 2
17 17 16 21
17 17 17 6
17 18 16 1
17 18 17 7
17 18 18 2
17 19 18 1
18 13 9 1
18 14 9 1
18 14 10 4
18 14 11 1
18 15 10 1
18 16 14 1
18 17 17 1
18 18 17 6
18 19 18 4
18 19 19 4
19 15 10 1
19 15 11 10
19 15 12 3
19 16 11 2
19 16 12 4
19 16 13 2
19 17 14 3
19 17 16 1
19 18 18 1
19 19 18 4
19 19 19 2
19 20 19 6
19 20 20 7
19 21 21 1
20 16 12 4
20 17 14 4
20 18 17 2
20 19 17 1
20 19 18 2
20 20 19 3
20 20 20 4
20 21 19 7
20 21 20 12
20 21 21 2
20 22 21 1
20 22 22 1
21 17 15 1
21 19 17 5
21 19 18 1
21 21 20 2
21 21 21 2
21 21 22 3
21 22 20 13
21 22 21 15
21 22 22 5
22 19 17 1
22 20 18 1
22 20 19 1
22 21 19 1
22 21 20 1
22 22 20 2
22 22 21 9
22 22 22 13
22 23 21 1
22 23 22 32
22 23 23 6
23 23 22 3
23 23 23 11
23 23 24 2
23 24 22 1
23 24 23 22
23 24 24 8
24 23 22 1
24 23 23 1
24 24 23 9
24 24 24 11
24 24 25 1
24 25 24 43
24 25 25 26
24 26 25 1
24 26 26 2
25 24 24 1
25 25 24 5
25 25 25 11
25 25 26 3
25 26 25 17
25 26 26 57
25 26 27 10
26 26 25 3
26 26 26 60
26 26 27 11
26 27 26 51
26 27 27 68
26 27 28 7
26 28 27 7
27 27 27 8
27 27 28 12
27 28 27 18
27 28 28 41
27 28 29 2
27 29 28 4
27 29 29 1
28 27 28 1
28 28 28 11
28 28 29 7
28 29 28 19
28 29 29 59
28 29 30 1
29 29 29 12
29 29 30 4
29 30 30 19
30 30 30 51
30 30 31 2
30 31 30 3
30 31 31 1
