32
1 1 0 2
1 2 1 2
2 2 0 1
2 2 1 33
2 2 2 7
2 3 1 2
2 3 2 12
2 3 3 1
3 2 2 1
3 3 1 1
3 3 2 21
3 3 3 5
3 4 3 3
3 4 4 1
4 3 1 1
4 3 3 1
4 4 2 1
4 4 3 7
4 4 4 11
4 4 5 2
4 5 4 8
4 5 5 4
4 5 6 1
5 4 3 2
5 5 3 2
5 5 4 5
5 5 5 11
5 6 5 2
5 6 6 6
5 7 7 1
6 5 4 2
6 6 4 3
6 6 5 2
6 6 6 1
6 6 7 2
6 7 6 1
6 7 7 2
6 7 9 1
7 6 7 1
7 7 7 3
7 7 8 1
7 8 8 1
8 7 4 2
8 7 6 1
8 8 6 6
8 8 7 1
8 8 8 2
8 8 9 1
8 9 8 3
8 9 10 2
9 7 4 2
9 8 4 1
9 8 6 1
9 8 7 3
9 9 7 2
9 10 9 1
9 10 10 1
9 10 11 1
9 11 11 1
10 8 6 1
10 9 6 2
10 10 8 3
10 10 10 1
10 10 11 1
10 11 11 2
10 11 12 1
11 9 6 1
11 10 7 2
11 10 8 2
11 11 10 1
11 11 12 1
11 12 12 1
11 12 13 1
11 13 13 1
12 11 8 2
12 13 13 5
12 13 14 3
13 11 8 1
13 12 9 2
13 12 10 2
13 13 10 1
13 13 13 1
13 13 14 1
13 14 13 3
13 14 14 3
13 14 15 2
13 15 15 3
13 15 16 1
14 11 8 1
14 13 10 3
14 13 11 1
14 15 15 2
14 15 16 3
15 11 6 1
15 12 8 2
15 12 9 1
15 13 10 1
15 14 11 1
15 14 13 1
15 15 14 1
15 15 15 1
15 15 16 3
15 16 15 2
15 16 16 3
15 16 17 6
15 17 17 2
15 17 18 1
16 12 6 1
16 12 7 2
16 12 8 1
16 15 15 1
16 16 13 1
16 17 17 8
16 17 18 4
16 18 17 1
16 18 18 2
16 18 19 4
17 12 6 1
17 13 7 8
17 13 8 18
17 13 9 3
17 14 9 4
17 14 10 8
17 14 11 2
17 17 15 1
17 17 18 1
17 18 17 5
17 18 18 11
17 18 19 4
17 19 17 1
17 19 18 9
17 19 19 2
17 19 20 6
17 20 21 1
18 13 6 1
18 13 7 4
18 13 8 3
18 14 8 3
18 14 9 3
18 14 10 8
18 14 11 1
18 14 12 1
18 15 10 2
18 15 11 4
18 15 12 2
18 17 14 1
18 17 15 3
18 17 16 1
18 18 18 1
18 18 19 3
18 19 18 5
18 19 19 10
18 19 20 7
18 19 21 1
18 20 20 15
18 20 21 2
18 21 21 1
19 13 6 1
19 14 6 1
19 15 11 2
19 16 12 2
19 17 14 1
19 17 15 1
19 19 17 1
19 19 18 4
19 19 19 2
19 19 20 1
19 20 19 1
19 20 20 12
19 20 21 5
19 21 21 15
19 21 22 8
19 22 22 7
20 14 7 1
20 15 6 1
20 15 7 3
20 15 8 1
20 16 13 1
20 17 13 1
20 18 14 1
20 18 15 1
20 18 17 1
20 19 16 1
20 20 18 1
20 20 20 3
20 20 21 2
20 20 22 1
20 21 20 2
20 21 21 5
20 21 22 3
20 22 22 7
20 22 23 7
20 22 24 1
20 23 23 1
20 23 24 1
21 15 7 1
21 17 11 1
21 18 15 1
21 19 16 3
21 19 17 2
21 20 17 2
21 20 18 2
21 21 20 1
21 21 21 1
21 21 22 3
21 22 21 2
21 22 22 4
21 22 23 14
21 23 23 2
21 23 24 7
22 18 12 1
22 18 14 1
22 19 14 2
22 19 15 1
22 20 17 2
22 20 19 1
22 21 17 2
22 21 18 2
22 21 21 1
22 22 21 1
22 22 22 1
22 23 22 1
22 23 23 7
22 23 24 10
22 24 24 2
22 24 25 4
23 21 19 2
23 21 20 1
23 22 19 2
23 22 20 1
23 22 21 1
23 22 22 3
23 23 23 3
23 23 24 2
23 24 23 1
23 24 24 5
23 24 25 14
23 24 26 2
23 25 25 3
23 25 26 3
23 25 27 1
24 23 20 1
24 23 22 1
24 23 23 1
24 24 22 1
24 24 24 3
24 24 25 2
24 24 26 2
24 25 24 1
24 25 25 12
24 25 26 31
24 25 27 1
24 26 26 10
24 26 27 10
24 26 28 1
25 23 19 1
25 23 20 1
25 24 21 1
25 24 22 1
25 24 23 1
25 25 23 3
25 25 24 2
25 25 25 2
25 25 26 1
25 25 27 1
25 26 26 19
25 26 27 40
25 26 28 18
25 27 27 10
25 27 28 20
25 27 29 3
26 23 18 1
26 24 20 2
26 24 22 1
26 25 22 2
26 25 23 1
26 25 24 1
26 25 25 2
26 26 24 2
26 26 25 9
26 26 26 34
26 26 27 20
26 26 28 2
26 27 26 8
26 27 27 23
26 27 28 25
26 27 29 8
26 28 28 2
26 28 29 5
26 28 30 4
27 26 22 1
27 26 23 1
27 26 25 2
27 26 26 1
27 27 25 3
27 27 26 24
27 27 27 89
27 27 28 36
27 28 27 18
27 28 28 90
27 28 29 7
27 28 30 3
27 29 30 4
28 26 22 2
28 26 23 2
28 27 23 1
28 27 24 1
28 27 26 7
28 27 27 3
28 27 28 1
28 28 27 5
28 28 29 4
28 29 29 2
28 29 30 5
28 30 30 1
29 27 23 2
29 27 24 2
29 28 24 22
29 28 25 1
29 28 26 1
29 28 27 1
29 29 28 1
29 30 30 10
30 28 24 6
30 30 30 12
30 30 31 2
30 31 30 5
30 31 31 1
