32
1 1 0 3
1 1 1 4
1 2 1 20
2 2 1 15
2 2 2 10
2 3 2 19
2 3 3 2
3 3 1 1
3 3 2 13
3 3 3 21
3 4 3 5
4 3 3 1
4 4 3 7
4 4 4 4
4 5 4 7
4 5 5 3
5 4 3 2
5 4 5 1
5 5 4 10
5 5 5 16
5 6 5 10
5 6 6 2
6 5 4 1
6 6 5 8
6 6 6 8
6 6 7 1
6 7 6 3
6 7 7 2
7 5 3 2
7 5 4 1
7 6 5 1
7 7 6 7
7 7 7 4
7 8 7 2
7 8 8 3
8 5 3 1
8 5 4 1
8 6 3 1
8 6 4 3
8 7 5 1
8 8 6 1
8 8 7 4
8 8 8 7
8 8 9 1
8 9 8 2
8 9 9 2
9 6 4 2
9 7 5 3
9 7 6 1
9 8 6 2
9 8 7 1
9 8 8 1
9 9 7 1
9 9 8 1
9 9 9 5
9 10 9 1
9 10 10 1
10 7 4 2
10 8 7 1
10 10 9 2
10 10 10 3
10 11 10 2
11 9 7 2
11 11 10 2
11 12 11 2
11 12 12 2
12 10 8 2
12 10 9 2
12 11 11 1
12 12 11 1
12 12 12 3
12 12 13 2
12 13 12 1
13 11 9 1
13 13 12 5
13 13 13 3
13 13 14 1
13 14 13 4
13 14 14 1
14 12 11 1
14 13 12 2
14 14 13 3
14 14 14 2
14 14 15 1
14 15 14 3
14 15 15 1
15 11 7 3
15 13 11 1
15 14 13 1
15 15 13 1
15 15 14 6
15 15 15 4
15 15 16 1
15 16 14 1
15 16 15 2
15 16 16 2
16 12 7 1
16 12 8 7
16 13 8 1
16 13 9 1
16 16 15 6
16 17 15 1
16 17 16 4
16 17 17 4
17 12 8 1
17 13 8 7
17 13 9 11
17 14 10 1
17 14 11 2
17 15 15 1
17 17 15 3
17 17 16 21
17 17 17 9
17 18 17 3
17 18 18 2
18 14 9 1
18 14 10 5
18 14 11 1
18 15 10 1
18 15 11 1
18 15 13 1
18 17 14 1
18 17 16 1
18 17 17 1
18 18 17 3
18 18 18 2
18 18 19 1
18 19 18 7
18 19 19 2
19 15 10 2
19 15 11 7
19 16 11 5
19 16 12 5
19 16 13 1
19 17 14 2
19 18 17 3
19 19 18 4
19 19 19 2
19 20 19 6
19 20 20 5
19 21 21 2
20 16 12 4
20 16 13 2
20 17 13 1
20 17 14 3
20 18 15 1
20 18 16 1
20 19 17 1
20 19 18 1
20 20 20 1
20 21 19 9
20 21 20 10
20 21 21 9
20 22 21 2
21 19 16 1
21 19 17 4
21 20 17 1
21 20 19 1
21 21 20 5
21 21 21 1
21 21 22 1
21 22 20 10
21 22 21 16
21 22 22 6
22 19 16 1
22 20 18 1
22 21 19 2
22 21 21 1
22 22 20 1
22 22 21 9
22 22 22 10
22 22 23 2
22 23 21 1
22 23 22 26
22 23 23 7
23 23 22 4
23 23 23 14
23 24 23 28
23 24 24 11
23 25 25 1
24 23 23 1
24 24 23 9
24 24 24 8
24 24 25 1
24 25 24 33
24 25 25 24
24 25 26 1
24 26 25 3
24 26 26 1
25 24 24 1
25 25 24 8
25 25 25 12
25 25 26 2
25 26 25 16
25 26 26 64
25 26 27 18
25 27 27 1
26 26 24 1
26 26 25 3
26 26 26 59
26 26 27 12
26 27 26 53
26 27 27 74
26 27 28 12
26 28 27 4
26 28 28 2
27 27 27 11
27 27 28 10
27 28 27 20
27 28 28 74
27 28 29 5
27 29 28 2
27 29 29 1
28 28 28 25
28 28 29 7
28 29 28 28
28 29 29 65
29 29 29 9
29 29 30 4
29 30 29 1
29 30 30 15
30 30 30 44
30 30 31 1
30 31 30 3
