32
1 1 0 4
1 1 1 3
1 2 1 17
2 2 1 11
2 2 2 13
2 3 2 21
2 3 3 2
3 3 2 11
3 3 3 14
3 4 3 8
3 4 4 2
4 3 3 1
4 4 3 7
4 4 4 6
4 5 4 3
4 5 5 2
5 4 3 2
5 4 4 2
5 5 4 7
5 5 5 16
5 6 5 10
5 6 6 1
6 6 5 4
6 6 6 6
6 7 6 5
6 7 7 2
7 5 3 2
7 6 4 1
7 7 5 1
7 7 6 4
7 7 7 7
7 8 7 4
7 8 8 4
8 5 3 3
8 6 3 1
8 6 4 1
8 7 5 1
8 7 6 3
8 7 7 1
8 8 7 4
8 8 8 5
8 9 8 3
8 9 9 4
9 6 4 4
9 6 5 1
9 7 5 1
9 8 7 2
9 9 9 5
10 7 4 1
10 8 6 2
10 9 7 2
10 10 8 1
10 10 9 2
10 10 10 2
10 11 10 1
10 11 11 1
11 8 5 1
11 9 7 3
11 9 8 1
11 10 8 1
11 11 10 4
11 12 11 2
11 12 12 1
12 9 8 1
12 10 9 1
12 11 10 1
12 12 11 1
12 12 12 3
12 12 13 2
12 13 12 2
12 13 13 2
13 12 12 1
13 13 12 2
13 13 13 5
13 13 14 1
13 14 12 1
13 14 13 1
13 15 14 1
14 12 10 1
14 12 11 1
14 13 12 1
14 14 13 2
14 14 14 1
14 15 15 5
15 11 7 1
15 11 8 1
15 12 8 2
15 12 10 1
15 14 13 1
15 14 14 1
15 15 13 1
15 15 14 4
15 15 15 2
15 16 15 4
15 16 16 1
16 12 7 1
16 12 8 5
16 13 9 1
16 13 10 1
16 14 11 1
16 14 12 1
16 14 13 1
16 15 14 1
16 16 15 5
16 16 16 1
16 17 15 1
16 17 16 4
16 17 17 4
17 13 8 7
17 13 9 11
17 13 10 1
17 14 10 1
17 16 15 1
17 17 15 1
17 17 16 23
17 17 17 9
17 17 18 1
17 18 16 3
17 18 17 4
17 18 18 4
18 14 10 6
18 15 10 1
18 15 11 3
18 15 12 1
18 17 16 3
18 18 17 5
18 18 18 1
18 18 19 1
18 19 18 4
18 19 19 4
18 20 19 1
19 14 10 1
19 15 10 1
19 15 11 6
19 15 12 1
19 16 11 3
19 16 12 6
19 16 13 2
19 17 14 3
19 19 18 1
19 19 19 1
19 19 20 2
19 20 18 2
19 20 19 5
19 20 20 10
19 21 20 1
20 16 12 6
20 16 13 1
20 17 14 1
20 18 15 1
20 18 16 1
20 18 17 2
20 19 17 1
20 19 19 1
20 20 19 2
20 20 20 3
20 21 19 7
20 21 20 12
20 21 21 5
21 17 14 1
21 18 15 1
21 18 16 1
21 19 17 4
21 19 18 1
21 20 17 1
21 20 18 1
21 21 20 1
21 21 21 1
21 22 20 13
21 22 21 17
21 22 22 9
21 23 22 1
22 21 18 1
22 21 20 1
22 21 21 1
22 22 20 4
22 22 21 9
22 22 22 3
22 23 21 2
22 23 22 33
22 23 23 6
23 23 22 7
23 23 23 7
23 23 24 1
23 24 23 29
23 24 24 11
23 25 25 1
24 23 22 1
24 23 23 2
24 24 23 10
24 24 24 5
24 24 25 1
24 25 24 36
24 25 25 23
24 26 25 1
25 25 24 7
25 25 25 17
25 25 26 4
25 26 25 15
25 26 26 56
25 26 27 15
26 25 25 1
26 26 25 2
26 26 26 66
26 26 27 13
26 27 26 55
26 27 27 72
26 27 28 7
26 28 27 1
26 28 28 2
27 27 27 16
27 27 28 12
27 28 27 19
27 28 28 73
27 28 29 5
27 29 28 3
27 29 29 1
28 28 28 28
28 28 29 6
28 29 28 33
28 29 29 68
29 28 28 1
29 29 29 11
29 29 30 5
29 30 29 2
29 30 30 17
30 30 30 46
30 30 31 1
30 31 30 1
