32
0 1 0 1
1 1 0 2
1 1 1 3
1 2 1 17
2 2 1 16
2 2 2 6
2 3 2 15
2 3 3 3
3 3 2 10
3 3 3 14
3 4 3 8
4 3 3 2
4 4 3 4
4 4 4 6
4 5 4 3
5 4 3 1
5 5 4 6
5 5 5 6
5 6 5 7
5 6 6 1
6 5 3 1
6 5 4 1
6 6 4 1
6 6 5 7
6 6 6 2
6 7 6 8
6 7 7 2
7 5 3 3
7 6 5 1
7 7 6 7
7 7 7 4
7 8 7 2
7 8 8 3
8 5 3 1
8 6 3 1
8 6 4 2
8 6 5 1
8 7 5 2
8 7 6 4
8 7 8 1
8 8 6 1
8 8 7 4
8 8 8 7
8 8 9 2
8 9 8 1
8 9 9 1
9 6 4 3
9 7 4 1
9 7 5 1
9 8 7 3
9 9 7 1
9 9 8 2
9 9 9 2
9 9 10 1
9 10 9 2
9 10 10 1
9 10 11 1
10 6 4 1
10 8 7 1
10 9 8 1
10 10 9 1
10 10 10 4
10 11 11 2
11 9 7 2
11 9 8 1
11 10 9 1
11 11 10 1
11 12 11 3
12 10 8 1
12 10 9 1
12 11 9 1
12 12 10 2
12 12 11 2
12 12 12 1
12 13 12 1
12 13 13 4
13 12 10 1
13 13 12 3
13 13 13 1
13 14 13 1
13 14 14 4
14 12 11 1
14 13 12 1
14 14 13 4
14 14 14 1
14 14 15 1
14 15 14 1
14 15 15 1
15 11 7 2
15 12 8 1
15 12 10 1
15 13 11 1
15 14 13 1
15 15 13 1
15 15 14 4
15 15 15 2
15 16 15 3
15 16 16 5
16 12 8 7
16 13 8 1
16 13 9 2
16 13 10 1
16 14 13 1
16 15 15 2
16 15 16 1
16 16 15 7
16 16 16 3
16 16 17 1
16 17 16 6
16 17 17 7
17 12 8 1
17 13 8 5
17 13 9 11
17 13 10 3
17 14 10 1
17 16 15 2
17 17 15 3
17 17 16 19
17 17 17 1
17 18 16 2
17 18 17 5
17 18 18 5
18 14 9 2
18 14 10 5
18 15 10 1
18 15 11 1
18 17 16 2
18 17 17 1
18 18 17 4
18 18 18 1
18 19 18 2
18 19 19 5
19 15 11 11
19 15 12 1
19 16 11 3
19 16 12 7
19 16 13 1
19 16 14 2
19 17 13 1
19 17 14 1
19 17 15 1
19 19 18 5
19 19 19 2
19 19 20 3
19 20 19 7
19 20 20 6
19 21 20 1
19 21 21 2
20 16 12 4
20 17 14 2
20 18 16 2
20 19 16 1
20 19 19 1
20 20 19 2
20 20 20 3
20 20 21 1
20 21 19 9
20 21 20 9
20 21 21 6
20 22 21 1
21 18 16 1
21 19 17 4
21 19 18 2
21 20 17 1
21 21 20 4
21 21 21 2
21 21 22 1
21 22 20 10
21 22 21 17
21 22 22 10
22 20 18 1
22 21 19 1
22 21 20 1
22 22 20 1
22 22 21 7
22 22 22 8
22 22 23 1
22 23 21 1
22 23 22 33
22 23 23 1
22 23 24 1
23 22 20 1
23 22 21 1
23 23 22 2
23 23 23 6
23 24 22 1
23 24 23 34
23 24 24 13
23 25 24 1
24 23 22 1
24 23 23 1
24 24 23 8
24 24 24 9
24 24 25 2
24 25 24 35
24 25 25 27
24 25 26 1
24 26 25 1
25 24 24 1
25 25 23 1
25 25 24 5
25 25 25 12
25 25 26 3
25 26 25 15
25 26 26 62
25 26 27 17
25 27 27 1
26 26 25 4
26 26 26 64
26 26 27 9
26 27 26 50
26 27 27 78
26 27 28 9
26 28 28 1
27 27 27 16
27 27 28 12
27 28 27 23
27 28 28 72
27 28 29 5
27 29 28 3
27 29 29 2
28 28 28 34
28 28 29 6
28 29 28 30
28 29 29 61
29 29 29 11
29 29 30 4
29 30 29 1
29 30 30 20
30 30 30 62
30 31 30 2
30 31 31 1
