32
1 1 0 4
1 2 1 6
1 2 2 1
2 2 1 31
2 2 2 15
2 3 1 2
2 3 2 10
2 3 3 2
2 3 4 1
3 2 2 2
3 3 2 13
3 3 3 3
3 4 3 1
3 4 4 1
3 4 5 1
4 4 2 1
4 4 3 3
4 4 4 3
4 5 4 5
4 5 5 4
4 6 6 1
5 4 3 1
5 5 4 5
5 5 5 4
5 5 6 3
5 6 6 8
5 6 7 3
5 6 8 1
6 5 4 1
6 5 5 1
6 6 6 1
6 7 6 1
6 7 8 3
6 8 9 1
7 7 5 1
7 7 7 1
7 7 9 1
7 8 6 1
7 8 7 1
7 8 9 1
8 7 4 2
8 7 5 2
8 8 7 3
8 8 8 2
8 8 9 1
8 9 8 1
8 9 9 1
8 9 10 1
9 7 4 1
9 8 6 2
9 9 7 2
9 9 9 2
9 10 11 2
10 8 6 1
10 9 6 2
10 9 7 2
10 10 7 1
10 10 10 1
10 11 10 1
10 11 11 2
10 11 12 2
11 8 6 1
11 9 6 2
11 10 7 3
11 10 8 2
11 10 9 1
11 11 9 1
11 11 11 1
11 12 12 2
11 12 13 1
11 13 13 1
12 10 6 1
12 11 8 2
12 11 9 3
12 12 10 1
12 12 14 1
12 13 12 1
12 13 13 3
12 13 14 3
12 14 14 1
12 14 15 1
13 11 8 2
13 11 9 1
13 12 9 2
13 12 10 2
13 13 11 2
13 13 13 2
13 14 14 3
13 14 15 2
13 14 16 2
13 15 15 2
13 15 16 2
14 11 6 1
14 11 7 2
14 11 8 1
14 12 8 1
14 12 10 1
14 13 11 2
14 14 13 1
14 14 15 1
14 15 14 1
14 15 15 1
14 15 16 3
14 16 16 4
15 11 5 1
15 12 7 2
15 12 8 1
15 13 9 1
15 14 11 1
15 15 12 1
15 16 16 2
15 16 17 2
15 16 18 1
15 17 17 4
15 17 18 3
16 11 6 1
16 12 7 5
16 12 8 7
16 13 8 6
16 13 9 2
16 13 10 1
16 14 12 1
16 15 13 1
16 17 17 5
16 17 18 3
16 17 19 2
16 18 19 3
17 12 7 5
17 13 7 5
17 13 8 6
17 13 9 10
17 13 10 2
17 14 9 1
17 14 10 7
17 14 11 7
17 14 13 1
17 15 12 2
17 16 15 1
17 17 17 2
17 18 18 4
17 18 19 4
17 18 20 1
17 19 18 2
17 19 19 2
17 19 20 6
18 13 6 3
18 14 12 1
18 15 10 1
18 15 11 1
18 15 12 1
18 15 13 1
18 16 12 1
18 16 13 1
18 17 14 1
18 17 15 2
18 18 18 2
18 18 19 1
18 19 18 1
18 19 19 1
18 19 20 3
18 19 21 1
18 20 20 10
18 20 21 5
18 21 21 1
18 21 22 1
19 14 6 1
19 14 7 1
19 14 8 1
19 16 13 1
19 17 14 2
19 18 16 1
19 18 17 2
19 19 17 2
19 19 18 4
19 20 20 4
19 20 21 6
19 20 22 1
19 21 21 7
19 21 22 2
19 22 22 2
20 14 7 3
20 16 10 1
20 17 14 1
20 18 15 1
20 18 16 1
20 18 17 2
20 20 20 3
20 20 21 2
20 21 20 2
20 21 21 4
20 21 22 7
20 22 22 3
20 22 23 8
20 23 23 3
21 16 9 1
21 18 14 1
21 18 15 1
21 19 15 1
21 19 17 2
21 19 18 1
21 20 16 1
21 20 17 1
21 20 18 1
21 20 19 1
21 21 21 4
21 21 22 1
21 22 22 4
21 22 23 12
21 22 24 1
21 23 23 8
21 23 24 6
21 24 25 2
22 19 14 1
22 19 15 1
22 20 17 1
22 20 18 2
22 21 17 3
22 21 18 1
22 21 19 1
22 21 20 1
22 21 21 1
22 22 20 1
22 22 21 1
22 22 22 7
22 22 23 2
22 22 24 1
22 23 22 1
22 23 23 3
22 23 24 12
22 23 25 1
22 24 24 1
22 24 25 10
22 24 26 1
23 21 19 1
23 21 20 1
23 22 19 1
23 23 21 1
23 23 22 3
23 23 23 1
23 23 24 4
23 24 24 3
23 24 25 10
23 24 26 6
23 25 26 6
23 25 27 1
23 26 27 1
24 22 21 1
24 23 19 1
24 23 21 1
24 23 22 2
24 24 22 2
24 24 23 1
24 24 24 1
24 24 25 2
24 24 26 1
24 25 25 16
24 25 26 24
24 25 27 4
24 26 26 7
24 26 27 19
24 26 28 2
25 23 18 1
25 23 19 1
25 24 21 1
25 24 23 1
25 25 24 7
25 25 25 12
25 25 26 14
25 26 25 3
25 26 26 30
25 26 27 48
25 26 28 20
25 27 27 12
25 27 28 29
25 27 29 2
26 24 20 1
26 25 22 3
26 26 24 3
26 26 25 6
26 26 26 38
26 26 27 23
26 27 26 47
26 27 27 57
26 27 28 69
26 27 29 6
26 28 28 23
26 28 29 10
26 28 30 6
27 25 21 1
27 26 21 1
27 26 22 2
27 27 26 13
27 27 27 18
27 27 28 21
27 28 28 9
27 28 29 10
27 29 29 1
27 29 30 8
28 26 22 3
28 26 24 2
28 27 23 2
28 27 25 1
28 28 27 1
28 28 28 2
28 29 29 2
28 29 30 4
28 30 30 2
29 27 23 18
29 27 24 7
29 28 24 1
29 30 30 11
29 31 31 3
30 30 30 34
30 31 30 9
30 31 31 6
