32
0 1 0 1
1 1 0 3
1 1 1 2
1 2 1 20
2 2 1 18
2 2 2 9
2 3 2 18
2 3 3 7
2 4 4 1
3 3 2 11
3 3 3 15
3 4 3 5
4 3 3 1
4 4 2 1
4 4 3 5
4 4 4 3
4 5 4 2
4 5 5 1
5 4 4 1
5 5 4 6
5 5 5 3
5 6 4 1
5 6 5 5
5 6 6 1
6 5 3 1
6 5 4 2
6 6 4 1
6 6 5 7
6 7 6 5
6 7 7 1
7 5 3 2
7 6 5 2
7 7 6 9
7 7 7 2
7 8 7 2
7 8 8 1
8 5 3 3
8 6 3 1
8 6 4 1
8 7 4 1
8 7 5 1
8 7 6 3
8 8 7 6
8 8 8 1
8 9 8 5
8 9 9 2
8 9 10 1
9 6 3 1
9 6 4 3
9 7 5 3
9 7 6 1
9 8 6 1
9 8 7 2
9 9 8 2
9 9 9 2
9 9 10 1
9 10 9 1
9 10 10 2
9 10 11 1
10 7 4 1
10 9 7 1
10 9 8 1
10 10 10 2
10 11 10 1
10 11 12 1
11 8 6 1
11 9 7 1
11 9 8 1
11 11 10 2
12 9 7 1
12 10 7 1
12 10 8 1
12 10 9 1
12 11 9 1
12 12 11 2
12 12 13 1
12 13 12 1
12 13 13 2
13 11 10 1
13 13 11 1
13 13 12 1
13 13 13 4
13 13 14 1
13 14 12 1
13 14 13 2
13 14 14 1
13 15 14 1
14 11 8 1
14 11 10 1
14 12 11 1
14 13 12 1
14 14 13 4
14 14 14 1
14 14 15 2
14 15 13 2
14 15 15 1
15 11 8 1
15 12 8 1
15 12 10 1
15 13 11 1
15 14 13 2
15 15 14 2
15 15 15 3
15 15 16 1
15 16 15 2
15 17 17 1
16 11 7 1
16 12 7 2
16 12 8 6
16 13 8 1
16 13 10 2
16 16 15 5
16 16 16 2
16 17 16 3
16 17 17 3
17 12 8 1
17 13 8 4
17 13 9 10
17 13 10 2
17 14 10 4
17 15 15 1
17 16 16 1
17 17 15 3
17 17 16 15
17 18 16 3
17 18 17 5
17 18 18 3
17 19 19 1
18 14 9 1
18 14 10 6
18 15 10 1
18 15 11 3
18 15 13 1
18 17 16 1
18 17 17 1
18 18 17 6
18 19 18 5
18 19 19 1
19 15 11 8
19 15 12 1
19 16 11 3
19 16 12 5
19 16 13 2
19 17 14 2
19 17 15 1
19 17 16 1
19 18 16 1
19 18 18 1
19 19 18 4
19 19 19 3
19 20 18 1
19 20 19 6
19 20 20 5
20 16 11 1
20 16 12 4
20 16 13 1
20 17 13 1
20 17 14 2
20 17 15 1
20 18 16 1
20 19 17 1
20 19 18 1
20 20 19 1
20 20 20 1
20 21 19 6
20 21 20 8
20 21 21 5
20 22 21 1
21 17 14 1
21 19 17 3
21 20 19 1
21 21 20 5
21 21 21 3
21 21 22 1
21 22 20 11
21 22 21 17
21 22 22 9
22 19 16 1
22 20 17 1
22 20 18 1
22 20 19 1
22 21 20 1
22 21 21 1
22 22 20 1
22 22 21 11
22 22 22 5
22 22 23 1
22 23 22 36
22 23 23 4
23 23 21 2
23 23 22 5
23 23 23 4
23 24 22 1
23 24 23 31
23 24 24 10
23 24 25 1
24 23 22 1
24 23 23 2
24 24 23 8
24 24 24 12
24 25 24 32
24 25 25 20
24 26 25 1
24 26 26 1
25 24 24 2
25 25 24 1
25 25 25 10
25 25 26 4
25 26 24 3
25 26 25 20
25 26 26 44
25 27 26 1
26 26 25 1
26 26 26 57
26 26 27 8
26 27 26 48
26 27 27 60
26 27 28 2
26 28 27 5
27 27 27 9
27 27 28 8
27 28 27 13
27 28 28 29
27 28 29 4
27 29 28 1
28 28 28 22
28 28 29 4
28 29 28 18
28 29 29 29
29 29 28 1
29 29 29 13
29 29 30 1
29 30 29 2
29 30 30 9
30 30 30 91
30 31 30 1
