32
1 1 0 4
1 2 0 1
1 2 1 5
2 2 1 34
2 2 2 11
2 3 1 1
2 3 2 16
2 3 3 1
3 2 2 1
3 3 1 3
3 3 2 21
3 3 3 6
3 4 3 2
3 4 4 1
4 3 2 1
4 4 2 1
4 4 3 3
4 4 4 19
4 4 5 1
4 5 4 9
4 5 5 9
4 5 6 1
5 5 4 2
5 5 5 4
5 5 6 2
5 6 5 1
5 6 6 5
5 6 7 4
6 5 4 1
6 6 4 1
6 6 5 2
6 6 6 3
6 6 7 2
6 6 8 1
7 6 5 1
7 7 7 2
7 7 9 1
7 8 8 3
8 7 6 1
8 8 7 3
8 8 8 2
8 8 9 1
8 9 7 2
8 9 8 1
8 9 9 2
9 8 5 1
9 8 7 1
9 9 7 1
9 9 8 1
9 9 9 2
9 9 10 1
9 10 10 1
9 10 11 2
10 9 6 3
10 10 8 1
10 10 11 2
10 11 11 1
10 11 12 3
10 12 12 1
11 8 6 1
11 9 6 2
11 9 7 1
11 10 7 1
11 10 8 2
11 10 9 1
11 11 9 1
11 11 11 2
11 11 12 1
11 12 12 2
11 12 13 1
12 10 7 1
12 11 8 2
12 11 9 1
12 12 9 1
12 12 10 1
12 12 12 1
12 12 13 1
12 13 13 3
12 13 14 4
12 14 14 2
13 12 9 2
13 12 10 2
13 13 12 1
13 13 15 1
13 14 13 2
13 14 14 1
13 14 15 2
13 15 15 4
14 11 7 1
14 11 8 1
14 12 9 2
14 13 10 2
14 13 12 1
14 14 13 1
14 14 15 1
14 15 15 1
14 15 16 4
14 16 16 1
14 16 17 1
15 12 8 1
15 12 9 1
15 13 10 1
15 15 14 1
15 15 15 1
15 16 16 3
15 16 17 2
15 17 17 3
15 17 18 2
16 12 6 4
16 12 7 4
16 12 8 6
16 13 8 6
16 13 10 1
16 14 12 2
16 15 12 1
16 16 13 1
16 16 16 1
16 16 18 1
16 17 17 5
16 17 18 3
16 17 19 3
16 18 17 1
16 18 18 1
16 18 19 3
17 12 6 1
17 12 7 5
17 13 7 8
17 13 8 2
17 13 9 13
17 13 10 5
17 14 10 12
17 14 11 4
17 14 12 1
17 16 13 1
17 17 16 1
17 17 17 1
17 18 17 7
17 18 18 8
17 18 19 7
17 19 18 9
17 19 19 5
17 19 20 5
17 19 21 1
18 13 9 1
18 15 10 1
18 15 11 2
18 15 12 4
18 16 13 1
18 16 15 1
18 17 16 1
18 18 18 2
18 18 19 3
18 19 18 3
18 19 19 6
18 19 20 8
18 19 21 1
18 20 19 1
18 20 20 19
18 20 21 3
18 21 21 1
19 13 6 1
19 14 6 1
19 16 13 1
19 17 15 1
19 18 15 1
19 18 16 3
19 19 16 1
19 19 17 1
19 19 18 3
19 19 19 3
19 19 20 2
19 20 19 3
19 20 20 7
19 20 21 5
19 20 22 1
19 21 21 14
19 21 22 10
19 22 22 4
20 14 7 2
20 15 7 3
20 15 8 1
20 15 10 1
20 16 12 1
20 18 15 2
20 18 16 3
20 19 17 2
20 20 20 1
20 20 21 1
20 21 20 1
20 21 21 6
20 21 22 4
20 22 22 11
20 22 23 9
20 23 23 1
20 23 24 1
21 16 10 1
21 17 10 1
21 19 16 3
21 19 17 2
21 20 17 1
21 20 18 1
21 20 19 1
21 21 20 1
21 21 21 3
21 21 22 2
21 22 21 1
21 22 22 6
21 22 23 12
21 22 24 1
21 23 23 2
21 23 24 6
22 19 14 2
22 19 15 1
22 20 17 2
22 20 18 1
22 21 18 1
22 21 20 1
22 21 22 1
22 22 19 1
22 22 22 5
22 23 22 1
22 23 23 8
22 23 24 11
22 23 25 1
22 24 24 2
22 24 25 3
22 24 26 1
23 21 18 1
23 22 20 2
23 22 23 1
23 23 21 1
23 23 22 1
23 23 24 5
23 24 24 5
23 24 25 14
23 24 26 6
23 25 25 4
23 25 26 5
23 25 27 1
23 26 27 1
24 20 16 1
24 22 19 1
24 22 21 1
24 23 21 1
24 23 22 1
24 24 23 3
24 24 24 1
24 24 25 1
24 25 25 22
24 25 26 29
24 25 27 10
24 26 26 8
24 26 27 13
24 26 28 5
25 23 18 1
25 23 21 2
25 24 20 1
25 24 22 2
25 25 24 4
25 25 25 8
25 25 26 17
25 25 27 2
25 26 25 5
25 26 26 29
25 26 27 32
25 26 28 28
25 27 27 12
25 27 28 17
25 27 29 7
25 28 29 1
26 23 21 1
26 24 20 1
26 25 21 1
26 25 22 2
26 25 24 1
26 25 25 1
26 26 24 3
26 26 25 7
26 26 26 32
26 26 27 22
26 26 28 2
26 27 26 34
26 27 27 45
26 27 28 59
26 27 29 5
26 28 28 4
26 28 29 5
26 28 30 8
27 26 23 1
27 26 25 1
27 26 26 2
27 27 26 32
27 27 27 33
27 27 28 35
27 27 29 1
27 28 27 2
27 28 28 12
27 28 29 8
27 29 29 1
27 29 30 2
28 26 22 1
28 26 23 2
28 27 23 2
28 27 24 1
28 28 27 2
28 29 29 1
28 29 30 3
28 30 30 1
29 27 23 2
29 28 23 1
29 28 24 17
29 28 26 1
29 28 27 1
29 29 28 1
29 29 30 1
29 30 30 5
29 30 31 1
30 28 24 10
30 30 30 7
30 31 30 6
