32
1 1 0 3
1 1 1 2
1 2 1 18
2 2 1 15
2 2 2 7
2 3 2 18
2 3 3 3
3 3 2 8
3 3 3 18
3 4 3 7
4 3 3 2
4 4 3 3
4 4 4 8
4 5 4 2
4 5 5 3
5 4 4 1
5 5 4 8
5 5 5 12
5 6 5 11
5 6 6 3
6 5 3 1
6 5 4 1
6 5 5 1
6 6 5 8
6 6 6 7
6 7 6 6
6 7 7 4
7 4 3 1
7 5 3 1
7 6 5 1
7 7 6 4
7 7 7 3
7 8 7 3
7 8 8 3
8 5 3 3
8 6 4 1
8 6 5 1
8 7 5 1
8 7 6 3
8 8 7 3
8 8 8 2
8 8 9 1
8 9 8 1
8 9 9 2
9 6 4 4
9 7 5 1
9 8 6 1
9 8 7 2
9 9 8 3
9 9 9 6
9 10 9 1
9 10 10 2
10 7 4 1
10 7 5 1
10 9 7 2
10 9 8 1
10 10 9 2
10 10 10 1
10 11 10 1
10 11 11 1
11 8 7 1
11 9 8 1
11 11 10 1
11 11 11 3
11 11 12 1
11 12 11 2
12 10 8 1
12 10 9 1
12 11 10 1
12 12 10 1
12 12 11 2
12 12 12 2
12 12 13 1
12 13 12 1
12 13 13 1
13 10 8 1
13 11 10 1
13 12 11 1
13 13 11 1
13 13 12 3
13 13 13 5
13 14 13 2
13 14 14 2
13 15 15 1
14 13 11 1
14 13 12 1
14 14 13 2
14 14 14 1
14 14 15 1
14 15 15 4
15 11 7 1
15 11 8 1
15 12 8 1
15 12 11 1
15 13 11 1
15 14 13 1
15 15 13 1
15 15 14 4
15 15 15 3
15 16 15 3
15 16 16 1
16 12 8 8
16 13 10 2
16 14 13 1
16 16 15 6
16 16 16 1
16 17 15 1
16 17 16 5
16 17 17 4
17 13 8 6
17 13 9 13
17 13 10 1
17 14 10 2
17 15 15 1
17 16 15 1
17 17 15 1
17 17 16 26
17 17 17 3
17 17 18 2
17 18 16 1
17 18 17 4
17 18 18 6
18 14 9 1
18 14 10 5
18 14 11 1
18 15 10 1
18 15 11 2
18 17 16 1
18 17 17 2
18 18 17 6
18 18 18 1
18 18 19 1
18 19 17 1
18 19 18 6
18 19 19 2
19 15 10 2
19 15 11 8
19 15 13 1
19 16 11 3
19 16 12 6
19 16 13 1
19 17 14 2
19 17 15 1
19 18 17 2
19 19 18 1
19 19 19 3
19 19 20 1
19 20 19 4
19 20 20 9
19 20 21 1
20 16 11 1
20 16 12 5
20 17 14 2
20 18 16 2
20 18 17 1
20 19 17 1
20 20 19 1
20 20 20 1
20 20 21 2
20 21 19 7
20 21 20 15
20 21 21 5
20 22 21 2
21 18 15 1
21 19 16 3
21 19 17 3
21 19 19 1
21 20 18 1
21 21 20 4
21 21 21 6
21 21 22 3
21 22 20 13
21 22 21 19
21 22 22 8
21 22 23 1
22 20 19 2
22 21 19 1
22 21 21 1
22 22 21 5
22 22 22 11
22 22 23 2
22 23 21 1
22 23 22 26
22 23 23 2
23 22 21 3
23 23 21 2
23 23 22 3
23 23 23 13
23 23 24 1
23 24 23 25
23 24 24 9
24 23 22 1
24 23 23 1
24 24 23 13
24 24 24 8
24 24 25 1
24 25 24 31
24 25 25 22
24 26 25 1
25 23 24 1
25 24 23 1
25 25 23 1
25 25 24 5
25 25 25 13
25 25 26 4
25 26 25 18
25 26 26 55
25 26 27 17
25 27 27 2
26 25 25 1
26 25 26 1
26 26 26 65
26 26 27 9
26 27 26 55
26 27 27 71
26 27 28 8
26 28 27 1
26 28 28 1
27 27 27 19
27 27 28 15
27 28 27 20
27 28 28 77
27 28 29 4
27 29 28 3
27 29 29 1
28 28 28 29
28 28 29 5
28 29 28 26
28 29 29 65
29 29 29 10
29 29 30 4
29 30 30 17
30 30 30 51
30 31 30 1
30 31 31 1
