32
1 1 0 3
1 1 1 4
1 2 1 20
2 2 1 16
2 2 2 8
2 3 2 19
2 3 3 3
2 4 4 1
3 3 2 10
3 3 3 17
3 4 3 5
4 3 3 2
4 4 3 3
4 4 4 7
4 5 4 4
4 5 5 1
5 4 4 1
5 5 4 10
5 5 5 14
5 6 5 10
5 6 6 1
6 5 3 2
6 5 4 2
6 6 5 5
6 6 6 5
6 7 6 5
6 7 7 4
7 5 3 2
7 6 5 1
7 7 6 3
7 7 7 7
7 7 8 1
7 8 7 2
7 8 8 2
8 5 3 1
8 6 3 1
8 6 4 2
8 6 5 1
8 7 6 2
8 8 6 2
8 8 7 3
8 8 8 5
8 8 9 1
8 9 8 2
8 9 9 2
9 6 4 3
9 8 6 2
9 9 8 2
9 9 9 4
9 9 10 2
9 10 9 2
9 11 11 1
10 6 4 1
10 10 9 2
10 10 10 1
10 11 9 1
10 11 11 1
11 9 7 1
11 9 8 2
11 11 9 1
11 11 10 3
11 11 12 1
11 12 11 2
11 12 12 2
12 10 7 1
12 10 8 1
12 11 10 1
12 12 11 1
12 12 12 4
12 13 12 2
12 13 13 2
13 9 7 1
13 11 9 1
13 13 11 1
13 13 12 2
13 13 13 3
13 14 14 3
13 15 13 1
13 15 15 1
14 11 7 1
14 13 11 1
14 13 12 1
14 14 13 5
14 14 14 2
14 15 15 3
15 11 7 1
15 12 8 1
15 13 11 1
15 14 13 1
15 15 14 3
15 15 15 1
15 16 15 3
16 12 8 7
16 13 8 1
16 13 9 2
16 13 10 2
16 13 11 1
16 16 15 9
16 16 16 1
16 17 16 5
16 17 17 4
17 13 8 6
17 13 9 11
17 14 9 1
17 14 10 1
17 16 15 2
17 17 15 2
17 17 16 20
17 17 17 6
17 17 18 3
17 18 17 6
17 18 18 5
17 18 19 1
18 14 9 1
18 14 10 6
18 15 10 1
18 15 11 1
18 15 13 1
18 18 17 3
18 18 18 1
18 18 19 3
18 19 18 6
18 19 19 2
18 20 20 1
19 15 10 1
19 15 11 9
19 15 12 1
19 16 11 3
19 16 12 6
19 16 13 1
19 17 13 1
19 17 14 2
19 17 16 1
19 18 16 1
19 18 18 1
19 19 18 2
19 19 19 2
19 19 20 1
19 20 19 7
19 20 20 8
19 21 21 2
20 16 12 6
20 17 14 3
20 18 16 3
20 19 17 1
20 20 20 1
20 20 21 1
20 21 19 5
20 21 20 15
20 21 21 7
21 18 16 1
21 19 16 1
21 19 17 1
21 20 17 1
21 20 18 1
21 20 19 1
21 21 20 1
21 21 21 3
21 21 22 2
21 22 20 10
21 22 21 18
21 22 22 6
21 22 23 1
22 20 19 1
22 20 20 1
22 21 18 1
22 21 19 1
22 21 20 2
22 22 20 1
22 22 21 8
22 22 22 13
22 22 23 2
22 23 22 29
22 23 23 4
23 23 21 2
23 23 22 3
23 23 23 12
23 23 24 1
23 24 22 1
23 24 23 27
23 24 24 10
24 23 22 1
24 23 24 1
24 24 23 8
24 24 24 12
24 25 24 30
24 25 25 28
24 26 25 2
24 26 26 1
25 25 24 7
25 25 25 10
25 25 26 8
25 26 25 13
25 26 26 60
25 26 27 20
25 27 27 3
26 25 25 1
26 26 25 1
26 26 26 66
26 26 27 10
26 27 26 48
26 27 27 70
26 27 28 11
26 28 28 3
27 27 27 17
27 27 28 17
27 28 27 18
27 28 28 79
27 28 29 7
27 29 28 4
27 29 29 2
28 28 28 22
28 28 29 7
28 29 28 11
28 29 29 69
28 29 30 1
29 29 29 4
29 29 30 5
29 30 30 16
30 30 30 37
30 30 31 1
30 31 31 1
