32
0 1 0 1
1 1 0 5
1 1 1 3
1 2 1 17
2 2 1 12
2 2 2 9
2 3 2 16
2 3 3 3
3 3 2 8
3 3 3 14
3 4 3 6
4 3 2 1
4 3 3 2
4 4 3 4
4 4 4 6
4 5 4 6
4 5 5 2
5 4 3 1
5 4 4 1
5 5 4 4
5 5 5 15
5 6 5 10
5 6 6 3
6 5 4 1
6 6 4 1
6 6 5 4
6 6 6 5
6 7 6 9
6 7 7 5
7 5 3 3
7 6 5 1
7 7 6 5
7 7 7 6
7 8 7 2
7 8 8 3
8 5 3 3
8 6 4 2
8 6 5 2
8 7 5 1
8 7 6 3
8 7 8 1
8 8 6 1
8 8 7 2
8 8 8 2
8 9 8 3
8 9 9 4
9 6 4 4
9 7 5 1
9 9 8 3
9 9 9 3
9 9 10 1
9 10 9 1
9 10 10 3
10 7 4 1
10 8 6 2
10 8 7 1
10 9 7 1
10 9 8 1
10 10 10 1
10 11 10 2
10 11 11 1
11 8 7 1
11 9 7 1
11 10 10 1
11 11 10 2
11 11 11 3
11 11 12 1
11 12 11 3
12 9 8 1
12 10 8 2
12 11 9 1
12 12 11 2
12 12 12 1
12 13 12 1
12 13 13 2
13 13 12 3
13 13 13 8
13 14 14 2
14 12 10 1
14 12 11 1
14 13 11 2
14 14 13 4
14 14 14 3
14 15 14 1
15 11 7 1
15 12 8 1
15 13 11 1
15 14 13 2
15 15 14 4
15 15 16 2
15 16 15 4
15 17 15 1
16 12 7 1
16 12 8 6
16 13 8 1
16 13 9 1
16 13 10 2
16 15 14 1
16 16 15 7
16 16 16 3
16 17 15 2
16 17 16 5
16 17 17 5
17 12 8 1
17 13 8 5
17 13 9 14
17 14 10 1
17 16 15 2
17 17 15 1
17 17 16 22
17 17 17 5
17 17 18 2
17 18 17 4
17 18 18 2
17 19 19 1
18 13 9 1
18 14 10 5
18 14 11 1
18 15 10 2
18 15 11 3
18 15 12 1
18 17 16 1
18 18 17 9
18 18 18 3
18 19 18 4
18 19 19 6
19 15 11 7
19 15 12 1
19 16 11 3
19 16 12 6
19 16 13 3
19 17 14 1
19 17 15 1
19 18 15 1
19 18 18 1
19 19 18 4
19 19 19 1
19 19 20 1
19 20 19 6
19 20 20 5
19 21 20 1
20 16 12 4
20 17 13 1
20 17 14 2
20 17 15 1
20 18 16 1
20 18 17 2
20 19 17 2
20 20 19 3
20 20 20 3
20 20 21 2
20 21 19 8
20 21 20 12
20 21 21 5
20 22 21 1
21 17 14 1
21 18 15 1
21 19 16 1
21 19 17 3
21 20 18 1
21 21 20 3
21 21 21 5
21 21 22 1
21 22 20 14
21 22 21 15
21 22 22 8
22 20 19 1
22 20 20 1
22 21 18 1
22 21 20 1
22 22 21 8
22 22 22 5
22 23 21 2
22 23 22 32
22 23 23 7
23 22 20 1
23 22 21 2
23 22 22 1
23 23 22 7
23 23 23 14
23 23 24 1
23 24 23 27
23 24 24 9
24 23 22 1
24 23 23 1
24 24 23 8
24 24 24 12
24 25 24 34
24 25 25 21
24 25 26 1
24 26 25 1
25 24 24 1
25 25 24 4
25 25 25 15
25 25 26 3
25 26 25 16
25 26 26 57
25 26 27 14
26 25 25 2
26 26 25 3
26 26 26 59
26 26 27 14
26 27 26 57
26 27 27 70
26 27 28 8
26 28 27 5
26 28 28 2
27 26 27 1
27 27 27 11
27 27 28 12
27 28 27 25
27 28 28 65
27 28 29 3
27 29 28 2
27 29 29 1
28 28 28 25
28 28 29 8
28 29 28 31
28 29 29 69
29 29 29 7
29 29 30 6
29 30 29 1
29 30 30 17
30 30 30 51
30 31 30 3
