32
1 1 0 3
1 2 1 5
1 3 2 1
2 2 1 35
2 2 2 7
2 3 1 1
2 3 2 13
3 2 2 2
3 3 1 1
3 3 2 17
3 3 3 2
3 4 3 5
3 4 4 1
4 4 2 2
4 4 3 1
4 4 4 18
4 4 5 1
4 5 4 8
4 5 5 5
4 6 6 1
5 5 3 1
5 5 4 3
5 5 5 6
5 5 6 3
5 6 5 2
5 6 6 5
5 6 7 2
5 7 8 1
6 5 4 2
6 6 4 1
6 6 7 2
6 6 8 1
6 7 5 1
6 7 7 1
6 7 8 3
7 7 5 1
7 7 6 1
7 7 7 1
7 7 8 1
7 8 8 3
7 8 9 1
8 7 4 1
8 7 5 1
8 8 6 3
8 8 7 3
8 8 8 3
8 8 9 2
8 8 10 1
8 9 10 1
9 7 4 3
9 8 5 1
9 8 6 2
9 8 7 1
9 8 8 1
9 9 7 1
9 9 8 2
9 9 9 1
9 10 10 1
9 10 11 1
10 9 6 3
10 9 7 1
10 11 10 1
10 11 12 2
10 12 12 1
11 9 7 1
11 10 6 1
11 10 7 1
11 10 8 1
11 11 9 1
11 11 12 1
11 12 12 3
11 12 13 4
11 13 13 1
12 9 6 1
12 10 7 2
12 10 8 1
12 11 8 2
12 11 9 1
12 12 10 2
12 12 11 1
12 12 12 2
12 13 13 2
12 13 14 3
12 14 14 2
13 12 9 3
13 12 10 1
13 13 10 1
13 13 13 1
13 13 14 1
13 13 15 1
13 14 14 1
13 14 15 2
13 15 15 4
14 11 8 1
14 12 8 2
14 13 10 2
14 14 13 1
14 15 15 2
14 15 16 3
14 15 17 1
14 16 16 1
14 16 17 2
15 11 7 1
15 12 8 1
15 12 9 1
15 13 11 1
15 14 12 3
15 15 12 2
15 15 16 1
15 16 16 3
15 16 17 7
15 17 17 3
15 17 18 1
16 11 5 1
16 12 6 5
16 12 7 4
16 12 8 6
16 13 8 4
16 13 9 2
16 13 10 1
16 13 11 1
16 17 16 1
16 17 17 4
16 17 18 5
16 18 17 4
16 18 19 4
17 12 7 5
17 13 7 7
17 13 8 6
17 13 9 9
17 13 10 1
17 14 9 2
17 14 10 13
17 14 11 7
17 14 12 1
17 17 15 1
17 17 17 1
17 17 18 1
17 18 17 4
17 18 18 12
17 18 19 7
17 19 18 11
17 19 19 8
17 19 20 3
18 14 8 1
18 14 10 2
18 15 10 1
18 15 11 1
18 15 12 2
18 15 13 1
18 16 12 1
18 17 14 1
18 17 15 2
18 17 16 2
18 18 19 1
18 19 18 7
18 19 19 6
18 19 20 6
18 20 19 1
18 20 20 18
18 20 21 8
19 13 6 1
19 14 6 1
19 16 12 1
19 16 13 1
19 16 14 1
19 17 15 2
19 19 17 1
19 19 18 1
19 19 19 2
19 19 20 2
19 20 19 1
19 20 20 9
19 20 21 5
19 21 20 1
19 21 21 16
19 21 22 8
19 22 22 6
20 14 7 2
20 15 7 3
20 15 8 1
20 18 14 2
20 18 16 1
20 18 17 2
20 19 17 2
20 20 20 2
20 20 21 1
20 21 20 1
20 21 21 3
20 21 22 5
20 22 22 7
20 22 23 11
20 23 23 1
21 16 10 2
21 19 15 1
21 19 16 1
21 19 17 2
21 20 18 1
21 20 19 1
21 21 20 1
21 21 21 3
21 21 22 2
21 22 22 6
21 22 23 13
21 22 24 1
21 23 23 2
21 23 24 9
21 23 25 1
22 19 14 1
22 19 15 2
22 19 17 1
22 20 17 2
22 20 18 1
22 21 17 1
22 21 18 1
22 21 20 1
22 21 21 1
22 22 20 1
22 22 21 1
22 22 22 3
22 22 23 2
22 23 22 1
22 23 23 6
22 23 24 9
22 24 24 3
22 24 25 1
22 24 26 1
23 21 19 2
23 22 18 2
23 22 19 2
23 22 20 1
23 23 21 2
23 23 22 3
23 23 23 1
23 23 24 4
23 23 25 1
23 24 24 6
23 24 25 10
23 24 26 6
23 25 25 2
23 25 26 6
23 26 27 1
24 24 22 2
24 24 23 1
24 24 24 2
24 25 25 19
24 25 26 38
24 25 27 14
24 26 26 9
24 26 27 17
24 26 28 3
25 22 17 1
25 23 19 1
25 24 22 2
25 24 23 1
25 24 24 1
25 25 24 5
25 25 25 7
25 25 26 17
25 26 25 3
25 26 26 26
25 26 27 35
25 26 28 28
25 27 27 13
25 27 28 22
25 27 29 5
26 24 20 3
26 24 21 1
26 24 22 1
26 25 22 1
26 25 23 1
26 25 24 3
26 26 24 1
26 26 25 9
26 26 26 37
26 26 27 24
26 26 28 1
26 27 26 37
26 27 27 47
26 27 28 54
26 27 29 3
26 28 28 12
26 28 29 10
26 28 30 6
27 25 22 1
27 26 21 1
27 26 22 1
27 26 23 2
27 26 25 1
27 27 26 34
27 27 27 21
27 27 28 28
27 27 29 1
27 28 28 16
27 28 29 5
27 28 30 2
27 29 29 1
27 29 30 4
28 26 22 1
28 26 23 1
28 27 22 1
28 27 23 1
28 27 24 1
28 27 25 1
28 28 25 1
28 28 27 1
28 28 28 1
28 29 28 1
28 29 30 7
28 30 30 2
29 27 23 4
29 27 24 1
29 28 23 2
29 28 24 21
29 28 27 1
29 30 30 8
29 30 31 1
30 28 24 3
30 30 30 14
30 31 30 5
30 31 31 1
