32
0 1 0 1
1 1 0 2
1 1 1 2
1 2 1 12
2 2 1 16
2 2 2 8
2 3 2 18
2 3 3 5
3 3 1 1
3 3 2 8
3 3 3 12
3 4 3 6
3 4 4 1
4 3 3 2
4 4 3 4
4 4 4 10
4 5 4 3
4 5 5 3
5 4 3 1
5 4 4 1
5 5 4 6
5 5 5 10
5 5 6 1
5 6 5 9
6 5 3 1
6 6 5 10
6 6 6 4
6 7 6 11
6 7 7 4
7 5 3 3
7 6 4 1
7 7 6 5
7 7 7 6
7 8 8 1
8 5 3 1
8 6 3 1
8 6 4 2
8 6 5 1
8 7 5 1
8 7 6 1
8 8 7 3
8 8 8 7
8 8 9 1
8 9 8 3
8 9 9 2
9 6 4 3
9 7 4 1
9 7 5 1
9 8 6 2
9 8 7 1
9 9 8 2
9 10 9 2
10 7 4 1
10 8 6 1
10 8 7 1
10 9 8 1
10 9 9 1
10 10 9 1
10 10 10 1
10 11 10 2
10 11 11 1
11 8 7 1
11 9 8 1
11 10 9 1
11 11 10 1
11 11 11 1
11 11 12 1
11 12 11 1
11 12 12 2
12 10 8 1
12 11 10 1
12 12 10 1
12 12 11 3
12 12 12 3
12 12 13 1
12 13 12 1
12 13 13 2
13 11 9 1
13 12 11 1
13 13 12 2
13 13 13 2
13 14 14 1
13 15 14 1
14 12 11 1
14 13 11 1
14 13 13 1
14 14 13 3
14 14 14 5
14 15 14 4
14 15 15 2
15 11 7 1
15 11 8 1
15 12 8 1
15 15 13 1
15 15 14 5
15 15 15 4
15 15 16 1
16 12 7 1
16 12 8 7
16 13 8 1
16 13 9 3
16 15 14 1
16 16 15 8
16 16 16 2
16 17 16 4
16 17 17 4
17 12 8 1
17 13 8 6
17 13 9 10
17 13 10 1
17 14 9 1
17 14 10 2
17 14 11 1
17 15 14 1
17 16 15 1
17 17 15 3
17 17 16 18
17 17 17 1
17 17 18 2
17 18 16 2
17 18 17 9
17 18 18 5
17 19 18 2
18 14 9 1
18 14 10 7
18 15 13 1
18 17 17 2
18 18 17 3
18 18 18 1
18 19 17 1
18 19 18 5
18 19 19 6
19 15 10 1
19 15 11 7
19 15 12 1
19 16 11 3
19 16 12 9
19 16 14 1
19 17 13 1
19 17 14 1
19 17 15 1
19 18 15 1
19 18 17 1
19 19 18 4
19 19 19 1
19 19 20 1
19 20 18 1
19 20 19 9
19 20 20 4
20 15 12 1
20 16 12 6
20 16 13 1
20 17 14 2
20 18 15 1
20 18 16 2
20 19 17 1
20 19 18 1
20 20 20 5
20 20 21 1
20 21 19 6
20 21 20 11
20 21 21 5
20 21 22 1
20 22 22 1
21 19 16 3
21 19 17 2
21 19 18 1
21 20 18 1
21 20 19 2
21 21 20 7
21 21 21 2
21 21 22 2
21 22 20 12
21 22 21 18
21 22 22 5
22 20 18 1
22 21 20 1
22 22 21 7
22 22 22 10
22 23 22 32
22 23 23 3
22 23 24 1
23 22 21 1
23 23 21 1
23 23 22 8
23 23 23 11
23 23 24 2
23 24 23 29
23 24 24 12
24 23 22 1
24 24 23 7
24 24 24 15
24 24 25 1
24 25 24 31
24 25 25 24
24 26 25 1
24 26 26 1
25 24 24 2
25 25 24 3
25 25 25 11
25 25 26 6
25 26 25 21
25 26 26 62
25 26 27 17
25 27 27 1
25 28 27 1
26 26 25 1
26 26 26 65
26 26 27 12
26 27 26 46
26 27 27 70
26 27 28 9
26 28 27 1
26 28 28 3
27 27 27 20
27 27 28 12
27 28 27 18
27 28 28 78
27 28 29 3
27 29 28 2
27 29 29 1
28 28 28 32
28 28 29 8
28 29 28 28
28 29 29 66
29 29 29 8
29 29 30 4
29 30 29 1
29 30 30 18
30 30 30 59
30 30 31 2
30 31 30 3
