32
1 1 0 3
1 1 1 1
1 2 1 23
2 2 1 19
2 2 2 6
2 3 2 17
2 3 3 4
3 3 2 7
3 3 3 10
3 4 3 2
4 3 3 2
4 4 3 3
4 4 4 5
4 5 4 5
4 5 5 1
5 4 4 1
5 5 4 9
5 5 5 6
5 6 5 6
5 6 6 1
5 7 6 1
6 5 3 1
6 6 4 1
6 6 5 7
6 6 6 5
6 7 6 6
6 7 7 5
7 5 3 1
7 7 6 8
7 7 7 5
7 8 8 3
8 5 3 2
8 5 4 1
8 6 3 1
8 6 4 3
8 6 5 1
8 7 6 1
8 8 6 1
8 8 7 4
8 8 8 4
8 8 9 1
8 9 8 4
8 9 9 3
8 9 10 1
9 6 4 2
9 7 4 1
9 7 5 2
9 8 6 1
9 8 7 2
9 9 8 1
9 9 9 3
9 10 9 1
9 10 10 3
9 10 11 1
10 7 4 1
10 8 5 1
10 10 9 1
10 10 10 1
10 11 10 3
10 11 11 2
11 9 7 1
11 9 8 1
11 10 9 1
11 11 10 1
11 11 11 1
11 12 11 3
12 9 7 1
12 10 7 1
12 10 8 1
12 10 9 1
12 11 10 1
12 12 10 1
12 12 11 2
12 12 12 2
12 13 12 2
12 13 13 3
12 13 14 1
13 12 11 1
13 13 12 3
13 13 13 4
13 14 12 1
13 14 13 2
13 14 14 2
13 15 14 1
14 11 8 1
14 11 10 1
14 13 11 1
14 14 13 5
14 14 14 1
14 15 14 1
14 15 15 4
15 11 8 1
15 12 7 1
15 12 8 2
15 13 11 1
15 14 13 3
15 15 14 3
15 15 15 1
15 15 16 2
15 16 15 1
15 16 16 6
16 12 7 1
16 12 8 5
16 13 8 1
16 13 9 1
16 13 10 1
16 14 12 1
16 16 14 1
16 16 15 5
16 16 16 1
16 16 17 1
16 17 15 4
16 17 16 2
16 17 17 6
17 12 8 1
17 13 8 6
17 13 9 12
17 14 9 1
17 14 10 2
17 14 11 1
17 15 15 1
17 17 15 1
17 17 16 24
17 17 17 4
17 18 17 3
17 18 18 6
17 19 19 1
18 14 9 1
18 14 10 7
18 15 11 1
18 15 12 1
18 17 16 1
18 18 17 4
18 18 18 1
18 18 19 1
18 19 18 4
18 19 19 3
18 19 20 1
19 15 10 1
19 15 11 8
19 16 11 3
19 16 12 7
19 16 13 1
19 17 13 1
19 17 14 1
19 17 15 2
19 18 17 1
19 19 18 5
19 19 19 2
19 19 20 1
19 20 18 1
19 20 19 6
19 20 20 8
19 20 21 1
19 21 20 1
20 16 11 1
20 16 12 5
20 17 13 1
20 17 14 3
20 17 15 1
20 18 15 1
20 18 17 2
20 19 17 1
20 19 19 1
20 20 19 1
20 20 20 3
20 21 20 5
20 21 21 7
20 21 22 1
21 19 16 2
21 19 17 1
21 19 18 1
21 20 19 2
21 21 20 2
21 21 21 3
21 21 22 5
21 22 20 1
21 22 21 6
21 22 22 5
22 20 18 1
22 20 19 1
22 20 20 1
22 21 18 1
22 21 19 1
22 21 20 1
22 22 21 5
22 22 22 7
22 23 21 1
22 23 22 15
22 23 23 9
23 22 20 1
23 23 21 1
23 23 22 1
23 23 23 8
23 23 24 2
23 24 23 20
23 24 24 9
24 23 22 1
24 23 23 1
24 24 23 9
24 24 24 13
24 24 25 2
24 25 24 27
24 25 25 26
24 26 25 1
24 26 26 1
25 25 24 6
25 25 25 14
25 25 26 2
25 26 25 16
25 26 26 55
25 26 27 16
25 27 27 1
26 25 25 2
26 26 25 2
26 26 26 63
26 26 27 9
26 27 26 51
26 27 27 57
26 27 28 9
26 28 28 4
27 27 26 1
27 27 27 17
27 27 28 11
27 28 27 23
27 28 28 81
27 28 29 3
27 29 28 3
27 29 29 1
28 28 28 37
28 28 29 3
28 29 28 37
28 29 29 61
28 30 29 1
29 29 28 1
29 29 29 12
29 29 30 4
29 30 30 19
30 30 30 70
30 30 31 1
30 31 30 3
30 31 31 1
