32
1 1 0 3
1 1 1 1
1 2 1 20
2 2 1 17
2 2 2 5
2 3 2 19
2 3 3 3
3 3 2 7
3 3 3 12
3 4 3 5
4 3 3 2
4 4 2 1
4 4 3 4
4 4 4 8
4 5 4 5
4 5 5 1
5 4 3 2
5 4 4 1
5 5 4 5
5 5 5 4
5 6 5 6
5 6 6 1
6 5 3 1
6 6 4 2
6 6 5 4
6 6 6 2
6 7 6 3
6 7 7 7
7 5 3 2
7 6 4 1
7 6 5 1
7 6 6 1
7 7 5 1
7 7 6 5
7 7 7 2
7 7 8 1
7 8 7 2
7 8 8 2
8 5 3 2
8 6 4 3
8 6 5 1
8 7 6 2
8 8 6 2
8 8 7 3
8 8 8 5
8 8 9 1
8 9 8 1
8 9 9 3
9 6 4 3
9 7 5 2
9 7 6 1
9 8 6 1
9 8 7 1
9 9 9 1
9 10 9 2
9 10 10 1
9 11 10 1
10 7 4 1
10 8 6 3
10 9 8 1
10 10 9 1
10 10 10 1
10 10 11 1
10 11 10 2
10 11 11 2
11 9 7 1
11 9 8 1
11 11 10 3
11 11 11 1
11 12 11 4
11 12 12 2
12 10 8 2
12 12 11 3
12 12 12 2
12 12 13 1
12 13 12 1
12 13 13 3
13 10 7 1
13 11 9 2
13 12 10 1
13 12 11 1
13 13 12 2
13 13 13 3
13 13 14 2
13 15 15 2
14 12 11 2
14 14 13 4
14 15 14 1
14 15 15 2
15 11 7 1
15 13 12 1
15 14 13 3
15 15 13 1
15 15 14 4
15 15 15 1
15 15 16 1
15 16 16 3
16 12 7 2
16 12 8 7
16 13 8 1
16 13 9 1
16 13 10 2
16 13 12 1
16 15 14 1
16 16 15 7
16 16 16 1
16 16 17 1
16 17 15 1
16 17 16 8
16 17 17 3
17 12 8 1
17 12 9 1
17 13 8 4
17 13 9 11
17 14 9 1
17 14 10 2
17 16 15 2
17 16 16 1
17 17 15 1
17 17 16 24
17 18 17 4
17 18 18 7
18 14 9 1
18 14 10 5
18 14 11 1
18 15 11 2
18 15 12 1
18 17 16 1
18 17 17 2
18 18 17 6
18 18 18 4
18 18 19 2
18 19 18 5
18 19 19 6
18 20 19 1
19 15 10 1
19 15 11 8
19 15 12 1
19 16 11 1
19 16 12 7
19 16 13 2
19 17 13 1
19 17 14 2
19 18 17 1
19 19 18 3
19 19 19 1
19 20 19 6
19 20 20 6
19 21 20 1
19 21 21 1
20 16 12 5
20 17 13 1
20 17 14 1
20 18 15 1
20 18 16 1
20 18 17 2
20 19 17 1
20 19 19 1
20 20 19 1
20 20 21 1
20 21 20 8
20 21 21 3
20 22 22 1
21 17 14 1
21 19 16 1
21 19 17 1
21 20 18 1
21 20 19 1
21 21 20 1
21 21 21 5
21 21 22 1
21 22 20 2
21 22 21 4
21 22 22 8
21 23 23 1
22 19 17 1
22 20 18 1
22 20 19 2
22 21 18 1
22 21 20 1
22 22 21 2
22 22 22 10
22 22 23 2
22 23 21 1
22 23 22 19
22 23 23 3
23 22 21 1
23 23 21 2
23 23 22 3
23 23 23 9
23 24 23 19
23 24 24 8
23 24 25 1
24 23 22 2
24 23 24 1
24 24 23 8
24 24 24 16
24 24 25 2
24 25 24 30
24 25 25 21
24 25 26 1
24 26 25 2
24 26 26 1
25 24 24 1
25 25 24 3
25 25 25 16
25 25 26 7
25 26 24 1
25 26 25 14
25 26 26 58
25 26 27 14
25 27 27 2
26 26 25 3
26 26 26 71
26 26 27 11
26 27 26 54
26 27 27 54
26 27 28 6
26 28 28 3
27 27 27 14
27 27 28 13
27 28 27 23
27 28 28 75
27 28 29 3
27 29 28 2
27 29 29 1
28 28 28 44
28 28 29 4
28 29 28 34
28 29 29 60
28 30 29 2
29 29 29 8
29 29 30 4
29 30 29 1
29 30 30 20
30 30 30 82
30 31 30 4
