32
1 1 0 3
1 1 1 3
1 2 1 17
2 2 1 13
2 2 2 12
2 3 2 18
2 3 3 3
3 3 2 11
3 3 3 17
3 4 3 7
4 3 2 1
4 3 3 3
4 4 3 6
4 4 4 5
4 5 4 5
4 5 5 2
5 4 4 1
5 5 4 4
5 5 5 14
5 6 5 11
5 6 6 3
6 6 4 2
6 6 5 6
6 6 6 6
6 7 6 7
6 7 7 2
7 5 3 3
7 6 5 1
7 6 6 1
7 7 6 4
7 7 7 4
7 8 7 4
7 8 8 5
8 5 3 1
8 5 4 1
8 6 4 4
8 6 5 1
8 7 5 1
8 7 6 2
8 7 7 2
8 8 6 1
8 8 7 5
8 8 8 2
8 9 8 4
8 9 9 2
9 6 4 2
9 7 5 1
9 8 7 2
9 8 8 1
9 9 8 1
9 9 9 3
9 9 10 1
9 10 9 5
9 10 10 1
10 7 4 1
10 8 6 1
10 8 7 1
10 9 8 1
10 10 8 1
10 10 10 2
10 11 10 1
10 11 11 2
11 11 10 3
11 12 11 2
12 10 8 3
12 10 9 1
12 11 10 1
12 12 11 4
12 12 12 4
12 13 13 3
13 13 12 3
13 13 13 3
13 13 14 1
13 14 12 1
14 11 10 1
14 12 10 1
14 12 11 1
14 13 11 1
14 13 12 1
14 14 13 4
14 14 14 2
14 15 14 2
14 15 15 2
14 16 16 1
15 11 8 1
15 12 7 1
15 12 8 1
15 14 13 2
15 15 13 1
15 15 14 4
15 15 15 2
15 15 16 1
15 16 14 1
15 16 15 2
15 16 16 3
16 12 7 1
16 12 8 6
16 13 8 1
16 13 9 3
16 14 12 1
16 14 14 1
16 16 14 2
16 16 15 4
16 16 16 3
16 17 15 2
16 17 16 2
16 17 17 3
17 13 8 6
17 13 9 14
17 14 10 1
17 16 15 1
17 17 15 1
17 17 16 26
17 17 17 2
17 17 18 1
17 18 17 5
17 18 18 3
17 19 18 1
18 14 9 1
18 14 10 5
18 14 11 1
18 15 10 1
18 15 11 2
18 17 16 1
18 17 17 2
18 18 17 7
18 18 18 2
18 18 19 2
18 19 18 6
18 19 19 4
19 15 11 9
19 16 11 3
19 16 12 6
19 16 13 3
19 17 14 1
19 17 15 1
19 18 15 1
19 18 17 1
19 19 18 1
19 19 19 3
19 19 20 1
19 20 18 1
19 20 19 7
19 20 20 7
19 21 20 1
20 16 11 1
20 16 12 3
20 17 12 1
20 17 14 1
20 18 15 1
20 18 16 1
20 18 17 1
20 19 17 1
20 19 18 1
20 19 19 1
20 20 20 3
20 20 21 2
20 21 19 8
20 21 20 11
20 21 21 6
20 22 22 1
21 17 13 1
21 17 14 1
21 18 17 1
21 19 17 5
21 20 19 1
21 21 19 1
21 21 20 2
21 21 21 4
21 21 22 2
21 22 20 15
21 22 21 14
21 22 22 6
22 19 17 1
22 21 19 3
22 21 21 1
22 22 20 1
22 22 21 10
22 22 22 10
22 23 22 35
22 23 23 3
23 23 22 3
23 23 23 8
23 24 22 1
23 24 23 34
23 24 24 7
24 23 22 1
24 24 23 11
24 24 24 12
24 24 25 2
24 25 24 32
24 25 25 26
24 26 25 1
24 26 26 2
25 24 24 2
25 25 24 2
25 25 25 15
25 25 26 4
25 26 25 18
25 26 26 61
25 26 27 16
25 27 27 1
26 25 25 2
26 26 24 1
26 26 26 59
26 26 27 12
26 27 26 51
26 27 27 78
26 27 28 8
26 28 27 4
26 28 28 2
27 27 26 1
27 27 27 17
27 27 28 12
27 28 27 21
27 28 28 74
27 28 29 4
27 29 29 1
28 28 28 29
28 28 29 7
28 29 28 30
28 29 29 71
29 29 29 10
29 29 30 3
29 30 30 18
30 30 30 56
30 31 30 1
