32
0 1 0 1
1 1 0 2
1 1 1 2
1 2 1 17
2 2 1 14
2 2 2 9
2 3 2 19
2 3 3 3
2 4 2 1
3 3 2 10
3 3 3 15
3 4 3 3
4 3 3 4
4 4 3 5
4 4 4 6
4 5 4 1
4 5 5 2
5 5 4 7
5 5 5 9
5 6 5 4
5 6 6 1
6 5 3 1
6 5 4 1
6 6 4 1
6 6 5 6
6 6 6 7
6 7 6 7
6 7 7 1
7 5 3 1
7 5 4 1
7 6 5 1
7 6 6 1
7 7 6 7
7 7 7 5
7 7 8 1
7 8 7 3
7 8 8 5
8 5 3 3
8 6 3 1
8 6 4 2
8 6 5 1
8 7 6 1
8 8 7 4
8 8 8 5
8 8 9 1
8 9 8 3
8 9 9 1
9 6 4 2
9 7 5 1
9 7 6 1
9 8 6 2
9 8 7 1
9 9 7 1
9 9 8 2
9 9 9 4
9 10 9 2
10 7 4 2
10 8 6 1
10 9 8 2
10 10 9 2
10 10 10 1
10 10 11 1
10 11 10 1
10 11 11 3
11 8 7 1
11 9 8 2
11 11 10 2
11 11 11 1
11 12 11 1
12 10 8 2
12 10 9 1
12 12 10 1
12 12 11 1
12 12 12 2
12 13 12 1
12 13 13 3
12 14 13 1
13 11 10 1
13 12 10 1
13 13 12 3
13 13 13 4
13 13 14 1
13 14 13 3
14 12 10 1
14 13 12 1
14 14 13 6
14 14 14 1
14 14 15 3
14 15 15 3
14 16 16 1
15 11 7 1
15 11 8 1
15 12 8 1
15 12 11 1
15 15 13 1
15 15 14 4
15 15 15 1
15 16 15 2
15 16 16 3
16 12 7 1
16 12 8 6
16 13 8 2
16 13 9 2
16 13 10 1
16 14 13 1
16 15 15 1
16 16 15 6
16 16 16 3
16 17 15 1
16 17 16 4
16 17 17 4
16 18 17 1
17 13 8 5
17 13 9 11
17 13 10 1
17 14 10 1
17 14 11 1
17 16 15 1
17 17 15 2
17 17 16 24
17 17 17 4
17 18 16 1
17 18 17 8
17 18 18 5
18 14 10 6
18 15 10 1
18 15 11 1
18 15 12 1
18 17 16 1
18 17 17 1
18 18 16 1
18 18 17 3
18 18 18 2
18 18 19 2
18 19 18 4
18 19 19 3
19 14 10 1
19 15 10 1
19 15 11 7
19 16 11 3
19 16 12 6
19 16 13 2
19 17 14 2
19 17 15 1
19 18 17 1
19 19 18 5
19 19 19 1
19 20 19 7
19 20 20 7
19 20 21 1
19 21 20 1
20 16 12 5
20 16 13 1
20 17 13 1
20 17 14 3
20 17 15 1
20 18 16 1
20 18 17 1
20 19 17 2
20 19 18 1
20 20 19 2
20 20 20 1
20 20 21 1
20 21 19 6
20 21 20 8
20 21 21 8
21 17 13 1
21 19 16 1
21 19 17 3
21 19 18 1
21 20 17 1
21 21 20 3
21 21 21 6
21 21 22 1
21 22 20 11
21 22 21 15
21 22 22 4
22 20 18 1
22 21 18 1
22 21 19 3
22 22 20 2
22 22 21 5
22 22 22 16
22 22 23 3
22 23 22 33
22 23 23 5
23 23 22 3
23 23 23 14
23 24 23 28
23 24 24 12
23 24 25 1
23 25 24 2
24 23 22 1
24 24 23 12
24 24 24 8
24 25 24 33
24 25 25 23
24 26 26 1
25 23 23 1
25 25 23 1
25 25 24 4
25 25 25 16
25 25 26 5
25 26 25 20
25 26 26 57
25 26 27 14
25 27 26 1
25 27 27 1
26 26 25 4
26 26 26 59
26 26 27 16
26 27 26 59
26 27 27 66
26 27 28 9
26 28 27 2
26 28 28 2
27 27 27 12
27 27 28 13
27 28 27 24
27 28 28 69
27 28 29 5
27 29 28 3
28 28 28 35
28 28 29 8
28 29 28 32
28 29 29 65
29 29 29 11
29 29 30 4
29 30 29 1
29 30 30 19
30 30 30 64
30 31 30 1
