32
1 1 0 3
1 1 1 1
1 2 1 19
2 2 1 18
2 2 2 8
2 3 2 18
2 3 3 3
3 3 2 11
3 3 3 19
3 4 2 1
3 4 3 4
4 3 3 2
4 4 3 3
4 4 4 7
4 5 4 4
4 5 5 1
5 5 4 7
5 5 5 16
5 5 6 1
5 6 5 11
5 6 6 1
6 5 3 1
6 5 4 1
6 6 4 3
6 6 5 5
6 6 6 8
6 7 6 10
6 7 7 2
7 5 3 1
7 6 6 1
7 7 6 5
7 7 7 9
7 8 7 1
7 8 8 5
8 5 3 4
8 6 3 2
8 6 4 1
8 7 6 1
8 8 7 4
8 8 8 5
8 8 9 1
8 9 8 3
8 9 9 3
8 10 9 1
9 6 4 3
9 7 5 4
9 9 8 1
9 9 9 3
9 10 9 1
10 7 4 1
10 8 6 3
10 8 7 2
10 10 9 3
10 11 10 1
10 11 11 1
11 9 7 2
11 9 8 2
11 11 10 1
11 12 11 1
11 12 12 2
12 9 7 1
12 10 8 1
12 10 9 1
12 11 9 1
12 11 11 1
12 12 10 1
12 12 11 2
12 12 12 3
12 12 13 2
12 13 12 1
12 13 13 2
13 12 10 1
13 12 11 1
13 13 11 1
13 13 12 2
13 13 13 2
13 14 13 2
13 14 14 1
13 15 14 1
14 13 11 1
14 14 13 5
14 14 14 2
14 14 15 3
14 15 13 1
14 15 15 2
15 11 7 2
15 12 8 1
15 13 11 1
15 14 13 1
15 14 14 1
15 15 14 2
15 15 15 1
15 16 15 3
15 16 16 2
16 12 7 1
16 12 8 6
16 13 8 1
16 13 9 2
16 13 10 1
16 14 13 1
16 15 14 1
16 16 15 8
16 16 16 3
16 17 15 1
16 17 16 3
16 17 17 2
17 13 8 5
17 13 9 11
17 13 10 1
17 14 9 1
17 14 10 3
17 17 15 3
17 17 16 18
17 17 17 3
17 17 18 3
17 18 17 8
17 18 18 6
18 14 9 1
18 14 10 5
18 15 10 1
18 15 11 3
18 18 17 3
18 18 18 1
18 19 18 5
18 19 19 2
18 20 19 1
19 15 10 1
19 15 11 8
19 15 12 1
19 16 11 3
19 16 12 6
19 16 13 2
19 17 14 2
19 19 18 4
19 19 19 5
19 19 20 2
19 20 18 1
19 20 19 5
19 20 20 5
19 20 21 1
20 16 12 5
20 16 13 1
20 17 14 2
20 18 15 1
20 18 16 4
20 19 17 1
20 19 19 1
20 20 19 2
20 20 20 3
20 20 21 2
20 21 19 6
20 21 20 14
20 21 21 7
20 22 22 1
21 19 17 3
21 20 18 1
21 20 19 2
21 21 20 4
21 21 21 3
21 21 22 2
21 22 20 9
21 22 21 16
21 22 22 10
22 19 16 1
22 20 18 2
22 21 20 1
22 21 21 1
22 22 21 11
22 22 22 7
22 23 21 1
22 23 22 32
22 23 23 5
23 22 20 1
23 23 21 1
23 23 22 4
23 23 23 12
23 24 23 28
23 24 24 8
23 25 25 1
24 23 22 1
24 23 23 1
24 24 23 7
24 24 24 12
24 25 24 34
24 25 25 25
24 25 26 1
24 26 26 1
25 24 23 1
25 24 24 2
25 25 24 5
25 25 25 13
25 25 26 6
25 26 24 2
25 26 25 23
25 26 26 56
25 26 27 16
25 27 27 1
26 26 25 1
26 26 26 64
26 26 27 13
26 27 26 52
26 27 27 68
26 27 28 7
26 28 27 3
26 28 28 3
27 26 26 1
27 27 27 19
27 27 28 11
27 28 27 19
27 28 28 72
27 28 29 4
27 29 28 3
27 29 29 1
28 28 28 29
28 28 29 9
28 29 28 33
28 29 29 63
29 29 29 11
29 29 30 4
29 30 29 1
29 30 30 18
30 30 30 48
30 30 31 1
30 31 31 1
