32
1 1 0 3
1 1 1 3
1 2 1 20
2 2 1 17
2 2 2 7
2 3 2 20
2 3 3 5
3 3 2 11
3 3 3 11
3 4 3 8
4 3 3 1
4 4 3 4
4 4 4 7
4 5 4 1
4 5 5 1
5 4 4 1
5 5 4 8
5 5 5 6
5 5 6 1
5 6 5 10
5 7 6 1
6 5 4 1
6 6 4 1
6 6 5 5
6 6 6 6
6 7 6 8
6 7 7 1
7 5 3 4
7 6 5 1
7 7 6 4
7 7 7 5
7 7 8 1
7 8 7 2
7 8 8 4
8 5 3 2
8 6 3 1
8 6 4 1
8 6 5 1
8 7 4 1
8 7 5 1
8 7 6 2
8 8 7 6
8 8 8 4
8 9 8 4
8 9 9 1
9 6 4 4
9 7 5 1
9 8 7 3
9 9 8 5
9 10 10 1
10 7 4 1
10 8 6 2
10 10 8 1
10 10 9 1
10 10 10 3
10 10 11 1
10 11 10 1
10 11 11 2
11 9 7 2
11 11 9 1
11 11 10 1
11 11 11 2
11 12 11 1
11 12 12 2
12 10 9 2
12 11 10 1
12 12 11 2
12 12 12 4
12 13 12 3
12 13 13 3
13 10 7 1
13 10 9 1
13 11 10 1
13 12 10 1
13 13 12 1
13 13 13 3
13 13 14 1
13 14 12 1
13 14 13 1
14 11 8 1
14 11 9 1
14 13 12 1
14 13 13 1
14 14 13 2
14 14 14 2
14 14 15 1
14 15 14 1
14 15 15 3
14 16 15 1
14 16 16 1
15 11 7 2
15 11 8 1
15 13 11 1
15 13 12 2
15 14 13 1
15 15 13 1
15 15 14 7
15 15 15 2
15 16 15 2
15 16 16 5
16 12 8 6
16 13 8 1
16 13 9 1
16 13 10 1
16 15 14 1
16 16 15 4
16 16 16 4
16 17 15 1
16 17 16 2
16 17 17 3
16 18 17 1
17 13 8 7
17 13 9 11
17 13 10 1
17 14 9 1
17 14 10 2
17 14 11 1
17 16 15 1
17 17 15 1
17 17 16 21
17 17 17 6
17 18 17 5
17 18 18 4
18 14 9 2
18 14 10 4
18 15 10 1
18 15 11 1
18 15 13 1
18 17 16 2
18 18 17 3
18 18 18 1
18 19 18 6
18 19 19 5
18 19 20 1
19 15 11 10
19 16 11 3
19 16 12 4
19 16 13 2
19 17 14 1
19 17 15 1
19 18 17 1
19 19 18 1
19 19 19 1
19 19 20 1
19 20 18 1
19 20 19 5
19 20 20 3
19 21 21 2
20 16 12 5
20 17 13 1
20 17 14 4
20 18 16 2
20 18 17 1
20 19 17 1
20 20 18 1
20 20 19 1
20 20 20 4
20 20 21 1
20 21 19 3
20 21 20 5
20 21 21 8
20 22 21 1
20 22 22 1
21 17 15 1
21 18 16 1
21 19 16 1
21 19 17 3
21 20 17 1
21 20 19 1
21 20 20 1
21 21 20 4
21 21 21 4
21 22 20 3
21 22 21 5
21 22 22 7
22 20 18 1
22 21 19 1
22 21 20 1
22 22 20 1
22 22 21 6
22 22 22 14
22 23 21 1
22 23 22 33
22 23 23 3
23 22 20 1
23 22 21 1
23 22 22 1
23 23 22 4
23 23 23 10
23 23 24 1
23 24 23 28
23 24 24 12
24 23 22 1
24 24 23 5
24 24 24 8
24 24 25 1
24 25 24 22
24 25 25 17
24 26 25 1
25 24 24 1
25 25 24 4
25 25 25 16
25 25 26 5
25 26 25 20
25 26 26 47
25 26 27 1
25 27 27 1
26 26 25 3
26 26 26 61
26 26 27 10
26 27 26 61
26 27 27 65
26 27 28 6
26 28 27 4
27 27 27 14
27 27 28 11
27 28 27 25
27 28 28 70
27 28 29 5
28 28 28 32
28 28 29 7
28 29 28 39
28 29 29 64
28 30 29 1
29 29 29 16
29 29 30 4
29 30 29 1
29 30 30 20
30 30 30 71
30 30 31 1
30 31 30 2
