32
1 1 1 1
1 2 1 9
2 2 1 16
2 2 2 12
2 3 2 24
2 3 3 6
3 3 2 12
3 3 3 12
3 4 3 9
4 3 3 1
4 4 4 6
4 5 4 6
5 4 3 1
5 5 4 1
5 5 5 8
5 6 5 3
5 6 6 1
6 5 3 3
6 5 5 1
6 6 4 1
6 6 5 3
6 6 6 6
6 7 6 3
6 7 7 3
7 6 4 4
7 6 5 1
7 7 5 2
7 7 6 3
7 7 7 2
7 8 7 1
7 8 8 1
8 6 5 1
8 7 5 3
8 7 6 1
8 8 6 3
8 8 7 3
8 8 8 3
8 8 9 1
8 9 8 2
9 7 5 2
9 8 6 7
9 8 7 2
9 9 7 1
9 9 9 1
9 10 10 1
10 8 4 1
10 8 6 2
10 8 7 1
10 9 7 1
10 9 8 1
10 10 9 1
10 10 10 1
10 10 11 1
10 11 10 1
11 8 4 1
11 8 5 1
11 9 7 1
11 10 8 1
11 11 12 1
11 12 12 3
12 8 4 1
12 10 7 2
12 11 9 3
12 13 12 1
12 13 13 2
13 9 5 1
13 10 8 1
13 12 11 1
13 13 11 1
13 13 12 1
13 13 13 1
13 13 14 1
13 14 13 1
13 15 14 1
13 15 15 1
14 9 5 1
14 10 5 3
14 11 7 3
14 12 11 1
14 13 12 1
14 14 11 1
14 14 14 1
14 15 14 2
14 15 15 2
15 10 5 2
15 10 6 1
15 11 7 2
15 11 8 1
15 12 8 1
15 12 11 1
15 14 11 1
15 16 15 2
15 16 16 5
15 17 16 1
15 17 17 1
16 12 7 3
16 12 8 5
16 12 9 1
16 13 8 4
16 13 11 1
16 16 13 1
16 16 15 1
16 17 16 2
16 17 17 3
16 18 17 1
17 12 8 1
17 13 8 3
17 13 9 12
17 13 10 2
17 14 10 1
17 15 12 1
17 16 13 2
17 16 14 2
17 16 15 1
17 17 17 2
17 18 17 1
17 18 18 2
17 19 19 1
18 14 10 5
18 14 11 1
18 15 10 2
18 15 11 5
18 15 12 2
18 15 13 2
18 16 13 1
18 17 14 1
18 17 15 1
18 17 16 1
18 17 17 1
18 18 17 3
18 18 18 1
18 18 19 1
18 19 18 6
18 19 19 2
18 20 20 2
19 15 11 7
19 15 12 2
19 16 12 6
19 16 13 3
19 17 14 1
19 17 16 1
19 18 15 2
19 18 16 1
19 18 17 1
19 19 18 1
19 19 19 2
19 20 18 2
19 20 19 10
19 20 20 4
20 16 12 1
20 17 14 2
20 18 16 4
20 18 17 1
20 19 15 1
20 19 16 1
20 19 17 1
20 19 18 1
20 20 20 1
20 20 21 2
20 21 19 9
20 21 20 18
20 21 21 5
20 22 20 3
20 22 21 1
20 22 22 1
21 19 16 1
21 19 17 2
21 19 18 1
21 20 16 1
21 20 17 2
21 20 18 1
21 20 19 1
21 21 21 3
21 21 22 1
21 22 21 23
21 22 22 12
21 23 23 1
22 20 17 2
22 20 18 1
22 20 19 1
22 20 20 1
22 21 18 2
22 21 19 2
22 21 20 1
22 22 20 3
22 22 21 3
22 22 22 9
22 23 22 26
22 23 23 15
22 24 24 1
23 21 18 1
23 22 18 3
23 22 19 20
23 22 20 4
23 22 21 1
23 22 22 1
23 23 20 1
23 23 21 2
23 23 22 3
23 23 23 6
23 23 24 1
23 24 23 20
23 24 24 18
23 24 25 1
23 25 24 9
23 25 25 1
24 23 21 1
24 23 22 1
24 23 23 1
24 24 23 5
24 24 24 8
24 24 25 2
24 25 24 8
24 25 25 33
24 26 25 1
24 26 26 1
25 24 24 2
25 25 24 7
25 25 25 3
25 25 26 15
25 26 24 1
25 26 25 6
25 26 26 60
25 26 27 2
25 27 26 2
25 27 27 7
26 26 25 1
26 26 26 16
26 26 27 10
26 27 26 57
26 27 27 53
26 27 28 10
26 28 28 2
27 27 26 4
27 27 27 13
27 27 28 2
27 28 27 10
27 28 28 54
27 28 29 7
27 29 29 3
28 27 27 1
28 28 28 13
28 28 29 2
28 29 28 2
28 29 29 20
28 29 30 3
28 30 30 2
29 29 29 5
29 29 30 2
29 30 29 1
29 30 30 9
30 30 30 84
30 31 30 1
30 31 31 1
