32
1 1 0 3
1 2 1 9
2 2 1 31
2 2 2 8
2 3 1 5
2 3 2 11
2 3 3 1
3 2 2 2
3 3 1 1
3 3 2 16
3 3 3 1
3 4 3 4
3 4 4 2
4 4 2 1
4 4 3 5
4 4 4 17
4 4 5 1
4 5 4 7
4 5 5 10
4 6 5 1
5 4 3 1
5 5 3 1
5 5 4 4
5 5 5 5
5 5 6 6
5 6 6 5
5 6 7 1
6 5 3 1
6 6 4 2
6 6 5 2
6 6 6 1
6 6 7 2
6 6 8 1
6 7 7 2
6 7 8 2
6 8 9 1
7 7 5 2
7 7 6 1
7 7 8 2
7 8 7 2
7 8 8 3
8 7 4 2
8 7 5 1
8 7 6 2
8 8 5 1
8 8 6 2
8 8 8 2
8 8 9 1
8 9 7 1
8 9 8 1
8 9 10 2
9 7 4 2
9 8 6 2
9 8 7 1
9 9 6 1
9 9 7 1
9 9 8 4
9 9 10 1
9 10 9 1
9 10 11 3
10 9 6 2
10 11 10 1
10 11 12 2
10 12 12 1
11 10 6 1
11 10 7 2
11 10 8 2
11 10 9 1
11 11 12 2
11 13 13 1
12 9 6 1
12 9 7 1
12 10 7 1
12 11 8 1
12 11 9 1
12 11 10 1
12 12 12 1
12 12 13 2
12 13 12 1
12 13 13 2
12 13 14 1
12 14 14 2
13 10 5 1
13 10 7 1
13 11 8 1
13 12 8 1
13 12 9 4
13 12 10 1
13 13 10 1
13 13 12 1
13 13 13 1
13 13 14 2
13 14 14 2
13 14 15 1
13 15 15 2
14 10 6 1
14 11 7 1
14 11 8 1
14 13 10 1
14 14 13 1
14 14 14 1
14 14 16 1
14 15 15 1
14 15 16 4
14 16 17 3
15 11 6 1
15 12 8 3
15 12 9 1
15 13 11 1
15 14 12 2
15 15 12 1
15 15 14 1
15 15 15 1
15 16 16 3
15 16 17 4
15 16 18 1
15 17 17 3
16 12 5 1
16 12 6 1
16 12 7 6
16 12 8 8
16 13 8 4
16 13 9 2
16 13 10 3
16 13 11 1
16 13 12 1
16 16 17 1
16 17 16 1
16 17 17 7
16 17 18 3
16 18 19 3
17 12 7 5
17 13 7 7
17 13 8 6
17 13 9 9
17 13 10 1
17 14 10 13
17 14 11 3
17 16 13 1
17 17 17 1
17 18 17 5
17 18 18 10
17 18 19 9
17 19 18 9
17 19 19 7
17 19 20 7
17 19 21 2
18 13 6 1
18 14 10 3
18 14 12 1
18 15 11 1
18 15 12 3
18 16 12 1
18 17 14 1
18 17 15 3
18 17 16 1
18 18 16 1
18 18 17 1
18 18 18 2
18 18 20 1
18 19 18 5
18 19 19 9
18 19 20 6
18 19 21 1
18 20 19 1
18 20 20 17
18 20 21 4
19 14 6 1
19 14 7 1
19 16 13 1
19 17 14 1
19 17 15 3
19 18 15 1
19 19 16 1
19 19 17 1
19 19 18 3
19 19 19 2
19 19 20 1
19 20 19 2
19 20 20 7
19 20 21 6
19 20 22 1
19 21 21 18
19 21 22 8
19 22 22 4
20 14 6 1
20 14 7 2
20 15 7 3
20 15 8 1
20 16 9 1
20 18 14 1
20 18 16 2
20 18 17 1
20 19 17 2
20 20 20 1
20 20 21 1
20 21 20 1
20 21 21 7
20 21 22 2
20 21 23 1
20 22 22 11
20 22 23 8
20 23 23 1
20 23 24 1
21 16 9 1
21 18 14 1
21 18 16 1
21 19 16 2
21 19 17 3
21 19 18 1
21 20 17 2
21 21 20 1
21 21 21 2
21 21 22 1
21 22 22 6
21 22 23 13
21 22 24 1
21 23 24 10
22 19 14 1
22 19 15 1
22 20 18 1
22 21 17 3
22 21 18 1
22 21 20 1
22 22 19 1
22 22 20 3
22 22 21 1
22 22 22 5
22 22 23 2
22 23 22 2
22 23 23 6
22 23 24 5
22 23 25 2
22 24 24 3
22 24 25 4
22 24 26 1
23 21 19 1
23 22 21 3
23 23 23 4
23 23 24 5
23 24 24 4
23 24 25 10
23 24 26 6
23 25 25 6
23 25 26 8
23 26 27 1
24 22 19 2
24 23 21 1
24 23 22 1
24 24 23 4
24 24 24 1
24 24 25 1
24 25 25 20
24 25 26 29
24 25 27 12
24 26 26 12
24 26 27 16
24 26 28 3
25 22 17 1
25 23 18 1
25 23 20 1
25 23 21 1
25 24 22 3
25 25 24 6
25 25 25 8
25 25 26 17
25 26 25 2
25 26 26 28
25 26 27 34
25 26 28 28
25 27 27 11
25 27 28 19
25 27 29 5
25 28 29 1
26 24 20 2
26 24 22 1
26 25 21 1
26 25 22 1
26 25 24 2
26 26 24 2
26 26 25 11
26 26 26 45
26 26 27 20
26 26 28 1
26 27 26 44
26 27 27 50
26 27 28 68
26 27 29 3
26 28 28 5
26 28 29 7
26 28 30 8
27 26 21 1
27 26 23 1
27 26 24 1
27 27 25 1
27 27 26 25
27 27 27 20
27 27 28 18
27 27 29 2
27 28 28 12
27 28 29 6
27 28 30 2
27 29 29 1
27 29 30 1
28 26 21 1
28 26 22 3
28 26 23 1
28 27 24 1
28 27 25 1
28 28 27 2
28 28 29 1
28 29 28 1
28 29 29 1
28 29 30 4
28 30 30 2
28 30 31 1
29 27 23 7
29 27 24 4
29 28 23 1
29 28 24 19
29 30 30 9
29 31 31 1
30 30 30 12
30 31 30 4
30 31 31 1
