32
0 1 0 1
1 1 0 2
1 1 1 1
1 2 1 19
2 2 1 15
2 2 2 9
2 3 2 23
2 3 3 3
3 3 2 13
3 3 3 16
3 4 3 8
4 3 3 2
4 4 3 5
4 4 4 5
4 5 4 4
4 5 5 1
5 5 4 8
5 5 5 20
5 6 5 10
5 6 6 4
5 7 6 1
6 5 4 3
6 6 5 5
6 6 6 7
6 7 6 8
6 7 7 3
7 4 3 1
7 5 3 2
7 6 6 1
7 7 5 1
7 7 6 3
7 7 7 6
7 8 7 3
7 8 8 5
8 5 3 3
8 6 4 3
8 7 5 1
8 7 6 3
8 8 7 3
8 8 8 3
8 8 9 1
8 9 8 2
8 9 9 1
9 6 4 3
9 7 5 2
9 7 6 1
9 8 6 1
9 8 7 1
9 8 8 1
9 9 8 1
9 9 9 4
9 10 9 2
9 10 10 2
9 11 10 1
10 7 4 1
10 8 6 1
10 9 7 1
10 10 8 1
10 10 10 2
10 11 9 1
10 11 11 2
11 9 7 1
11 9 8 1
11 11 12 2
11 12 11 4
11 12 12 4
12 10 9 1
12 11 10 1
12 12 10 2
12 12 11 1
12 12 12 1
12 13 11 1
12 13 13 3
13 10 7 1
13 10 9 1
13 11 9 1
13 13 12 2
13 13 13 2
13 14 12 1
13 14 13 1
13 14 14 2
14 11 9 1
14 13 11 1
14 13 12 1
14 14 13 3
14 14 14 1
14 14 15 1
14 15 13 1
14 15 14 2
14 15 15 1
15 12 7 1
15 12 8 1
15 13 11 2
15 14 13 1
15 15 14 5
15 15 15 4
15 15 16 1
15 16 15 3
16 12 7 1
16 12 8 6
16 13 9 1
16 14 11 1
16 14 13 1
16 16 15 3
16 16 16 2
16 16 17 1
16 17 15 2
16 17 16 8
16 17 17 2
16 18 18 1
17 12 8 1
17 13 8 6
17 13 9 11
17 14 10 3
17 15 15 1
17 17 15 1
17 17 16 21
17 17 17 5
17 17 18 3
17 18 17 6
17 18 18 4
18 14 9 1
18 14 10 6
18 14 11 1
18 15 10 1
18 15 11 2
18 15 13 1
18 17 16 1
18 18 17 4
18 18 18 2
18 18 19 1
18 19 18 4
18 19 19 1
19 14 10 1
19 15 11 8
19 16 11 2
19 16 12 6
19 16 13 1
19 17 14 3
19 18 15 1
19 18 17 1
19 18 18 1
19 19 18 3
19 19 19 2
19 20 19 9
19 20 20 9
20 16 11 1
20 16 12 5
20 17 13 2
20 17 14 3
20 17 15 1
20 18 17 3
20 19 17 1
20 19 19 1
20 20 19 1
20 20 20 2
20 21 19 6
20 21 20 12
20 21 21 11
20 22 21 2
20 22 22 1
21 19 16 2
21 19 17 4
21 20 19 1
21 21 20 3
21 21 21 3
21 21 22 1
21 22 20 11
21 22 21 17
21 22 22 5
22 21 19 1
22 21 20 1
22 22 20 3
22 22 21 4
22 22 22 12
22 23 22 32
22 23 23 5
23 21 20 1
23 22 21 1
23 23 21 1
23 23 22 1
23 23 23 6
23 23 24 3
23 24 23 32
23 24 24 12
24 23 22 1
24 23 23 2
24 23 24 1
24 24 23 9
24 24 24 12
24 24 25 2
24 25 24 31
24 25 25 25
24 25 26 1
25 25 24 4
25 25 25 16
25 25 26 7
25 26 25 14
25 26 26 57
25 26 27 21
26 26 25 4
26 26 26 66
26 26 27 10
26 27 26 47
26 27 27 91
26 27 28 9
26 28 28 2
27 27 27 17
27 27 28 11
27 28 27 13
27 28 28 90
27 28 29 8
27 29 28 1
28 28 28 22
28 28 29 5
28 29 28 18
28 29 29 70
29 29 29 5
29 29 30 7
29 30 29 1
29 30 30 16
30 30 30 46
30 30 31 1
30 31 30 1
